0.000000000000000000e+00 2.344045096913663742e-15
9.775171065493637457e-04 -3.417968749997403986e-03
1.955034213098727491e-03 -6.835937436978432868e-03
2.932551319648091237e-03 -1.025384146675747607e-02
3.910068426197454983e-03 -1.367155177944250066e-02
4.887585532746818728e-03 -1.708893932244738914e-02
5.865102639296182474e-03 -2.050587505536369953e-02
6.842619745845546220e-03 -2.392222995482608597e-02
7.820136852394909965e-03 -2.733787501938050521e-02
8.797653958944273711e-03 -3.075268127434831536e-02
9.775171065493637457e-03 -3.416651977669524221e-02
1.075268817204300120e-02 -3.757926161989297298e-02
1.173020527859236495e-02 -4.099077793878307119e-02
1.270772238514172869e-02 -4.440093991443588850e-02
1.368523949169109244e-02 -4.780961877901364343e-02
1.466275659824045619e-02 -5.121668582062545438e-02
1.564027370478981993e-02 -5.462201238818464172e-02
1.661779081133918368e-02 -5.802546989625644025e-02
1.759530791788854742e-02 -6.142692982991698053e-02
1.857282502443791117e-02 -6.482626374959567228e-02
1.955034213098727491e-02 -6.822334329592220914e-02
2.052785923753663866e-02 -7.161804019456637083e-02
2.150537634408600240e-02 -7.501022626108073965e-02
2.248289345063536615e-02 -7.839977340573345277e-02
2.346041055718472990e-02 -8.178655363834146097e-02
2.443792766373409364e-02 -8.517043907309639061e-02
2.541544477028345739e-02 -8.855130193339241784e-02
2.639296187683282113e-02 -9.192901455664394261e-02
2.737047898338218488e-02 -9.530344939910243007e-02
2.834799608993154862e-02 -9.867447904066563302e-02
2.932551319648091237e-02 -1.020419761896877442e-01
3.030303030303027612e-02 -1.054058136877789459e-01
3.128054740957963986e-02 -1.087658645146039327e-01
3.225806451612900361e-02 -1.121220017926681106e-01
3.323558162267836735e-02 -1.154740987921123591e-01
3.421309872922773110e-02 -1.188220289354877945e-01
3.519061583577709484e-02 -1.221656658025326164e-01
3.616813294232645859e-02 -1.255048831349390159e-01
3.714565004887582234e-02 -1.288395548411193636e-01
3.812316715542518608e-02 -1.321695550009604481e-01
3.910068426197454983e-02 -1.354947578705747724e-01
4.007820136852391357e-02 -1.388150378870414703e-01
4.105571847507327732e-02 -1.421302696731467086e-01
4.203323558162264106e-02 -1.454403280421110722e-01
4.301075268817200481e-02 -1.487450880023124533e-01
4.398826979472136856e-02 -1.520444247619996692e-01
4.496578690127073230e-02 -1.553382137340029168e-01
4.594330400782009605e-02 -1.586263305404316259e-01
4.692082111436945979e-02 -1.619086510173676219e-01
4.789833822091882354e-02 -1.651850512195447429e-01
4.887585532746818728e-02 -1.684554074250314004e-01
4.985337243401755103e-02 -1.717195961398930160e-01
5.083088954056691477e-02 -1.749774941028520159e-01
5.180840664711627852e-02 -1.782289782899358355e-01
5.278592375366564227e-02 -1.814739259191212317e-01
5.376344086021500601e-02 -1.847122144549628309e-01
5.474095796676436976e-02 -1.879437216132179567e-01
5.571847507331373350e-02 -1.911683253654561654e-01
5.669599217986309725e-02 -1.943859039436668656e-01
5.767350928641246099e-02 -1.975963358448497020e-01
5.865102639296182474e-02 -2.007994998355996930e-01
5.962854349951118849e-02 -2.039952749566780188e-01
6.060606060606055223e-02 -2.071835405275787301e-01
6.158357771260991598e-02 -2.103641761510783581e-01
6.256109481915927972e-02 -2.135370617177804464e-01
6.353861192570864347e-02 -2.167020774106387382e-01
6.451612903225800721e-02 -2.198591037094890510e-01
6.549364613880737096e-02 -2.230080213955491220e-01
6.647116324535673471e-02 -2.261487115559194794e-01
6.744868035190609845e-02 -2.292810555880663848e-01
6.842619745845546220e-02 -2.324049352042998062e-01
6.940371456500482594e-02 -2.355202324362321853e-01
7.038123167155418969e-02 -2.386268296392312915e-01
7.135874877810355343e-02 -2.417246094968545367e-01
7.233626588465291718e-02 -2.448134550252786257e-01
7.331378299120228093e-02 -2.478932495777101119e-01
7.429130009775164467e-02 -2.509638768487865157e-01
7.526881720430100842e-02 -2.540252208789620103e-01
7.624633431085037216e-02 -2.570771660588846985e-01
7.722385141739973591e-02 -2.601195971337558199e-01
7.820136852394909965e-02 -2.631523992076790774e-01
7.917888563049846340e-02 -2.661754577479898409e-01
8.015640273704782715e-02 -2.691886585895835182e-01
8.113391984359719089e-02 -2.721918879392168922e-01
8.211143695014655464e-02 -2.751850323798025744e-01
8.308895405669591838e-02 -2.781679788746854176e-01
8.406647116324528213e-02 -2.811406147719099913e-01
8.504398826979464587e-02 -2.841028278084672398e-01
8.602150537634400962e-02 -2.870545061145316490e-01
8.699902248289337336e-02 -2.899955382176780394e-01
8.797653958944273711e-02 -2.929258130470907551e-01
8.895405669599210086e-02 -2.958452199377505920e-01
8.993157380254146460e-02 -2.987536486346115683e-01
9.090909090909082835e-02 -3.016509892967568218e-01
9.188660801564019209e-02 -3.045371325015461261e-01
9.286412512218955584e-02 -3.074119692487412570e-01
9.384164222873891958e-02 -3.102753909646195352e-01
9.481915933528828333e-02 -3.131272895060646100e-01
9.579667644183764708e-02 -3.159675571646536896e-01
9.677419354838701082e-02 -3.187960866707151286e-01
9.775171065493637457e-02 -3.216127711973770231e-01
9.872922776148573831e-02 -3.244175043645952661e-01
9.970674486803510206e-02 -3.272101802431691686e-01
1.006842619745844658e-01 -3.299906933587352098e-01
1.016617790811338295e-01 -3.327589386957481854e-01
1.026392961876831933e-01 -3.355148117014387643e-01
1.036168132942325570e-01 -3.382582082897617748e-01
1.045943304007819208e-01 -3.409890248453206762e-01
1.055718475073312845e-01 -3.437071582272765990e-01
1.065493646138806483e-01 -3.464125057732376778e-01
1.075268817204300120e-01 -3.491049653031347288e-01
1.085043988269793758e-01 -3.517844351230736688e-01
1.094819159335287395e-01 -3.544508140291728338e-01
1.104594330400781033e-01 -3.571040013113775391e-01
1.114369501466274670e-01 -3.597438967572647583e-01
1.124144672531768308e-01 -3.623704006558191582e-01
1.133919843597261945e-01 -3.649834138011961437e-01
1.143695014662755582e-01 -3.675828374964627554e-01
1.153470185728249220e-01 -3.701685735573234104e-01
1.163245356793742857e-01 -3.727405243158211090e-01
1.173020527859236495e-01 -3.752985926240240966e-01
1.182795698924730132e-01 -3.778426818576872681e-01
1.192570869990223770e-01 -3.803726959199010826e-01
1.202346041055717407e-01 -3.828885392447142766e-01
1.212121212121211045e-01 -3.853901168007396461e-01
1.221896383186704682e-01 -3.878773340947371806e-01
1.231671554252198320e-01 -3.903500971751820425e-01
1.241446725317691957e-01 -3.928083126358058452e-01
1.251221896383185594e-01 -3.952518876191227215e-01
1.260997067448679232e-01 -3.976807298199263596e-01
1.270772238514172869e-01 -4.000947474887809885e-01
1.280547409579666507e-01 -4.024938494354757812e-01
1.290322580645160144e-01 -4.048779450324674345e-01
1.300097751710653782e-01 -4.072469442182971577e-01
1.309872922776147419e-01 -4.096007575009908419e-01
1.319648093841641057e-01 -4.119392959614320837e-01
1.329423264907134694e-01 -4.142624712567191669e-01
1.339198435972628332e-01 -4.165701956234940662e-01
1.348973607038121969e-01 -4.188623818812572397e-01
1.358748778103615606e-01 -4.211389434356537231e-01
1.368523949169109244e-01 -4.233997942817409044e-01
1.378299120234602881e-01 -4.256448490072309854e-01
1.388074291300096519e-01 -4.278740227957157916e-01
1.397849462365590156e-01 -4.300872314298650467e-01
1.407624633431083794e-01 -4.322843912946032208e-01
1.417399804496577431e-01 -4.344654193802615083e-01
1.427174975562071069e-01 -4.366302332857144308e-01
1.436950146627564706e-01 -4.387787512214837982e-01
1.446725317693058344e-01 -4.409108920128261833e-01
1.456500488758551981e-01 -4.430265751027930854e-01
1.466275659824045619e-01 -4.451257205552728857e-01
1.476050830889539256e-01 -4.472082490580031600e-01
1.485826001955032893e-01 -4.492740819255653939e-01
1.495601173020526531e-01 -4.513231411023497230e-01
1.505376344086020168e-01 -4.533553491655034628e-01
1.515151515151513806e-01 -4.553706293278487194e-01
1.524926686217007443e-01 -4.573689054407808485e-01
1.534701857282501081e-01 -4.593501019971389376e-01
1.544477028347994718e-01 -4.613141441340569693e-01
1.554252199413488356e-01 -4.632609576357856196e-01
1.564027370478981993e-01 -4.651904689364934620e-01
1.573802541544475631e-01 -4.671026051230391940e-01
1.583577712609969268e-01 -4.689972939377268779e-01
1.593352883675462905e-01 -4.708744637810279854e-01
1.603128054740956543e-01 -4.727340437142834029e-01
1.612903225806450180e-01 -4.745759634623794021e-01
1.622678396871943818e-01 -4.764001534163992413e-01
1.632453567937437455e-01 -4.782065446362481764e-01
1.642228739002931093e-01 -4.799950688532553800e-01
1.652003910068424730e-01 -4.817656584727466607e-01
1.661779081133918368e-01 -4.835182465765971438e-01
1.671554252199412005e-01 -4.852527669257548637e-01
1.681329423264905643e-01 -4.869691539627382659e-01
1.691104594330399280e-01 -4.886673428141103392e-01
1.700879765395892917e-01 -4.903472692929257692e-01
1.710654936461386555e-01 -4.920088699011522237e-01
1.720430107526880192e-01 -4.936520818320658810e-01
1.730205278592373830e-01 -4.952768429726188137e-01
1.739980449657867467e-01 -4.968830919057857787e-01
1.749755620723361105e-01 -4.984707679128776436e-01
1.759530791788854742e-01 -5.000398109758337206e-01
1.769305962854348380e-01 -5.015901617794847889e-01
1.779081133919842017e-01 -5.031217617137918596e-01
1.788856304985335655e-01 -5.046345528760557420e-01
1.798631476050829292e-01 -5.061284780731029054e-01
1.808406647116322929e-01 -5.076034808234404228e-01
1.818181818181816567e-01 -5.090595053593902630e-01
1.827956989247310204e-01 -5.104964966291893891e-01
1.837732160312803842e-01 -5.119144002990696496e-01
1.847507331378297479e-01 -5.133131627553039200e-01
1.857282502443791117e-01 -5.146927311062324817e-01
1.867057673509284754e-01 -5.160530531842553170e-01
1.876832844574778392e-01 -5.173940775478015341e-01
1.886608015640272029e-01 -5.187157534832680383e-01
1.896383186705765667e-01 -5.200180310069357770e-01
1.906158357771259304e-01 -5.213008608668525667e-01
1.915933528836752942e-01 -5.225641945446922731e-01
1.925708699902246579e-01 -5.238079842575840139e-01
1.935483870967740216e-01 -5.250321829599164936e-01
1.945259042033233854e-01 -5.262367443451102522e-01
1.955034213098727491e-01 -5.274216228473674883e-01
1.964809384164221129e-01 -5.285867736433879083e-01
1.974584555229714766e-01 -5.297321526540612613e-01
1.984359726295208404e-01 -5.308577165461306757e-01
1.994134897360702041e-01 -5.319634227338257970e-01
2.003910068426195679e-01 -5.330492293804696136e-01
2.013685239491689316e-01 -5.341150954000580819e-01
2.023460410557182954e-01 -5.351609804588079999e-01
2.033235581622676591e-01 -5.361868449766805655e-01
2.043010752688170228e-01 -5.371926501288719624e-01
2.052785923753663866e-01 -5.381783578472804086e-01
2.062561094819157503e-01 -5.391439308219402315e-01
2.072336265884651141e-01 -5.400893325024320735e-01
2.082111436950144778e-01 -5.410145270992573474e-01
2.091886608015638416e-01 -5.419194795851925983e-01
2.101661779081132053e-01 -5.428041556966086700e-01
2.111436950146625691e-01 -5.436685219347637821e-01
2.121212121212119328e-01 -5.445125455670658532e-01
2.130987292277612966e-01 -5.453361946283102890e-01
2.140762463343106603e-01 -5.461394379218824646e-01
2.150537634408600240e-01 -5.469222450209376696e-01
2.160312805474093878e-01 -5.476845862695455258e-01
2.170087976539587515e-01 -5.484264327838117570e-01
2.179863147605081153e-01 -5.491477564529659849e-01
2.189638318670574790e-01 -5.498485299404234361e-01
2.199413489736068428e-01 -5.505287266848136740e-01
2.209188660801562065e-01 -5.511883209009865725e-01
2.218963831867055703e-01 -5.518272875809812072e-01
2.228739002932549340e-01 -5.524456024949707666e-01
2.238514173998042978e-01 -5.530432421921777086e-01
2.248289345063536615e-01 -5.536201840017562770e-01
2.258064516129030253e-01 -5.541764060336489273e-01
2.267839687194523890e-01 -5.547118871794122219e-01
2.277614858260017527e-01 -5.552266071130126379e-01
2.287390029325511165e-01 -5.557205462915927319e-01
2.297165200391004802e-01 -5.561936859562102153e-01
2.306940371456498440e-01 -5.566460081325438347e-01
2.316715542521992077e-01 -5.570774956315718285e-01
2.326490713587485715e-01 -5.574881320502208526e-01
2.336265884652979352e-01 -5.578779017719850408e-01
2.346041055718472990e-01 -5.582467899675130907e-01
2.355816226783966627e-01 -5.585947825951702583e-01
2.365591397849460265e-01 -5.589218664015670468e-01
2.375366568914953902e-01 -5.592280289220582512e-01
2.385141739980447539e-01 -5.595132584812139154e-01
2.394916911045941177e-01 -5.597775441932604235e-01
2.404692082111434814e-01 -5.600208759624906163e-01
2.414467253176928452e-01 -5.602432444836434877e-01
2.424242424242422089e-01 -5.604446412422572354e-01
2.434017595307915727e-01 -5.606250585149890053e-01
2.443792766373409364e-01 -5.607844893699065469e-01
2.453567937438903002e-01 -5.609229276667505593e-01
2.463343108504396639e-01 -5.610403680571649510e-01
2.473118279569890277e-01 -5.611368059848991230e-01
2.482893450635383914e-01 -5.612122376859808304e-01
2.492668621700877551e-01 -5.612666601888566253e-01
2.502443792766371189e-01 -5.613000713145044340e-01
2.512218963831864826e-01 -5.613124696765169341e-01
2.521994134897358464e-01 -5.613038546811524032e-01
2.531769305962852101e-01 -5.612742265273571451e-01
2.541544477028345739e-01 -5.612235862067587178e-01
2.551319648093839376e-01 -5.611519355036287404e-01
2.561094819159333014e-01 -5.610592769948147263e-01
2.570869990224826651e-01 -5.609456140496428267e-01
2.580645161290320289e-01 -5.608109508297920431e-01
2.590420332355813926e-01 -5.606552922891356872e-01
2.600195503421307563e-01 -5.604786441735555291e-01
2.609970674486801201e-01 -5.602810130207241945e-01
2.619745845552294838e-01 -5.600624061598596937e-01
2.629521016617788476e-01 -5.598228317114476438e-01
2.639296187683282113e-01 -5.595622985869357358e-01
2.649071358748775751e-01 -5.592808164883980027e-01
2.658846529814269388e-01 -5.589783959081671139e-01
2.668621700879763026e-01 -5.586550481284406899e-01
2.678396871945256663e-01 -5.583107852208546440e-01
2.688172043010750301e-01 -5.579456200460271020e-01
2.697947214076243938e-01 -5.575595662530742347e-01
2.707722385141737576e-01 -5.571526382790956688e-01
2.717497556207231213e-01 -5.567248513486293682e-01
2.727272727272724850e-01 -5.562762214730762045e-01
2.737047898338218488e-01 -5.558067654500986610e-01
2.746823069403712125e-01 -5.553165008629841193e-01
2.756598240469205763e-01 -5.548054460799840548e-01
2.766373411534699400e-01 -5.542736202536194812e-01
2.776148582600193038e-01 -5.537210433199591941e-01
2.785923753665686675e-01 -5.531477359978680397e-01
2.795698924731180313e-01 -5.525537197882243179e-01
2.805474095796673950e-01 -5.519390169731097640e-01
2.815249266862167588e-01 -5.513036506149672222e-01
2.825024437927661225e-01 -5.506476445557343391e-01
2.834799608993154862e-01 -5.499710234159398414e-01
2.844574780058648500e-01 -5.492738125937773885e-01
2.854349951124142137e-01 -5.485560382641462285e-01
2.864125122189635775e-01 -5.478177273776655420e-01
2.873900293255129412e-01 -5.470589076596558131e-01
2.883675464320623050e-01 -5.462796076090932207e-01
2.893450635386116687e-01 -5.454798564975363862e-01
2.903225806451610325e-01 -5.446596843680199251e-01
2.913000977517103962e-01 -5.438191220339224641e-01
2.922776148582597600e-01 -5.429582010778039036e-01
2.932551319648091237e-01 -5.420769538502134832e-01
2.942326490713584874e-01 -5.411754134684708673e-01
2.952101661779078512e-01 -5.402536138154149237e-01
2.961876832844572149e-01 -5.393115895381274116e-01
2.971652003910065787e-01 -5.383493760466239175e-01
2.981427174975559424e-01 -5.373670095125211432e-01
2.991202346041053062e-01 -5.363645268676694444e-01
3.000977517106546699e-01 -5.353419658027604999e-01
3.010752688172040337e-01 -5.342993647659057821e-01
3.020527859237533974e-01 -5.332367629611871607e-01
3.030303030303027612e-01 -5.321542003471763094e-01
3.040078201368521249e-01 -5.310517176354273561e-01
3.049853372434014886e-01 -5.299293562889433318e-01
3.059628543499508524e-01 -5.287871585206094238e-01
3.069403714565002161e-01 -5.276251672916020263e-01
3.079178885630495799e-01 -5.264434263097673705e-01
3.088954056695989436e-01 -5.252419800279737316e-01
3.098729227761483074e-01 -5.240208736424334379e-01
3.108504398826976711e-01 -5.227801530909991223e-01
3.118279569892470349e-01 -5.215198650514291101e-01
3.128054740957963986e-01 -5.202400569396271601e-01
3.137829912023457624e-01 -5.189407769078571153e-01
3.147605083088951261e-01 -5.176220738429208046e-01
3.157380254154444899e-01 -5.162839973643169600e-01
3.167155425219938536e-01 -5.149265978223693807e-01
3.176930596285432173e-01 -5.135499262963278966e-01
3.186705767350925811e-01 -5.121540345924402438e-01
3.196480938416419448e-01 -5.107389752419978501e-01
3.206256109481913086e-01 -5.093048014993559747e-01
3.216031280547406723e-01 -5.078515673399229824e-01
3.225806451612900361e-01 -5.063793274581245285e-01
3.235581622678393998e-01 -5.048881372653408750e-01
3.245356793743887636e-01 -5.033780528878161187e-01
3.255131964809381273e-01 -5.018491311645415509e-01
3.264907135874874911e-01 -5.003014296451108178e-01
3.274682306940368548e-01 -4.987350065875491012e-01
3.284457478005862185e-01 -4.971499209561150989e-01
3.294232649071355823e-01 -4.955462324190794132e-01
3.304007820136849460e-01 -4.939240013464690771e-01
3.313782991202343098e-01 -4.922832888077933733e-01
3.323558162267836735e-01 -4.906241565697393447e-01
3.333333333333330373e-01 -4.889466670938424353e-01
3.343108504398824010e-01 -4.872508835341285982e-01
3.352883675464317648e-01 -4.855368697347332008e-01
3.362658846529811285e-01 -4.838046902274925065e-01
3.372434017595304923e-01 -4.820544102295091227e-01
3.382209188660798560e-01 -4.802860956406923010e-01
3.391984359726292197e-01 -4.784998130412702610e-01
3.401759530791785835e-01 -4.766956296892810863e-01
3.411534701857279472e-01 -4.748736135180339768e-01
3.421309872922773110e-01 -4.730338331335468549e-01
3.431085043988266747e-01 -4.711763578119582130e-01
3.440860215053760385e-01 -4.693012574969137041e-01
3.450635386119254022e-01 -4.674086027969298063e-01
3.460410557184747660e-01 -4.654984649827265120e-01
3.470185728250241297e-01 -4.635709159845410876e-01
3.479960899315734935e-01 -4.616260283894138561e-01
3.489736070381228572e-01 -4.596638754384517744e-01
3.499511241446722210e-01 -4.576845310240630349e-01
3.509286412512215847e-01 -4.556880696871703496e-01
3.519061583577709484e-01 -4.536745666144002542e-01
3.528836754643203122e-01 -4.516440976352461556e-01
3.538611925708696759e-01 -4.495967392192068424e-01
3.548387096774190397e-01 -4.475325684729030140e-01
3.558162267839684034e-01 -4.454516631371676638e-01
3.567937438905177672e-01 -4.433541015841153121e-01
3.577712609970671309e-01 -4.412399628141829844e-01
3.587487781036164947e-01 -4.391093264531519269e-01
3.597262952101658584e-01 -4.369622727491419001e-01
3.607038123167152222e-01 -4.347988825695884851e-01
3.616813294232645859e-01 -4.326192373981867512e-01
3.626588465298139496e-01 -4.304234193318204338e-01
3.636363636363633134e-01 -4.282115110774644129e-01
3.646138807429126771e-01 -4.259835959490665958e-01
3.655913978494620409e-01 -4.237397578644020446e-01
3.665689149560114046e-01 -4.214800813419085634e-01
3.675464320625607684e-01 -4.192046514974990812e-01
3.685239491691101321e-01 -4.169135540413503316e-01
3.695014662756594959e-01 -4.146068752746696062e-01
3.704789833822088596e-01 -4.122847020864386369e-01
3.714565004887582234e-01 -4.099471219501367725e-01
3.724340175953075871e-01 -4.075942229204411738e-01
3.734115347018569508e-01 -4.052260936299044158e-01
3.743890518084063146e-01 -4.028428232856111069e-01
3.753665689149556783e-01 -4.004445016658117473e-01
3.763440860215050421e-01 -3.980312191165418234e-01
3.773216031280544058e-01 -3.956030665482049846e-01
3.782991202346037696e-01 -3.931601354321483388e-01
3.792766373411531333e-01 -3.907025177972113794e-01
3.802541544477024971e-01 -3.882303062262556503e-01
3.812316715542518608e-01 -3.857435938526695418e-01
3.822091886608012246e-01 -3.832424743568561554e-01
3.831867057673505883e-01 -3.807270419627002411e-01
3.841642228738999520e-01 -3.781973914340135412e-01
3.851417399804493158e-01 -3.756536180709585948e-01
3.861192570869986795e-01 -3.730958177064550019e-01
3.870967741935480433e-01 -3.705240867025636486e-01
3.880742913000974070e-01 -3.679385219468533919e-01
3.890518084066467708e-01 -3.653392208487431514e-01
3.900293255131961345e-01 -3.627262813358299032e-01
3.910068426197454983e-01 -3.600998018501919140e-01
3.919843597262948620e-01 -3.574598813446805967e-01
3.929618768328442258e-01 -3.548066192791807794e-01
3.939393939393935895e-01 -3.521401156168622593e-01
3.949169110459429533e-01 -3.494604708204090970e-01
3.958944281524923170e-01 -3.467677858482302589e-01
3.968719452590416807e-01 -3.440621621506491645e-01
3.978494623655910445e-01 -3.413437016660775813e-01
3.988269794721404082e-01 -3.386125068171706998e-01
3.998044965786897720e-01 -3.358686805069641679e-01
4.007820136852391357e-01 -3.331123261149898651e-01
4.017595307917884995e-01 -3.303435474933775762e-01
4.027370478983378632e-01 -3.275624489629373470e-01
4.037145650048872270e-01 -3.247691353092251876e-01
4.046920821114365907e-01 -3.219637117785877911e-01
4.056695992179859545e-01 -3.191462840741939866e-01
4.066471163245353182e-01 -3.163169583520459849e-01
4.076246334310846819e-01 -3.134758412169793007e-01
4.086021505376340457e-01 -3.106230397186343084e-01
4.095796676441834094e-01 -3.077586613474227462e-01
4.105571847507327732e-01 -3.048828140304707390e-01
4.115347018572821369e-01 -3.019956061275504422e-01
4.125122189638315007e-01 -2.990971464269882030e-01
4.134897360703808644e-01 -2.961875441415635635e-01
4.144672531769302282e-01 -2.932669089043883348e-01
4.154447702834795919e-01 -2.903353507647722376e-01
4.164222873900289557e-01 -2.873929801840692799e-01
4.173998044965783194e-01 -2.844399080315125894e-01
4.183773216031276831e-01 -2.814762455800306484e-01
4.193548387096770469e-01 -2.785021045020525943e-01
4.203323558162264106e-01 -2.755175968652917584e-01
4.213098729227757744e-01 -2.725228351285203798e-01
4.222873900293251381e-01 -2.695179321373258330e-01
4.232649071358745019e-01 -2.665030011198586402e-01
4.242424242424238656e-01 -2.634781556825533944e-01
4.252199413489732294e-01 -2.604435098058481834e-01
4.261974584555225931e-01 -2.573991778398838082e-01
4.271749755620719569e-01 -2.543452745001913984e-01
4.281524926686213206e-01 -2.512819148633623212e-01
4.291300097751706843e-01 -2.482092143627087355e-01
4.301075268817200481e-01 -2.451272887839088255e-01
4.310850439882694118e-01 -2.420362542606404599e-01
4.320625610948187756e-01 -2.389362272701974765e-01
4.330400782013681393e-01 -2.358273246290974456e-01
4.340175953079175031e-01 -2.327096634886749171e-01
4.349951124144668668e-01 -2.295833613306624832e-01
4.359726295210162306e-01 -2.264485359627581573e-01
4.369501466275655943e-01 -2.233053055141814014e-01
4.379276637341149581e-01 -2.201537884312152193e-01
4.389051808406643218e-01 -2.169941034727462248e-01
4.398826979472136856e-01 -2.138263697057724566e-01
4.408602150537630493e-01 -2.106507065009193824e-01
4.418377321603124130e-01 -2.074672335279350577e-01
4.428152492668617768e-01 -2.042760707511775686e-01
4.437927663734111405e-01 -2.010773384250864881e-01
4.447702834799605043e-01 -1.978711570896482252e-01
4.457478005865098680e-01 -1.946576475658488292e-01
4.467253176930592318e-01 -1.914369309511173844e-01
4.477028347996085955e-01 -1.882091286147550002e-01
4.486803519061579593e-01 -1.849743621933587767e-01
4.496578690127073230e-01 -1.817327535862316434e-01
4.506353861192566868e-01 -1.784844249507867020e-01
4.516129032258060505e-01 -1.752294986979355818e-01
4.525904203323554142e-01 -1.719680974874727153e-01
4.535679374389047780e-01 -1.687003442234465966e-01
4.545454545454541417e-01 -1.654263620495289022e-01
4.555229716520035055e-01 -1.621462743443606302e-01
4.565004887585528692e-01 -1.588602047169036802e-01
4.574780058651022330e-01 -1.555682770017759453e-01
4.584555229716515967e-01 -1.522706152545821867e-01
4.594330400782009605e-01 -1.489673437472305295e-01
4.604105571847503242e-01 -1.456585869632472108e-01
4.613880742912996880e-01 -1.423444695930795589e-01
4.623655913978490517e-01 -1.390251165293941993e-01
4.633431085043984154e-01 -1.357006528623626307e-01
4.643206256109477792e-01 -1.323712038749444153e-01
4.652981427174971429e-01 -1.290368950381605428e-01
4.662756598240465067e-01 -1.256978520063618265e-01
4.672531769305958704e-01 -1.223542006124859749e-01
4.682306940371452342e-01 -1.190060668633127067e-01
4.692082111436945979e-01 -1.156535769347087211e-01
4.701857282502439617e-01 -1.122968571668732513e-01
4.711632453567933254e-01 -1.089360340595642018e-01
4.721407624633426892e-01 -1.055712342673309073e-01
4.731182795698920529e-01 -1.022025845947353712e-01
4.740957966764414167e-01 -9.883021199157066006e-02
4.750733137829907804e-01 -9.545424354806832101e-02
4.760508308895401441e-01 -9.207480649010647833e-02
4.770283479960895079e-01 -8.869202817440992315e-02
4.780058651026388716e-01 -8.530603608374742741e-02
4.789833822091882354e-01 -8.191695782211955157e-02
4.799608993157375991e-01 -7.852492110994728491e-02
4.809384164222869629e-01 -7.513005377925285888e-02
4.819159335288363266e-01 -7.173248376884001909e-02
4.828934506353856904e-01 -6.833233911946406947e-02
4.838709677419350541e-01 -6.492974796900417844e-02
4.848484848484844179e-01 -6.152483854762780258e-02
4.858260019550337816e-01 -5.811773917295867675e-02
4.868035190615831453e-01 -5.470857824522821350e-02
4.877810361681325091e-01 -5.129748424243735921e-02
4.887585532746818728e-01 -4.788458571550805593e-02
4.897360703812312366e-01 -4.447001128343627124e-02
4.907135874877806003e-01 -4.105388962843638245e-02
4.916911045943299641e-01 -3.763634949108929373e-02
4.926686217008793278e-01 -3.421751966548498142e-02
4.936461388074286916e-01 -3.079752899436620506e-02
4.946236559139780553e-01 -2.737650636426454051e-02
4.956011730205274191e-01 -2.395458070064072215e-02
4.965786901270767828e-01 -2.053188096302049556e-02
4.975562072336261465e-01 -1.710853614013130644e-02
4.985337243401755103e-01 -1.368467524503383902e-02
4.995112414467248740e-01 -1.026042731025693551e-02
5.004887585532742378e-01 -6.835921382927245479e-03
5.014662756598236015e-01 -3.411286519911719932e-03
5.024437927663729653e-01 1.334821706696321137e-05
5.034213098729223290e-01 3.437853766288221508e-03
5.043988269794716928e-01 6.862101070905272764e-03
5.053763440860210565e-01 1.028596108381141759e-02
5.063538611925704203e-01 1.370930477251161572e-02
5.073313782991197840e-01 1.713200312398758737e-02
5.083088954056691477e-01 2.055392714956561992e-02
5.092864125122185115e-01 2.397494788978023206e-02
5.102639296187678752e-01 2.739493641924250697e-02
5.112414467253172390e-01 3.081376385150107894e-02
5.122189638318666027e-01 3.423130134390520857e-02
5.131964809384159665e-01 3.764742010246296261e-02
5.141739980449653302e-01 4.106199138670323795e-02
5.151515151515146940e-01 4.447488651452981973e-02
5.161290322580640577e-01 4.788597686707757317e-02
5.171065493646134215e-01 5.129513389355887937e-02
5.180840664711627852e-01 5.470222911612140915e-02
5.190615835777121490e-01 5.810713413468898692e-02
5.200391006842615127e-01 6.150972063180715210e-02
5.210166177908108764e-01 6.490986037748151805e-02
5.219941348973602402e-01 6.830742523401851785e-02
5.229716520039096039e-01 7.170228716085663700e-02
5.239491691104589677e-01 7.509431821939788199e-02
5.249266862170083314e-01 7.848339057783135231e-02
5.259042033235576952e-01 8.186937651595940779e-02
5.268817204301070589e-01 8.525214843001303888e-02
5.278592375366564227e-01 8.863157883746654309e-02
5.288367546432057864e-01 9.200754038184452699e-02
5.298142717497551502e-01 9.537990583752950502e-02
5.307917888563045139e-01 9.874854811455897885e-02
5.317693059628538776e-01 1.021133402634214621e-01
5.327468230694032414e-01 1.054741554798400427e-01
5.337243401759526051e-01 1.088308671095641889e-01
5.347018572825019689e-01 1.121833486531418900e-01
5.356793743890513326e-01 1.155314737706933381e-01
5.366568914956006964e-01 1.188751162866750199e-01
5.376344086021500601e-01 1.222141501946426567e-01
5.386119257086994239e-01 1.255484496620021539e-01
5.395894428152487876e-01 1.288778890347578310e-01
5.405669599217981514e-01 1.322023428422497981e-01
5.415444770283475151e-01 1.355216858018908344e-01
5.425219941348968788e-01 1.388357928238902195e-01
5.434995112414462426e-01 1.421445390159730982e-01
5.444770283479956063e-01 1.454477996880903234e-01
5.454545454545449701e-01 1.487454503571247755e-01
5.464320625610943338e-01 1.520373667515857175e-01
5.474095796676436976e-01 1.553234248162977116e-01
5.483870967741930613e-01 1.586035007170761846e-01
5.493646138807424251e-01 1.618774708454057132e-01
5.503421309872917888e-01 1.651452118230982979e-01
5.513196480938411526e-01 1.684066005069490002e-01
5.522971652003905163e-01 1.716615139933793388e-01
5.532746823069398800e-01 1.749098296230771621e-01
5.542521994134892438e-01 1.781514249856208376e-01
5.552297165200386075e-01 1.813861779240986960e-01
5.562072336265879713e-01 1.846139665397144303e-01
5.571847507331373350e-01 1.878346691963894144e-01
5.581622678396866988e-01 1.910481645253483685e-01
5.591397849462360625e-01 1.942543314296992785e-01
5.601173020527854263e-01 1.974530490889990497e-01
5.610948191593347900e-01 2.006441969638148859e-01
5.620723362658841538e-01 2.038276548002689315e-01
5.630498533724335175e-01 2.070033026345770855e-01
5.640273704789828813e-01 2.101710207975666655e-01
5.650048875855322450e-01 2.133306899192027872e-01
5.659824046920816087e-01 2.164821909330828520e-01
5.669599217986309725e-01 2.196254050809310909e-01
5.679374389051803362e-01 2.227602139170760109e-01
5.689149560117297000e-01 2.258864993129224841e-01
5.698924731182790637e-01 2.290041434614044913e-01
5.708699902248284275e-01 2.321130288814317044e-01
5.718475073313777912e-01 2.352130384223177773e-01
5.728250244379271550e-01 2.383040552682037794e-01
5.738025415444765187e-01 2.413859629424624509e-01
5.747800586510258825e-01 2.444586453120927150e-01
5.757575757575752462e-01 2.475219865920988693e-01
5.767350928641246099e-01 2.505758713498615342e-01
5.777126099706739737e-01 2.536201845094900320e-01
5.786901270772233374e-01 2.566548113561648026e-01
5.796676441837727012e-01 2.596796375404601953e-01
5.806451612903220649e-01 2.626945490826654295e-01
5.816226783968714287e-01 2.656994323770792699e-01
5.826001955034207924e-01 2.686941741962973196e-01
5.835777126099701562e-01 2.716786616954812161e-01
5.845552297165195199e-01 2.746527824166190568e-01
5.855327468230688837e-01 2.776164242927645631e-01
5.865102639296182474e-01 2.805694756522666977e-01
5.874877810361676111e-01 2.835118252229793523e-01
5.884652981427169749e-01 2.864433621364629867e-01
5.894428152492663386e-01 2.893639759321636751e-01
5.904203323558157024e-01 2.922735565615818820e-01
5.913978494623650661e-01 2.951719943924211442e-01
5.923753665689144299e-01 2.980591802127278145e-01
5.933528836754637936e-01 3.009350052350076021e-01
5.943304007820131574e-01 3.037993611003320105e-01
5.953079178885625211e-01 3.066521398824205158e-01
5.962854349951118849e-01 3.094932340917199154e-01
5.972629521016612486e-01 3.123225366794534774e-01
5.982404692082106124e-01 3.151399410416609315e-01
5.992179863147599761e-01 3.179453410232188082e-01
6.001955034213093398e-01 3.207386309218468456e-01
6.011730205278587036e-01 3.235197054920938564e-01
6.021505376344080673e-01 3.262884599493094950e-01
6.031280547409574311e-01 3.290447899735938209e-01
6.041055718475067948e-01 3.317885917137364249e-01
6.050830889540561586e-01 3.345197617911320198e-01
6.060606060606055223e-01 3.372381973036807090e-01
6.070381231671548861e-01 3.399437958296683271e-01
6.080156402737042498e-01 3.426364554316325139e-01
6.089931573802536136e-01 3.453160746602068620e-01
6.099706744868029773e-01 3.479825525579484657e-01
6.109481915933523410e-01 3.506357886631432663e-01
6.119257086999017048e-01 3.532756830136012938e-01
6.129032258064510685e-01 3.559021361504234315e-01
6.138807429130004323e-01 3.585150491217547475e-01
6.148582600195497960e-01 3.611143234865162865e-01
6.158357771260991598e-01 3.636998613181203210e-01
6.168132942326485235e-01 3.662715652081625639e-01
6.177908113391978873e-01 3.688293382700988943e-01
6.187683284457472510e-01 3.713730841428964369e-01
6.197458455522966148e-01 3.739027069946734283e-01
6.207233626588459785e-01 3.764181115263109390e-01
6.217008797653953422e-01 3.789192029750493296e-01
6.226783968719447060e-01 3.814058871180608934e-01
6.236559139784940697e-01 3.838780702760078434e-01
6.246334310850434335e-01 3.863356593165730435e-01
6.256109481915927972e-01 3.887785616579761405e-01
6.265884652981421610e-01 3.912066852724595534e-01
6.275659824046915247e-01 3.936199386897699104e-01
6.285434995112408885e-01 3.960182310006010176e-01
6.295210166177902522e-01 3.984014718600263905e-01
6.304985337243396160e-01 4.007695714909056406e-01
6.314760508308889797e-01 4.031224406872733201e-01
6.324535679374383434e-01 4.054599908177017320e-01
6.334310850439877072e-01 4.077821338286468089e-01
6.344086021505370709e-01 4.100887822477666256e-01
6.353861192570864347e-01 4.123798491872244232e-01
6.363636363636357984e-01 4.146552483469643224e-01
6.373411534701851622e-01 4.169148940179674412e-01
6.383186705767345259e-01 4.191587010854839201e-01
6.392961876832838897e-01 4.213865850322460749e-01
6.402737047898332534e-01 4.235984619416549579e-01
6.412512218963826172e-01 4.257942485009469924e-01
6.422287390029319809e-01 4.279738620043334052e-01
6.432062561094813447e-01 4.301372203561260599e-01
6.441837732160307084e-01 4.322842420738294833e-01
6.451612903225800721e-01 4.344148462912171271e-01
6.461388074291294359e-01 4.365289527613796516e-01
6.471163245356787996e-01 4.386264818597553905e-01
6.480938416422281634e-01 4.407073545871303955e-01
6.490713587487775271e-01 4.427714925726221606e-01
6.500488758553268909e-01 4.448188180766318167e-01
6.510263929618762546e-01 4.468492539937809482e-01
6.520039100684256184e-01 4.488627238558173249e-01
6.529814271749749821e-01 4.508591518345013704e-01
6.539589442815243459e-01 4.528384627444642097e-01
6.549364613880737096e-01 4.548005820460472859e-01
6.559139784946230733e-01 4.567454358481112253e-01
6.568914956011724371e-01 4.586729509108254943e-01
6.578690127077218008e-01 4.605830546484278587e-01
6.588465298142711646e-01 4.624756751319674675e-01
6.598240469208205283e-01 4.643507410920144629e-01
6.608015640273698921e-01 4.662081819213496625e-01
6.617790811339192558e-01 4.680479276776275399e-01
6.627565982404686196e-01 4.698699090860160577e-01
6.637341153470179833e-01 4.716740575418085224e-01
6.647116324535673471e-01 4.734603051130128470e-01
6.656891495601167108e-01 4.752285845429118361e-01
6.666666666666660745e-01 4.769788292526029316e-01
6.676441837732154383e-01 4.787109733435090386e-01
6.686217008797648020e-01 4.804249515998633702e-01
6.695992179863141658e-01 4.821206994911702015e-01
6.705767350928635295e-01 4.837981531746398112e-01
6.715542521994128933e-01 4.854572494975961106e-01
6.725317693059622570e-01 4.870979259998594046e-01
6.735092864125116208e-01 4.887201209161010085e-01
6.744868035190609845e-01 4.903237731781762698e-01
6.754643206256103483e-01 4.919088224174253399e-01
6.764418377321597120e-01 4.934752089669522390e-01
6.774193548387090758e-01 4.950228738638744463e-01
6.783968719452584395e-01 4.965517588515485081e-01
6.793743890518078032e-01 4.980618063817662255e-01
6.803519061583571670e-01 4.995529596169271391e-01
6.813294232649065307e-01 5.010251624321802044e-01
6.823069403714558945e-01 5.024783594175445955e-01
6.832844574780052582e-01 5.039124958799956477e-01
6.842619745845546220e-01 5.053275178455325367e-01
6.852394916911039857e-01 5.067233720612095427e-01
6.862170087976533495e-01 5.081000059971497729e-01
6.871945259042027132e-01 5.094573678485230239e-01
6.881720430107520770e-01 5.107954065375025499e-01
6.891495601173014407e-01 5.121140717151884125e-01
6.901270772238508044e-01 5.134133137635119581e-01
6.911045943304001682e-01 5.146930837971028794e-01
6.920821114369495319e-01 5.159533336651364044e-01
6.930596285434988957e-01 5.171940159531471792e-01
6.940371456500482594e-01 5.184150839848201686e-01
6.950146627565976232e-01 5.196164918237495822e-01
6.959921798631469869e-01 5.207981942751738202e-01
6.969696969696963507e-01 5.219601468876780004e-01
6.979472140762457144e-01 5.231023059548721710e-01
6.989247311827950782e-01 5.242246285170399922e-01
6.999022482893444419e-01 5.253270723627595506e-01
7.008797653958938056e-01 5.264095960304939759e-01
7.018572825024431694e-01 5.274721588101579650e-01
7.028347996089925331e-01 5.285147207446518891e-01
7.038123167155418969e-01 5.295372426313701419e-01
7.047898338220912606e-01 5.305396860236779588e-01
7.057673509286406244e-01 5.315220132323646984e-01
7.067448680351899881e-01 5.324841873270625969e-01
7.077223851417393519e-01 5.334261721376432064e-01
7.086999022482887156e-01 5.343479322555780842e-01
7.096774193548380794e-01 5.352494330352773888e-01
7.106549364613874431e-01 5.361306405953959464e-01
7.116324535679368068e-01 5.369915218201112284e-01
7.126099706744861706e-01 5.378320443603714640e-01
7.135874877810355343e-01 5.386521766351189955e-01
7.145650048875848981e-01 5.394518878324781053e-01
7.155425219941342618e-01 5.402311479109200842e-01
7.165200391006836256e-01 5.409899276003945490e-01
7.174975562072329893e-01 5.417281984034345577e-01
7.184750733137823531e-01 5.424459325962317502e-01
7.194525904203317168e-01 5.431431032296820671e-01
7.204301075268810806e-01 5.438196841304009377e-01
7.214076246334304443e-01 5.444756499017137097e-01
7.223851417399798081e-01 5.451109759246103303e-01
7.233626588465291718e-01 5.457256383586758242e-01
7.243401759530785355e-01 5.463196141429903507e-01
7.253176930596278993e-01 5.468928809969968441e-01
7.262952101661772630e-01 5.474454174213434499e-01
7.272727272727266268e-01 5.479772026986940991e-01
7.282502443792759905e-01 5.484882168945094394e-01
7.292277614858253543e-01 5.489784408577990105e-01
7.302052785923747180e-01 5.494478562218445550e-01
7.311827956989240818e-01 5.498964454048916872e-01
7.321603128054734455e-01 5.503241916108136955e-01
7.331378299120228093e-01 5.507310788297451465e-01
7.341153470185721730e-01 5.511170918386862905e-01
7.350928641251215367e-01 5.514822162020757146e-01
7.360703812316709005e-01 5.518264382723365724e-01
7.370478983382202642e-01 5.521497451903915055e-01
7.380254154447696280e-01 5.524521248861457012e-01
7.390029325513189917e-01 5.527335660789443050e-01
7.399804496578683555e-01 5.529940582779970804e-01
7.409579667644177192e-01 5.532335917827747584e-01
7.419354838709670830e-01 5.534521576833736356e-01
7.429130009775164467e-01 5.536497478608530809e-01
7.438905180840658105e-01 5.538263549875410696e-01
7.448680351906151742e-01 5.539819725273109619e-01
7.458455522971645379e-01 5.541165947358278610e-01
7.468230694037139017e-01 5.542302166607655511e-01
7.478005865102632654e-01 5.543228341419921268e-01
7.487781036168126292e-01 5.543944438117297535e-01
7.497556207233619929e-01 5.544450430946782360e-01
7.507331378299113567e-01 5.544746302081140499e-01
7.517106549364607204e-01 5.544832041619581764e-01
7.526881720430100842e-01 5.544707647588125177e-01
7.536656891495594479e-01 5.544373125939663360e-01
7.546432062561088117e-01 5.543828490553759369e-01
7.556207233626581754e-01 5.543073763236108231e-01
7.565982404692075391e-01 5.542108973717724263e-01
7.575757575757569029e-01 5.540934159653804203e-01
7.585532746823062666e-01 5.539549366622331661e-01
7.595307917888556304e-01 5.537954648122327406e-01
7.605083088954049941e-01 5.536150065571857626e-01
7.614858260019543579e-01 5.534135688305700240e-01
7.624633431085037216e-01 5.531911593572739205e-01
7.634408602150530854e-01 5.529477866533042407e-01
7.644183773216024491e-01 5.526834600254655339e-01
7.653958944281518129e-01 5.523981895710090573e-01
7.663734115347011766e-01 5.520919861772510817e-01
7.673509286412505404e-01 5.517648615211634411e-01
7.683284457477999041e-01 5.514168280689319968e-01
7.693059628543492678e-01 5.510478990754865691e-01
7.702834799608986316e-01 5.506580885840010042e-01
7.712609970674479953e-01 5.502474114253639303e-01
7.722385141739973591e-01 5.498158832176189836e-01
7.732160312805467228e-01 5.493635203653745025e-01
7.741935483870960866e-01 5.488903400591869097e-01
7.751710654936454503e-01 5.483963602749102328e-01
7.761485826001948141e-01 5.478815997730193121e-01
7.771260997067441778e-01 5.473460780979012563e-01
7.781036168132935416e-01 5.467898155771183655e-01
7.790811339198429053e-01 5.462128333206421882e-01
7.800586510263922690e-01 5.456151532200556042e-01
7.810361681329416328e-01 5.449967979477283730e-01
7.820136852394909965e-01 5.443577909559605965e-01
7.829912023460403603e-01 5.436981564760999808e-01
7.839687194525897240e-01 5.430179195176259022e-01
7.849462365591390878e-01 5.423171058672066058e-01
7.859237536656884515e-01 5.415957420877256512e-01
7.869012707722378153e-01 5.408538555172824891e-01
7.878787878787871790e-01 5.400914742681580671e-01
7.888563049853365428e-01 5.393086272257554548e-01
7.898338220918859065e-01 5.385053440475117137e-01
7.908113391984352702e-01 5.376816551617765727e-01
7.917888563049846340e-01 5.368375917666664554e-01
7.927663734115339977e-01 5.359731858288868667e-01
7.937438905180833615e-01 5.350884700825262463e-01
7.947214076246327252e-01 5.341834780278221784e-01
7.956989247311820890e-01 5.332582439298964028e-01
7.966764418377314527e-01 5.323128028174631821e-01
7.976539589442808165e-01 5.313471904815064706e-01
7.986314760508301802e-01 5.303614434739325478e-01
7.996089931573795440e-01 5.293555991061890120e-01
8.005865102639289077e-01 5.283296954478564622e-01
8.015640273704782715e-01 5.272837713252145342e-01
8.025415444770276352e-01 5.262178663197765172e-01
8.035190615835769989e-01 5.251320207667963258e-01
8.044965786901263627e-01 5.240262757537452742e-01
8.054740957966757264e-01 5.229006731187652024e-01
8.064516129032250902e-01 5.217552554490877403e-01
8.074291300097744539e-01 5.205900660794289259e-01
8.084066471163238177e-01 5.194051490903530688e-01
8.093841642228731814e-01 5.182005493066123014e-01
8.103616813294225452e-01 5.169763122954538215e-01
8.113391984359719089e-01 5.157324843649017110e-01
8.123167155425212727e-01 5.144691125620092231e-01
8.132942326490706364e-01 5.131862446710838688e-01
8.142717497556200001e-01 5.118839292118886330e-01
8.152492668621693639e-01 5.105622154378061106e-01
8.162267839687187276e-01 5.092211533339829899e-01
8.172043010752680914e-01 5.078607936154448943e-01
8.181818181818174551e-01 5.064811877251833572e-01
8.191593352883668189e-01 5.050823878322143745e-01
8.201368523949161826e-01 5.036644468296102017e-01
8.211143695014655464e-01 5.022274183325055041e-01
8.220918866080149101e-01 5.007713566760737534e-01
8.230694037145642739e-01 4.992963169134774226e-01
8.240469208211136376e-01 4.978023548137917587e-01
8.250244379276630013e-01 4.962895268599004650e-01
8.260019550342123651e-01 4.947578902463658501e-01
8.269794721407617288e-01 4.932075028772706649e-01
8.279569892473110926e-01 4.916384233640331836e-01
8.289345063538604563e-01 4.900507110231968610e-01
8.299120234604098201e-01 4.884444258741946210e-01
8.308895405669591838e-01 4.868196286370806702e-01
8.318670576735085476e-01 4.851763807302426623e-01
8.328445747800579113e-01 4.835147442680844398e-01
8.338220918866072751e-01 4.818347820586833530e-01
8.347996089931566388e-01 4.801365576014193781e-01
8.357771260997060025e-01 4.784201350845809220e-01
8.367546432062553663e-01 4.766855793829433141e-01
8.377321603128047300e-01 4.749329560553213758e-01
8.387096774193540938e-01 4.731623313420967869e-01
8.396871945259034575e-01 4.713737721627177524e-01
8.406647116324528213e-01 4.695673461131769089e-01
8.416422287390021850e-01 4.677431214634595324e-01
8.426197458455515488e-01 4.659011671549691536e-01
8.435972629521009125e-01 4.640415527979263044e-01
8.445747800586502763e-01 4.621643486687422864e-01
8.455522971651996400e-01 4.602696257073709551e-01
8.465298142717490038e-01 4.583574555146283092e-01
8.475073313782983675e-01 4.564279103494941481e-01
8.484848484848477312e-01 4.544810631263851985e-01
8.494623655913970950e-01 4.525169874124064240e-01
8.504398826979464587e-01 4.505357574245734131e-01
8.514173998044958225e-01 4.485374480270133413e-01
8.523949169110451862e-01 4.465221347281423392e-01
8.533724340175945500e-01 4.444898936778157728e-01
8.543499511241439137e-01 4.424408016644554298e-01
8.553274682306932775e-01 4.403749361121533923e-01
8.563049853372426412e-01 4.382923750777508731e-01
8.572825024437920050e-01 4.361931972478952924e-01
8.582600195503413687e-01 4.340774819360694869e-01
8.592375366568907324e-01 4.319453090796016581e-01
8.602150537634400962e-01 4.297967592366477296e-01
8.611925708699894599e-01 4.276319135831570528e-01
8.621700879765388237e-01 4.254508539098045272e-01
8.631476050830881874e-01 4.232536626189082329e-01
8.641251221896375512e-01 4.210404227213200845e-01
8.651026392961869149e-01 4.188112178332965008e-01
8.660801564027362787e-01 4.165661321733412081e-01
8.670576735092856424e-01 4.143052505590292811e-01
8.680351906158350062e-01 4.120286584038080346e-01
8.690127077223843699e-01 4.097364417137753789e-01
8.699902248289337336e-01 4.074286870844342490e-01
8.709677419354830974e-01 4.051054816974262729e-01
8.719452590420324611e-01 4.027669133172430138e-01
8.729227761485818249e-01 4.004130702879162840e-01
8.739002932551311886e-01 3.980440415296841450e-01
8.748778103616805524e-01 3.956599165356367576e-01
8.758553274682299161e-01 3.932607853683394716e-01
8.768328445747792799e-01 3.908467386564413726e-01
8.778103616813286436e-01 3.884178675912474121e-01
8.787878787878780074e-01 3.859742639232834338e-01
8.797653958944273711e-01 3.835160199588347751e-01
8.807429130009767348e-01 3.810432285564647192e-01
8.817204301075260986e-01 3.785559831235096873e-01
8.826979472140754623e-01 3.760543776125561677e-01
8.836754643206248261e-01 3.735385065178977726e-01
8.846529814271741898e-01 3.710084648719703670e-01
8.856304985337235536e-01 3.684643482417653826e-01
8.866080156402729173e-01 3.659062527252264219e-01
8.875855327468222811e-01 3.633342749476232703e-01
8.885630498533716448e-01 3.607485120579087545e-01
8.895405669599210086e-01 3.581490617250509545e-01
8.905180840664703723e-01 3.555360221343512039e-01
8.914956011730197361e-01 3.529094919837379440e-01
8.924731182795690998e-01 3.502695704800486420e-01
8.934506353861184635e-01 3.476163573352806235e-01
8.944281524926678273e-01 3.449499527628331896e-01
8.954056695992171910e-01 3.422704574737273631e-01
8.963831867057665548e-01 3.395779726728069825e-01
8.973607038123159185e-01 3.368726000549192023e-01
8.983382209188652823e-01 3.341544418010792272e-01
8.993157380254146460e-01 3.314236005746162284e-01
9.002932551319640098e-01 3.286801795173008855e-01
9.012707722385133735e-01 3.259242822454524457e-01
9.022482893450627373e-01 3.231560128460315706e-01
9.032258064516121010e-01 3.203754758727140328e-01
9.042033235581614647e-01 3.175827763419467042e-01
9.051808406647108285e-01 3.147780197289848370e-01
9.061583577712601922e-01 3.119613119639136900e-01
9.071358748778095560e-01 3.091327594276521151e-01
9.081133919843589197e-01 3.062924689479437079e-01
9.090909090909082835e-01 3.034405477953195374e-01
9.100684261974576472e-01 3.005771036790569339e-01
9.110459433040070110e-01 2.977022447431139640e-01
9.120234604105563747e-01 2.948160795620527463e-01
9.130009775171057385e-01 2.919187171369398981e-01
9.139784946236551022e-01 2.890102668912372108e-01
9.149560117302044659e-01 2.860908386666728975e-01
9.159335288367538297e-01 2.831605427190994617e-01
9.169110459433031934e-01 2.802194897143318597e-01
9.178885630498525572e-01 2.772677907239751161e-01
9.188660801564019209e-01 2.743055572212325099e-01
9.198435972629512847e-01 2.713329010767039362e-01
9.208211143695006484e-01 2.683499345541612291e-01
9.217986314760500122e-01 2.653567703063159922e-01
9.227761485825993759e-01 2.623535213705682212e-01
9.237536656891487397e-01 2.593403011647472667e-01
9.247311827956981034e-01 2.563172234828255402e-01
9.257086999022474672e-01 2.532844024906308888e-01
9.266862170087968309e-01 2.502419527215385409e-01
9.276637341153461946e-01 2.471899890721523940e-01
9.286412512218955584e-01 2.441286267979675406e-01
9.296187683284449221e-01 2.410579815090243549e-01
9.305962854349942859e-01 2.379781691655469544e-01
9.315738025415436496e-01 2.348893060735704474e-01
9.325513196480930134e-01 2.317915088805503621e-01
9.335288367546423771e-01 2.286848945709643588e-01
9.345063538611917409e-01 2.255695804618988998e-01
9.354838709677411046e-01 2.224456841986243716e-01
9.364613880742904684e-01 2.193133237501557198e-01
9.374389051808398321e-01 2.161726174048030358e-01
9.384164222873891958e-01 2.130236837657071836e-01
9.393939393939385596e-01 2.098666417463743161e-01
9.403714565004879233e-01 2.067016105661774183e-01
9.413489736070372871e-01 2.035287097458670369e-01
9.423264907135866508e-01 2.003480591030604163e-01
9.433040078201360146e-01 1.971597787477235020e-01
9.442815249266853783e-01 1.939639890776369835e-01
9.452590420332347421e-01 1.907608107738560377e-01
9.462365591397841058e-01 1.875503647961581088e-01
9.472140762463334696e-01 1.843327723784806971e-01
9.481915933528828333e-01 1.811081550243454630e-01
9.491691104594321970e-01 1.778766345022770035e-01
9.501466275659815608e-01 1.746383328412079161e-01
9.511241446725309245e-01 1.713933723258779518e-01
9.521016617790802883e-01 1.681418754922177072e-01
9.530791788856296520e-01 1.648839651227282377e-01
9.540566959921790158e-01 1.616197642418477631e-01
9.550342130987283795e-01 1.583493961113158488e-01
9.560117302052777433e-01 1.550729842255156588e-01
9.569892473118271070e-01 1.517906523068207059e-01
9.579667644183764708e-01 1.485025243009259199e-01
9.589442815249258345e-01 1.452087243721741361e-01
9.599217986314751982e-01 1.419093768988686499e-01
9.608993157380245620e-01 1.386046064685841073e-01
9.618768328445739257e-01 1.352945378734650428e-01
9.628543499511232895e-01 1.319792961055206715e-01
9.638318670576726532e-01 1.286590063519066907e-01
9.648093841642220170e-01 1.253337939902047227e-01
9.657869012707713807e-01 1.220037845836920848e-01
9.667644183773207445e-01 1.186691038766066325e-01
9.677419354838701082e-01 1.153298777894006671e-01
9.687194525904194720e-01 1.119862324139926230e-01
9.696969696969688357e-01 1.086382940090087762e-01
9.706744868035181995e-01 1.052861889950258145e-01
9.716520039100675632e-01 1.019300439497937000e-01
9.726295210166169269e-01 9.856998560346584559e-02
9.736070381231662907e-01 9.520614083381716275e-02
9.745845552297156544e-01 9.183863666145981874e-02
9.755620723362650182e-01 8.846760024504810027e-02
9.765395894428143819e-01 8.509315887648376264e-02
9.775171065493637457e-01 8.171543997611367682e-02
9.784946236559131094e-01 7.833457108792478418e-02
9.794721407624624732e-01 7.495067987472954496e-02
9.804496578690118369e-01 7.156389411335241368e-02
9.814271749755612007e-01 6.817434168980851528e-02
9.824046920821105644e-01 6.478215059448173829e-02
9.833822091886599281e-01 6.138744891729303738e-02
9.843597262952092919e-01 5.799036484287085208e-02
9.853372434017586556e-01 5.459102664571359453e-02
9.863147605083080194e-01 5.118956268535621718e-02
9.872922776148573831e-01 4.778610140151980795e-02
9.882697947214067469e-01 4.438077130927209346e-02
9.892473118279561106e-01 4.097370099417743661e-02
9.902248289345054744e-01 3.756501910744858286e-02
9.912023460410548381e-01 3.415485436108987166e-02
9.921798631476042019e-01 3.074333552304412895e-02
9.931573802541535656e-01 2.733059141233428260e-02
9.941348973607029293e-01 2.391675089420608816e-02
9.951124144672522931e-01 2.050194287526327375e-02
9.960899315738016568e-01 1.708629629860721616e-02
9.970674486803510206e-01 1.366994013897204069e-02
9.980449657869003843e-01 1.025300339786079130e-02
9.990224828934497481e-01 6.835615098676467785e-03
9.999999999999991118e-01 3.417904281856540532e-03
