0.000000000000000000e+00 -2.181414771040837682e-15
9.775171065493637457e-04 3.173828124997585265e-03
1.955034213098727491e-03 6.347656191479969165e-03
2.932551319648091237e-03 9.521424219131940578e-03
3.910068426197454983e-03 1.269501236662518191e-02
4.887585532746818728e-03 1.586830079941543153e-02
5.865102639296182474e-03 1.904116969426628697e-02
6.842619745845546220e-03 2.221349924376708057e-02
7.820136852394909965e-03 2.538516966085332602e-02
8.797653958944273711e-03 2.855606118332344387e-02
9.775171065493637457e-03 3.172605407835985686e-02
1.075268817204300120e-02 3.489502864704347590e-02
1.173020527859236495e-02 3.806286522886999368e-02
1.270772238514172869e-02 4.122944420626189349e-02
1.368523949169109244e-02 4.439464600908409053e-02
1.466275659824045619e-02 4.755835111915221458e-02
1.564027370478981993e-02 5.072044007474288407e-02
1.661779081133918368e-02 5.388079347509527189e-02
1.759530791788854742e-02 5.703929198492290603e-02
1.857282502443791117e-02 6.019581633891027406e-02
1.955034213098727491e-02 6.335024734621347298e-02
2.052785923753663866e-02 6.650246589495452387e-02
2.150537634408600240e-02 6.965235295671784455e-02
2.248289345063536615e-02 7.279978959103820813e-02
2.346041055718472990e-02 7.594465694988847271e-02
2.443792766373409364e-02 7.908683628216096884e-02
2.541544477028345739e-02 8.222620893815009435e-02
2.639296187683282113e-02 8.536265637402651318e-02
2.737047898338218488e-02 8.849606015630939737e-02
2.834799608993154862e-02 9.162630196633236856e-02
2.932551319648091237e-02 9.475326360471006404e-02
3.030303030303027612e-02 9.787682699579479395e-02
3.128054740957963986e-02 1.009968741921322410e-01
3.225806451612900361e-02 1.041132873789061691e-01
3.323558162267836735e-02 1.072259488783900705e-01
3.421309872922773110e-02 1.103347411543815076e-01
3.519061583577709484e-02 1.134395468166374266e-01
3.616813294232645859e-02 1.165402486253005604e-01
3.714565004887582234e-02 1.196367294953250976e-01
3.812316715542518608e-02 1.227288725008919001e-01
3.910068426197454983e-02 1.258165608798194335e-01
4.007820136852391357e-02 1.288996780379670914e-01
4.105571847507327732e-02 1.319781075536362591e-01
4.203323558162264106e-02 1.350517331819603151e-01
4.301075268817200481e-02 1.381204388592901788e-01
4.398826979472136856e-02 1.411841087075710599e-01
4.496578690127073230e-02 1.442426270387170140e-01
4.594330400782009605e-02 1.472958783589722320e-01
4.692082111436945979e-02 1.503437473732699148e-01
4.789833822091882354e-02 1.533861189895772970e-01
4.887585532746818728e-02 1.564228783232435305e-01
4.985337243401755103e-02 1.594539107013292212e-01
5.083088954056691477e-02 1.624791016669340227e-01
5.180840664711627852e-02 1.654983369835119067e-01
5.278592375366564227e-02 1.685115026391839632e-01
5.376344086021500601e-02 1.715184848510369620e-01
5.474095796676436976e-02 1.745191700694166681e-01
5.571847507331373350e-02 1.775134449822093619e-01
5.669599217986309725e-02 1.805011965191191670e-01
5.767350928641246099e-02 1.834823118559318345e-01
5.865102639296182474e-02 1.864566784187711712e-01
5.962854349951118849e-02 1.894241838883439499e-01
6.060606060606055223e-02 1.923847162041802950e-01
6.158357771260991598e-02 1.953381635688584972e-01
6.256109481915927972e-02 1.982844144522246943e-01
6.353861192570864347e-02 2.012233575955933162e-01
6.451612903225800721e-02 2.041548820159540534e-01
6.549364613880737096e-02 2.070788770101527898e-01
6.647116324535673471e-02 2.099952321590680959e-01
6.744868035190609845e-02 2.129038373317760358e-01
6.842619745845546220e-02 2.158045826897068697e-01
6.940371456500482594e-02 2.186973586907870748e-01
7.038123167155418969e-02 2.215820560935719830e-01
7.135874877810355343e-02 2.244585659613649586e-01
7.233626588465291718e-02 2.273267796663301921e-01
7.331378299120228093e-02 2.301865888935879512e-01
7.429130009775164467e-02 2.330378856453017844e-01
7.526881720430100842e-02 2.358805622447503469e-01
7.624633431085037216e-02 2.387145113403929542e-01
7.722385141739973591e-02 2.415396259099161780e-01
7.820136852394909965e-02 2.443557992642733934e-01
7.917888563049846340e-02 2.471629250517048404e-01
8.015640273704782715e-02 2.499608972617560487e-01
8.113391984359719089e-02 2.527496102292728364e-01
8.211143695014655464e-02 2.555289586383880929e-01
8.308895405669591838e-02 2.582988375264937408e-01
8.406647116324528213e-02 2.610591422882020951e-01
8.504398826979464587e-02 2.638097686792911234e-01
8.602150537634400962e-02 2.665506128206365788e-01
8.699902248289337336e-02 2.692815712021297547e-01
8.797653958944273711e-02 2.720025406865841933e-01
8.895405669599210086e-02 2.747134185136256290e-01
8.993157380254146460e-02 2.774141023035678888e-01
9.090909090909082835e-02 2.801044900612742472e-01
9.188660801564019209e-02 2.827844801800071250e-01
9.286412512218955584e-02 2.854539714452598576e-01
9.384164222873891958e-02 2.881128630385754175e-01
9.481915933528828333e-02 2.907610545413458758e-01
9.579667644183764708e-02 2.933984459386069776e-01
9.677419354838701082e-02 2.960249376228069051e-01
9.775171065493637457e-02 2.986404303975644381e-01
9.872922776148573831e-02 3.012448254814099058e-01
9.970674486803510206e-02 3.038380245115140932e-01
1.006842619745844658e-01 3.064199295473972184e-01
1.016617790811338295e-01 3.089904430746233666e-01
1.026392961876831933e-01 3.115494680084787693e-01
1.036168132942325570e-01 3.140969076976359298e-01
1.045943304007819208e-01 3.166326659277977629e-01
1.055718475073312845e-01 3.191566469253283023e-01
1.065493646138806483e-01 3.216687553608635897e-01
1.075268817204300120e-01 3.241688963529108514e-01
1.085043988269793758e-01 3.266569754714256923e-01
1.094819159335287395e-01 3.291328987413748020e-01
1.104594330400781033e-01 3.315965726462793417e-01
1.114369501466274670e-01 3.340479041317458986e-01
1.124144672531768308e-01 3.364868006089749564e-01
1.133919843597261945e-01 3.389131699582536017e-01
1.143695014662755582e-01 3.413269205324298561e-01
1.153470185728249220e-01 3.437279611603717977e-01
1.163245356793742857e-01 3.461162011504053115e-01
1.173020527859236495e-01 3.484915502937366294e-01
1.182795698924730132e-01 3.508539188678525544e-01
1.192570869990223770e-01 3.532032176399081402e-01
1.202346041055717407e-01 3.555393578700918322e-01
1.212121212121211045e-01 3.578622513149725681e-01
1.221896383186704682e-01 3.601718102308273939e-01
1.231671554252198320e-01 3.624679473769547022e-01
1.241446725317691957e-01 3.647505760189626023e-01
1.251221896383185594e-01 3.670196099320425787e-01
1.260997067448679232e-01 3.692749634042176710e-01
1.270772238514172869e-01 3.715165512395823821e-01
1.280547409579666507e-01 3.737442887615131659e-01
1.290322580645160144e-01 3.759580918158626495e-01
1.300097751710653782e-01 3.781578767741332614e-01
1.309872922776147419e-01 3.803435605366343175e-01
1.319648093841641057e-01 3.825150605356156808e-01
1.329423264907134694e-01 3.846722947383821589e-01
1.339198435972628332e-01 3.868151816503874740e-01
1.348973607038121969e-01 3.889436403183104130e-01
1.358748778103615606e-01 3.910575903331071079e-01
1.368523949169109244e-01 3.931569518330451096e-01
1.378299120234602881e-01 3.952416455067144230e-01
1.388074291300096519e-01 3.973115925960218897e-01
1.397849462365590156e-01 3.993667148991604798e-01
1.407624633431083794e-01 4.014069347735602089e-01
1.417399804496577431e-01 4.034321751388144084e-01
1.427174975562071069e-01 4.054423594795920072e-01
1.436950146627564706e-01 4.074374118485207807e-01
1.446725317693058344e-01 4.094172568690528924e-01
1.456500488758551981e-01 4.113818197383080078e-01
1.466275659824045619e-01 4.133310262298962034e-01
1.476050830889539256e-01 4.152648026967172834e-01
1.485826001955032893e-01 4.171830760737392785e-01
1.495601173020526531e-01 4.190857738807534094e-01
1.505376344086020168e-01 4.209728242251102870e-01
1.515151515151513806e-01 4.228441558044309101e-01
1.524926686217007443e-01 4.246996979092964031e-01
1.534701857282501081e-01 4.265393804259148269e-01
1.544477028347994718e-01 4.283631338387671739e-01
1.554252199413488356e-01 4.301708892332295475e-01
1.564027370478981993e-01 4.319625782981725282e-01
1.573802541544475631e-01 4.337381333285367790e-01
1.583577712609969268e-01 4.354974872278894460e-01
1.593352883675462905e-01 4.372405735109544112e-01
1.603128054740956543e-01 4.389673263061204533e-01
1.612903225806450180e-01 4.406776803579239288e-01
1.622678396871943818e-01 4.423715710295135772e-01
1.632453567937437455e-01 4.440489343050877946e-01
1.642228739002931093e-01 4.457097067923085909e-01
1.652003910068424730e-01 4.473538257246933991e-01
1.661779081133918368e-01 4.489812289639831810e-01
1.671554252199412005e-01 4.505918550024867741e-01
1.681329423264905643e-01 4.521856429654001475e-01
1.691104594330399280e-01 4.537625326131023984e-01
1.700879765395892917e-01 4.553224643434310437e-01
1.710654936461386555e-01 4.568653791939272235e-01
1.720430107526880192e-01 4.583912188440610880e-01
1.730205278592373830e-01 4.598999256174320371e-01
1.739980449657867467e-01 4.613914424839439810e-01
1.749755620723361105e-01 4.628657130619579507e-01
1.759530791788854742e-01 4.643226816204171215e-01
1.769305962854348380e-01 4.657622930809503514e-01
1.779081133919842017e-01 4.671844930199497425e-01
1.788856304985335655e-01 4.685892276706233317e-01
1.798631476050829292e-01 4.699764439250241344e-01
1.808406647116322929e-01 4.713460893360520987e-01
1.818181818181816567e-01 4.726981121194337998e-01
1.827956989247310204e-01 4.740324611556758216e-01
1.837732160312803842e-01 4.753490859919932698e-01
1.847507331378297479e-01 4.766479368442109177e-01
1.857282502443791117e-01 4.779289645986444235e-01
1.867057673509284754e-01 4.791921208139512944e-01
1.876832844574778392e-01 4.804373577229585912e-01
1.886608015640272029e-01 4.816646282344634877e-01
1.896383186705765667e-01 4.828738859350119039e-01
1.906158357771259304e-01 4.840650850906488278e-01
1.915933528836752942e-01 4.852381806486429916e-01
1.925708699902246579e-01 4.863931282391853461e-01
1.935483870967740216e-01 4.875298841770652758e-01
1.945259042033233854e-01 4.886484054633167262e-01
1.955034213098727491e-01 4.897486497868413502e-01
1.964809384164221129e-01 4.908305755260030656e-01
1.974584555229714766e-01 4.918941417501997981e-01
1.984359726295208404e-01 4.929393082214070243e-01
1.994134897360702041e-01 4.939660353956953909e-01
2.003910068426195679e-01 4.949742844247218554e-01
2.013685239491689316e-01 4.959640171571967904e-01
2.023460410557182954e-01 4.969351961403219442e-01
2.033235581622676591e-01 4.978877846212034775e-01
2.043010752688170228e-01 4.988217465482384094e-01
2.052785923753663866e-01 4.997370465724744193e-01
2.062561094819157503e-01 5.006336500489446673e-01
2.072336265884651141e-01 5.015115230379725286e-01
2.082111436950144778e-01 5.023706323064532908e-01
2.091886608015638416e-01 5.032109453291073731e-01
2.101661779081132053e-01 5.040324302897081221e-01
2.111436950146625691e-01 5.048350560822805200e-01
2.121212121212119328e-01 5.056187923122755778e-01
2.130987292277612966e-01 5.063836092977164194e-01
2.140762463343106603e-01 5.071294780703194949e-01
2.150537634408600240e-01 5.078563703765850423e-01
2.160312805474093878e-01 5.085642586788637898e-01
2.170087976539587515e-01 5.092531161563967901e-01
2.179863147605081153e-01 5.099229167063258350e-01
2.189638318670574790e-01 5.105736349446790001e-01
2.199413489736068428e-01 5.112052462073273240e-01
2.209188660801562065e-01 5.118177265509161744e-01
2.218963831867055703e-01 5.124110527537680815e-01
2.228739002932549340e-01 5.129852023167589259e-01
2.238514173998042978e-01 5.135401534641651500e-01
2.248289345063536615e-01 5.140758851444878763e-01
2.258064516129030253e-01 5.145923770312454959e-01
2.267839687194523890e-01 5.150896095237400552e-01
2.277614858260017527e-01 5.155675637477972195e-01
2.287390029325511165e-01 5.160262215564789257e-01
2.297165200391004802e-01 5.164655655307667237e-01
2.306940371456498440e-01 5.168855789802192513e-01
2.316715542521992077e-01 5.172862459436022853e-01
2.326490713587485715e-01 5.176675511894908155e-01
2.336265884652979352e-01 5.180294802168432522e-01
2.346041055718472990e-01 5.183720192555478778e-01
2.355816226783966627e-01 5.186951552669440968e-01
2.365591397849460265e-01 5.189988759443122657e-01
2.375366568914953902e-01 5.192831697133397650e-01
2.385141739980447539e-01 5.195480257325557627e-01
2.394916911045941177e-01 5.197934338937419962e-01
2.404692082111434814e-01 5.200193848223126913e-01
2.414467253176928452e-01 5.202258698776689450e-01
2.424242424242422089e-01 5.204128811535245758e-01
2.434017595307915727e-01 5.205804114782041081e-01
2.443792766373409364e-01 5.207284544149132222e-01
2.453567937438903002e-01 5.208570042619825591e-01
2.463343108504396639e-01 5.209660560530815498e-01
2.473118279569890277e-01 5.210556055574063761e-01
2.482893450635383914e-01 5.211256492798392870e-01
2.492668621700877551e-01 5.211761844610810490e-01
2.502443792766371189e-01 5.212072090777541966e-01
2.512218963831864826e-01 5.212187218424804147e-01
2.521994134897358464e-01 5.212107222039272791e-01
2.531769305962852101e-01 5.211832103468314603e-01
2.541544477028345739e-01 5.211361871919903965e-01
2.551319648093839376e-01 5.210696543962268779e-01
2.561094819159333014e-01 5.209836143523278729e-01
2.570869990224826651e-01 5.208780701889540454e-01
2.580645161290320289e-01 5.207530257705212939e-01
2.590420332355813926e-01 5.206084856970547570e-01
2.600195503421307563e-01 5.204444553040158405e-01
2.609970674486801201e-01 5.202609406621010457e-01
2.619745845552294838e-01 5.200579485770124855e-01
2.629521016617788476e-01 5.198354865892010901e-01
2.639296187683282113e-01 5.195935629735830563e-01
2.649071358748775751e-01 5.193321867392267643e-01
2.658846529814269388e-01 5.190513676290122724e-01
2.668621700879763026e-01 5.187511161192664977e-01
2.678396871945256663e-01 5.184314434193649790e-01
2.688172043010750301e-01 5.180923614713108805e-01
2.697947214076243938e-01 5.177338829492833527e-01
2.707722385141737576e-01 5.173560212591605811e-01
2.717497556207231213e-01 5.169587905380130799e-01
2.727272727272724850e-01 5.165422056535708961e-01
2.737047898338218488e-01 5.161062822036629472e-01
2.746823069403712125e-01 5.156510365156282694e-01
2.756598240469205763e-01 5.151764856456992892e-01
2.766373411534699400e-01 5.146826473783606692e-01
2.776148582600193038e-01 5.141695402256762915e-01
2.785923753665686675e-01 5.136371834265919256e-01
2.795698924731180313e-01 5.130855969462083666e-01
2.805474095796673950e-01 5.125148014750305903e-01
2.815249266862167588e-01 5.119248184281839364e-01
2.825024437927661225e-01 5.113156699446107512e-01
2.834799608993154862e-01 5.106873788862299479e-01
2.844574780058648500e-01 5.100399688370789164e-01
2.854349951124142137e-01 5.093734641024216803e-01
2.864125122189635775e-01 5.086878897078325190e-01
2.873900293255129412e-01 5.079832713982517234e-01
2.883675464320623050e-01 5.072596356370152604e-01
2.893450635386116687e-01 5.065170096048551285e-01
2.903225806451610325e-01 5.057554211988756210e-01
2.913000977517103962e-01 5.049748990314995023e-01
2.922776148582597600e-01 5.041754724293893153e-01
2.932551319648091237e-01 5.033571714323413770e-01
2.942326490713584874e-01 5.025200267921514641e-01
2.952101661779078512e-01 5.016640699714567386e-01
2.961876832844572149e-01 5.007893331425469219e-01
2.971652003910065787e-01 4.998958491861506537e-01
2.981427174975559424e-01 4.989836516901984820e-01
2.991202346041053062e-01 4.980527749485502143e-01
3.000977517106546699e-01 4.971032539597060040e-01
3.010752688172040337e-01 4.961351244254839088e-01
3.020527859237533974e-01 4.951484227496738000e-01
3.030303030303027612e-01 4.941431860366636841e-01
3.040078201368521249e-01 4.931194520900398226e-01
3.049853372434014886e-01 4.920772594111617049e-01
3.059628543499508524e-01 4.910166471977088776e-01
3.069403714565002161e-01 4.899376553422017389e-01
3.079178885630495799e-01 4.888403244304982409e-01
3.088954056695989436e-01 4.877246957402611716e-01
3.098729227761483074e-01 4.865908112394023988e-01
3.108504398826976711e-01 4.854387135844990819e-01
3.118279569892470349e-01 4.842684461191840706e-01
3.128054740957963986e-01 4.830800528725109899e-01
3.137829912023457624e-01 4.818735785572962338e-01
3.147605083088951261e-01 4.806490685684264852e-01
3.157380254154444899e-01 4.794065689811514708e-01
3.167155425219938536e-01 4.781461265493430757e-01
3.176930596285432173e-01 4.768677887037332530e-01
3.186705767350925811e-01 4.755716035501230121e-01
3.196480938416419448e-01 4.742576198675695909e-01
3.206256109481913086e-01 4.729258871065449288e-01
3.216031280547406723e-01 4.715764553870713804e-01
3.225806451612900361e-01 4.702093754968300066e-01
3.235581622678393998e-01 4.688246988892451617e-01
3.245356793743887636e-01 4.674224776815435467e-01
3.255131964809381273e-01 4.660027646527885037e-01
3.264907135874874911e-01 4.645656132418887196e-01
3.274682306940368548e-01 4.631110775455814510e-01
3.284457478005862185e-01 4.616392123163925998e-01
3.294232649071355823e-01 4.601500729605738083e-01
3.304007820136849460e-01 4.586437155360069684e-01
3.313782991202343098e-01 4.571201967500940211e-01
3.323558162267836735e-01 4.555795739576151693e-01
3.333333333333330373e-01 4.540219051585681620e-01
3.343108504398824010e-01 4.524472489959766031e-01
3.352883675464317648e-01 4.508556647536809403e-01
3.362658846529811285e-01 4.492472123541001450e-01
3.372434017595304923e-01 4.476219523559730740e-01
3.382209188660798560e-01 4.459799459520713549e-01
3.391984359726292197e-01 4.443212549668940081e-01
3.401759530791785835e-01 4.426459418543324253e-01
3.411534701857279472e-01 4.409540696953174743e-01
3.421309872922773110e-01 4.392457021954365159e-01
3.431085043988266747e-01 4.375209036825328246e-01
3.440860215053760385e-01 4.357797391042770863e-01
3.450635386119254022e-01 4.340222740257208556e-01
3.460410557184747660e-01 4.322485746268174278e-01
3.470185728250241297e-01 4.304587076999309425e-01
3.479960899315734935e-01 4.286527406473129576e-01
3.489736070381228572e-01 4.268307414785625364e-01
3.499511241446722210e-01 4.249927788080583579e-01
3.509286412512215847e-01 4.231389218523726181e-01
3.519061583577709484e-01 4.212692404276574543e-01
3.528836754643203122e-01 4.193838049470143825e-01
3.538611925708696759e-01 4.174826864178349251e-01
3.548387096774190397e-01 4.155659564391241956e-01
3.558162267839684034e-01 4.136336871987986719e-01
3.567937438905177672e-01 4.116859514709641510e-01
3.577712609970671309e-01 4.097228226131698903e-01
3.587487781036164947e-01 4.077443745636410988e-01
3.597262952101658584e-01 4.057506818384888914e-01
3.607038123167152222e-01 4.037418195289038114e-01
3.616813294232645859e-01 4.017178632983162689e-01
3.626588465298139496e-01 3.996788893795474862e-01
3.636363636363633134e-01 3.976249745719313000e-01
3.646138807429126771e-01 3.955561962384191999e-01
3.655913978494620409e-01 3.934726323026591643e-01
3.665689149560114046e-01 3.913743612460580668e-01
3.675464320625607684e-01 3.892614621048205437e-01
3.685239491691101321e-01 3.871340144669683236e-01
3.695014662756594959e-01 3.849920984693360748e-01
3.704789833822088596e-01 3.828357947945502660e-01
3.714565004887582234e-01 3.806651846679841578e-01
3.724340175953075871e-01 3.784803498546954192e-01
3.734115347018569508e-01 3.762813726563397632e-01
3.743890518084063146e-01 3.740683359080674841e-01
3.753665689149556783e-01 3.718413229753965710e-01
3.763440860215050421e-01 3.696004177510748279e-01
3.773216031280544058e-01 3.673457046519046920e-01
3.782991202346037696e-01 3.650772686155663305e-01
3.792766373411531333e-01 3.627951950974106499e-01
3.802541544477024971e-01 3.604995700672374848e-01
3.812316715542518608e-01 3.581904800060501937e-01
3.822091886608012246e-01 3.558680119027951005e-01
3.831867057673505883e-01 3.535322532510788984e-01
3.841642228738999520e-01 3.511832920458697882e-01
3.851417399804493158e-01 3.488212167801759134e-01
3.861192570869986795e-01 3.464461164417081962e-01
3.870967741935480433e-01 3.440580805095234118e-01
3.880742913000974070e-01 3.416571989506495544e-01
3.890518084066467708e-01 3.392435622166902198e-01
3.900293255131961345e-01 3.368172612404136124e-01
3.910068426197454983e-01 3.343783874323211780e-01
3.919843597262948620e-01 3.319270326772035817e-01
3.929618768328442258e-01 3.294632893306678745e-01
3.939393939393935895e-01 3.269872502156579430e-01
3.949169110459429533e-01 3.244990086189513678e-01
3.958944281524923170e-01 3.219986582876425141e-01
3.968719452590416807e-01 3.194862934256028075e-01
3.978494623655910445e-01 3.169620086899292422e-01
3.988269794721404082e-01 3.144258991873729037e-01
3.998044965786897720e-01 3.118780604707525050e-01
4.007820136852391357e-01 3.093185885353476605e-01
4.017595307917884995e-01 3.067475798152791144e-01
4.027370478983378632e-01 3.041651311798704294e-01
4.037145650048872270e-01 3.015713399299949637e-01
4.046920821114365907e-01 2.989663037944029211e-01
4.056695992179859545e-01 2.963501209260373526e-01
4.066471163245353182e-01 2.937228898983285097e-01
4.076246334310846819e-01 2.910847097014810370e-01
4.086021505376340457e-01 2.884356797387320204e-01
4.095796676441834094e-01 2.857758998226066494e-01
4.105571847507327732e-01 2.831054701711514521e-01
4.115347018572821369e-01 2.804244914041540970e-01
4.125122189638315007e-01 2.777330645393462083e-01
4.134897360703808644e-01 2.750312909885949120e-01
4.144672531769302282e-01 2.723192725540748427e-01
4.154447702834795919e-01 2.695971114244313793e-01
4.164222873900289557e-01 2.668649101709215099e-01
4.173998044965783194e-01 2.641227717435474798e-01
4.183773216031276831e-01 2.613707994671715107e-01
4.193548387096770469e-01 2.586090970376203058e-01
4.203323558162264106e-01 2.558377685177709027e-01
4.213098729227757744e-01 2.530569183336260908e-01
4.222873900293251381e-01 2.502666512703739521e-01
4.232649071358745019e-01 2.474670724684402412e-01
4.242424242424238656e-01 2.446582874195138424e-01
4.252199413489732294e-01 2.418404019625733092e-01
4.261974584555225931e-01 2.390135222798921155e-01
4.271749755620719569e-01 2.361777548930349691e-01
4.281524926686213206e-01 2.333332066588365006e-01
4.291300097751706843e-01 2.304799847653724032e-01
4.301075268817200481e-01 2.276181967279153617e-01
4.310850439882694118e-01 2.247479503848805460e-01
4.320625610948187756e-01 2.218693538937548115e-01
4.330400782013681393e-01 2.189825157270191280e-01
4.340175953079175031e-01 2.160875446680551593e-01
4.349951124144668668e-01 2.131845498070437661e-01
4.359726295210162306e-01 2.102736405368468842e-01
4.369501466275655943e-01 2.073549265488827120e-01
4.379276637341149581e-01 2.044285178289855509e-01
4.389051808406643218e-01 2.014945246532645340e-01
4.398826979472136856e-01 1.985530575839316303e-01
4.408602150537630493e-01 1.956042274651394741e-01
4.418377321603124130e-01 1.926481454187969067e-01
4.428152492668617768e-01 1.896849228403792165e-01
4.437927663734111405e-01 1.867146713947231418e-01
4.447702834799605043e-01 1.837375030118162389e-01
4.457478005865098680e-01 1.807535298825739267e-01
4.467253176930592318e-01 1.777628644546090375e-01
4.477028347996085955e-01 1.747656194279868513e-01
4.486803519061579593e-01 1.717619077509760228e-01
4.496578690127073230e-01 1.687518426157865181e-01
4.506353861192566868e-01 1.657355374543019733e-01
4.516129032258060505e-01 1.627131059337973695e-01
4.525904203323554142e-01 1.596846619526533506e-01
4.535679374389047780e-01 1.566503196360576056e-01
4.545454545454541417e-01 1.536101933317054746e-01
4.555229716520035055e-01 1.505643976054777122e-01
4.565004887585528692e-01 1.475130472371248835e-01
4.574780058651022330e-01 1.444562572159348579e-01
4.584555229716515967e-01 1.413941427363977765e-01
4.594330400782009605e-01 1.383268191938569758e-01
4.604105571847503242e-01 1.352544021801581897e-01
4.613880742912996880e-01 1.321770074792881500e-01
4.623655913978490517e-01 1.290947510630089390e-01
4.633431085043984154e-01 1.260077490864795202e-01
4.643206256109477792e-01 1.229161178838769769e-01
4.652981427174971429e-01 1.198199739640062184e-01
4.662756598240465067e-01 1.167194340059074520e-01
4.672531769305958704e-01 1.136146148544513318e-01
4.682306940371452342e-01 1.105056335159332603e-01
4.692082111436945979e-01 1.073926071536581012e-01
4.701857282502439617e-01 1.042756530835252798e-01
4.711632453567933254e-01 1.011548887695953441e-01
4.721407624633426892e-01 9.803043181966442088e-02
4.731182795698920529e-01 9.490239998082584949e-02
4.740957966764414167e-01 9.177091113502997000e-02
4.750733137829907804e-01 8.863608329463484869e-02
4.760508308895401441e-01 8.549803459795608795e-02
4.770283479960895079e-01 8.235688330480925301e-02
4.780058651026388716e-01 7.921274779205123018e-02
4.789833822091882354e-01 7.606574654911102407e-02
4.799608993157375991e-01 7.291599817352245605e-02
4.809384164222869629e-01 6.976362136644909118e-02
4.819159335288363266e-01 6.660873492820862385e-02
4.828934506353856904e-01 6.345145775378809028e-02
4.838709677419350541e-01 6.029190882836103077e-02
4.848484848484844179e-01 5.713020722279724822e-02
4.858260019550337816e-01 5.396647208917593197e-02
4.868035190615831453e-01 5.080082265628333565e-02
4.877810361681325091e-01 4.763337822512039160e-02
4.887585532746818728e-01 4.446425816440039563e-02
4.897360703812312366e-01 4.129358190604803108e-02
4.907135874877806003e-01 3.812146894069097514e-02
4.916911045943299641e-01 3.494803881315432931e-02
4.926686217008793278e-01 3.177341111795033146e-02
4.936461388074286916e-01 2.859770549476862989e-02
4.946236559139780553e-01 2.542104162395992031e-02
4.956011730205274191e-01 2.224353922202355199e-02
4.965786901270767828e-01 1.906531803709042919e-02
4.975562072336261465e-01 1.588649784440764740e-02
4.985337243401755103e-01 1.270719844181714651e-02
4.995112414467248740e-01 9.527539645238574176e-03
5.004887585532742378e-01 6.347641284146741947e-03
5.014662756598236015e-01 3.167623197060896734e-03
5.024437927663729653e-01 -1.239477299073978329e-05
5.034213098729223290e-01 -3.192292782981907828e-03
5.043988269794716928e-01 -6.371950994412028772e-03
5.053763440860210565e-01 -9.551249577824877726e-03
5.063538611925704203e-01 -1.273006871733219601e-02
5.073313782991197840e-01 -1.590828861513132048e-02
5.083088954056691477e-01 -1.908578949602520586e-02
5.092864125122185115e-01 -2.226245161193877997e-02
5.102639296187678752e-01 -2.543815524643945267e-02
5.112414467253172390e-01 -2.861278071925098948e-02
5.122189638318666027e-01 -3.178620839076911481e-02
5.131964809384159665e-01 -3.495831866657274356e-02
5.141739980449653302e-01 -3.812899200193870658e-02
5.151515151515146940e-01 -4.129810890634911386e-02
5.161290322580640577e-01 -4.446554994800058780e-02
5.171065493646134215e-01 -4.763119575830468411e-02
5.180840664711627852e-01 -5.079492703639843648e-02
5.190615835777121490e-01 -5.395662455363976068e-02
5.200391006842615127e-01 -5.711616915810663331e-02
5.210166177908108764e-01 -6.027344177908999096e-02
5.219941348973602402e-01 -6.342832343158862074e-02
5.229716520039096039e-01 -6.658069522079547442e-02
5.239491691104589677e-01 -6.973043834658373963e-02
5.249266862170083314e-01 -7.287743410798627752e-02
5.259042033235576952e-01 -7.602156390767655925e-02
5.268817204301070589e-01 -7.916270925644065815e-02
5.278592375366564227e-01 -8.230075177764750727e-02
5.288367546432057864e-01 -8.543557321171277308e-02
5.298142717497551502e-01 -8.856705542056310387e-02
5.307917888563045139e-01 -9.169508039209051109e-02
5.317693059628538776e-01 -9.481953024460566815e-02
5.327468230694032414e-01 -9.794028723128010705e-02
5.337243401759526051e-01 -1.010572337445953539e-01
5.347018572825019689e-01 -1.041702523207745923e-01
5.356793743890513326e-01 -1.072792256442152287e-01
5.366568914956006964e-01 -1.103840365519125621e-01
5.376344086021500601e-01 -1.134845680378824412e-01
5.386119257086994239e-01 -1.165807032575734981e-01
5.395894428152487876e-01 -1.196723255322751367e-01
5.405669599217981514e-01 -1.227593183535176796e-01
5.415444770283475151e-01 -1.258415653874700724e-01
5.425219941348968788e-01 -1.289189504793266106e-01
5.434995112414462426e-01 -1.319913576576894065e-01
5.444770283479956063e-01 -1.350586711389409889e-01
5.454545454545449701e-01 -1.381207753316159026e-01
5.464320625610943338e-01 -1.411775548407581959e-01
5.474095796676436976e-01 -1.442288944722764643e-01
5.483870967741930613e-01 -1.472746792372850722e-01
5.493646138807424251e-01 -1.503147943564482059e-01
5.503421309872917888e-01 -1.533491252643055525e-01
5.513196480938411526e-01 -1.563775576135955081e-01
5.522971652003905163e-01 -1.593999772795665626e-01
5.532746823069398800e-01 -1.624162703642859640e-01
5.542521994134892438e-01 -1.654263232009336448e-01
5.552297165200386075e-01 -1.684300223580916522e-01
5.562072336265879713e-01 -1.714272546440206435e-01
5.571847507331373350e-01 -1.744179071109329682e-01
5.581622678396866988e-01 -1.774018670592520108e-01
5.591397849462360625e-01 -1.803790220418635959e-01
5.601173020527854263e-01 -1.833492598683562902e-01
5.610948191593347900e-01 -1.863124686092567095e-01
5.620723362658841538e-01 -1.892685366002497260e-01
5.630498533724335175e-01 -1.922173524463929861e-01
5.640273704789828813e-01 -1.951588050263120822e-01
5.650048875855322450e-01 -1.980927834964026080e-01
5.659824046920816087e-01 -2.010191772950055411e-01
5.669599217986309725e-01 -2.039378761465788226e-01
5.679374389051803362e-01 -2.068487700658563910e-01
5.689149560117297000e-01 -2.097517493619993623e-01
5.698924731182790637e-01 -2.126467046427327479e-01
5.708699902248284275e-01 -2.155335268184722652e-01
5.718475073313777912e-01 -2.184121071064379360e-01
5.728250244379271550e-01 -2.212823370347606899e-01
5.738025415444765187e-01 -2.241441084465722877e-01
5.747800586510258825e-01 -2.269973135040860845e-01
5.757575757575752462e-01 -2.298418446926631664e-01
5.767350928641246099e-01 -2.326775948248715198e-01
5.777126099706739737e-01 -2.355044570445265495e-01
5.786901270772233374e-01 -2.383223248307244635e-01
5.796676441837727012e-01 -2.411310920018559234e-01
5.806451612903220649e-01 -2.439306527196178631e-01
5.816226783968714287e-01 -2.467209014930022148e-01
5.826001955034207924e-01 -2.495017331822760587e-01
5.835777126099701562e-01 -2.522730430029469506e-01
5.845552297165195199e-01 -2.550347265297176480e-01
5.855327468230688837e-01 -2.577866797004242372e-01
5.865102639296182474e-01 -2.605287988199618265e-01
5.874877810361676111e-01 -2.632609805641952794e-01
5.884652981427169749e-01 -2.659831219838584837e-01
5.894428152492663386e-01 -2.686951205084378014e-01
5.904203323558157024e-01 -2.713968739500403071e-01
5.913978494623650661e-01 -2.740882805072483164e-01
5.923753665689144299e-01 -2.767692387689615896e-01
5.933528836754637936e-01 -2.794396477182214400e-01
5.943304007820131574e-01 -2.820994067360225732e-01
5.953079178885625211e-01 -2.847484156051048876e-01
5.962854349951118849e-01 -2.873865745137398897e-01
5.972629521016612486e-01 -2.900137840594925187e-01
5.982404692082106124e-01 -2.926299452529709799e-01
5.992179863147599761e-01 -2.952349595215603695e-01
6.001955034213093398e-01 -2.978287287131433647e-01
6.011730205278587036e-01 -3.004111550998015967e-01
6.021505376344080673e-01 -3.029821413815017572e-01
6.031280547409574311e-01 -3.055415906897656630e-01
6.041055718475067948e-01 -3.080894065913266644e-01
6.050830889540561586e-01 -3.106254930917654589e-01
6.060606060606055223e-01 -3.131497546391321940e-01
6.070381231671548861e-01 -3.156620961275491410e-01
6.080156402737042498e-01 -3.181624229008016003e-01
6.089931573802536136e-01 -3.206506407559064353e-01
6.099706744868029773e-01 -3.231266559466663968e-01
6.109481915933523410e-01 -3.255903751872046281e-01
6.119257086999017048e-01 -3.280417056554869593e-01
6.129032258064510685e-01 -3.304805549968217182e-01
6.138807429130004323e-01 -3.329068313273437218e-01
6.148582600195497960e-01 -3.353204432374795041e-01
6.158357771260991598e-01 -3.377212997953975004e-01
6.168132942326485235e-01 -3.401093105504367498e-01
6.177908113391978873e-01 -3.424843855365203860e-01
6.187683284457472510e-01 -3.448464352755468143e-01
6.197458455522966148e-01 -3.471953707807681200e-01
6.207233626588459785e-01 -3.495311035601458283e-01
6.217008797653953422e-01 -3.518535456196886790e-01
6.226783968719447060e-01 -3.541626094667708613e-01
6.236559139784940697e-01 -3.564582081134358149e-01
6.246334310850434335e-01 -3.587402550796749967e-01
6.256109481915927972e-01 -3.610086643966921027e-01
6.265884652981421610e-01 -3.632633506101413112e-01
6.275659824046915247e-01 -3.655042287833577541e-01
6.285434995112408885e-01 -3.677312145005579569e-01
6.295210166177902522e-01 -3.699442238700245134e-01
6.304985337243396160e-01 -3.721431735272696661e-01
6.314760508308889797e-01 -3.743279806381822894e-01
6.324535679374383434e-01 -3.764985629021516678e-01
6.334310850439877072e-01 -3.786548385551722351e-01
6.344086021505370709e-01 -3.807967263729263308e-01
6.353861192570864347e-01 -3.829241456738514127e-01
6.363636363636357984e-01 -3.850370163221811248e-01
6.373411534701851622e-01 -3.871352587309697113e-01
6.383186705767345259e-01 -3.892187938650922274e-01
6.392961876832838897e-01 -3.912875432442285417e-01
6.402737047898332534e-01 -3.933414289458226354e-01
6.412512218963826172e-01 -3.953803736080223064e-01
6.422287390029319809e-01 -3.974043004325955031e-01
6.432062561094813447e-01 -3.994131331878313929e-01
6.441837732160307084e-01 -4.014067962114132304e-01
6.451612903225800721e-01 -4.033852144132731299e-01
6.461388074291294359e-01 -4.053483132784241882e-01
6.471163245356787996e-01 -4.072960188697727357e-01
6.480938416422281634e-01 -4.092282578309068275e-01
6.490713587487775271e-01 -4.111449573888634190e-01
6.500488758553268909e-01 -4.130460453568725043e-01
6.510263929618762546e-01 -4.149314501370822139e-01
6.520039100684256184e-01 -4.168011007232589327e-01
6.529814271749749821e-01 -4.186549267034654909e-01
6.539589442815243459e-01 -4.204928582627169287e-01
6.549364613880737096e-01 -4.223148261856153884e-01
6.559139784946230733e-01 -4.241207618589605266e-01
6.568914956011724371e-01 -4.259105972743379986e-01
6.578690127077218008e-01 -4.276842650306834082e-01
6.588465298142711646e-01 -4.294416983368271601e-01
6.598240469208205283e-01 -4.311828310140132792e-01
6.608015640273698921e-01 -4.329075974983960795e-01
6.617790811339192558e-01 -4.346159328435114100e-01
6.627565982404686196e-01 -4.363077727227291369e-01
6.637341153470179833e-01 -4.379830534316795920e-01
6.647116324535673471e-01 -4.396417118906548183e-01
6.656891495601167108e-01 -4.412836856469896096e-01
6.666666666666660745e-01 -4.429089128774171824e-01
6.676441837732154383e-01 -4.445173323904013651e-01
6.686217008797648020e-01 -4.461088836284448633e-01
6.695992179863141658e-01 -4.476835066703723776e-01
6.705767350928635295e-01 -4.492411422335941262e-01
6.715542521994128933e-01 -4.507817316763393922e-01
6.725317693059622570e-01 -4.523052169998694749e-01
6.735092864125116208e-01 -4.538115408506654957e-01
6.744868035190609845e-01 -4.553006465225923338e-01
6.754643206256103483e-01 -4.567724779590378592e-01
6.764418377321597120e-01 -4.582269797550270751e-01
6.774193548387090758e-01 -4.596640971593121128e-01
6.783968719452584395e-01 -4.610837760764379123e-01
6.793743890518078032e-01 -4.624859630687829792e-01
6.803519061583571670e-01 -4.638706053585753275e-01
6.813294232649065307e-01 -4.652376508298819990e-01
6.823069403714558945e-01 -4.665870480305771006e-01
6.832844574780052582e-01 -4.679187461742817522e-01
6.842619745845546220e-01 -4.692326951422802206e-01
6.852394916911039857e-01 -4.705288454854089641e-01
6.862170087976533495e-01 -4.718071484259247494e-01
6.871945259042027132e-01 -4.730675558593428476e-01
6.881720430107520770e-01 -4.743100203562523598e-01
6.891495601173014407e-01 -4.755344951641038986e-01
6.901270772238508044e-01 -4.767409342089754531e-01
6.911045943304001682e-01 -4.779292920973099434e-01
6.920821114369495319e-01 -4.790995241176267960e-01
6.930596285434988957e-01 -4.802515862422082060e-01
6.940371456500482594e-01 -4.813854351287615296e-01
6.950146627565976232e-01 -4.825010281220533104e-01
6.959921798631469869e-01 -4.835983232555187694e-01
6.969696969696963507e-01 -4.846772792528439289e-01
6.979472140762457144e-01 -4.857378555295241984e-01
6.989247311827950782e-01 -4.867800121943943736e-01
6.999022482893444419e-01 -4.878037100511338764e-01
7.008797653958938056e-01 -4.888089105997443506e-01
7.018572825024431694e-01 -4.897955760380037771e-01
7.028347996089925331e-01 -4.907636692628912223e-01
7.038123167155418969e-01 -4.917131538719866080e-01
7.047898338220912606e-01 -4.926439941648440568e-01
7.057673509286406244e-01 -4.935561551443383710e-01
7.067448680351899881e-01 -4.944496025179868637e-01
7.077223851417393519e-01 -4.953243026992400488e-01
7.086999022482887156e-01 -4.961802228087511257e-01
7.096774193548380794e-01 -4.970173306756147102e-01
7.106549364613874431e-01 -4.978355948385819740e-01
7.116324535679368068e-01 -4.986349845472459741e-01
7.126099706744861706e-01 -4.994154697632023354e-01
7.135874877810355343e-01 -5.001770211611816785e-01
7.145650048875848981e-01 -5.009196101301582882e-01
7.155425219941342618e-01 -5.016432087744258084e-01
7.165200391006836256e-01 -5.023477899146521208e-01
7.174975562072329893e-01 -5.030333270889036923e-01
7.184750733137823531e-01 -5.036997945536439980e-01
7.194525904203317168e-01 -5.043471672847048559e-01
7.204301075268810806e-01 -5.049754209782297831e-01
7.214076246334304443e-01 -5.055845320515913732e-01
7.223851417399798081e-01 -5.061744776442808069e-01
7.233626588465291718e-01 -5.067452356187707174e-01
7.243401759530785355e-01 -5.072967845613481908e-01
7.253176930596278993e-01 -5.078291037829255616e-01
7.262952101661772630e-01 -5.083421733198190129e-01
7.272727272727266268e-01 -5.088359739345018617e-01
7.282502443792759905e-01 -5.093104871163300906e-01
7.292277614858253543e-01 -5.097656950822418986e-01
7.302052785923747180e-01 -5.102015807774270550e-01
7.311827956989240818e-01 -5.106181278759708286e-01
7.321603128054734455e-01 -5.110153207814698284e-01
7.331378299120228093e-01 -5.113931446276205328e-01
7.341153470185721730e-01 -5.117515852787801744e-01
7.350928641251215367e-01 -5.120906293304987589e-01
7.360703812316709005e-01 -5.124102641100269917e-01
7.370478983382202642e-01 -5.127104776767921201e-01
7.380254154447696280e-01 -5.129912588228495718e-01
7.390029325513189917e-01 -5.132525970733052834e-01
7.399804496578683555e-01 -5.134944826867118284e-01
7.409579667644177192e-01 -5.137169066554336805e-01
7.419354838709670830e-01 -5.139198607059898283e-01
7.429130009775164467e-01 -5.141033372993636386e-01
7.438905180840658105e-01 -5.142673296312881837e-01
7.448680351906151742e-01 -5.144118316325029250e-01
7.458455522971645379e-01 -5.145368379689828631e-01
7.468230694037139017e-01 -5.146423440421392659e-01
7.478005865102632654e-01 -5.147283459889927526e-01
7.487781036168126292e-01 -5.147948406823203982e-01
7.497556207233619929e-01 -5.148418257307724177e-01
7.507331378299113567e-01 -5.148692994789629829e-01
7.517106549364607204e-01 -5.148772610075329492e-01
7.526881720430100842e-01 -5.148657101331830521e-01
7.536656891495594479e-01 -5.148346474086828994e-01
7.546432062561088117e-01 -5.147840741228491002e-01
7.556207233626581754e-01 -5.147139923004958595e-01
7.565982404692075391e-01 -5.146244047023600388e-01
7.575757575757569029e-01 -5.145153148249962394e-01
7.585532746823062666e-01 -5.143867269006450194e-01
7.595307917888556304e-01 -5.142386458970733543e-01
7.605083088954049941e-01 -5.140710775173867875e-01
7.614858260019543579e-01 -5.138840281998149351e-01
7.624633431085037216e-01 -5.136775051174686801e-01
7.634408602150530854e-01 -5.134515161780680570e-01
7.644183773216024491e-01 -5.132060700236464879e-01
7.653958944281518129e-01 -5.129411760302228229e-01
7.663734115347011766e-01 -5.126568443074475123e-01
7.673509286412505404e-01 -5.123530856982233539e-01
7.683284457477999041e-01 -5.120299117782939335e-01
7.693059628543492678e-01 -5.116873348558090839e-01
7.702834799608986316e-01 -5.113253679708581467e-01
7.712609970674479953e-01 -5.109440248949810304e-01
7.722385141739973591e-01 -5.105433201306461832e-01
7.732160312805467228e-01 -5.101232689107049190e-01
7.741935483870960866e-01 -5.096838871978163210e-01
7.751710654936454503e-01 -5.092251916838453907e-01
7.761485826001948141e-01 -5.087471997892321074e-01
7.771260997067441778e-01 -5.082499296623367302e-01
7.781036168132935416e-01 -5.077334001787527917e-01
7.790811339198429053e-01 -5.071976309405964445e-01
7.800586510263922690e-01 -5.066426422757660530e-01
7.810361681329416328e-01 -5.060684552371764733e-01
7.820136852394909965e-01 -5.054750916019634666e-01
7.829912023460403603e-01 -5.048625738706645771e-01
7.839687194525897240e-01 -5.042309252663671471e-01
7.849462365591390878e-01 -5.035801697338344596e-01
7.859237536656884515e-01 -5.029103319386025728e-01
7.869012707722378153e-01 -5.022214372660481763e-01
7.878787878787871790e-01 -5.015135118204323561e-01
7.888563049853365428e-01 -5.007865824239160490e-01
7.898338220918859065e-01 -5.000406766155464089e-01
7.908113391984352702e-01 -4.992758226502210794e-01
7.917888563049846340e-01 -4.984920494976188832e-01
7.927663734115339977e-01 -4.976893868411092492e-01
7.937438905180833615e-01 -4.968678650766317761e-01
7.947214076246327252e-01 -4.960275153115491498e-01
7.956989247311820890e-01 -4.951683693634752470e-01
7.966764418377314527e-01 -4.942904597590729310e-01
7.976539589442808165e-01 -4.933938197328271991e-01
7.986314760508301802e-01 -4.924784832257948497e-01
7.996089931573795440e-01 -4.915444848843184000e-01
8.005865102639289077e-01 -4.905918600587237943e-01
8.015640273704782715e-01 -4.896206448019848612e-01
8.025415444770276352e-01 -4.886308758683640119e-01
8.035190615835769989e-01 -4.876225907120251279e-01
8.044965786901263627e-01 -4.865958274856207466e-01
8.054740957966757264e-01 -4.855506250388534895e-01
8.064516129032250902e-01 -4.844870229170103459e-01
8.074291300097744539e-01 -4.834050613594695900e-01
8.084066471163238177e-01 -4.823047812981849924e-01
8.093841642228731814e-01 -4.811862243561400021e-01
8.103616813294225452e-01 -4.800494328457786120e-01
8.113391984359719089e-01 -4.788944497674086920e-01
8.123167155425212727e-01 -4.777213188075799533e-01
8.132942326490706364e-01 -4.765300843374350448e-01
8.142717497556200001e-01 -4.753207914110398336e-01
8.152492668621693639e-01 -4.740934857636771582e-01
8.162267839687187276e-01 -4.728482138101270382e-01
8.172043010752680914e-01 -4.715850226429131320e-01
8.181818181818174551e-01 -4.703039600305275458e-01
8.191593352883668189e-01 -4.690050744156276097e-01
8.201368523949161826e-01 -4.676884149132096713e-01
8.211143695014655464e-01 -4.663540313087552458e-01
8.220918866080149101e-01 -4.650019740563542947e-01
8.230694037145642739e-01 -4.636322942768006383e-01
8.240469208211136376e-01 -4.622450437556637759e-01
8.250244379276630013e-01 -4.608402749413361144e-01
8.260019550342123651e-01 -4.594180409430539402e-01
8.269794721407617288e-01 -4.579783955288942443e-01
8.279569892473110926e-01 -4.565213931237452338e-01
8.289345063538604563e-01 -4.550470888072543074e-01
8.299120234604098201e-01 -4.535555383117522710e-01
8.308895405669591838e-01 -4.520467980201463010e-01
8.318670576735085476e-01 -4.505209249637969759e-01
8.328445747800579113e-01 -4.489779768203642218e-01
8.338220918866072751e-01 -4.474180119116347165e-01
8.347996089931566388e-01 -4.458410892013180971e-01
8.357771260997060025e-01 -4.442472682928252925e-01
8.367546432062553663e-01 -4.426366094270187679e-01
8.377321603128047300e-01 -4.410091734799415630e-01
8.387096774193540938e-01 -4.393650219605184093e-01
8.396871945259034575e-01 -4.377042170082381389e-01
8.406647116324528213e-01 -4.360268213908070623e-01
8.416422287390021850e-01 -4.343328985017839705e-01
8.426197458455515488e-01 -4.326225123581857179e-01
8.435972629521009125e-01 -4.308957275980744295e-01
8.445747800586502763e-01 -4.291526094781178968e-01
8.455522971651996400e-01 -4.273932238711304898e-01
8.465298142717490038e-01 -4.256176372635834815e-01
8.475073313782983675e-01 -4.238259167531017169e-01
8.484848484848477312e-01 -4.220181300459292517e-01
8.494623655913970950e-01 -4.201943454543775602e-01
8.504398826979464587e-01 -4.183546318942465425e-01
8.514173998044958225e-01 -4.164990588822268802e-01
8.523949169110451862e-01 -4.146276965332751363e-01
8.533724340175945500e-01 -4.127406155579718683e-01
8.543499511241439137e-01 -4.108378872598514309e-01
8.553274682306932775e-01 -4.089195835327137929e-01
8.563049853372426412e-01 -4.069857768579116519e-01
8.572825024437920050e-01 -4.050365403016170651e-01
8.582600195503413687e-01 -4.030719475120646544e-01
8.592375366568907324e-01 -4.010920727167731070e-01
8.602150537634400962e-01 -3.990969907197443045e-01
8.611925708699894599e-01 -3.970867768986460766e-01
8.621700879765388237e-01 -3.950615072019614260e-01
8.631476050830881874e-01 -3.930212581461290378e-01
8.641251221896375512e-01 -3.909661068126543682e-01
8.651026392961869149e-01 -3.888961308452041354e-01
8.660801564027362787e-01 -3.868114084466741098e-01
8.670576735092856424e-01 -3.847120183762415269e-01
8.680351906158350062e-01 -3.825980399463931869e-01
8.690127077223843699e-01 -3.804695530199345144e-01
8.699902248289337336e-01 -3.783266380069748025e-01
8.709677419354830974e-01 -3.761693758618958605e-01
8.719452590420324611e-01 -3.739978480802970129e-01
8.729227761485818249e-01 -3.718121366959223351e-01
8.739002932551311886e-01 -3.696123242775638529e-01
8.748778103616805524e-01 -3.673984939259484217e-01
8.758553274682299161e-01 -3.651707292706009578e-01
8.768328445747792799e-01 -3.629291144666957902e-01
8.778103616813286436e-01 -3.606737341918726525e-01
8.787878787878780074e-01 -3.584046736430488989e-01
8.797653958944273711e-01 -3.561220185332037436e-01
8.807429130009767348e-01 -3.538258550881459574e-01
8.817204301075260986e-01 -3.515162700432588605e-01
8.826979472140754623e-01 -3.491933506402307708e-01
8.836754643206248261e-01 -3.468571846237623046e-01
8.846529814271741898e-01 -3.445078602382582456e-01
8.856304985337235536e-01 -3.421454662244964862e-01
8.866080156402729173e-01 -3.397700918162817607e-01
8.875855327468222811e-01 -3.373818267370787827e-01
8.885630498533716448e-01 -3.349807611966295617e-01
8.895405669599210086e-01 -3.325669858875474061e-01
8.905180840664703723e-01 -3.301405919818976575e-01
8.914956011730197361e-01 -3.277016711277567218e-01
8.924731182795690998e-01 -3.252503154457595524e-01
8.934506353861184635e-01 -3.227866175256177139e-01
8.944281524926678273e-01 -3.203106704226310053e-01
8.954056695992171910e-01 -3.178225676541754363e-01
8.963831867057665548e-01 -3.153224031961779916e-01
8.973607038123159185e-01 -3.128102714795678030e-01
8.983382209188652823e-01 -3.102862673867164967e-01
8.993157380254146460e-01 -3.077504862478580572e-01
9.002932551319640098e-01 -3.052030238374937587e-01
9.012707722385133735e-01 -3.026439763707771125e-01
9.022482893450627373e-01 -3.000734404998864902e-01
9.032258064516121010e-01 -2.974915133103772646e-01
9.042033235581614647e-01 -2.948982923175220705e-01
9.051808406647108285e-01 -2.922938754626287494e-01
9.061583577712601922e-01 -2.896783611093485811e-01
9.071358748778095560e-01 -2.870518480399628092e-01
9.081133919843589197e-01 -2.844144354516622841e-01
9.090909090909082835e-01 -2.817662229527968520e-01
9.100684261974576472e-01 -2.791073105591242443e-01
9.110459433040070110e-01 -2.764377986900344863e-01
9.120234604105563747e-01 -2.737577881647633160e-01
9.130009775171057385e-01 -2.710673801985871156e-01
9.139784946236551022e-01 -2.683666763990062432e-01
9.149560117302044659e-01 -2.656557787619105993e-01
9.159335288367538297e-01 -2.629347896677352581e-01
9.169110459433031934e-01 -2.602038118775938380e-01
9.178885630498525572e-01 -2.574629485294053777e-01
9.188660801564019209e-01 -2.547123031340017829e-01
9.198435972629512847e-01 -2.519519795712251153e-01
9.208211143695006484e-01 -2.491820820860068397e-01
9.217986314760500122e-01 -2.464027152844363022e-01
9.227761485825993759e-01 -2.436139841298133046e-01
9.237536656891487397e-01 -2.408159939386939896e-01
9.247311827956981034e-01 -2.380088503769094144e-01
9.257086999022474672e-01 -2.351926594555857897e-01
9.266862170087968309e-01 -2.323675275271430141e-01
9.276637341153461946e-01 -2.295335612812844650e-01
9.286412512218955584e-01 -2.266908677409698869e-01
9.296187683284449221e-01 -2.238395542583797582e-01
9.305962854349942859e-01 -2.209797285108650866e-01
9.315738025415436496e-01 -2.181114984968869075e-01
9.325513196480930134e-01 -2.152349725319396279e-01
9.335288367546423771e-01 -2.123502592444669324e-01
9.345063538611917409e-01 -2.094574675717631729e-01
9.354838709677411046e-01 -2.065567067558655157e-01
9.364613880742904684e-01 -2.036480863394302954e-01
9.374389051808398321e-01 -2.007317161616027912e-01
9.384164222873891958e-01 -1.978077063538710156e-01
9.393939393939385596e-01 -1.948761673359191982e-01
9.403714565004879233e-01 -1.919372098114505154e-01
9.413489736070372871e-01 -1.889909447640193974e-01
9.423264907135866508e-01 -1.860374834528418508e-01
9.433040078201360146e-01 -1.830769374086004542e-01
9.442815249266853783e-01 -1.801094184292343081e-01
9.452590420332347421e-01 -1.771350385757235191e-01
9.462365591397841058e-01 -1.741539101678611368e-01
9.472140762463334696e-01 -1.711661457800178476e-01
9.481915933528828333e-01 -1.681718582368922910e-01
9.491691104594321970e-01 -1.651711606092572393e-01
9.501466275659815608e-01 -1.621641662096930669e-01
9.511241446725309245e-01 -1.591509885883152786e-01
9.521016617790802883e-01 -1.561317415284878551e-01
9.530791788856296520e-01 -1.531065390425334349e-01
9.540566959921790158e-01 -1.500754953674300896e-01
9.550342130987283795e-01 -1.470387249605076552e-01
9.560117302052777433e-01 -1.439963424951216930e-01
9.569892473118271070e-01 -1.409484628563335284e-01
9.579667644183764708e-01 -1.378952011365741082e-01
9.589442815249258345e-01 -1.348366726313045827e-01
9.599217986314751982e-01 -1.317729928346638157e-01
9.608993157380245620e-01 -1.287042774351138119e-01
9.618768328445739257e-01 -1.256306423110746251e-01
9.628543499511232895e-01 -1.225522035265549370e-01
9.638318670576726532e-01 -1.194690773267704509e-01
9.648093841642220170e-01 -1.163813801337615778e-01
9.657869012707713807e-01 -1.132892285419997841e-01
9.667644183773207445e-01 -1.101927393139919137e-01
9.677419354838701082e-01 -1.070920293758721165e-01
9.687194525904194720e-01 -1.039872158129931806e-01
9.696969696969688357e-01 -1.008784158655081781e-01
9.706744868035181995e-01 -9.776574692395266497e-02
9.716520039100675632e-01 -9.464932652480845254e-02
9.726295210166169269e-01 -9.152927234607542706e-02
9.736070381231662907e-01 -8.840570220283033853e-02
9.745845552297156544e-01 -8.527873404278418779e-02
9.755620723362650182e-01 -8.214848594183035702e-02
9.765395894428143819e-01 -7.901507609959212974e-02
9.775171065493637457e-01 -7.587862283496273064e-02
9.784946236559131094e-01 -7.273924458164447715e-02
9.794721407624624732e-01 -6.959705988367745344e-02
9.804496578690118369e-01 -6.645218739097011329e-02
9.814271749755612007e-01 -6.330474585482216698e-02
9.824046920821105644e-01 -6.015485412344732247e-02
9.833822091886599281e-01 -5.700263113748641614e-02
9.843597262952092919e-01 -5.384819592552292367e-02
9.853372434017586556e-01 -5.069166759959120583e-02
9.863147605083080194e-01 -4.753316535068793230e-02
9.872922776148573831e-01 -4.437280844426838566e-02
9.882697947214067469e-01 -4.121071621575263244e-02
9.892473118279561106e-01 -3.804700806602194507e-02
9.902248289345054744e-01 -3.488180345691660467e-02
9.912023460410548381e-01 -3.171522190672634162e-02
9.921798631476042019e-01 -2.854738298568380850e-02
9.931573802541535656e-01 -2.537840631145325127e-02
9.941348973607029293e-01 -2.220841154461994024e-02
9.951124144672522931e-01 -1.903751838417302653e-02
9.960899315738016568e-01 -1.586584656299243334e-02
9.970674486803510206e-01 -1.269351584333114173e-02
9.980449657869003843e-01 -9.520646012299304600e-03
9.990224828934497481e-01 -6.347356877342437594e-03
9.999999999999991118e-01 -3.173768261723913797e-03
