0.000000000000000000e+00 3.310199336858960968e-14
9.775171065493611436e-04 -1.220703124996579993e-02
1.955034213098722287e-03 -2.441406227489784433e-02
2.932551319648083431e-03 -3.662086238125137477e-02
3.910068426197444574e-03 -4.882697064084056543e-02
4.887585532746805718e-03 -6.103192615157210926e-02
5.865102639296166862e-03 -7.323526805484445457e-02
6.842619745845528005e-03 -8.543653555292424207e-02
7.820136852394889149e-03 -9.763526792633264728e-02
8.797653958944249425e-03 -1.098310045512175676e-01
9.775171065493611436e-03 -1.220232849167420808e-01
1.075268817204297345e-02 -1.342116486424480837e-01
1.173020527859233372e-02 -1.463956354956267858e-01
1.270772238514169400e-02 -1.585747854086724529e-01
1.368523949169105601e-02 -1.707486384964499726e-01
1.466275659824041802e-02 -1.829167350736348452e-01
1.564027370478977830e-02 -1.950786156720603626e-01
1.661779081133913857e-02 -2.072338210580308426e-01
1.759530791788849885e-02 -2.193818922496754698e-01
1.857282502443786260e-02 -2.315223705342420724e-01
1.955034213098722287e-02 -2.436547974854080534e-01
2.052785923753658315e-02 -2.557787149805657578e-01
2.150537634408594689e-02 -2.678936652181168609e-01
2.248289345063530717e-02 -2.799991907347335052e-01
2.346041055718466745e-02 -2.920948344226190208e-01
2.443792766373402772e-02 -3.041801395467437774e-01
2.541544477028338800e-02 -3.162546497620864483e-01
2.639296187683275174e-02 -3.283179091308418562e-01
2.737047898338211202e-02 -3.403694621396218811e-01
2.834799608993147230e-02 -3.524088537166331636e-01
2.932551319648083604e-02 -3.644356292488550308e-01
3.030303030303019632e-02 -3.764493345991805628e-01
3.128054740957955659e-02 -3.884495161235553273e-01
3.225806451612892034e-02 -4.004357206880702069e-01
3.323558162267827715e-02 -4.124074956860852015e-01
3.421309872922764089e-02 -4.243643890552828979e-01
3.519061583577699770e-02 -4.363059492947286011e-01
3.616813294232636145e-02 -4.482317254818941610e-01
3.714565004887572519e-02 -4.601412672896810774e-01
3.812316715542508200e-02 -4.720341250033992520e-01
3.910068426197444574e-02 -4.839098495377356923e-01
4.007820136852380949e-02 -4.957679924536880223e-01
4.105571847507316630e-02 -5.076081059754926628e-01
4.203323558162253004e-02 -5.194297430075078825e-01
4.301075268817189379e-02 -5.312324571510840254e-01
4.398826979472125059e-02 -5.430158027213954908e-01
4.496578690127061434e-02 -5.547793347642642203e-01
4.594330400781997115e-02 -5.665226090729378328e-01
4.692082111436933489e-02 -5.782451822048521040e-01
4.789833822091869864e-02 -5.899466114983418219e-01
4.887585532746805544e-02 -6.016264550893655194e-01
4.985337243401741919e-02 -6.132842719281568211e-01
5.083088954056677600e-02 -6.249196217958673527e-01
5.180840664711613974e-02 -6.365320653211669066e-01
5.278592375366550349e-02 -6.481211639968286198e-01
5.376344086021486030e-02 -6.596864801962629699e-01
5.474095796676422404e-02 -6.712275771900311216e-01
5.571847507331358779e-02 -6.827440191623104226e-01
5.669599217986294459e-02 -6.942353712273483524e-01
5.767350928641230834e-02 -7.057011994458582960e-01
5.865102639296167208e-02 -7.171410708413940016e-01
5.962854349951102889e-02 -7.285545534166737447e-01
6.060606060606039264e-02 -7.399412161698903923e-01
6.158357771260974944e-02 -7.513006291109604051e-01
6.256109481915911319e-02 -7.626323632777537442e-01
6.353861192570847694e-02 -7.739359907522477267e-01
6.451612903225784068e-02 -7.852110846767126340e-01
6.549364613880719055e-02 -7.964572192697844111e-01
6.647116324535655429e-02 -8.076739698425353664e-01
6.744868035190591804e-02 -8.188609128144889171e-01
6.842619745845528179e-02 -8.300176257296075777e-01
6.940371456500464553e-02 -8.411436872722237723e-01
7.038123167155399540e-02 -8.522386772829345647e-01
7.135874877810335914e-02 -8.633021767744462061e-01
7.233626588465272289e-02 -8.743337679473892621e-01
7.331378299120208664e-02 -8.853330342060730107e-01
7.429130009775145038e-02 -8.962995601742030916e-01
7.526881720430081413e-02 -9.072329317105438662e-01
7.624633431085016400e-02 -9.181327359245535780e-01
7.722385141739952774e-02 -9.289985611919502340e-01
7.820136852394889149e-02 -9.398299971702475109e-01
7.917888563049825523e-02 -9.506266348142146105e-01
8.015640273704761898e-02 -9.613880663913347835e-01
8.113391984359696885e-02 -9.721138854971681509e-01
8.211143695014633259e-02 -9.828036870706886585e-01
8.308895405669569634e-02 -9.934570674095558607e-01
8.406647116324506008e-02 -1.004073624185357838e+00
8.504398826979442383e-02 -1.014652956458776734e+00
8.602150537634378757e-02 -1.025194664694720537e+00
8.699902248289313744e-02 -1.035698350777386256e+00
8.797653958944250119e-02 -1.046163618025288455e+00
8.895405669599186493e-02 -1.056590071206217285e+00
8.993157380254122868e-02 -1.066977316552148780e+00
9.090909090909059243e-02 -1.077324961774096090e+00
9.188660801563994229e-02 -1.087632616076915415e+00
9.286412512218930604e-02 -1.097899890174040660e+00
9.384164222873866978e-02 -1.108126396302177019e+00
9.481915933528803353e-02 -1.118311748235909953e+00
9.579667644183739728e-02 -1.128455561302299293e+00
9.677419354838674714e-02 -1.138557452395375647e+00
9.775171065493611089e-02 -1.148617039990596611e+00
9.872922776148547463e-02 -1.158633944159232820e+00
9.970674486803483838e-02 -1.168607786582711139e+00
1.006842619745842021e-01 -1.178538190566876587e+00
1.016617790811335520e-01 -1.188424781056208079e+00
1.026392961876829157e-01 -1.198267184647960226e+00
1.036168132942322795e-01 -1.208065029606256502e+00
1.045943304007816432e-01 -1.217817945876110031e+00
1.055718475073310070e-01 -1.227525565097380422e+00
1.065493646138803707e-01 -1.237187520618670211e+00
1.075268817204297206e-01 -1.246803447511160456e+00
1.085043988269790843e-01 -1.256372982582370845e+00
1.094819159335284481e-01 -1.265895764389868061e+00
1.104594330400778118e-01 -1.275371433254884890e+00
1.114369501466271756e-01 -1.284799631275910459e+00
1.124144672531765254e-01 -1.294180002342175673e+00
1.133919843597258892e-01 -1.303512192147093574e+00
1.143695014662752529e-01 -1.312795848201617765e+00
1.153470185728246167e-01 -1.322030619847548216e+00
1.163245356793739804e-01 -1.331216158270754457e+00
1.173020527859233442e-01 -1.340352116514336389e+00
1.182795698924726940e-01 -1.349438149491704930e+00
1.192570869990220578e-01 -1.358473913999611593e+00
1.202346041055714215e-01 -1.367459068731087468e+00
1.212121212121207853e-01 -1.376393274288320479e+00
1.221896383186701490e-01 -1.385276193195454697e+00
1.231671554252194989e-01 -1.394107489911329489e+00
1.241446725317688626e-01 -1.402886830842128507e+00
1.251221896383182264e-01 -1.411613884353974502e+00
1.260997067448675901e-01 -1.420288320785416891e+00
1.270772238514169539e-01 -1.428909812459897344e+00
1.280547409579663176e-01 -1.437478033698092794e+00
1.290322580645156814e-01 -1.445992660830206056e+00
1.300097751710650451e-01 -1.454453372208169615e+00
1.309872922776143811e-01 -1.462859848217790137e+00
1.319648093841637448e-01 -1.471211771290794612e+00
1.329423264907131086e-01 -1.479508825916819204e+00
1.339198435972624723e-01 -1.487750698655301518e+00
1.348973607038118361e-01 -1.495937078147312915e+00
1.358748778103611998e-01 -1.504067655127300229e+00
1.368523949169105636e-01 -1.512142122434753988e+00
1.378299120234599273e-01 -1.520160175025790039e+00
1.388074291300092911e-01 -1.528121509984665449e+00
1.397849462365586548e-01 -1.536025826535197814e+00
1.407624633431079908e-01 -1.543872826052120395e+00
1.417399804496573545e-01 -1.551662212072329128e+00
1.427174975562067183e-01 -1.559393690306089209e+00
1.436950146627560820e-01 -1.567066968648122449e+00
1.446725317693054458e-01 -1.574681757188631126e+00
1.456500488758548095e-01 -1.582237768224227237e+00
1.466275659824041733e-01 -1.589734716268797809e+00
1.476050830889535370e-01 -1.597172318064263408e+00
1.485826001955029008e-01 -1.604550292591270688e+00
1.495601173020522645e-01 -1.611868361079786816e+00
1.505376344086016283e-01 -1.619126247019621490e+00
1.515151515151509642e-01 -1.626323676170855048e+00
1.524926686217003280e-01 -1.633460376574183748e+00
1.534701857282496917e-01 -1.640536078561177336e+00
1.544477028347990555e-01 -1.647550514764455798e+00
1.554252199413484192e-01 -1.654503420127772406e+00
1.564027370478977830e-01 -1.661394531916014605e+00
1.573802541544471467e-01 -1.668223589725107647e+00
1.583577712609965105e-01 -1.674990335491849169e+00
1.593352883675458742e-01 -1.681694513503638300e+00
1.603128054740952380e-01 -1.688335870408122386e+00
1.612903225806446017e-01 -1.694914155222751129e+00
1.622678396871939377e-01 -1.701429119344250562e+00
1.632453567937433014e-01 -1.707880516557997330e+00
1.642228739002926652e-01 -1.714268103047308367e+00
1.652003910068420289e-01 -1.720591637402634433e+00
1.661779081133913927e-01 -1.726850880630672158e+00
1.671554252199407564e-01 -1.733045596163377944e+00
1.681329423264901202e-01 -1.739175549866890380e+00
1.691104594330394839e-01 -1.745240510050361848e+00
1.700879765395888477e-01 -1.751240247474703082e+00
1.710654936461382114e-01 -1.757174535361226253e+00
1.720430107526875751e-01 -1.763043149400203680e+00
1.730205278592369111e-01 -1.768845867759322177e+00
1.739980449657862749e-01 -1.774582471092061242e+00
1.749755620723356386e-01 -1.780252742545959999e+00
1.759530791788850024e-01 -1.785856467770803757e+00
1.769305962854343661e-01 -1.791393434926700667e+00
1.779081133919837299e-01 -1.796863434692083317e+00
1.788856304985330936e-01 -1.802266260271597087e+00
1.798631476050824574e-01 -1.807601707403907909e+00
1.808406647116318211e-01 -1.812869574369400327e+00
1.818181818181811849e-01 -1.818069661997791631e+00
1.827956989247305208e-01 -1.823201773675646509e+00
1.837732160312798846e-01 -1.828265715353789567e+00
1.847507331378292483e-01 -1.833261295554626802e+00
1.857282502443786121e-01 -1.838188325379371602e+00
1.867057673509279758e-01 -1.843046618515167046e+00
1.876832844574773396e-01 -1.847835991242118725e+00
1.886608015640267033e-01 -1.852556262440213652e+00
1.896383186705760671e-01 -1.857207253596170338e+00
1.906158357771254308e-01 -1.861788788810158524e+00
1.915933528836747946e-01 -1.866300694802443427e+00
1.925708699902241583e-01 -1.870742800919913851e+00
1.935483870967734943e-01 -1.875114939142529469e+00
1.945259042033228580e-01 -1.879416944089651098e+00
1.955034213098722218e-01 -1.883648653026283482e+00
1.964809384164215855e-01 -1.887809905869213933e+00
1.974584555229709493e-01 -1.891900545193047511e+00
1.984359726295203130e-01 -1.895920416236152706e+00
1.994134897360696768e-01 -1.899869366906492107e+00
2.003910068426190405e-01 -1.903747247787362928e+00
2.013685239491684043e-01 -1.907553912143036268e+00
2.023460410557177680e-01 -1.911289215924286244e+00
2.033235581622671040e-01 -1.914953017773831867e+00
2.043010752688164677e-01 -1.918545179031658110e+00
2.052785923753658315e-01 -1.922065563740259275e+00
2.062561094819151952e-01 -1.925514038649759341e+00
2.072336265884645590e-01 -1.928890473222943713e+00
2.082111436950139227e-01 -1.932194739640177295e+00
2.091886608015632865e-01 -1.935426712804232396e+00
2.101661779081126502e-01 -1.938586270345004303e+00
2.111436950146620140e-01 -1.941673292624128244e+00
2.121212121212113777e-01 -1.944687662739494227e+00
2.130987292277607414e-01 -1.947629266529652181e+00
2.140762463343100774e-01 -1.950497992578126061e+00
2.150537634408594412e-01 -1.953293732217607825e+00
2.160312805474088049e-01 -1.956016379534064598e+00
2.170087976539581687e-01 -1.958665831370730359e+00
2.179863147605075324e-01 -1.961241987331995951e+00
2.189638318670568962e-01 -1.963744749787200927e+00
2.199413489736062599e-01 -1.966174023874310173e+00
2.209188660801556237e-01 -1.968529717503498810e+00
2.218963831867049874e-01 -1.970811741360621427e+00
2.228739002932543511e-01 -1.973020008910584933e+00
2.238514173998037149e-01 -1.975154436400609725e+00
2.248289345063530509e-01 -1.977214942863390501e+00
2.258064516129024146e-01 -1.979201450120150252e+00
2.267839687194517784e-01 -1.981113882783590574e+00
2.277614858260011421e-01 -1.982952168260734727e+00
2.287390029325505059e-01 -1.984716236755664109e+00
2.297165200390998696e-01 -1.986406021272155487e+00
2.306940371456492334e-01 -1.988021457616203636e+00
2.316715542521985971e-01 -1.989562484398446740e+00
2.326490713587479608e-01 -1.991029043036479873e+00
2.336265884652973246e-01 -1.992421077757065451e+00
2.346041055718466883e-01 -1.993738535598237771e+00
2.355816226783960243e-01 -1.994981366411300083e+00
2.365591397849453881e-01 -1.996149522862717074e+00
2.375366568914947518e-01 -1.997242960435898995e+00
2.385141739980441156e-01 -1.998261637432884319e+00
2.394916911045934793e-01 -1.999205514975908260e+00
2.404692082111428431e-01 -2.000074557008873377e+00
2.414467253176922068e-01 -2.000868730298704712e+00
2.424242424242415705e-01 -2.001588004436611001e+00
2.434017595307909343e-01 -2.002232351839224656e+00
2.443792766373402980e-01 -2.002801747749644701e+00
2.453567937438896340e-01 -2.003296170238373364e+00
2.463343108504389978e-01 -2.003715600204138969e+00
2.473118279569883615e-01 -2.004060021374618916e+00
2.482893450635377253e-01 -2.004329420307053411e+00
2.492668621700870890e-01 -2.004523786388752615e+00
2.502443792766364528e-01 -2.004643111837495884e+00
2.512218963831858165e-01 -2.004687391701827082e+00
2.521994134897351802e-01 -2.004656623861238440e+00
2.531769305962845440e-01 -2.004550809026255376e+00
2.541544477028339077e-01 -2.004369950738404071e+00
2.551319648093832715e-01 -2.004114055370083136e+00
2.561094819159326352e-01 -2.003783132124318911e+00
2.570869990224819990e-01 -2.003377193034419967e+00
2.580645161290313627e-01 -2.002896252963523693e+00
2.590420332355807265e-01 -2.002340329604037628e+00
2.600195503421300902e-01 -2.001709443476965333e+00
2.609970674486793984e-01 -2.001003617931139456e+00
2.619745845552287622e-01 -2.000222879142337540e+00
2.629521016617781259e-01 -1.999367256112294378e+00
2.639296187683274897e-01 -1.998436780667610213e+00
2.649071358748768534e-01 -1.997431487458546151e+00
2.658846529814262172e-01 -1.996351413957722087e+00
2.668621700879755809e-01 -1.995196600458700287e+00
2.678396871945249447e-01 -1.993967090074464155e+00
2.688172043010743084e-01 -1.992662928735793759e+00
2.697947214076236722e-01 -1.991284165189534328e+00
2.707722385141730359e-01 -1.989830850996754164e+00
2.717497556207223997e-01 -1.988303040530803090e+00
2.727272727272717634e-01 -1.986700790975256536e+00
2.737047898338211271e-01 -1.985024162321764152e+00
2.746823069403704909e-01 -1.983273217367784502e+00
2.756598240469198546e-01 -1.981448021714212526e+00
2.766373411534692184e-01 -1.979548643762911064e+00
2.776148582600185821e-01 -1.977575154714124706e+00
2.785923753665679459e-01 -1.975527628563799265e+00
2.795698924731173096e-01 -1.973406142100786242e+00
2.805474095796666734e-01 -1.971210774903948026e+00
2.815249266862159816e-01 -1.968941609339154741e+00
2.825024437927653453e-01 -1.966598730556180286e+00
2.834799608993147091e-01 -1.964182226485486238e+00
2.844574780058640728e-01 -1.961692187834905177e+00
2.854349951124134366e-01 -1.959128708086223192e+00
2.864125122189628003e-01 -1.956491883491649375e+00
2.873900293255121641e-01 -1.953781813070185835e+00
2.883675464320615278e-01 -1.950998598603891576e+00
2.893450635386108916e-01 -1.948142344634045120e+00
2.903225806451602553e-01 -1.945213158457201663e+00
2.913000977517096191e-01 -1.942211150121139651e+00
2.922776148582589828e-01 -1.939136432420716538e+00
2.932551319648083465e-01 -1.935989120893607529e+00
2.942326490713577103e-01 -1.932769333815955282e+00
2.952101661779070740e-01 -1.929477192197899260e+00
2.961876832844564378e-01 -1.926112819779015162e+00
2.971652003910058015e-01 -1.922676343023645762e+00
2.981427174975551653e-01 -1.919167891116136504e+00
2.991202346041045290e-01 -1.915587595955952072e+00
3.000977517106538928e-01 -1.911935592152704810e+00
3.010752688172032565e-01 -1.908212017021081452e+00
3.020527859237526203e-01 -1.904417010575658153e+00
3.030303030303019285e-01 -1.900550715525619827e+00
3.040078201368512922e-01 -1.896613277269374676e+00
3.049853372434006560e-01 -1.892604843889073685e+00
3.059628543499500197e-01 -1.888525566145024648e+00
3.069403714564993835e-01 -1.884375597469997388e+00
3.079178885630487472e-01 -1.880155093963446156e+00
3.088954056695981110e-01 -1.875864214385611239e+00
3.098729227761474747e-01 -1.871503120151539523e+00
3.108504398826968385e-01 -1.867071975324988475e+00
3.118279569892462022e-01 -1.862570946612238876e+00
3.128054740957955659e-01 -1.858000203355803626e+00
3.137829912023449297e-01 -1.853359917528054179e+00
3.147605083088942934e-01 -1.848650263724710197e+00
3.157380254154436572e-01 -1.843871419158268132e+00
3.167155425219930209e-01 -1.839023563651312809e+00
3.176930596285423847e-01 -1.834106879629735953e+00
3.186705767350917484e-01 -1.829121552115851923e+00
3.196480938416411122e-01 -1.824067768721415739e+00
3.206256109481904759e-01 -1.818945719640551184e+00
3.216031280547398397e-01 -1.813755597642576545e+00
3.225806451612892034e-01 -1.808497598064724654e+00
3.235581622678385116e-01 -1.803171918804783669e+00
3.245356793743878754e-01 -1.797778760313623492e+00
3.255131964809372391e-01 -1.792318325587643146e+00
3.264907135874866029e-01 -1.786790820161105131e+00
3.274682306940359666e-01 -1.781196452098385175e+00
3.284457478005853304e-01 -1.775535431986121404e+00
3.294232649071346941e-01 -1.769807972925279582e+00
3.304007820136840579e-01 -1.764014290523100215e+00
3.313782991202334216e-01 -1.758154602884972606e+00
3.323558162267827853e-01 -1.752229130606208551e+00
3.333333333333321491e-01 -1.746238096763719660e+00
3.343108504398815128e-01 -1.740181726907598980e+00
3.352883675464308766e-01 -1.734060249052615799e+00
3.362658846529802403e-01 -1.727873893669612526e+00
3.372434017595296041e-01 -1.721622893676816313e+00
3.382209188660789678e-01 -1.715307484431041418e+00
3.391984359726283316e-01 -1.708927903718820973e+00
3.401759530791776953e-01 -1.702484391747430159e+00
3.411534701857270591e-01 -1.695977191135833895e+00
3.421309872922764228e-01 -1.689406546905523276e+00
3.431085043988257866e-01 -1.682772706471277857e+00
3.440860215053751503e-01 -1.676075919631833333e+00
3.450635386119244585e-01 -1.669316438560463078e+00
3.460410557184738223e-01 -1.662494517795451099e+00
3.470185728250231860e-01 -1.655610414230502814e+00
3.479960899315725498e-01 -1.648664387105049256e+00
3.489736070381219135e-01 -1.641656697994470671e+00
3.499511241446712773e-01 -1.634587610800224855e+00
3.509286412512206410e-01 -1.627457391739894677e+00
3.519061583577700048e-01 -1.620266309337143884e+00
3.528836754643193685e-01 -1.613014634411594317e+00
3.538611925708687322e-01 -1.605702640068596532e+00
3.548387096774180960e-01 -1.598330601688940256e+00
3.558162267839674597e-01 -1.590898796918457148e+00
3.567937438905168235e-01 -1.583407505657555836e+00
3.577712609970661872e-01 -1.575857010050655482e+00
3.587487781036155510e-01 -1.568247594475544515e+00
3.597262952101649147e-01 -1.560579545532651657e+00
3.607038123167142785e-01 -1.552853152034247008e+00
3.616813294232636422e-01 -1.545068704993526776e+00
3.626588465298130060e-01 -1.537226497613646492e+00
3.636363636363623697e-01 -1.529326825276661639e+00
3.646138807429117334e-01 -1.521369985532384339e+00
3.655913978494610417e-01 -1.513356278087154116e+00
3.665689149560104054e-01 -1.505286004792534049e+00
3.675464320625597692e-01 -1.497159469633928319e+00
3.685239491691091329e-01 -1.488976978719112498e+00
3.695014662756584967e-01 -1.480738840266680789e+00
3.704789833822078604e-01 -1.472445364594428430e+00
3.714565004887572242e-01 -1.464096864107635732e+00
3.724340175953065879e-01 -1.455693653287294609e+00
3.734115347018559516e-01 -1.447236048678234743e+00
3.743890518084053154e-01 -1.438724368877187132e+00
3.753665689149546791e-01 -1.430158934520761260e+00
3.763440860215040429e-01 -1.421540068273369428e+00
3.773216031280534066e-01 -1.412868094815023623e+00
3.782991202346027704e-01 -1.404143340829106856e+00
3.792766373411521341e-01 -1.395366134990046580e+00
3.802541544477014979e-01 -1.386536807950919048e+00
3.812316715542508616e-01 -1.377655692330968629e+00
3.822091886608002254e-01 -1.368723122703064732e+00
3.831867057673495891e-01 -1.359739435581078792e+00
3.841642228738989528e-01 -1.350704969407198197e+00
3.851417399804483166e-01 -1.341620064539145174e+00
3.861192570869976248e-01 -1.332485063237346168e+00
3.870967741935469886e-01 -1.323300309652020390e+00
3.880742913000963523e-01 -1.314066149810197981e+00
3.890518084066457161e-01 -1.304782931602662233e+00
3.900293255131950798e-01 -1.295451004770828751e+00
3.910068426197444436e-01 -1.286070720893550456e+00
3.919843597262938073e-01 -1.276642433373868402e+00
3.929618768328431710e-01 -1.267166497425654459e+00
3.939393939393925348e-01 -1.257643270060230911e+00
3.949169110459418985e-01 -1.248073110072898562e+00
3.958944281524912623e-01 -1.238456378029402893e+00
3.968719452590406260e-01 -1.228793436252327176e+00
3.978494623655899898e-01 -1.219084648807428950e+00
3.988269794721393535e-01 -1.209330381489904349e+00
3.998044965786887173e-01 -1.199531001810596020e+00
4.007820136852380810e-01 -1.189686878982116225e+00
4.017595307917874448e-01 -1.179798383904929970e+00
4.027370478983368085e-01 -1.169865889153357763e+00
4.037145650048861723e-01 -1.159889768961528622e+00
4.046920821114355360e-01 -1.149870399209252492e+00
4.056695992179848997e-01 -1.139808157407846467e+00
4.066471163245342080e-01 -1.129703422685889525e+00
4.076246334310835717e-01 -1.119556575774937279e+00
4.086021505376329355e-01 -1.109367998995134164e+00
4.095796676441822992e-01 -1.099138076240806505e+00
4.105571847507316630e-01 -1.088867192965978781e+00
4.115347018572810267e-01 -1.078555736169834578e+00
4.125122189638303905e-01 -1.068204094382112945e+00
4.134897360703797542e-01 -1.057812657648453669e+00
4.144672531769291179e-01 -1.047381817515684377e+00
4.154447702834784817e-01 -1.036911967017056124e+00
4.164222873900278454e-01 -1.026403500657403045e+00
4.173998044965772092e-01 -1.015856814398272467e+00
4.183773216031265729e-01 -1.005272305642979758e+00
4.193548387096759367e-01 -9.946503732216294136e-01
4.203323558162253004e-01 -9.839914173760554439e-01
4.213098729227746642e-01 -9.732958397447291077e-01
4.222873900293240279e-01 -9.625640433476058133e-01
4.232649071358733917e-01 -9.517964325709376006e-01
4.242424242424227554e-01 -9.409934131519901435e-01
4.252199413489721191e-01 -9.301553921637574218e-01
4.261974584555214829e-01 -9.192827779995995652e-01
4.271749755620708466e-01 -9.083759803578409509e-01
4.281524926686201549e-01 -8.974354102263087940e-01
4.291300097751695186e-01 -8.864614798668316586e-01
4.301075268817188824e-01 -8.754546027996893409e-01
4.310850439882682461e-01 -8.644151937880167891e-01
4.320625610948176099e-01 -8.533436688221490707e-01
4.330400782013669736e-01 -8.422404451039351425e-01
4.340175953079163373e-01 -8.311059410309967754e-01
4.349951124144657011e-01 -8.199405761809531734e-01
4.359726295210150648e-01 -8.087447712955807555e-01
4.369501466275644286e-01 -7.975189482649492900e-01
4.379276637341137923e-01 -7.862635301114990760e-01
4.389051808406631561e-01 -7.749789409741103530e-01
4.398826979472125198e-01 -7.636656060920612443e-01
4.408602150537618836e-01 -7.523239517890144556e-01
4.418377321603112473e-01 -7.409544054569277005e-01
4.428152492668606111e-01 -7.295573955399368149e-01
4.437927663734099748e-01 -7.181333515181830274e-01
4.447702834799593385e-01 -7.066827038916182468e-01
4.457478005865087023e-01 -6.952058841637630549e-01
4.467253176930580660e-01 -6.837033248254368312e-01
4.477028347996074298e-01 -6.721754593384285936e-01
4.486803519061567380e-01 -6.606227221191562915e-01
4.496578690127061018e-01 -6.490455485222738075e-01
4.506353861192554655e-01 -6.374443748242564212e-01
4.516129032258048293e-01 -6.258196382069313168e-01
4.525904203323541930e-01 -6.141717767409923256e-01
4.535679374389035567e-01 -6.025012293694709253e-01
4.545454545454529205e-01 -5.908084358911934730e-01
4.555229716520022842e-01 -5.790938369441639422e-01
4.565004887585516480e-01 -5.673578739889607592e-01
4.574780058651010117e-01 -5.556009892920762416e-01
4.584555229716503755e-01 -5.438236259092414926e-01
4.594330400781997392e-01 -5.320262276687000025e-01
4.604105571847491030e-01 -5.202092391544739236e-01
4.613880742912984667e-01 -5.083731056895894884e-01
4.623655913978478305e-01 -4.965182733192847198e-01
4.633431085043971942e-01 -4.846451887941720105e-01
4.643206256109465579e-01 -4.727542995533931536e-01
4.652981427174959217e-01 -4.608460537077363472e-01
4.662756598240452854e-01 -4.489209000227410429e-01
4.672531769305946492e-01 -4.369792879017562193e-01
4.682306940371440129e-01 -4.250216673689946045e-01
4.692082111436933767e-01 -4.130484890525518704e-01
4.701857282502426849e-01 -4.010602041674256601e-01
4.711632453567920487e-01 -3.890572644984647277e-01
4.721407624633414124e-01 -3.770401223833457771e-01
4.731182795698907761e-01 -3.650092306955049493e-01
4.740957966764401399e-01 -3.529650428270595941e-01
4.750733137829895036e-01 -3.409080126716940717e-01
4.760508308895388674e-01 -3.288385946075449429e-01
4.770283479960882311e-01 -3.167572434800572378e-01
4.780058651026375949e-01 -3.046644145848342866e-01
4.789833822091869586e-01 -2.925605636504490792e-01
4.799608993157363224e-01 -2.804461468212623432e-01
4.809384164222856861e-01 -2.683216206402108672e-01
4.819159335288350499e-01 -2.561874420315938261e-01
4.828934506353844136e-01 -2.440440682838228292e-01
4.838709677419337774e-01 -2.318919570321804624e-01
4.848484848484831411e-01 -2.197315662415506021e-01
4.858260019550325048e-01 -2.075633541891609424e-01
4.868035190615818686e-01 -1.953877794472666518e-01
4.877810361681312323e-01 -1.832053008658707793e-01
4.887585532746805961e-01 -1.710163775554092158e-01
4.897360703812299598e-01 -1.588214688694388754e-01
4.907135874877792681e-01 -1.466210343872964283e-01
4.916911045943286318e-01 -1.344155338967709667e-01
4.926686217008779956e-01 -1.222054273767557847e-01
4.936461388074273593e-01 -1.099911749799031141e-01
4.946236559139767230e-01 -9.777323701525439392e-02
4.956011730205260868e-01 -8.555207393088386236e-02
4.965786901270754505e-01 -7.332814629652567584e-02
4.975562072336248143e-01 -6.110191478620748823e-02
4.985337243401741780e-01 -4.887384016085960514e-02
4.995112414467235418e-01 -3.664438325094200588e-02
5.004887585532729055e-01 -2.441400493905043073e-02
5.014662756598222693e-01 -1.218316614256651463e-02
5.024437927663716330e-01 4.767220378582214072e-05
5.034213098729209968e-01 1.227804916529021649e-02
5.043988269794703605e-01 2.450750382463673729e-02
5.053763440860197242e-01 3.673557529930145116e-02
5.063538611925690880e-01 4.896180275894490563e-02
5.073313782991184517e-01 6.118572544278755992e-02
5.083088954056678155e-01 7.340688267699470304e-02
5.092864125122171792e-01 8.562481389204684712e-02
5.102639296187665430e-01 9.783905864012627795e-02
5.112414467253159067e-01 1.100491566124782022e-01
5.122189638318652705e-01 1.222546476567785700e-01
5.131964809384146342e-01 1.344550717944847928e-01
5.141739980449639980e-01 1.466499692381999509e-01
5.151515151515133617e-01 1.588388804090091200e-01
5.161290322580627254e-01 1.710213459538224567e-01
5.171065493646120892e-01 1.831969067626842140e-01
5.180840664711614529e-01 1.953651039861216687e-01
5.190615835777108167e-01 2.075254790524343196e-01
5.200391006842601804e-01 2.196775736849991278e-01
5.210166177908095442e-01 2.318209299195503892e-01
5.219941348973587969e-01 2.439550901214680989e-01
5.229716520039081606e-01 2.560795970030328994e-01
5.239491691104575244e-01 2.681939936406800284e-01
5.249266862170068881e-01 2.802978234922280931e-01
5.259042033235562519e-01 2.923906304141138390e-01
5.268817204301056156e-01 3.044719586785910592e-01
5.278592375366549794e-01 3.165413529909250068e-01
5.288367546432043431e-01 3.285983585065606061e-01
5.298142717497537069e-01 3.406425208482925515e-01
5.307917888563030706e-01 3.526733861233977141e-01
5.317693059628524344e-01 3.646905009407636622e-01
5.327468230694017981e-01 3.766934124279729401e-01
5.337243401759511618e-01 3.886816682484162122e-01
5.347018572825005256e-01 4.006548166183362403e-01
5.356793743890498893e-01 4.126124063238772455e-01
5.366568914955992531e-01 4.245539867380974108e-01
5.376344086021486168e-01 4.364791078379816613e-01
5.386119257086979806e-01 4.483873202214086473e-01
5.395894428152473443e-01 4.602781751241072916e-01
5.405669599217967081e-01 4.721512244365785316e-01
5.415444770283460718e-01 4.840060207210107879e-01
5.425219941348954356e-01 4.958421172281511913e-01
5.434995112414447993e-01 5.076590679141617102e-01
5.444770283479941630e-01 5.194564274574371421e-01
5.454545454545435268e-01 5.312337512754176094e-01
5.464320625610928905e-01 5.429905955413493190e-01
5.474095796676422543e-01 5.547265172010349410e-01
5.483870967741916180e-01 5.664410739895294755e-01
5.493646138807409818e-01 5.781338244478491095e-01
5.503421309872903455e-01 5.898043279396082417e-01
5.513196480938397093e-01 6.014521446676464045e-01
5.522971652003890730e-01 6.130768356906118877e-01
5.532746823069384368e-01 6.246779629395327049e-01
5.542521994134878005e-01 6.362550892343316056e-01
5.552297165200371643e-01 6.478077783003237666e-01
5.562072336265865280e-01 6.593355947846656351e-01
5.571847507331358917e-01 6.708381042727905585e-01
5.581622678396852555e-01 6.823148733047866843e-01
5.591397849462346192e-01 6.937654693917542081e-01
5.601173020527839830e-01 7.051894610321103318e-01
5.610948191593333467e-01 7.165864177278812308e-01
5.620723362658827105e-01 7.279559100009314054e-01
5.630498533724319632e-01 7.392975094091748245e-01
5.640273704789813269e-01 7.506107885627093523e-01
5.650048875855306907e-01 7.618953211399809300e-01
5.659824046920800544e-01 7.731506819038381773e-01
5.669599217986294182e-01 7.843764467175817767e-01
5.679374389051787819e-01 7.955721925609566814e-01
5.689149560117281457e-01 8.067374975461222286e-01
5.698924731182775094e-01 8.178719409335583057e-01
5.708699902248268732e-01 8.289751031479407617e-01
5.718475073313762369e-01 8.400465657939627517e-01
5.728250244379256007e-01 8.510859116721271045e-01
5.738025415444749644e-01 8.620927247944794036e-01
5.747800586510243281e-01 8.730665904003016564e-01
5.757575757575736919e-01 8.840070949717521165e-01
5.767350928641230556e-01 8.949138262494762408e-01
5.777126099706724194e-01 9.057863732481491459e-01
5.786901270772217831e-01 9.166243262719878659e-01
5.796676441837711469e-01 9.274272769301855623e-01
5.806451612903205106e-01 9.381948181523470653e-01
5.816226783968698744e-01 9.489265442038248288e-01
5.826001955034192381e-01 9.596220507010322365e-01
5.835777126099686019e-01 9.702809346266892954e-01
5.845552297165179656e-01 9.809027943450383535e-01
5.855327468230673293e-01 9.914872296169864319e-01
5.865102639296166931e-01 1.002033841615207921e+00
5.874877810361660568e-01 1.012542232939182663e+00
5.884652981427154206e-01 1.023012007630195397e+00
5.894428152492647843e-01 1.033442771186269260e+00
5.904203323558141481e-01 1.043834130577048214e+00
5.913978494623635118e-01 1.054185694258617190e+00
5.923753665689128756e-01 1.064497072188283822e+00
5.933528836754622393e-01 1.074767875839282905e+00
5.943304007820116031e-01 1.084997718215441553e+00
5.953079178885609668e-01 1.095186213865758207e+00
5.962854349951103305e-01 1.105332978898970087e+00
5.972629521016596943e-01 1.115437630998018292e+00
5.982404692082090580e-01 1.125499789434473374e+00
5.992179863147584218e-01 1.135519075082894291e+00
6.001955034213077855e-01 1.145495110435137409e+00
6.011730205278571493e-01 1.155427519614591780e+00
6.021505376344065130e-01 1.165315928390361355e+00
6.031280547409558768e-01 1.175159964191376805e+00
6.041055718475052405e-01 1.184959256120457605e+00
6.050830889540544932e-01 1.194713434968299071e+00
6.060606060606038570e-01 1.204422133227401215e+00
6.070381231671532207e-01 1.214084985105928105e+00
6.080156402737025845e-01 1.223701626541515042e+00
6.089931573802519482e-01 1.233271695214994912e+00
6.099706744868013120e-01 1.242794830564072139e+00
6.109481915933506757e-01 1.252270673796910927e+00
6.119257086999000395e-01 1.261698867905689303e+00
6.129032258064494032e-01 1.271079057680053914e+00
6.138807429129987669e-01 1.280410889720523082e+00
6.148582600195481307e-01 1.289694012451814364e+00
6.158357771260974944e-01 1.298928076136114163e+00
6.168132942326468582e-01 1.308112732886265395e+00
6.177908113391962219e-01 1.317247636678894551e+00
6.187683284457455857e-01 1.326332443367457703e+00
6.197458455522949494e-01 1.335366810695232775e+00
6.207233626588443132e-01 1.344350398308223671e+00
6.217008797653936769e-01 1.353282867768003328e+00
6.226783968719430407e-01 1.362163882564473738e+00
6.236559139784924044e-01 1.370993108128570004e+00
6.246334310850417681e-01 1.379770211844874028e+00
6.256109481915911319e-01 1.388494863064171136e+00
6.265884652981404956e-01 1.397166733115898341e+00
6.275659824046898594e-01 1.405785495320577505e+00
6.285434995112392231e-01 1.414350825002116618e+00
6.295210166177885869e-01 1.422862399500064656e+00
6.304985337243379506e-01 1.431319898181776518e+00
6.314760508308873144e-01 1.439723002454518008e+00
6.324535679374366781e-01 1.448071395777477122e+00
6.334310850439860419e-01 1.456364763673709595e+00
6.344086021505354056e-01 1.464602793741995201e+00
6.353861192570847694e-01 1.472785175668629876e+00
6.363636363636341331e-01 1.480911601239129016e+00
6.373411534701834968e-01 1.488981764349854187e+00
6.383186705767328606e-01 1.496995361019555881e+00
6.392961876832822243e-01 1.504952089400850124e+00
6.402737047898315881e-01 1.512851649791596031e+00
6.412512218963809518e-01 1.520693744646210543e+00
6.422287390029303156e-01 1.528478078586877009e+00
6.432062561094796793e-01 1.536204358414707150e+00
6.441837732160290431e-01 1.543872293120790662e+00
6.451612903225784068e-01 1.551481593897175326e+00
6.461388074291277706e-01 1.559031974147755850e+00
6.471163245356770233e-01 1.566523149499097212e+00
6.480938416422263870e-01 1.573954837811151641e+00
6.490713587487757508e-01 1.581326759187907216e+00
6.500488758553251145e-01 1.588638635987942527e+00
6.510263929618744783e-01 1.595890192834902965e+00
6.520039100684238420e-01 1.603081156627890413e+00
6.529814271749732058e-01 1.610211256551761894e+00
6.539589442815225695e-01 1.617280224087343843e+00
6.549364613880719332e-01 1.624287793021568893e+00
6.559139784946212970e-01 1.631233699457511399e+00
6.568914956011706607e-01 1.638117681824348359e+00
6.578690127077200245e-01 1.644939480887214867e+00
6.588465298142693882e-01 1.651698839756999160e+00
6.598240469208187520e-01 1.658395503900023105e+00
6.608015640273681157e-01 1.665029221147648952e+00
6.617790811339174795e-01 1.671599741705784403e+00
6.627565982404668432e-01 1.678106818164315284e+00
6.637341153470162070e-01 1.684550205506431642e+00
6.647116324535655707e-01 1.690929661117875238e+00
6.656891495601149344e-01 1.697244944796086230e+00
6.666666666666642982e-01 1.703495818759269032e+00
6.676441837732136619e-01 1.709682047655361803e+00
6.686217008797630257e-01 1.715803398570913130e+00
6.695992179863123894e-01 1.721859641039865663e+00
6.705767350928617532e-01 1.727850547052257602e+00
6.715542521994111169e-01 1.733775891062816044e+00
6.725317693059604807e-01 1.739635449999470840e+00
6.735092864125098444e-01 1.745429003271762536e+00
6.744868035190592082e-01 1.751156332779173930e+00
6.754643206256085719e-01 1.756817222919348609e+00
6.764418377321579356e-01 1.762411460596231105e+00
6.774193548387072994e-01 1.767938835228096472e+00
6.783968719452566631e-01 1.773399138755503923e+00
6.793743890518060269e-01 1.778792165649138557e+00
6.803519061583553906e-01 1.784117712917569820e+00
6.813294232649047544e-01 1.789375580114903386e+00
6.823069403714541181e-01 1.794565569348346434e+00
6.832844574780034819e-01 1.799687485285672572e+00
6.842619745845528456e-01 1.804741135162589272e+00
6.852394916911022094e-01 1.809726328790007832e+00
6.862170087976515731e-01 1.814642878561222750e+00
6.871945259042009368e-01 1.819490599458984281e+00
6.881720430107503006e-01 1.824269309062483080e+00
6.891495601172995533e-01 1.828978827554218922e+00
6.901270772238489171e-01 1.833618977726802823e+00
6.911045943303982808e-01 1.838189584989628145e+00
6.920821114369476446e-01 1.842690477375461988e+00
6.930596285434970083e-01 1.847121485546928232e+00
6.940371456500463720e-01 1.851482442802903305e+00
6.950146627565957358e-01 1.855773185084795163e+00
6.959921798631450995e-01 1.859993550982738331e+00
6.969696969696944633e-01 1.864143381741682148e+00
6.979472140762438270e-01 1.868222521267375313e+00
6.989247311827931908e-01 1.872230816132260944e+00
6.999022482893425545e-01 1.876168115581258844e+00
7.008797653958919183e-01 1.880034271537452728e+00
7.018572825024412820e-01 1.883829138607681752e+00
7.028347996089906458e-01 1.887552574088017465e+00
7.038123167155400095e-01 1.891204437969154384e+00
7.047898338220893732e-01 1.894784592941682666e+00
7.057673509286387370e-01 1.898292904401277514e+00
7.067448680351881007e-01 1.901729240453770453e+00
7.077223851417374645e-01 1.905093471920129344e+00
7.086999022482868282e-01 1.908385472341325162e+00
7.096774193548361920e-01 1.911605117983109281e+00
7.106549364613855557e-01 1.914752287840675748e+00
7.116324535679349195e-01 1.917826863643228963e+00
7.126099706744842832e-01 1.920828729858445438e+00
7.135874877810336470e-01 1.923757773696828766e+00
7.145650048875830107e-01 1.926613885115969538e+00
7.155425219941323745e-01 1.929396956824690479e+00
7.165200391006817382e-01 1.932106884287098980e+00
7.174975562072311019e-01 1.934743565726528169e+00
7.184750733137804657e-01 1.937306902129375397e+00
7.194525904203298294e-01 1.939796797248840798e+00
7.204301075268791932e-01 1.942213157608552399e+00
7.214076246334285569e-01 1.944555892506097283e+00
7.223851417399779207e-01 1.946824914016441754e+00
7.233626588465272844e-01 1.949020136995248231e+00
7.243401759530766482e-01 1.951141479082085350e+00
7.253176930596260119e-01 1.953188860703537699e+00
7.262952101661753757e-01 1.955162205076204529e+00
7.272727272727247394e-01 1.957061438209598991e+00
7.282502443792741031e-01 1.958886488908939683e+00
7.292277614858234669e-01 1.960637288777831166e+00
7.302052785923727196e-01 1.962313772220851016e+00
7.311827956989220834e-01 1.963915876446019171e+00
7.321603128054714471e-01 1.965443541467169597e+00
7.331378299120208109e-01 1.966896710106211366e+00
7.341153470185701746e-01 1.968275327995286261e+00
7.350928641251195383e-01 1.969579343578819808e+00
7.360703812316689021e-01 1.970808708115466823e+00
7.370478983382182658e-01 1.971963375679948394e+00
7.380254154447676296e-01 1.973043303164784046e+00
7.390029325513169933e-01 1.974048450281922662e+00
7.399804496578663571e-01 1.974978779564254605e+00
7.409579667644157208e-01 1.975834256367032138e+00
7.419354838709650846e-01 1.976614848869170604e+00
7.429130009775144483e-01 1.977320528074454131e+00
7.438905180840638121e-01 1.977951267812626091e+00
7.448680351906131758e-01 1.978507044740375420e+00
7.458455522971625395e-01 1.978987838342221917e+00
7.468230694037119033e-01 1.979393630931284287e+00
7.478005865102612670e-01 1.979724407649951834e+00
7.487781036168106308e-01 1.979980156470442898e+00
7.497556207233599945e-01 1.980160868195258717e+00
7.507331378299093583e-01 1.980266536457530480e+00
7.517106549364587220e-01 1.980297157721260692e+00
7.526881720430080858e-01 1.980252731281453737e+00
7.536656891495574495e-01 1.980133259264145851e+00
7.546432062561068133e-01 1.979938746626322743e+00
7.556207233626561770e-01 1.979669201155733527e+00
7.565982404692055407e-01 1.979324633470596728e+00
7.575757575757549045e-01 1.978905057019197500e+00
7.585532746823042682e-01 1.978410488079384688e+00
7.595307917888536320e-01 1.977840945757955771e+00
7.605083088954029957e-01 1.977196451989930548e+00
7.614858260019523595e-01 1.976477031537731799e+00
7.624633431085017232e-01 1.975682711990245366e+00
7.634408602150510870e-01 1.974813523761782319e+00
7.644183773216004507e-01 1.973869500090930540e+00
7.653958944281498145e-01 1.972850677039300171e+00
7.663734115346991782e-01 1.971757093490164925e+00
7.673509286412485420e-01 1.970588791146995256e+00
7.683284457477979057e-01 1.969345814531882954e+00
7.693059628543472694e-01 1.968028210983863158e+00
7.702834799608966332e-01 1.966636030657129552e+00
7.712609970674459969e-01 1.965169326519140336e+00
7.722385141739952497e-01 1.963628154348622479e+00
7.732160312805446134e-01 1.962012572733464078e+00
7.741935483870939771e-01 1.960322643068507453e+00
7.751710654936433409e-01 1.958558429553234559e+00
7.761485826001927046e-01 1.956719999189338033e+00
7.771260997067420684e-01 1.954807421778202547e+00
7.781036168132914321e-01 1.952820769918264032e+00
7.790811339198407959e-01 1.950760119002277193e+00
7.800586510263901596e-01 1.948625547214468456e+00
7.810361681329395234e-01 1.946417135527585218e+00
7.820136852394888871e-01 1.944134967699843841e+00
7.829912023460382509e-01 1.941779130271770848e+00
7.839687194525876146e-01 1.939349712562935313e+00
7.849462365591369784e-01 1.936846806668579335e+00
7.859237536656863421e-01 1.934270507456148147e+00
7.869012707722357058e-01 1.931620912561707870e+00
7.878787878787850696e-01 1.928898122386263569e+00
7.888563049853344333e-01 1.926102240091969398e+00
7.898338220918837971e-01 1.923233371598241037e+00
7.908113391984331608e-01 1.920291625577759120e+00
7.917888563049825246e-01 1.917277113452366066e+00
7.927663734115318883e-01 1.914189949388868106e+00
7.937438905180812521e-01 1.911030250294722510e+00
7.947214076246306158e-01 1.907798135813636664e+00
7.956989247311799796e-01 1.904493728321045243e+00
7.966764418377293433e-01 1.901117152919497677e+00
7.976539589442787070e-01 1.897668537433937930e+00
7.986314760508280708e-01 1.894148012406889903e+00
7.996089931573774345e-01 1.890555711093519609e+00
8.005865102639267983e-01 1.886891769456616963e+00
8.015640273704761620e-01 1.883156326161467442e+00
8.025415444770255258e-01 1.879349522570618047e+00
8.035190615835748895e-01 1.875471502738546015e+00
8.044965786901242533e-01 1.871522413406221830e+00
8.054740957966736170e-01 1.867502403995578097e+00
8.064516129032229808e-01 1.863411626603873605e+00
8.074291300097723445e-01 1.859250235997947920e+00
8.084066471163217082e-01 1.855018389608392271e+00
8.093841642228710720e-01 1.850716247523603641e+00
8.103616813294204357e-01 1.846343972483752482e+00
8.113391984359697995e-01 1.841901729874638072e+00
8.123167155425191632e-01 1.837389687721450393e+00
8.132942326490684160e-01 1.832808016682432095e+00
8.142717497556177797e-01 1.828156890042449856e+00
8.152492668621671434e-01 1.823436483706440736e+00
8.162267839687165072e-01 1.818646976192786369e+00
8.172043010752658709e-01 1.813788548626578789e+00
8.181818181818152347e-01 1.808861384732787458e+00
8.191593352883645984e-01 1.803865670829327472e+00
8.201368523949139622e-01 1.798801595820027410e+00
8.211143695014633259e-01 1.793669351187510141e+00
8.220918866080126897e-01 1.788469130985968825e+00
8.230694037145620534e-01 1.783201131833838549e+00
8.240469208211114172e-01 1.777865552906390256e+00
8.250244379276607809e-01 1.772462595928206985e+00
8.260019550342101446e-01 1.766992465165583726e+00
8.269794721407595084e-01 1.761455367418815143e+00
8.279569892473088721e-01 1.755851512014396043e+00
8.289345063538582359e-01 1.750181110797123907e+00
8.299120234604075996e-01 1.744444378122116168e+00
8.308895405669569634e-01 1.738641530846709360e+00
8.318670576735063271e-01 1.732772788322287649e+00
8.328445747800556909e-01 1.726838372386008569e+00
8.338220918866050546e-01 1.720838507352433266e+00
8.347996089931544184e-01 1.714773420005062610e+00
8.357771260997037821e-01 1.708643339587782251e+00
8.367546432062531458e-01 1.702448497796218652e+00
8.377321603128025096e-01 1.696189128768998744e+00
8.387096774193518733e-01 1.689865469078910554e+00
8.396871945259012371e-01 1.683477757723986556e+00
8.406647116324506008e-01 1.677026236118482450e+00
8.416422287389999646e-01 1.670511148083777764e+00
8.426197458455493283e-01 1.663932739839169894e+00
8.435972629520986921e-01 1.657291259992587973e+00
8.445747800586480558e-01 1.650586959531216813e+00
8.455522971651974196e-01 1.643820091812034478e+00
8.465298142717467833e-01 1.636990912552239497e+00
8.475073313782961471e-01 1.630099679819616565e+00
8.484848484848455108e-01 1.623146654022799673e+00
8.494623655913948745e-01 1.616132097901446851e+00
8.504398826979442383e-01 1.609056276516328987e+00
8.514173998044936020e-01 1.601919457239329603e+00
8.523949169110429658e-01 1.594721909743361143e+00
8.533724340175923295e-01 1.587463905992195556e+00
8.543499511241416933e-01 1.580145720230194284e+00
8.553274682306909460e-01 1.572767628971972975e+00
8.563049853372403097e-01 1.565329910991964057e+00
8.572825024437896735e-01 1.557832847313908253e+00
8.582600195503390372e-01 1.550276721200245733e+00
8.592375366568884010e-01 1.542661818141431773e+00
8.602150537634377647e-01 1.534988425845167592e+00
8.611925708699871285e-01 1.527256834225559023e+00
8.621700879765364922e-01 1.519467335392157281e+00
8.631476050830858560e-01 1.511620223638955318e+00
8.641251221896352197e-01 1.503715795433284264e+00
8.651026392961845835e-01 1.495754349404629036e+00
8.660801564027339472e-01 1.487736186333360466e+00
8.670576735092833109e-01 1.479661609139388823e+00
8.680351906158326747e-01 1.471530922870741609e+00
8.690127077223820384e-01 1.463344434692054552e+00
8.699902248289314022e-01 1.455102453872978874e+00
8.709677419354807659e-01 1.446805291776521951e+00
8.719452590420301297e-01 1.438453261847295606e+00
8.729227761485794934e-01 1.430046679599700665e+00
8.739002932551288572e-01 1.421585862606014494e+00
8.748778103616782209e-01 1.413071130484416793e+00
8.758553274682275847e-01 1.404502804886927247e+00
8.768328445747769484e-01 1.395881209487291663e+00
8.778103616813263121e-01 1.387206669968741757e+00
8.787878787878756759e-01 1.378479514011727414e+00
8.797653958944250396e-01 1.369700071281553910e+00
8.807429130009744034e-01 1.360868673415946750e+00
8.817204301075237671e-01 1.351985654012535676e+00
8.826979472140731309e-01 1.343051348616274066e+00
8.836754643206224946e-01 1.334066094706779504e+00
8.846529814271718584e-01 1.325030231685610405e+00
8.856304985337212221e-01 1.315944100863450039e+00
8.866080156402705859e-01 1.306808045447239275e+00
8.875855327468199496e-01 1.297622410527228265e+00
8.885630498533693133e-01 1.288387543063962193e+00
8.895405669599186771e-01 1.279103791875185303e+00
8.905180840664680408e-01 1.269771507622685869e+00
8.914956011730174046e-01 1.260391042799066996e+00
8.924731182795667683e-01 1.250962751714463472e+00
8.934506353861161321e-01 1.241486990483148700e+00
8.944281524926654958e-01 1.231964117010122317e+00
8.954056695992148596e-01 1.222394490977601444e+00
8.963831867057642233e-01 1.212778473831457537e+00
8.973607038123134760e-01 1.203116428767572632e+00
8.983382209188628398e-01 1.193408720718144744e+00
8.993157380254122035e-01 1.183655716337919550e+00
9.002932551319615673e-01 1.173857783990364778e+00
9.012707722385109310e-01 1.164015293733763112e+00
9.022482893450602948e-01 1.154128617307261351e+00
9.032258064516096585e-01 1.144198128116840962e+00
9.042033235581590223e-01 1.134224201221243566e+00
9.051808406647083860e-01 1.124207213317808485e+00
9.061583577712577497e-01 1.114147542728268991e+00
9.071358748778071135e-01 1.104045569384478176e+00
9.081133919843564772e-01 1.093901674814091285e+00
9.090909090909058410e-01 1.083716242126148588e+00
9.100684261974552047e-01 1.073489655996638259e+00
9.110459433040045685e-01 1.063222302653985318e+00
9.120234604105539322e-01 1.052914569864480621e+00
9.130009775171032960e-01 1.042566846917649892e+00
9.139784946236526597e-01 1.032179524611569255e+00
9.149560117302020235e-01 1.021752995238125239e+00
9.159335288367513872e-01 1.011287652568220174e+00
9.169110459433007509e-01 1.000783891836907635e+00
9.178885630498501147e-01 9.902421097284905827e-01
9.188660801563994784e-01 9.796627043615531161e-01
9.198435972629488422e-01 9.690460752739510353e-01
9.208211143694982059e-01 9.583926234077274620e-01
9.217986314760475697e-01 9.477027510939947108e-01
9.227761485825969334e-01 9.369768620377527668e-01
9.237536656891462972e-01 9.262153613026782306e-01
9.247311827956956609e-01 9.154186552958151202e-01
9.257086999022450247e-01 9.045871517522625638e-01
9.266862170087943884e-01 8.937212597197904396e-01
9.276637341153437522e-01 8.828213895434116054e-01
9.286412512218931159e-01 8.718879528498946208e-01
9.296187683284424796e-01 8.609213625322401642e-01
9.305962854349918434e-01 8.499220327341070469e-01
9.315738025415412071e-01 8.388903788341910417e-01
9.325513196480905709e-01 8.278268174305480898e-01
9.335288367546399346e-01 8.167317663248842008e-01
9.345063538611892984e-01 8.056056445067927285e-01
9.354838709677386621e-01 7.944488721379558971e-01
9.364613880742880259e-01 7.832618705362823786e-01
9.374389051808373896e-01 7.720450621600225549e-01
9.384164222873867534e-01 7.607988705918237171e-01
9.393939393939360061e-01 7.495237205227781585e-01
9.403714565004853698e-01 7.382200377363608013e-01
9.413489736070347336e-01 7.268882490923951334e-01
9.423264907135840973e-01 7.155287825109429845e-01
9.433040078201334611e-01 7.041420669561684331e-01
9.442815249266828248e-01 6.927285324201453154e-01
9.452590420332321886e-01 6.812886099066426393e-01
9.462365591397815523e-01 6.698227314148641476e-01
9.472140762463309160e-01 6.583313299231594584e-01
9.481915933528802798e-01 6.468148393726768086e-01
9.491691104594296435e-01 6.352736946510036953e-01
9.501466275659790073e-01 6.237083315757570023e-01
9.511241446725283710e-01 6.121191868781501455e-01
9.521016617790777348e-01 6.005066981865068154e-01
9.530791788856270985e-01 5.888713040097588447e-01
9.540566959921764623e-01 5.772134437209003321e-01
9.550342130987258260e-01 5.655335575404294435e-01
9.560117302052751898e-01 5.538320865197146059e-01
9.569892473118245535e-01 5.421094725243755796e-01
9.579667644183739172e-01 5.303661582176086853e-01
9.589442815249232810e-01 5.186025870434950447e-01
9.599217986314726447e-01 5.068192032102619704e-01
9.608993157380220085e-01 4.950164516735311993e-01
9.618768328445713722e-01 4.831947781195344849e-01
9.628543499511207360e-01 4.713546289483049878e-01
9.638318670576700997e-01 4.594964512568267545e-01
9.648093841642194635e-01 4.476206928221774239e-01
9.657869012707688272e-01 4.357278020846320765e-01
9.667644183773181910e-01 4.238182281307555921e-01
9.677419354838675547e-01 4.118924206764490448e-01
9.687194525904169184e-01 3.999508300499918234e-01
9.696969696969662822e-01 3.879939071750497237e-01
9.706744868035156459e-01 3.760221035536824297e-01
9.716520039100650097e-01 3.640358712492822169e-01
9.726295210166143734e-01 3.520356628695398005e-01
9.736070381231637372e-01 3.400219315493662742e-01
9.745845552297131009e-01 3.279951309338045573e-01
9.755620723362624647e-01 3.159557151609056480e-01
9.765395894428118284e-01 3.039041388446047653e-01
9.775171065493611922e-01 2.918408570575687921e-01
9.784946236559105559e-01 2.797663253140373896e-01
9.794721407624599196e-01 2.676809995526260866e-01
9.804496578690091724e-01 2.555853361191363637e-01
9.814271749755585361e-01 2.434797917493366493e-01
9.824046920821078999e-01 2.313648235517412888e-01
9.833822091886572636e-01 2.192408889903534885e-01
9.843597262952066274e-01 2.071084458674172513e-01
9.853372434017559911e-01 1.949679523061415287e-01
9.863147605083053548e-01 1.828198667334368366e-01
9.872922776148547186e-01 1.706646478625927499e-01
9.882697947214040823e-01 1.585027546759938677e-01
9.892473118279534461e-01 1.463346464077989462e-01
9.902248289345028098e-01 1.341607825266248610e-01
9.912023460410521736e-01 1.219816227182010104e-01
9.921798631476015373e-01 1.097976268680375816e-01
9.931573802541509011e-01 9.760925504407418074e-02
9.941348973607002648e-01 8.541696747933080758e-02
9.951124144672496286e-01 7.322122455453522472e-02
9.960899315737989923e-01 6.102248678076390570e-02
9.970674486803483560e-01 4.882121478206671861e-02
9.980449657868977198e-01 3.661786927809840275e-02
9.990224828934470835e-01 2.441291106672610969e-02
9.999999999999964473e-01 1.220680100665496627e-02
