2 1 0 1 3.70156 0 1.85172 1.85164 1.85172 1.85164 0 0 0 0 
2 1 0 1.01995 3.70156 0 1.8506 1.85062 1.8506 1.85062 1 0 1.33769 0 
2 1 0 1.03987 3.70156 0 1.84936 1.84944 1.84936 1.84944 0.999999 0 1.23904 0 
2 1 0 1.07986 3.70156 0 1.85025 1.85026 1.85025 1.85026 1 0 1.07159 0 
2 1 0 1.08976 3.70156 0 1.85127 1.85127 1.85127 1.85127 1 0 1.03545 0 
2 1 0 1.09352 3.70156 0 1.85125 1.85124 1.85125 1.85124 1 0 1.0222 0 
2 1 0 1.09736 3.70156 0 1.85107 1.85107 1.85107 1.85107 1 0 1.00894 0 
2 1 0 1.0989 3.70156 0 1.85192 1.85192 1.85192 1.85192 1 0 1.00371 0 
2 1 0 1.1 3.70156 0 1.85437 1.85437 1.85437 1.85437 0.999998 0 1.00001 0 
1 1 0 1.10002 3.70156 0 1.8557 1.8557 1.8557 1.8557 0.999918 0 1 0 
1 1 0 1.10004 3.70156 0 1.85835 1.85835 1.85835 1.85835 0.99986 0 1 0 
2 1 0 1.10003 3.70156 0 1.86365 1.86365 1.86365 1.86365 0.999888 0 1 0 
2 1 0 1.10001 3.70156 0 1.86896 1.86896 1.86896 1.86896 0.999955 0 1 0 
1 1 0 1.1 3.70156 0 1.86907 1.86907 1.86907 1.86907 0.999992 0 0.999997 0 
2 1 0 1.1 3.70156 0 1.86715 1.86715 1.86715 1.86715 1 0 1 0 
1 1 0 1.10003 3.70156 0 1.87776 1.87776 1.87776 1.87776 0.999916 0 1 0 
1 1 0 1.10001 3.70156 1.49676e+06 1.89353 1.89353 1.89353 1.89353 0.999987 4.19781e-06 0.999987 -4.19781e-06 
2 1 0 1.10002 3.70156 1.49676e+06 1.91475 1.91475 1.91475 1.91475 0.999938 0 1 0 
2 1 0 1.10001 3.70156 1.49676e+06 1.9501 1.9501 1.9501 1.9501 0.999953 0 1 0 
2 1 0 1.10001 3.70156 1.49676e+06 1.98546 1.98546 1.98546 1.98546 0.999963 0 1.00002 0 
1 1 0 1.1 3.70156 340782 1.98645 1.98645 1.98645 1.98645 0.999999 1.84375e-05 0.999999 -1.84375e-05 
2 1 0 1.1 3.70156 340782 1.98667 1.98667 1.98667 1.98667 0.999971 0 1.00003 0 
2 1 0 1.09999 3.70156 340782 2.02203 2.02202 2.02203 2.02202 0.999999 0 1.00005 0 
2 1 0 1.1 3.70156 340782 2.02586 2.02585 2.02586 2.02585 1 0 1.00001 0 
2 1 0 1.1 3.70156 340782 2.06121 2.06121 2.06121 2.06121 1 0 1.00001 0 
2 1 0 1.1 3.70156 340782 2.06148 2.06148 2.06148 2.06148 1 0 1 0 
2 1 0 1.09999 3.70156 340782 2.09684 2.09684 2.09684 2.09684 0.999999 0 1.00003 0 
2 1 0 1.09999 3.70156 340782 2.13219 2.13219 2.13219 2.13219 0.999985 0 1.00004 0 
2 1 0 1.1 3.70156 340782 2.16755 2.16755 2.16755 2.16755 0.999971 0 1.00004 0 
2 1 0 1.1 3.70156 340782 2.18282 2.18282 2.18282 2.18282 1 0 1 0 
2 1 0 1.1 3.70156 129010 2.19236 2.19236 2.19236 2.19236 1 4.8703e-05 1 -4.8703e-05 
2 1 0 1.1 3.70156 258160 2.19236 2.19236 2.19236 2.19236 0.999958 0 1.00004 0 
2 1 0 1.1 3.70156 258160 2.19561 2.19561 2.19561 2.19561 0.999966 0 1.00003 0 
2 1 0 1.09999 3.70156 137139 2.23097 2.23096 2.23097 2.23096 1.00001 4.58168e-05 1.00001 -4.58168e-05 
2 1 0 1.09999 3.70156 325845 2.26632 2.26632 2.26632 2.26632 1.00001 1.92829e-05 1.00001 -1.92829e-05 
2 1 0 1.1 3.70156 282592 2.30168 2.30168 2.30168 2.30168 1 2.22342e-05 1 -2.22342e-05 
2 1 0 1.1 3.70156 282592 2.33698 2.33698 2.33698 2.33698 0.999968 0 1.00003 0 
2 1 0 1.1 3.70156 282592 2.33765 2.33765 2.33765 2.33765 0.999977 0 1.00002 0 
1 1 0 1.1 3.70156 292661 2.37301 2.37301 2.37301 2.37301 0.999996 2.1469e-05 0.999996 -2.1469e-05 
1 1 0 1.1 3.70156 298574 2.40836 2.40836 2.40836 2.40836 0.999996 2.10439e-05 0.999996 -2.10439e-05 
1 1 0 1.1 3.70156 295795 2.44372 2.44372 2.44372 2.44372 0.999998 2.12417e-05 0.999998 -2.12417e-05 
2 1 0 1.1 3.70156 295795 2.44218 2.44218 2.44218 2.44218 0.999999 0 1 0 
2 1 0 1.1 3.70156 295795 2.47753 2.47753 2.47753 2.47753 0.999978 0 1.00002 0 
2 1 0 1.1 3.70156 295795 2.51289 2.51289 2.51289 2.51289 0.999999 0 1 0 
2 1 0 1.1 3.70156 295795 2.54824 2.54824 2.54824 2.54824 1 0 1 0 
2 1 0 1.1 3.70156 295795 2.57017 2.57017 2.57017 2.57017 0.999972 0 1.00003 0 
2 1 0 1.1 3.70156 164296 2.60552 2.60552 2.60552 2.60552 1 3.8243e-05 1 -3.8243e-05 
1 1 0 1.1 3.70156 163652 2.60557 2.60557 2.60557 2.60557 1 3.83935e-05 1 -3.83935e-05 
2 1 0 1.1 3.70156 163652 2.64092 2.64092 2.64092 2.64092 0.999961 0 1.00004 0 
2 1 0 1.1 3.70156 163652 2.66992 2.66992 2.66992 2.66992 0.999998 0 1 0 
2 1 0 1.1 3.70156 163652 2.70527 2.70527 2.70527 2.70527 0.999957 0 1.00004 0 
1 1 0 1.1 3.70156 182149 2.73302 2.73302 2.73302 2.73302 1 3.44948e-05 1 -3.44948e-05 
2 1 0 1.1 3.70156 266316 2.74276 2.74276 2.74276 2.74276 1 0 1 0 
2 1 0 1.1 3.70156 266316 2.75741 2.75741 2.75741 2.75741 1 0 1 0 
2 1 0 1.1 3.70156 266316 2.79277 2.79277 2.79277 2.79277 0.999977 0 1.00002 0 
2 1 0 1.1 3.70156 266316 2.82812 2.82812 2.82812 2.82812 0.999978 0 1.00002 0 
2 1 0 1.1 3.70156 266316 2.83572 2.83572 2.83572 2.83572 1 0 1 0 
2 1 0 1.1 3.70156 266316 2.83597 2.83597 2.83597 2.83597 1 0 1 0 
2 1 0 1.1 3.70156 266316 2.87133 2.87133 2.87133 2.87133 0.999978 0 1.00002 0 
2 1 0 1.1 3.70156 266316 2.90669 2.90669 2.90669 2.90669 0.999999 0 1 0 
2 1 0 1.1 3.70156 266316 2.94204 2.94204 2.94204 2.94204 0.999999 0 1 0 
2 1 0 1.1 3.70156 266316 2.9774 2.9774 2.9774 2.9774 0.999973 0 1.00003 0 
2 1 0 1.1 3.70156 266316 3.0096 3.0096 3.0096 3.0096 0.999999 0 1 0 
2 1 0 1.1 3.70156 266316 3.04496 3.04496 3.04496 3.04496 0.999988 0 1.00001 0 
2 1 0 1.1 3.70156 266316 3.08031 3.08031 3.08031 3.08031 1 0 1 0 
2 1 0 1.1 3.70156 414362 3.11567 3.11567 3.11567 3.11567 1 1.51635e-05 1 -1.51635e-05 
2 1 0 1.1 3.70156 414362 3.15157 3.15157 3.15157 3.15157 1 0 1 0 
2 1 0 1.1 3.70156 414362 3.15181 3.15181 3.15181 3.15181 0.99999 0 1.00001 0 
2 1 0 1.1 3.70156 414362 3.18717 3.18717 3.18717 3.18717 0.999991 0 1.00001 0 
2 1 0 1.1 3.70156 414362 3.22253 3.22252 3.22253 3.22252 0.999991 0 1.00001 0 
2 1 0 1.1 3.70156 414362 3.22253 3.22253 3.22253 3.22253 1 0 1 0 
2 1 0 1.1 3.70156 414362 3.25789 3.25788 3.25789 3.25788 0.999992 0 1.00001 0 
2 1 0 1.1 3.70156 414362 3.29324 3.29324 3.29324 3.29324 0.999989 0 1.00001 0 
2 1 0 1.1 3.70156 414362 3.33066 3.33066 3.33066 3.33066 1 0 1 0 
2 1 0 1.1 3.70156 662820 3.33661 3.33661 3.33661 3.33661 1 9.47947e-06 1 -9.47947e-06 
2 1 0 1.1 3.70156 662820 3.37197 3.37197 3.37197 3.37197 0.999994 0 1.00001 0 
2 1 0 1.1 3.70156 662820 3.39023 3.39023 3.39023 3.39023 1 0 1 0 
2 1 0 1.1 3.70156 662820 3.42558 3.42558 3.42558 3.42558 0.999993 0 1.00001 0 
2 1 0 1.1 3.70156 662820 3.46094 3.46094 3.46094 3.46094 1 0 1 0 
2 1 0 1.1 3.70156 662820 3.49629 3.49629 3.49629 3.49629 1 0 1 0 
2 1 0 1.1 3.70156 662820 3.48654 3.48654 3.48654 3.48654 1 0 1 0 
2 1 0 1.1 3.70156 662820 3.51702 3.51702 3.51702 3.51702 1 0 1 0 
2 1 0 1.1 3.70156 662820 3.55238 3.55238 3.55238 3.55238 0.999997 0 1 0 
2 1 0 1.1 3.70156 662820 3.58773 3.58773 3.58773 3.58773 1 0 1 0 
2 1 0 1.1 3.70156 662820 3.62309 3.62309 3.62309 3.62309 1 0 1 0 
2 1 0 1.1 3.70156 662820 3.65844 3.65844 3.65844 3.65844 1 0 1 0 
2 1 0 1.1 3.70156 662820 3.68313 3.68313 3.68313 3.68313 1 0 1 0 
2 1 0 1.1 3.70156 4.39366e+07 3.68215 3.68215 3.68215 3.68215 1 1.43006e-07 1 -1.43006e-07 
2 1 0 1.1 3.70156 4.39366e+07 3.71751 3.71751 3.71751 3.71751 1 0 1 0 
1 1 0 1.1 3.70156 9.60514e+07 3.71521 3.71521 3.71521 3.71521 1 6.54148e-08 1 -6.54148e-08 
2 1 0 1.1 3.70156 9.60514e+07 3.75057 3.75057 3.75057 3.75057 1 0 1 0 
2 1 0 1.1 3.70156 9.60514e+07 3.75057 3.75057 3.75057 3.75057 1 0 1 0 
2 1 0 1.1 3.70156 9.60514e+07 3.78592 3.78593 3.78592 3.78593 0.999999 0 1 0 
2 1 0 1.1 3.70156 9.60514e+07 3.82128 3.82128 3.82128 3.82128 0.999998 0 1 0 
2 1 0 1.1 3.70156 9.60514e+07 3.85663 3.85664 3.85663 3.85664 0.999999 0 1 0 
2 1 0 1.1 3.70156 9.60514e+07 3.89199 3.89199 3.89199 3.89199 1 0 1 0 
2 1 0 1.1 3.70156 9.60514e+07 3.89199 3.89199 3.89199 3.89199 0.999998 0 1 0 
2 1 0 1.1 3.70156 9.60514e+07 3.91185 3.91185 3.91185 3.91185 0.999997 0 1 0 
1 1 0 1.1 3.70156 2.3434e+06 3.94721 3.94721 3.94721 3.94721 1 2.68122e-06 1 -2.68122e-06 
2 1 0 1.1 3.70156 2.3434e+06 3.9511 3.9511 3.9511 3.9511 1 0 1 0 
1 1 0 1.1 3.70156 926706 3.98646 3.98646 3.98646 3.98646 1 6.78013e-06 1 -6.78013e-06 
2 1 0 1.1 3.70156 926706 4.04125 4.04125 4.04125 4.04125 1 0 1 0 
2 1 0 1.1 3.70156 926706 4.07661 4.07661 4.07661 4.07661 0.999994 0 1.00001 0 
1 1 0 1.1 3.70156 925059 4.11212 4.11212 4.11212 4.11212 1 6.7922e-06 1 -6.7922e-06 
1 1 0 1.1 3.70156 923264 4.11297 4.11298 4.11297 4.11298 1 6.8054e-06 1 -6.8054e-06 
2 1 0 1.09996 3.70156 923264 4.14828 4.14838 4.14828 4.14838 0.999881 0 1.00013 0 
2 1 0 1.09996 3.70156 923264 4.18364 4.18373 4.18364 4.18373 0.999876 0 1.00014 0 
2 1 0 1.09998 3.70156 923264 4.21902 4.21906 4.21902 4.21906 0.999937 0 1.00007 0 
2 1 0 1.1 3.70156 923264 4.25439 4.2544 4.25439 4.2544 0.999985 0 1.00002 0 
2 1 0 1.1 3.70156 702731 4.26274 4.26274 4.26274 4.26274 1 8.94109e-06 1 -8.94109e-06 
1 1 0 1.1 3.70156 694583 4.26516 4.26516 4.26516 4.26516 1 9.04598e-06 1 -9.04598e-06 
2 1 0 1.1 3.70156 694583 4.30052 4.30052 4.30052 4.30052 0.999991 0 1.00001 0 
2 1 0 1.1 3.70156 694583 4.32907 4.32907 4.32907 4.32907 0.999999 0 1 0 
2 1 0 1.1 3.70156 694583 4.33134 4.33134 4.33134 4.33134 1 0 1 0 
2 1 0 1.1 3.70156 694583 4.3667 4.3667 4.3667 4.3667 0.999985 0 1.00001 0 
2 1 0 1.1 3.70156 694583 4.36687 4.36687 4.36687 4.36687 1 0 1 0 
2 1 0 1.1 3.70156 694583 4.36811 4.36811 4.36811 4.36811 0.999982 0 1.00002 0 
2 1 0 1.1 3.70156 407598 4.40347 4.40347 4.40347 4.40347 1 1.54152e-05 1 -1.54152e-05 
2 1 0 1.1 3.70156 407598 4.40422 4.40422 4.40422 4.40422 1 0 1 0 
2 1 0 1.1 3.70156 407598 4.43957 4.43957 4.43957 4.43957 0.999984 0 1.00002 0 
2 1 0 1.1 3.70156 407598 4.47493 4.47493 4.47493 4.47493 0.999976 0 1.00002 0 
2 1 0 1.1 3.70156 407598 4.51028 4.51028 4.51028 4.51028 0.999983 0 1.00002 0 
2 1 0 1.1 3.70156 407598 4.54564 4.54564 4.54564 4.54564 1 0 1 0 
2 1 0 1.1 3.70156 407598 4.58099 4.58099 4.58099 4.58099 0.999982 0 1.00002 0 
2 1 0 1.1 3.70156 407598 4.61635 4.61635 4.61635 4.61635 0.999973 0 1.00003 0 
2 1 0 1.1 3.70156 407598 4.62551 4.62551 4.62551 4.62551 1 0 1 0 
2 1 0 1.1 3.70156 407598 4.62959 4.62959 4.62959 4.62959 0.999981 0 1.00002 0 
2 1 0 1.1 3.70156 407598 4.66494 4.66494 4.66494 4.66494 0.99998 0 1.00002 0 
2 1 0 1.1 3.70156 407598 4.7003 4.7003 4.7003 4.7003 0.999998 0 1 0 
2 1 0 1.1 3.70156 407598 4.73565 4.73565 4.73565 4.73565 0.999998 0 1 0 
2 1 0 1.1 3.70156 407598 4.77101 4.77101 4.77101 4.77101 0.999999 0 1 0 
1 1 0 1.1 3.70156 292651 4.81114 4.81114 4.81114 4.81114 1 2.14699e-05 1 -2.14699e-05 
2 1 0 1.1 3.70156 292651 4.8118 4.8118 4.8118 4.8118 1 0 1 0 
2 1 0 1.1 3.70156 308806 4.84716 4.84716 4.84716 4.84716 1 2.03468e-05 1 -2.03468e-05 
2 1 0 1.1 3.70156 283574 4.88236 4.88236 4.88236 4.88236 1 2.21572e-05 1 -2.21572e-05 
2 1 0 1.1 3.70156 283574 4.91106 4.91106 4.91106 4.91106 0.999977 0 1.00002 0 
2 1 0 1.1 3.70156 283574 4.94641 4.94641 4.94641 4.94641 0.999999 0 1 0 
2 1 0 1.1 3.70156 283574 4.98177 4.98177 4.98177 4.98177 0.999971 0 1.00003 0 
2 1 0 1.1 3.70156 283574 4.98153 4.98153 4.98153 4.98153 1 0 1 0 
2 1 0 1.1 3.70156 283574 5.01689 5.01689 5.01689 5.01689 1 0 1 0 
2 1 0 1.1 3.70156 283574 5.05224 5.05224 5.05224 5.05224 1 0 1 0 
2 1 0 1.1 3.70156 283574 5.0876 5.0876 5.0876 5.0876 1 0 1 0 
2 1 0 1.1 3.70156 283574 5.12296 5.12296 5.12296 5.12296 0.999983 0 1.00002 0 
2 1 0 1.1 3.70156 283574 5.15471 5.15471 5.15471 5.15471 0.999983 0 1.00002 0 
2 1 0 1.1 3.70156 283574 5.19007 5.19007 5.19007 5.19007 1 0 1 0 
2 1 0 1.1 3.70156 361922 5.19007 5.19007 5.19007 5.19007 1 1.73606e-05 1 -1.73606e-05 
2 1 0 1.1 3.70156 359653 5.22543 5.22543 5.22543 5.22543 1 1.74701e-05 1 -1.74701e-05 
1 1 0 1.1 3.70156 359653 5.26078 5.26078 5.26078 5.26078 1 0 1 0 
2 1 0 1.1 3.70156 359653 5.29614 5.29614 5.29614 5.29614 1 0 1 0 
2 1 0 1.1 3.70156 359653 5.33149 5.33149 5.33149 5.33149 0.999987 0 1.00001 0 
2 1 0 1.1 3.70156 359653 5.36685 5.36685 5.36685 5.36685 0.999982 0 1.00002 0 
2 1 0 1.1 3.70156 359653 5.36725 5.36725 5.36725 5.36725 1 0 1 0 
2 1 0 1.1 3.70156 359653 5.38118 5.38118 5.38118 5.38118 0.999988 0 1.00001 0 
2 1 0 1.1 3.70156 581765 5.41653 5.41653 5.41653 5.41653 1.00001 1.08003e-05 1.00001 -1.08003e-05 
2 1 0 1.1 3.70156 581765 5.41907 5.41907 5.41907 5.41907 1 0 1 0 
2 1 0 1.1 3.70156 581765 5.45443 5.45443 5.45443 5.45443 1 0 1.00001 0 
2 1 0 1.1 3.70156 581765 5.48978 5.48979 5.48978 5.48979 1 0 1.00001 0 
2 1 0 1.1 3.70156 581765 5.52514 5.52514 5.52514 5.52514 1 0 1.00001 0 
2 1 0 1.10004 3.70156 581765 5.5605 5.5605 5.5605 5.5605 0.999878 0 1 0 
2 1 0 1.10001 3.70156 581765 5.59344 5.59345 5.59344 5.59345 0.999981 0 1 0 
2 1 0 1.10003 3.70156 581765 5.6288 5.6288 5.6288 5.6288 0.999908 0 1 0 
2 1 0 1.10002 3.70156 581765 5.66415 5.66416 5.66415 5.66416 0.999931 0 1 0 
2 1 0 1.1 3.70156 581765 5.66401 5.66401 5.66401 5.66401 0.999995 0 1 0 
2 1 0 1.10003 3.70156 581765 5.69937 5.69937 5.69937 5.69937 0.999896 0 1 0 
2 1 0 1.10003 3.70156 581765 5.73472 5.73473 5.73472 5.73473 0.99991 0 1 0 
2 1 0 1.1 3.70156 581765 5.75325 5.75325 5.75325 5.75325 0.999978 0 1.00002 0 
2 1 0 1.1 3.70156 581765 5.75382 5.75382 5.75382 5.75382 1 0 1 0 
2 1 0 1.10005 3.70156 581765 5.78917 5.78918 5.78917 5.78918 0.999833 0 1.00002 0 
2 1 0 1.10004 3.70156 581765 5.82452 5.82454 5.82452 5.82454 0.999838 0 1.00002 0 
2 1 0 1.10002 3.70156 581765 5.85988 5.85989 5.85988 5.85989 0.999917 0 1.00002 0 
2 1 0 1.1 3.70156 581765 5.87441 5.87441 5.87441 5.87441 0.999999 0 1.00001 0 
2 1 0 1.1 3.70156 3.01112e+08 5.88697 5.88697 5.88697 5.88697 1 2.08666e-08 1 -2.08666e-08 
2 1 0 1.1 3.70156 3.01112e+08 5.92233 5.92233 5.92233 5.92233 0.999981 0 1.00001 0 
2 1 0 1.1 3.70156 3.01112e+08 5.95904 5.95904 5.95904 5.95904 0.999997 0 1 0 
2 1 0 1.1 3.70156 3.01112e+08 5.9944 5.9944 5.9944 5.9944 0.999983 0 1.00002 0 
2 1 0 1.1 3.70156 3.01112e+08 6.02976 6.02976 6.02976 6.02976 0.999984 0 1.00002 0 
2 1 0 1.1 3.70156 3.01112e+08 6.06511 6.06511 6.06511 6.06511 1 0 1 0 
2 1 0 1.1 3.70156 3.01112e+08 6.10047 6.10047 6.10047 6.10047 1 0 1 0 
2 1 0 1.1 3.70156 412367 6.10047 6.10047 6.10047 6.10047 1 1.52369e-05 1 -1.52369e-05 
2 1 0 1.1 3.70156 412367 6.13583 6.13583 6.13583 6.13583 1 0 1 0 
2 1 0 1.1 3.70156 412367 6.13583 6.13583 6.13583 6.13583 0.999985 0 1.00001 0 
2 1 0 1.1 3.70156 412367 6.15883 6.15883 6.15883 6.15883 0.999979 0 1.00002 0 
2 1 0 1.1 3.70156 412367 6.19419 6.19419 6.19419 6.19419 0.99997 0 1.00003 0 
2 1 0 1.1 3.70156 412367 6.22954 6.22954 6.22954 6.22954 0.999998 0 1 0 
2 1 0 1.1 3.70156 412367 6.2649 6.2649 6.2649 6.2649 0.999999 0 1 0 
2 1 0 1.1 3.70156 412367 6.29956 6.29956 6.29956 6.29956 1 0 1 0 
2 1 0 1.1 3.70156 237642 6.33492 6.33492 6.33492 6.33492 1 2.64397e-05 1 -2.64397e-05 
2 1 0 1.1 3.70156 237642 6.36737 6.36737 6.36737 6.36737 1 0 1 0 
2 1 0 1.1 3.70156 354042 6.40273 6.40273 6.40273 6.40273 1 1.7747e-05 1 -1.7747e-05 
2 1 0 1.1 3.70156 354042 6.40292 6.40292 6.40292 6.40292 1 0 1 0 
2 1 0 1.1 3.70156 354104 6.40294 6.40294 6.40294 6.40294 1 1.77439e-05 1 -1.77439e-05 
2 1 0 1.1 3.70156 354104 6.4383 6.4383 6.4383 6.4383 0.999993 0 1 0 
2 1 0 1.1 3.70156 354104 6.47365 6.47366 6.47365 6.47366 0.999992 0 1 0 
1 1 0 1.1 3.70156 378343 6.47591 6.47591 6.47591 6.47591 1 1.66071e-05 1 -1.66071e-05 
1 1 0 1.1 3.70156 390149 6.51127 6.51127 6.51127 6.51127 1 1.61046e-05 1 -1.61046e-05 
2 1 0 1.1 3.70156 390149 6.54662 6.54662 6.54662 6.54662 1 0 1 0 
2 1 0 1.1 3.70156 390149 6.55767 6.55767 6.55767 6.55767 1 0 1 0 
1 1 0 1.1 3.70156 300353 6.59302 6.59302 6.59302 6.59302 1 2.09193e-05 1 -2.09193e-05 
1 1 0 1.1 3.70156 443283 6.62838 6.62838 6.62838 6.62838 1 1.41742e-05 1 -1.41742e-05 
2 1 0 1.1 3.70156 443283 6.6371 6.6371 6.6371 6.6371 0.999999 0 1 0 
2 2 0 1.09741 3.70156 443283 1.85107 1.85107 1.85107 1.85107 0.999999 0 1 0 
2 2 0 1.10823 3.70156 443283 1.8513 1.8513 1.8513 1.8513 0.999999 0 1 0 
2 2 0 1.11812 3.70156 443283 1.85111 1.85112 1.85111 1.85112 0.941691 0 1 0 
2 2 0 1.13312 3.70156 443283 1.85105 1.85106 1.85105 1.85106 0.897301 0 1 0 
2 2 0 1.16312 3.70156 443283 1.85103 1.85105 1.85103 1.85105 0.817764 0 1 0 
2 2 0 1.21312 3.70156 443283 1.85052 1.85049 1.85052 1.85049 0.707754 0 1 0 
2 2 0 1.26312 3.70156 443283 1.85024 1.85016 1.85024 1.85016 0.619582 0 1 0 
2 2 0 1.31312 3.70156 443283 1.85054 1.85049 1.85054 1.85049 0.547919 0 1 0 
2 2 0 1.36312 3.70156 443283 1.85072 1.85071 1.85072 1.85071 0.488933 0 1 0 
2 2 0 1.41312 3.70156 443283 1.85085 1.85087 1.85085 1.85087 0.439827 0 1 0 
2 2 0 1.46312 3.70156 443283 1.85093 1.85097 1.85093 1.85097 0.398526 0 1 0 
2 2 0 1.51312 3.70156 443283 1.85095 1.85101 1.85095 1.85101 0.363464 0 1 0 
2 2 0 1.56312 3.70156 443283 1.85092 1.85098 1.85092 1.85098 0.333445 0 1 0 
2 2 0 1.61311 3.70156 443283 1.8507 1.85067 1.8507 1.85067 0.307545 0 1 0 
2 2 0 1.66311 3.70156 443283 1.85085 1.85089 1.85085 1.85089 0.28504 0 1 0 
2 2 0 1.71311 3.70156 443283 1.85095 1.85104 1.85095 1.85104 0.265355 0 1 0 
2 2 0 1.76311 3.70156 443283 1.85097 1.85108 1.85097 1.85108 0.248035 0 1 0 
2 2 0 1.81311 3.70156 443283 1.85093 1.85102 1.85093 1.85102 0.232709 0 1 0 
2 2 0 1.86311 3.70156 443283 1.85077 1.85077 1.85077 1.85077 0.21908 0 1 0 
2 2 0 1.91311 3.70156 443283 1.85047 1.85023 1.85047 1.85023 0.206901 0 1 0 
2 2 0 1.96311 3.70156 443283 1.85053 1.85033 1.85053 1.85033 0.195968 0 1 0 
2 2 0 2.01311 3.70156 443283 1.85064 1.85053 1.85064 1.85053 0.186115 0 1 0 
2 2 0 1.09741 3.70156 443283 1.85107 1.85107 1.85107 1.85107 0.186115 0 1 0 
2 2 0 1.08687 3.70156 443283 1.85104 1.85103 1.85104 1.85103 0.186115 0 1 0 
2 2 0 1.0768 3.70156 443283 1.85108 1.85107 1.85108 1.85107 1 0 1.08313 0 
2 2 0 1.0618 3.70156 443283 1.85105 1.85104 1.85105 1.85104 1 0 1.14266 0 
2 2 0 1.0318 3.70156 443283 1.85114 1.85112 1.85114 1.85112 1 0 1.27764 0 
2 2 0 0.981801 3.70156 443283 1.85115 1.85111 1.85115 1.85111 1 0 1.56248 0 
2 2 0 0.931801 3.70156 443283 1.85104 1.851 1.85104 1.851 1 0 1.95255 0 
2 2 0 0.881801 3.70156 443283 1.85101 1.85096 1.85101 1.85096 1 0 2.50244 0 
2 2 0 0.831801 3.70156 443283 1.85124 1.85113 1.85124 1.85113 1 0 3.30432 0 
2 2 0 0.7818 3.70156 443283 1.85129 1.85114 1.85129 1.85114 0.999999 0 4.52107 0 
2 2 0 0.7318 3.70156 443283 1.85118 1.85104 1.85118 1.85104 1 0 6.45664 0 
2 2 0 0.6818 3.70156 443283 1.85123 1.85106 1.85123 1.85106 0.999999 0 9.71569 0 
2 2 0 0.631799 3.70156 443283 1.85114 1.85099 1.85114 1.85099 1 0 15.5965 0 
2 2 0 0.581799 3.70156 443283 1.8512 1.851 1.8512 1.851 0.999999 0 27.159 0 
2 2 0 0.531799 3.70156 443283 1.85113 1.85095 1.85113 1.85095 1 0 52.4923 0 
2 2 0 0.481806 3.70156 443283 1.85033 1.85058 1.85033 1.85058 0.999999 0 116.311 0 
2 2 0 0.431805 3.70156 443283 1.85039 1.85063 1.85039 1.85063 0.999999 0 309.901 0 
2 2 0 0.381805 3.70156 443283 1.85052 1.85069 1.85052 1.85069 1 0 1067.31 0 
2 2 0 0.331806 3.70156 443283 1.85064 1.85074 1.85064 1.85074 1 0 5336.05 0 
2 2 0 0.281806 3.70156 443283 1.85074 1.85077 1.85074 1.85077 1 0 47224.4 0 
2 2 0 0.231806 3.70156 443283 1.85084 1.85079 1.85084 1.85079 1 0 1.07059e+06 0 
2 2 0 0.181806 3.70156 443283 1.85092 1.8508 1.85092 1.8508 1 0 1.35092e+08 0 
2 2 0 0.131806 3.70156 443283 1.85097 1.8508 1.85097 1.8508 1 0 6.6935e+11 0 
2 2 0 0.0818059 3.70156 443283 1.85101 1.8508 1.85101 1.8508 1 0 1.09018e+20 0 
2 2 0 0.0318059 3.70156 443283 1.85102 1.85079 1.85102 1.85079 1 0 1.16939e+54 0 
2 2 0 0.0504285 3.70156 443283 1.85042 1.85076 1.85042 1.85076 0.999997 0 3.2124e+33 0 
2 2 0 0.000432328 3.70156 443283 1.85094 1.85078 1.85094 1.85078 1 0 inf -nan 
1 2 0 -0.049565 3.70156 443283 1.85147 1.85075 1.85147 1.85075 0.999996 0 4.58725e-38 0 
2 3 0 1.09999 3.70156 443283 1.85437 1.85437 1.85437 1.85437 0.999996 0 4.58725e-38 0 
1 3 0 1.10995 3.70156 443283 1.85123 1.85124 1.85123 1.85124 0.999996 0 4.58725e-38 0 
2 3 0 1.11993 3.70156 443283 1.85094 1.85094 1.85094 1.85094 0.93615 0 1 0 
2 3 0 1.13094 3.70156 443283 1.85083 1.85083 1.85083 1.85083 0.903568 0 1 0 
2 3 0 1.15294 3.70156 443283 1.85076 1.85075 1.85076 1.85075 0.843492 0 1 0 
2 3 0 1.19694 3.70156 443283 1.85071 1.8507 1.85071 1.8507 0.740658 0 1 0 
2 3 0 1.24694 3.70156 443283 1.85068 1.85067 1.85068 1.85067 0.646088 0 1 0 
2 3 0 1.29694 3.70156 443283 1.85063 1.8506 1.85063 1.8506 0.569561 0 1 0 
2 3 0 1.34694 3.70156 443283 1.85034 1.85025 1.85034 1.85025 0.506821 0 1 0 
2 3 0 1.39694 3.70156 443283 1.85055 1.85049 1.85055 1.85049 0.454775 0 1 0 
2 3 0 1.44694 3.70156 443283 1.8507 1.85067 1.8507 1.85067 0.411141 0 1 0 
2 3 0 1.49694 3.70156 443283 1.85081 1.85082 1.85081 1.85082 0.374207 0 1 0 
2 3 0 1.54694 3.70156 443283 1.85089 1.85093 1.85089 1.85093 0.342669 0 1 0 
2 3 0 1.59694 3.70156 443283 1.85092 1.85099 1.85092 1.85099 0.315524 0 1 0 
2 3 0 1.64694 3.70156 443283 1.85091 1.85097 1.85091 1.85097 0.291988 0 1 0 
2 3 0 1.69694 3.70156 443283 1.85085 1.85088 1.85085 1.85088 0.271446 0 1 0 
2 3 0 1.74694 3.70156 443283 1.85079 1.8508 1.85079 1.8508 0.253404 0 1 0 
2 3 0 1.79694 3.70156 443283 1.85074 1.85072 1.85074 1.85072 0.237469 0 1 0 
2 3 0 1.84693 3.70156 443283 1.85062 1.85052 1.85062 1.85052 0.22332 0 1 0 
2 3 0 1.89694 3.70156 443283 1.85063 1.85053 1.85063 1.85053 0.210695 0 1 0 
2 3 0 1.94694 3.70156 443283 1.85069 1.85061 1.85069 1.85061 0.199379 0 1 0 
2 3 0 1.99694 3.70156 443283 1.85074 1.8507 1.85074 1.8507 0.189193 0 1 0 
1 3 0 2.04697 3.70156 443283 1.85079 1.8508 1.85079 1.8508 0.179982 0 1 0 
2 3 0 1.09999 3.70156 443283 1.85437 1.85437 1.85437 1.85437 0.179982 0 1 0 
1 3 0 1.08994 3.70156 443283 1.85126 1.85125 1.85126 1.85125 0.179982 0 1 0 
2 3 0 1.07995 3.70156 443283 1.85094 1.85093 1.85094 1.85093 1 0 1.07124 0 
2 3 0 1.06903 3.70156 443283 1.85081 1.85081 1.85081 1.85081 1 0 1.11339 0 
2 3 0 1.05803 3.70156 443283 1.85071 1.85071 1.85071 1.85071 1 0 1.15842 0 
2 3 0 1.03603 3.70156 443283 1.85061 1.85062 1.85061 1.85062 1 0 1.25722 0 
2 3 0 0.992026 3.70156 443283 1.85052 1.85054 1.85052 1.85054 1 0 1.49701 0 
2 3 0 0.942026 3.70156 443283 1.8503 1.85037 1.8503 1.85037 1 0 1.86197 0 
2 3 0 0.892029 3.70156 443283 1.85071 1.85072 1.85071 1.85072 1 0 2.37321 0 
2 3 0 0.84203 3.70156 443283 1.85096 1.85092 1.85096 1.85092 1 0 3.11328 0 
2 3 0 0.79203 3.70156 443283 1.8511 1.85101 1.8511 1.85101 1 0 4.22655 0 
2 3 0 0.74203 3.70156 443283 1.85113 1.85101 1.85113 1.85101 1 0 5.97925 0 
2 3 0 0.69203 3.70156 443283 1.85105 1.85095 1.85105 1.85095 1 0 8.89359 0 
2 3 0 0.642029 3.70156 443283 1.8511 1.85096 1.8511 1.85096 1 0 14.0723 0 
2 3 0 0.592029 3.70156 443283 1.85105 1.85092 1.85105 1.85092 1 0 24.0611 0 
2 3 0 0.542035 3.70156 443283 1.85031 1.85055 1.85031 1.85055 0.999999 0 45.4157 0 
2 3 0 0.492035 3.70156 443283 1.85039 1.85061 1.85039 1.85061 0.999999 0 97.5455 0 
2 3 0 0.442035 3.70156 443283 1.85053 1.85068 1.85053 1.85068 1 0 249.064 0 
2 3 0 0.392036 3.70156 443283 1.85065 1.85073 1.85065 1.85073 1 0 807.716 0 
2 3 0 0.342036 3.70156 443283 1.85075 1.85077 1.85075 1.85077 1 0 3694.8 0 
2 3 0 0.292036 3.70156 443283 1.85084 1.8508 1.85084 1.8508 1 0 28447 0 
2 3 0 0.242036 3.70156 443283 1.85092 1.85081 1.85092 1.85081 1 0 509014 0 
2 3 0 0.192036 3.70156 443283 1.85097 1.85081 1.85097 1.85081 1 0 4.09021e+07 0 
2 3 0 0.142036 3.70156 443283 1.85098 1.85081 1.85098 1.85081 1 0 7.21083e+10 0 
2 3 0 0.0920357 3.70156 443283 1.85097 1.8508 1.85097 1.8508 1 0 4.27934e+17 0 
2 3 0 0.0420357 3.70156 443283 1.85097 1.85079 1.85097 1.85079 1 0 3.29751e+40 0 
2 3 0 0.0429904 3.70156 443283 1.85088 1.85078 1.85088 1.85078 1 0 3.82564e+39 0 
2 3 0 0.0179902 3.70156 443283 1.8512 1.85079 1.8512 1.85079 0.999999 0 6.70008e+96 0 
2 3 0 0.00549092 3.70156 443283 1.85133 1.85078 1.85133 1.85078 0.999998 0 inf -nan 
2 3 0 0.00550317 3.70156 443283 1.85108 1.85078 1.85108 1.85078 0.999998 0 inf -nan 
1 3 0 -0.0070003 3.70156 443283 1.85124 1.85078 1.85124 1.85078 0.999998 0 2.61438e-255 0 
2 4 0 1.09999 3.70156 443283 1.86715 1.86715 1.86715 1.86715 0.999998 0 2.61438e-255 0 
1 4 0 1.10998 3.70156 443283 1.85119 1.85119 1.85119 1.85119 0.999998 0 2.61438e-255 0 
2 4 0 1.11484 3.70156 443283 1.8503 1.8503 1.8503 1.8503 0.951868 0 1 0 
2 4 0 1.11984 3.70156 443283 1.85046 1.85045 1.85046 1.85045 0.936445 0 1 0 
2 4 0 1.12734 3.70156 443283 1.85059 1.85059 1.85059 1.85059 0.914036 0 1 0 
2 4 0 1.14234 3.70156 443283 1.85072 1.85072 1.85072 1.85072 0.871638 0 1 0 
2 4 0 1.17234 3.70156 443283 1.85081 1.85082 1.85081 1.85082 0.795546 0 1 0 
2 4 0 1.22234 3.70156 443283 1.85087 1.85088 1.85087 1.85088 0.690041 0 1 0 
2 4 0 1.27234 3.70156 443283 1.85089 1.8509 1.85089 1.8509 0.605259 0 1 0 
2 4 0 1.32234 3.70156 443283 1.85088 1.8509 1.85088 1.8509 0.536184 0 1 0 
2 4 0 1.37234 3.70156 443283 1.85081 1.85081 1.85081 1.85081 0.479204 0 1 0 
2 4 0 1.42234 3.70156 443283 1.85075 1.85074 1.85075 1.85074 0.431676 0 1 0 
2 4 0 1.47234 3.70156 443283 1.85071 1.85068 1.85071 1.85068 0.391631 0 1 0 
2 4 0 1.52234 3.70156 443283 1.85061 1.85054 1.85061 1.85054 0.357579 0 1 0 
2 4 0 1.57234 3.70156 443283 1.85068 1.85064 1.85068 1.85064 0.328383 0 1 0 
2 4 0 1.62234 3.70156 443283 1.85075 1.85073 1.85075 1.85073 0.303158 0 1 0 
2 4 0 1.67234 3.70156 443283 1.8508 1.8508 1.8508 1.8508 0.281211 0 1 0 
2 4 0 1.72234 3.70156 443283 1.85084 1.85087 1.85084 1.85087 0.261994 0 1 0 
2 4 0 1.77234 3.70156 443283 1.85086 1.8509 1.85086 1.8509 0.245067 0 1 0 
2 4 0 1.82234 3.70156 443283 1.85085 1.8509 1.85085 1.8509 0.230076 0 1 0 
2 4 0 1.87234 3.70156 443283 1.85082 1.85086 1.85082 1.85086 0.216731 0 1 0 
2 4 0 1.92234 3.70156 443283 1.8508 1.85082 1.8508 1.85082 0.204795 0 1 0 
2 4 0 1.97234 3.70156 443283 1.85078 1.85078 1.85078 1.85078 0.194073 0 1 0 
2 4 0 2.02234 3.70156 443283 1.85076 1.85074 1.85076 1.85074 0.184403 0 1 0 
2 4 0 1.09999 3.70156 443283 1.86715 1.86715 1.86715 1.86715 0.184403 0 1 0 
2 4 0 1.08998 3.70156 443283 1.85121 1.85121 1.85121 1.85121 0.184403 0 1 0 
2 4 0 1.08515 3.70156 443283 1.85027 1.85028 1.85027 1.85028 1 0 1.05205 0 
2 4 0 1.08014 3.70156 443283 1.8504 1.8504 1.8504 1.8504 1 0 1.07053 0 
2 4 0 1.07264 3.70156 443283 1.85053 1.85054 1.85053 1.85054 1 0 1.09915 0 
2 4 0 1.05764 3.70156 443283 1.85065 1.85066 1.85065 1.85066 1 0 1.16004 0 
2 4 0 1.02764 3.70156 443283 1.85074 1.85075 1.85074 1.85075 1 0 1.29824 0 
2 4 0 0.977643 3.70156 443283 1.8508 1.8508 1.8508 1.8508 1 0 1.59033 0 
2 4 0 0.927643 3.70156 443283 1.85082 1.85081 1.85082 1.85081 1 0 1.99122 0 
2 4 0 0.877643 3.70156 443283 1.85083 1.85082 1.85083 1.85082 1 0 2.55787 0 
2 4 0 0.827643 3.70156 443283 1.85083 1.85082 1.85083 1.85082 1 0 3.3867 0 
2 4 0 0.777643 3.70156 443283 1.85083 1.85081 1.85083 1.85081 1 0 4.64891 0 
2 4 0 0.727643 3.70156 443283 1.85083 1.85081 1.85083 1.85081 1 0 6.6655 0 
2 4 0 0.677643 3.70156 443283 1.85081 1.8508 1.85081 1.8508 1 0 10.0787 0 
2 4 0 0.627643 3.70156 443283 1.8508 1.85079 1.8508 1.85079 1 0 16.2776 0 
2 4 0 0.577704 3.70156 443283 1.85078 1.85078 1.85078 1.85078 1 0 28.5423 0 
2 4 0 0.527707 3.70156 443283 1.85022 1.85051 1.85022 1.85051 0.999999 0 55.7079 0 
2 4 0 0.477707 3.70156 443283 1.85041 1.85062 1.85041 1.85062 0.999999 0 125.071 0 
2 4 0 0.427707 3.70156 443283 1.85058 1.8507 1.85058 1.8507 1 0 339.249 0 
2 4 0 0.377707 3.70156 443283 1.85073 1.85076 1.85073 1.85076 1 0 1198.43 0 
2 4 0 0.327708 3.70156 443283 1.85086 1.8508 1.85086 1.8508 1 0 6222.43 0 
2 4 0 0.277708 3.70156 443283 1.85096 1.85083 1.85096 1.85083 1 0 58465.2 0 
2 4 0 0.227708 3.70156 443283 1.85102 1.85083 1.85102 1.85083 1 0 1.4693e+06 0 
2 4 0 0.177708 3.70156 443283 1.85103 1.85082 1.85103 1.85082 1 0 2.26599e+08 0 
2 4 0 0.127708 3.70156 443283 1.85098 1.8508 1.85098 1.8508 1 0 1.80637e+12 0 
2 4 0 0.0777077 3.70156 443283 1.85094 1.85079 1.85094 1.85079 1 0 1.51059e+21 0 
2 4 0 0.0277077 3.70156 443283 1.8509 1.85078 1.8509 1.85078 1 0 2.00956e+62 0 
1 4 0 -0.02245 3.70156 443283 1.85081 1.85078 1.85081 1.85078 1 0 3.22663e-81 0 
2 5 0 1.1 3.70156 443283 1.98667 1.98667 1.98667 1.98667 1 0 3.22663e-81 0 
1 5 0 1.11014 3.70156 443283 1.85124 1.85125 1.85124 1.85125 1 0 3.22663e-81 0 
1 5 0 1.11014 3.70156 443283 1.85124 1.85125 1.85124 1.85125 1 0 3.22663e-81 0 
2 5 0 1.1 3.70156 443283 1.98667 1.98667 1.98667 1.98667 1 0 3.22663e-81 0 
1 5 0 1.09006 3.70156 443283 1.85125 1.85125 1.85125 1.85125 1 0 3.22663e-81 0 
2 5 0 1.0901 3.70156 443283 1.85103 1.85103 1.85103 1.85103 1 0 1.03426 0 
2 5 0 1.09004 3.70156 443283 1.85095 1.85095 1.85095 1.85095 1 0 1.03446 0 
2 5 0 1.09001 3.70156 443283 1.85091 1.85091 1.85091 1.85091 1 0 1.03454 0 
2 5 0 1.09029 3.70156 443283 1.85102 1.85101 1.85102 1.85101 1 0 1.03356 0 
2 5 0 1.09052 3.70156 443283 1.85095 1.85095 1.85095 1.85095 1 0 1.03275 0 
2 5 0 1.09068 3.70156 443283 1.85097 1.85097 1.85097 1.85097 1 0 1.0322 0 
2 5 0 1.09084 3.70156 443283 1.85099 1.85099 1.85099 1.85099 1 0 1.03161 0 
2 5 0 1.09107 3.70156 443283 1.8509 1.8509 1.8509 1.8509 1 0 1.0308 0 
2 5 0 1.09102 3.70156 443283 1.85067 1.85067 1.85067 1.85067 1 0 1.03098 0 
2 5 0 1.09063 3.70156 443283 1.85086 1.85086 1.85086 1.85086 1 0 1.03236 0 
2 5 0 1.09066 3.70156 443283 1.85112 1.85112 1.85112 1.85112 1 0 1.03224 0 
2 5 0 1.09028 3.70156 443283 1.85136 1.85136 1.85136 1.85136 1 0 1.0336 0 
2 5 0 1.08973 3.70156 443283 1.85136 1.85135 1.85136 1.85135 1 0 1.03556 0 
2 5 0 1.08909 3.70156 443283 1.85103 1.85102 1.85103 1.85102 1 0 1.03782 0 
2 5 0 1.08817 3.70156 443283 1.85056 1.85056 1.85056 1.85056 1 0 1.04114 0 
2 5 0 1.0859 3.70156 443283 1.85038 1.85038 1.85038 1.85038 1 0 1.04932 0 
2 5 0 1.0825 3.70156 443283 1.85059 1.85059 1.85059 1.85059 1 0 1.06175 0 
2 5 0 1.0774 3.70156 443283 1.85079 1.85079 1.85079 1.85079 1 0 1.08085 0 
2 5 0 1.0672 3.70156 443283 1.851 1.851 1.851 1.851 1 0 1.12069 0 
2 5 0 1.04677 3.70156 443283 1.85117 1.85115 1.85117 1.85115 1 0 1.20742 0 
2 5 0 1.00594 3.70156 443283 1.85125 1.85121 1.85125 1.85121 1 0 1.4143 0 
2 5 0 0.955935 3.70156 443283 1.8512 1.85114 1.8512 1.85114 1 0 1.74832 0 
2 5 0 0.905938 3.70156 443283 1.85082 1.85081 1.85082 1.85081 1 0 2.21237 0 
2 5 0 0.855938 3.70156 443283 1.8506 1.85064 1.8506 1.85064 1 0 2.8777 0 
2 5 0 0.805939 3.70156 443283 1.85033 1.85045 1.85033 1.85045 1 0 3.86721 0 
2 5 0 0.75594 3.70156 443283 1.85061 1.85066 1.85061 1.85066 1 0 5.40418 0 
2 5 0 0.705941 3.70156 443283 1.85082 1.85081 1.85082 1.85081 1 0 7.91864 0 
2 5 0 0.655941 3.70156 443283 1.85097 1.85089 1.85097 1.85089 1 0 12.2989 0 
2 5 0 0.605941 3.70156 443283 1.85105 1.85093 1.85105 1.85093 1 0 20.5419 0 
2 5 0 0.555941 3.70156 443283 1.85105 1.85092 1.85105 1.85092 1 0 37.626 0 
2 5 0 0.505941 3.70156 443283 1.85097 1.85087 1.85097 1.85087 1 0 77.6757 0 
2 5 0 0.455941 3.70156 443283 1.8509 1.85083 1.8509 1.85083 1 0 187.986 0 
2 5 0 0.405941 3.70156 443283 1.85084 1.8508 1.85084 1.8508 1 0 565.618 0 
2 5 0 0.355941 3.70156 443283 1.85078 1.85078 1.85078 1.85078 1 0 2319.12 0 
2 5 0 0.305941 3.70156 443283 1.85074 1.85077 1.85074 1.85077 1 0 15080.8 0 
2 5 0 0.255941 3.70156 443283 1.8507 1.85076 1.8507 1.85076 1 0 203805 0 
2 5 0 0.205941 3.70156 443283 1.85064 1.85076 1.85064 1.85076 1 0 9.75189e+06 0 
2 5 0 0.155941 3.70156 443283 1.85056 1.85075 1.85056 1.85075 1 0 5.57455e+09 0 
2 5 0 0.105941 3.70156 443283 1.8504 1.85074 1.8504 1.85074 0.999999 0 1.27586e+15 0 
2 5 0 0.0559421 3.70156 443283 1.8501 1.85075 1.8501 1.85075 0.999996 0 1.11117e+30 0 
2 5 0 0.00594298 3.70156 443283 1.84981 1.85078 1.84981 1.85078 0.999992 0 2.34211e+296 0 
1 5 0 -0.0393713 3.70156 443283 1.85069 1.85078 1.85069 1.85078 1 0 2.57659e-47 0 
2 6 0 1.1 3.70156 443283 2.19236 2.19236 2.19236 2.19236 1 0 2.57659e-47 0 
1 6 0 1.11024 3.70156 443283 1.85127 1.85127 1.85127 1.85127 1 0 2.57659e-47 0 
1 6 0 1.11024 3.70156 443283 1.85127 1.85127 1.85127 1.85127 1 0 2.57659e-47 0 
2 6 0 1.1 3.70156 443283 2.19236 2.19236 2.19236 2.19236 1 0 2.57659e-47 0 
1 6 0 1.08974 3.70156 443283 1.85128 1.85128 1.85128 1.85128 1 0 2.57659e-47 0 
2 6 0 1.09013 3.70156 443283 1.85117 1.85117 1.85117 1.85117 1 0 1.03412 0 
2 6 0 1.09003 3.70156 443283 1.85098 1.85098 1.85098 1.85098 1 0 1.03449 0 
2 6 0 1.08995 3.70156 443283 1.85086 1.85086 1.85086 1.85086 1 0 1.03478 0 
2 6 0 1.08989 3.70156 443283 1.85076 1.85076 1.85076 1.85076 1 0 1.03499 0 
2 6 0 1.08962 3.70156 443283 1.85057 1.85057 1.85057 1.85057 1 0 1.03596 0 
2 6 0 1.08907 3.70156 443283 1.85048 1.85048 1.85048 1.85048 1 0 1.03789 0 
2 6 0 1.0881 3.70156 443283 1.85048 1.85048 1.85048 1.85048 1 0 1.04139 0 
2 6 0 1.08622 3.70156 443283 1.85061 1.85061 1.85061 1.85061 1 0 1.04815 0 
2 6 0 1.08248 3.70156 443283 1.85078 1.85078 1.85078 1.85078 1 0 1.06185 0 
2 6 0 1.07498 3.70156 443283 1.85096 1.85096 1.85096 1.85096 1 0 1.09012 0 
2 6 0 1.05998 3.70156 443283 1.85112 1.8511 1.85112 1.8511 1 0 1.15024 0 
2 6 0 1.02997 3.70156 443283 1.8512 1.85117 1.8512 1.85117 1 0 1.28663 0 
2 6 0 0.979973 3.70156 443283 1.85118 1.85114 1.85118 1.85114 1 0 1.57463 0 
2 6 0 0.929974 3.70156 443283 1.85101 1.85097 1.85101 1.85097 1 0 1.96941 0 
2 6 0 0.879974 3.70156 443283 1.85092 1.85089 1.85092 1.85089 1 0 2.52659 0 
2 6 0 0.829974 3.70156 443283 1.85086 1.85084 1.85086 1.85084 1 0 3.34017 0 
2 6 0 0.779974 3.70156 443283 1.85082 1.85081 1.85082 1.85081 1 0 4.57664 0 
2 6 0 0.730027 3.70156 443283 1.85079 1.85079 1.85079 1.85079 1 0 6.54464 0 
2 6 0 0.680028 3.70156 443283 1.85052 1.85062 1.85052 1.85062 1 0 9.86829 0 
2 6 0 0.630032 3.70156 443283 1.85114 1.85099 1.85114 1.85099 1 0 15.8814 0 
2 6 0 0.580033 3.70156 443283 1.85151 1.85116 1.85151 1.85116 0.999998 0 27.7448 0 
2 6 0 0.530033 3.70156 443283 1.85131 1.85103 1.85131 1.85103 0.999999 0 53.8507 0 
2 6 0 0.480032 3.70156 443283 1.85134 1.85103 1.85134 1.85103 0.999999 0 120.006 0 
2 6 0 0.430032 3.70156 443283 1.8512 1.85094 1.8512 1.85094 0.999999 0 322.209 0 
2 6 0 0.380032 3.70156 443283 1.85119 1.85092 1.85119 1.85092 0.999999 0 1121.87 0 
2 6 0 0.330032 3.70156 443283 1.85104 1.85086 1.85104 1.85086 1 0 5700.44 0 
2 6 0 0.280032 3.70156 443283 1.85091 1.85081 1.85091 1.85081 1 0 51757.7 0 
2 6 0 0.230032 3.70156 443283 1.8508 1.85078 1.8508 1.85078 1 0 1.22613e+06 0 
2 6 0 0.180032 3.70156 443283 1.85069 1.85077 1.85069 1.85077 1 0 1.68502e+08 0 
2 6 0 0.130032 3.70156 443283 1.85059 1.85076 1.85059 1.85076 1 0 1.02078e+12 0 
2 6 0 0.0800323 3.70156 443283 1.85047 1.85076 1.85047 1.85076 0.999999 0 3.29034e+20 0 
2 6 0 0.0300325 3.70156 443283 1.85032 1.85077 1.85032 1.85077 0.999998 0 2.26862e+57 0 
2 6 0 0.0309066 3.70156 443283 1.85073 1.85078 1.85073 1.85078 1 0 4.87611e+55 0 
2 6 0 0.018406 3.70156 443283 1.85028 1.85077 1.85028 1.85077 0.999998 0 4.00349e+94 0 
2 6 0 0.00591801 3.70156 443283 1.84972 1.85078 1.84972 1.85078 0.999991 0 4.23155e+297 0 
1 6 0 -0.0231318 3.70156 443283 1.85092 1.85078 1.85092 1.85078 1 0 6.82025e-79 0 
2 1 0 1 3.70156 0 -7.99241e-12 1.92292 -7.99241e-12 1.92292 1 0 6.82025e-79 0 
2 1 0 1.01466 3.70156 0 -2.32876e-17 1.9365 -2.32876e-17 1.9365 1.36586 0 39.9438 0 
2 1 0 1.02417 3.70156 0 -1.13151e-15 1.9481 -1.13151e-15 1.9481 39.7188 0 1.31584 0 
2 1 0 1.03597 3.70156 0 4.76974e-14 1.96726 4.76974e-14 1.96726 39.2892 0 1.25748 0 
2 1 0 1.04895 3.70156 0 -1.33381e-15 1.99841 -1.33381e-15 1.99841 38.4425 0 1.1977 0 
2 1 0 1.05866 3.70156 0 -5.96023e-16 2.03425 -5.96023e-16 2.03425 37.2594 0 1.15575 0 
2 1 0 1.06599 3.70156 0 6.03122e-17 2.07442 6.03122e-17 2.07442 1.12556 0 35.6982 0 
2 1 0 1.07217 3.70156 0 8.22629e-15 2.12404 8.22629e-15 2.12404 1.101 0 33.4891 0 
2 1 0 1.07654 3.70156 0 -2.17391e-17 2.17385 -2.17391e-17 2.17385 1.08414 0 31.0399 0 
2 1 0 1.07979 3.70156 0 7.26457e-16 2.22374 7.26457e-16 2.22374 28.442 0 1.07184 0 
2 1 0 1.08232 3.70156 0 1.96901e-15 2.27368 1.96901e-15 2.27368 25.7816 0 1.06244 0 
2 1 0 1.08434 3.70156 0 1.21047e-16 2.32364 1.21047e-16 2.32364 1.05501 0 23.1357 0 
2 1 0 1.086 3.70156 0 1.50154e-16 2.37361 1.50154e-16 2.37361 1.04896 0 20.5694 0 
2 1 0 1.08739 3.70156 0 2.60192e-17 2.42359 2.60192e-17 2.42359 1.04394 0 18.1342 0 
2 1 0 1.08857 3.70156 0 -1.77941e-17 2.47358 -1.77941e-17 2.47358 1.03968 0 15.8673 0 
2 1 0 1.0896 3.70156 0 -1.93024e-17 2.52356 -1.93024e-17 2.52356 1.03601 0 13.7931 0 
2 1 0 1.09051 3.70156 0 -2.08107e-17 2.57356 -2.08107e-17 2.57356 1.0328 0 11.9235 0 
2 1 0 1.09131 3.70156 0 -2.2319e-17 2.62355 -2.2319e-17 2.62355 1.02997 0 10.2611 0 
2 1 0 1.09202 3.70156 0 -2.38273e-17 2.67355 -2.38273e-17 2.67355 1.02744 0 8.80031 0 
2 1 0 1.09268 3.70156 0 -2.53356e-17 2.72354 -2.53356e-17 2.72354 1.02516 0 7.53002 0 
2 1 0 1.09327 3.70156 0 -2.68439e-17 2.77354 -2.68439e-17 2.77354 1.02309 0 6.43541 0 
2 1 0 1.09381 3.70156 0 -2.83522e-17 2.82353 -2.83522e-17 2.82353 1.02119 0 5.49959 0 
2 1 0 1.09432 3.70156 0 -2.98605e-17 2.87353 -2.98605e-17 2.87353 1.01943 0 4.70488 0 
2 1 0 1.09479 3.70156 0 -3.13688e-17 2.92353 -3.13688e-17 2.92353 1.0178 0 4.03385 0 
2 1 0 1.09523 3.70156 0 -3.28771e-17 2.97353 -3.28771e-17 2.97353 1.01628 0 3.46996 0 
2 1 0 1.09564 3.70156 0 -3.43854e-17 3.02353 -3.43854e-17 3.02353 1.01485 0 2.99802 0 
2 1 0 1.09604 3.70156 0 8.00861e-17 3.07353 8.00861e-17 3.07353 1.0135 0 2.60439 0 
2 1 0 1.09641 3.70156 0 -2.10166e-16 3.12352 -2.10166e-16 3.12352 1.01221 0 2.27709 0 
2 1 0 1.09677 3.70156 0 1.25495e-14 3.17352 1.25495e-14 3.17352 2.00575 0 1.01099 0 
2 1 0 1.09711 3.70156 0 1.41353e-14 3.22352 1.41353e-14 3.22352 1.00981 0 1.78152 0 
2 1 0 1.09744 3.70156 0 -3.8304e-16 3.27352 -3.8304e-16 3.27352 1.59696 0 1.00868 0 
2 1 0 1.09776 3.70156 0 -8.64746e-16 3.32352 -8.64746e-16 3.32352 1.00758 0 1.44587 0 
2 1 0 1.09808 3.70156 0 1.62521e-15 3.37352 1.62521e-15 3.37352 1.00652 0 1.32314 0 
2 1 0 1.09838 3.70156 0 8.83841e-16 3.42352 8.83841e-16 3.42352 1.22462 0 1.00548 0 
2 1 0 1.09868 3.70156 0 -1.88108e-15 3.47352 -1.88108e-15 3.47352 1.14699 0 1.00446 0 
2 1 0 1.09897 3.70156 0 3.61757e-14 3.52352 3.61757e-14 3.52352 1.08764 0 1.00347 0 
2 1 0 1.09926 3.70156 0 -1.86477e-14 3.57351 -1.86477e-14 3.57351 1.04458 0 1.00248 0 
2 1 0 1.09955 3.70156 0 -3.41886e-14 3.62351 -3.41886e-14 3.62351 1.01638 0 1.00151 0 
2 1 0 1.09984 3.70156 0 1.94811e-14 3.67351 1.94811e-14 3.67351 1.0021 0 1.00054 0 
2 1 0 1.10001 3.70156 0 -2.72966e-11 3.70278 -2.72966e-11 3.70278 1 0 0.999977 0 
2 1 0 1.10029 3.70156 0 -5.06895e-12 3.75278 -5.06895e-12 3.75278 1.00702 0 0.999012 0 
2 1 0 1.10058 3.70156 0 6.05211e-15 3.80278 6.05211e-15 3.80278 0.998045 0 1.02766 0 
2 1 0 1.10087 3.70156 0 5.86708e-15 3.85278 5.86708e-15 3.85278 1.0626 0 0.997072 0 
2 1 0 1.10116 3.70156 0 9.9462e-16 3.90277 9.9462e-16 3.90277 1.11301 0 0.996089 0 
2 1 0 1.10146 3.70156 0 -3.20888e-15 3.95277 -3.20888e-15 3.95277 1.18055 0 0.995092 0 
2 1 0 1.10177 3.70156 0 5.34594e-16 4.00277 5.34594e-16 4.00277 1.26749 0 0.994079 0 
2 1 0 1.10208 3.70156 0 -5.83488e-16 4.05277 -5.83488e-16 4.05277 1.37676 0 0.993043 0 
2 1 0 1.10239 3.70156 0 -1.24135e-14 4.10277 -1.24135e-14 4.10277 1.51206 0 0.991981 0 
2 1 0 1.10272 3.70156 0 1.91257e-15 4.15277 1.91257e-15 4.15277 1.67796 0 0.990888 0 
2 1 0 1.10306 3.70156 0 9.73235e-15 4.20277 9.73235e-15 4.20277 1.88006 0 0.989758 0 
2 1 0 1.10342 3.70156 0 9.77134e-15 4.25277 9.77134e-15 4.25277 2.12511 0 0.988585 0 
2 1 0 1.10379 3.70156 0 1.42224e-16 4.30277 1.42224e-16 4.30277 0.987362 0 2.42119 0 
2 1 0 1.10417 3.70156 0 9.27738e-15 4.35276 9.27738e-15 4.35276 0.986082 0 2.77784 0 
2 1 0 1.10458 3.70156 0 3.06271e-16 4.40276 3.06271e-16 4.40276 0.984734 0 3.20616 0 
2 1 0 1.10502 3.70156 0 1.95017e-14 4.45276 1.95017e-14 4.45276 0.983308 0 3.7189 0 
2 1 0 1.10548 3.70156 0 -5.25975e-17 4.50276 -5.25975e-17 4.50276 0.981793 0 4.33045 0 
2 1 0 1.10598 3.70156 0 2.17822e-14 4.55276 2.17822e-14 4.55276 5.05666 0 0.980171 0 
2 1 0 1.10651 3.70156 0 1.64129e-17 4.60275 1.64129e-17 4.60275 0.978427 0 5.91455 0 
2 1 0 1.10709 3.70156 0 1.60865e-16 4.65275 1.60865e-16 4.65275 0.976539 0 6.92176 0 
2 1 0 1.10773 3.70156 0 -1.32161e-17 4.70275 -1.32161e-17 4.70275 0.974479 0 8.09575 0 
2 1 0 1.10843 3.70156 0 1.04088e-17 4.75274 1.04088e-17 4.75274 0.972215 0 9.45264 0 
2 1 0 1.10921 3.70156 0 3.40337e-17 4.80274 3.40337e-17 4.80274 0.969706 0 11.0058 0 
2 1 0 1.11008 3.70156 0 5.76587e-17 4.85273 5.76587e-17 4.85273 0.966898 0 12.7638 0 
2 1 0 1.11108 3.70156 0 4.00015e-17 4.90272 4.00015e-17 4.90272 0.963724 0 14.729 0 
2 1 0 1.11222 3.70156 0 2.23444e-17 4.95271 2.23444e-17 4.95271 0.960091 0 16.8947 0 
2 1 0 1.11356 3.70156 0 4.68728e-18 5.00269 4.68728e-18 5.00269 0.955879 0 19.2432 0 
2 1 0 1.11514 3.70156 0 -1.29698e-17 5.05266 -1.29698e-17 5.05266 0.950915 0 21.7445 0 
2 1 0 1.11706 3.70156 0 4.16385e-18 5.10263 4.16385e-18 5.10263 0.944958 0 24.3547 0 
2 1 0 1.11944 3.70156 0 2.12975e-17 5.15257 2.12975e-17 5.15257 0.937646 0 27.0158 0 
2 1 0 1.12249 3.70156 0 5.67518e-18 5.20248 5.67518e-18 5.20248 0.928427 0 29.6568 0 
2 1 0 1.12653 3.70156 0 -9.94722e-18 5.25231 -9.94722e-18 5.25231 0.916403 0 32.1958 0 
2 1 0 1.13217 3.70156 0 -9.85805e-18 5.30199 -9.85805e-18 5.30199 0.900026 0 34.5429 0 
2 1 0 1.14057 3.70156 0 -9.76877e-18 5.35128 -9.76877e-18 5.35128 0.876457 0 36.6039 0 
2 1 0 1.1542 3.70156 0 -9.67948e-18 5.39939 -9.67948e-18 5.39939 0.840245 0 38.2805 0 
2 1 0 1.17789 3.70156 0 -2.03224e-18 5.44342 -2.03224e-18 5.44342 0.782617 0 39.4673 0 
2 1 0 1.21546 3.70156 0 2.09666e-18 5.47641 2.09666e-18 5.47641 0.703192 0 40.1124 0 
2 1 0 1.26148 3.70156 0 2.22844e-18 5.49596 2.22844e-18 5.49596 0.622189 0 40.3898 0 
2 1 0 1.31017 3.70156 0 2.36023e-18 5.50734 2.36023e-18 5.50734 0.551764 0 40.5143 0 
2 1 0 1.35965 3.70156 0 5.02797e-19 5.51453 5.02797e-19 5.51453 0.49268 0 40.5787 0 
2 1 0 1.4094 3.70156 0 4.07544e-16 5.51945 4.07544e-16 5.51945 0.443182 0 40.6164 0 
2 1 0 1.45928 3.70156 0 2.06506e-17 5.52301 2.06506e-17 5.52301 0.401458 0 40.6404 0 
2 1 0 1.5092 3.70156 0 -4.97756e-17 5.52571 -4.97756e-17 5.52571 0.366011 0 40.6568 0 
2 1 0 1.55916 3.70156 0 -2.72774e-16 5.52782 -2.72774e-16 5.52782 0.335658 0 40.6685 0 
2 1 0 1.60914 3.70156 0 -1.13491e-13 5.52952 -1.13491e-13 5.52952 40.6773 0 0.309474 0 
2 1 0 1.65912 3.70156 0 1.26589e-16 5.53091 1.26589e-16 5.53091 0.286728 0 40.684 0 
2 1 0 1.7091 3.70156 0 -2.5126e-16 5.53208 -2.5126e-16 5.53208 0.266841 0 40.6892 0 
2 1 0 1.7591 3.70156 0 -6.99849e-17 5.53307 -6.99849e-17 5.53307 40.6935 0 0.249349 0 
2 1 0 1.80909 3.70156 0 3.3596e-17 5.53392 3.3596e-17 5.53392 0.233877 0 40.697 0 
2 1 0 1.85908 3.70156 0 4.0748e-17 5.53466 4.0748e-17 5.53466 40.6999 0 0.220122 0 
2 1 0 1.90908 3.70156 0 1.41876e-17 5.5353 1.41876e-17 5.5353 0.207834 0 40.7023 0 
2 1 0 1.95908 3.70156 0 -3.9484e-18 5.53587 -3.9484e-18 5.53587 0.196808 0 40.7044 0 
2 1 0 2.00907 3.70156 0 -6.17189e-18 5.53638 -6.17189e-18 5.53638 0.186874 0 40.7062 0 
2 1 0 1 3.70156 0 3.4069e-14 3.70156 3.4069e-14 3.70156 0.186874 0 40.7062 0 
1 1 0 1.02 3.70156 0 -2.71426e-15 3.70156 -2.71426e-15 3.70156 0.747711 0 0.747711 0 
1 1 0 1.04 3.70156 0 3.85881e-16 3.70156 3.85881e-16 3.70156 0.807461 0 0.807461 0 
1 1 0 1.08 3.70156 0 -5.93529e-15 3.70156 -5.93529e-15 3.70156 0.933657 0 0.933657 0 
2 1 0 1.13 3.70156 0 4.27482e-15 3.70156 4.27482e-15 3.70156 1.10342 0 1.10342 0 
2 1 0 1.18 3.70156 0 1.13886e-15 3.70156 1.13886e-15 3.70156 1.28572 0 1.28572 0 
2 1 0 1.23 3.70156 0 1.81073e-15 3.70156 1.81073e-15 3.70156 1.47962 0 1.47962 0 
2 1 0 1.28 3.70156 0 2.00672e-15 3.70156 2.00672e-15 3.70156 1.68419 0 1.68419 0 
2 1 0 1.33 3.70156 0 9.89039e-16 3.70156 9.89039e-16 3.70156 1.89847 0 1.89847 0 
2 1 0 1.38 3.70156 0 5.66951e-17 3.70156 5.66951e-17 3.70156 2.12151 0 2.12151 0 
2 1 0 1.43 3.70156 0 5.86442e-16 3.70156 5.86442e-16 3.70156 2.35242 0 2.35242 0 
2 1 0 1.48 3.70156 0 -1.00408e-16 3.70156 -1.00408e-16 3.70156 2.59031 0 2.59031 0 
2 1 0 1.53 3.70156 0 3.37517e-16 3.70156 3.37517e-16 3.70156 2.83436 0 2.83436 0 
2 1 0 1.58 3.70156 0 -2.88973e-16 3.70156 -2.88973e-16 3.70156 3.08377 0 3.08377 0 
2 1 0 1.63 3.70156 0 4.06465e-16 3.70156 4.06465e-16 3.70156 3.33782 0 3.33782 0 
2 1 0 1.68 3.70156 0 4.42454e-16 3.70156 4.42454e-16 3.70156 3.59581 0 3.59581 0 
2 1 0 1.73 3.70156 0 4.02389e-17 3.70156 4.02389e-17 3.70156 3.85711 0 3.85711 0 
2 1 0 1.78 3.70156 0 -1.29843e-16 3.70156 -1.29843e-16 3.70156 4.12113 0 4.12113 0 
2 1 0 1.83 3.70156 0 2.25636e-16 3.70156 2.25636e-16 3.70156 4.38731 0 4.38731 0 
2 1 0 1.88 3.70156 0 -4.14997e-17 3.70156 -4.14997e-17 3.70156 4.65517 0 4.65517 0 
2 1 0 1.93 3.70156 0 -1.41329e-16 3.70156 -1.41329e-16 3.70156 4.92423 0 4.92423 0 
2 1 0 1.98 3.70156 0 -1.76667e-16 3.70156 -1.76667e-16 3.70156 5.19408 0 5.19408 0 
2 1 0 2.03 3.70156 0 1.25339e-16 3.70156 1.25339e-16 3.70156 5.46435 0 5.46435 0 
2 1 0 1 3.70156 0 1.77145 3.70156 1.77145 3.70156 5.46435 0 5.46435 0 
2 1 0 1.01466 3.70156 0 1.75787 3.70156 1.75787 3.70156 1.36583 0 0.0184277 0 
2 1 0 1.02418 3.70156 0 1.74628 3.70156 1.74628 3.70156 1.31579 0 0.0192495 0 
2 1 0 1.03599 3.70156 0 1.72712 3.70156 1.72712 3.70156 1.2574 0 0.0203857 0 
2 1 0 1.04898 3.70156 0 1.69597 3.70156 1.69597 3.70156 1.19759 0 0.0219135 0 
2 1 0 1.0613 3.70156 0 1.64751 3.70156 1.64751 3.70156 1.14472 0 0.0240168 0 
2 1 0 1.06904 3.70156 0 1.59811 3.70156 1.59811 3.70156 1.11333 0 0.0262082 0 
2 1 0 1.07431 3.70156 0 1.54839 3.70156 1.54839 3.70156 1.09271 0 0.0286915 0 
2 1 0 1.07812 3.70156 0 1.49854 3.70156 1.49854 3.70156 1.07813 0 0.0316125 0 
2 1 0 1.08102 3.70156 0 1.44862 3.70156 1.44862 3.70156 1.06726 0 0.0351018 0 
2 1 0 1.0833 3.70156 0 1.39867 3.70156 1.39867 3.70156 1.05882 0 0.0392948 0 
2 1 0 1.08515 3.70156 0 1.34871 3.70156 1.34871 3.70156 1.05205 0 0.0443437 0 
2 1 0 1.08668 3.70156 0 1.29873 3.70156 1.29873 3.70156 1.0465 0 0.0504244 0 
2 1 0 1.08797 3.70156 0 1.24875 3.70156 1.24875 3.70156 1.04183 0 0.0577425 0 
2 1 0 1.08908 3.70156 0 1.19876 3.70156 1.19876 3.70156 1.03785 0 0.0665382 0 
2 1 0 1.09005 3.70156 0 1.14877 3.70156 1.14877 3.70156 1.0344 0 0.0770893 0 
2 1 0 1.09091 3.70156 0 1.09878 3.70156 1.09878 3.70156 1.03137 0 0.0897136 0 
2 1 0 1.09167 3.70156 0 1.04878 3.70156 1.04878 3.70156 1.02868 0 0.104769 0 
2 1 0 1.09236 3.70156 0 0.998788 3.70156 0.998788 3.70156 1.02627 0 0.122648 0 
2 1 0 1.09298 3.70156 0 0.948792 3.70156 0.948792 3.70156 1.02408 0 0.143775 0 
2 1 0 1.09355 3.70156 0 0.898795 3.70156 0.898795 3.70156 1.02209 0 0.168585 0 
2 1 0 1.09408 3.70156 0 0.848798 3.70156 0.848798 3.70156 1.02026 0 0.197512 0 
2 1 0 1.09457 3.70156 0 0.7988 3.70156 0.7988 3.70156 1.01856 0 0.230954 0 
2 1 0 1.09503 3.70156 0 0.748802 3.70156 0.748802 3.70156 1.01698 0 0.26924 0 
2 1 0 1.09545 3.70156 0 0.698804 3.70156 0.698804 3.70156 1.0155 0 0.312584 0 
2 1 0 1.09586 3.70156 0 0.648805 3.70156 0.648805 3.70156 1.0141 0 0.361037 0 
2 1 0 1.09624 3.70156 0 0.598807 3.70156 0.598807 3.70156 1.01278 0 0.414432 0 
2 1 0 1.09661 3.70156 0 0.548808 3.70156 0.548808 3.70156 1.01152 0 0.472333 0 
2 1 0 1.09696 3.70156 0 0.498809 3.70156 0.498809 3.70156 1.01032 0 0.533991 0 
2 1 0 1.0973 3.70156 0 0.448811 3.70156 0.448811 3.70156 1.00916 0 0.598323 0 
2 1 0 1.09763 3.70156 0 0.398812 3.70156 0.398812 3.70156 1.00805 0 0.663901 0 
2 1 0 1.09794 3.70156 0 0.348813 3.70156 0.348813 3.70156 1.00697 0 0.728983 0 
2 1 0 1.09825 3.70156 0 0.298814 3.70156 0.298814 3.70156 1.00592 0 0.791573 0 
2 1 0 1.09855 3.70156 0 0.248814 3.70156 0.248814 3.70156 1.00489 0 0.849518 0 
2 1 0 1.09885 3.70156 0 0.198815 3.70156 0.198815 3.70156 1.00388 0 0.900629 0 
2 1 0 1.09914 3.70156 0 0.148816 3.70156 0.148816 3.70156 1.00289 0 0.94283 0 
2 1 0 1.09943 3.70156 0 0.0988171 3.70156 0.0988171 3.70156 1.00191 0 0.974309 0 
2 1 0 1.09972 3.70156 0 0.0488179 3.70156 0.0488179 3.70156 1.00094 0 0.993658 0 
1 1 0 1.10001 3.70156 0 -0.00118131 3.70156 -0.00118131 3.70156 0.999977 0 0.999996 0 
1 1 0 1.10029 3.70156 0 -0.0511805 3.70156 -0.0511805 3.70156 0.999013 0 0.993036 0 
1 1 0 1.10058 3.70156 0 -0.10118 3.70156 -0.10118 3.70156 0.998047 0 0.973113 0 
1 1 0 1.10087 3.70156 0 -0.151179 3.70156 -0.151179 3.70156 0.997075 0 0.941155 0 
1 1 0 1.10116 3.70156 0 -0.201178 3.70156 -0.201178 3.70156 0.996094 0 0.898602 0 
1 1 0 1.10146 3.70156 0 -0.251177 3.70156 -0.251177 3.70156 0.9951 0 0.84729 0 
1 1 0 1.10176 3.70156 0 -0.301176 3.70156 -0.301176 3.70156 0.994089 0 0.789302 0 
1 1 0 1.10207 3.70156 0 -0.351175 3.70156 -0.351175 3.70156 0.993057 0 0.726822 0 
1 1 0 1.10239 3.70156 0 -0.401174 3.70156 -0.401174 3.70156 0.991999 0 0.661986 0 
1 1 0 1.10272 3.70156 0 -0.451173 3.70156 -0.451173 3.70156 0.990911 0 0.596766 0 
1 1 0 1.10305 3.70156 0 -0.501172 3.70156 -0.501172 3.70156 0.989787 0 0.532873 0 
1 1 0 1.10341 3.70156 0 -0.551171 3.70156 -0.551171 3.70156 0.988621 0 0.471702 0 
1 1 0 1.10377 3.70156 0 -0.601169 3.70156 -0.601169 3.70156 0.987406 0 0.414309 0 
1 1 0 1.10416 3.70156 0 -0.651168 3.70156 -0.651168 3.70156 0.986135 0 0.361415 0 
1 1 0 1.10456 3.70156 0 -0.701166 3.70156 -0.701166 3.70156 0.984797 0 0.313437 0 
1 1 0 1.10499 3.70156 0 -0.751165 3.70156 -0.751165 3.70156 0.983384 0 0.270525 0 
1 1 0 1.10545 3.70156 0 -0.801162 3.70156 -0.801162 3.70156 0.981883 0 0.232623 0 
1 1 0 1.10594 3.70156 0 -0.85116 3.70156 -0.85116 3.70156 0.980278 0 0.19951 0 
1 1 0 1.10647 3.70156 0 -0.901157 3.70156 -0.901157 3.70156 0.978553 0 0.17086 0 
1 1 0 1.10704 3.70156 0 -0.951154 3.70156 -0.951154 3.70156 0.976688 0 0.146277 0 
1 1 0 1.10767 3.70156 0 -1.00115 3.70156 -1.00115 3.70156 0.974655 0 0.125337 0 
1 1 0 1.10836 3.70156 0 -1.05115 3.70156 -1.05115 3.70156 0.972423 0 0.10761 0 
1 1 0 1.10913 3.70156 0 -1.10114 3.70156 -1.10114 3.70156 0.969953 0 0.0926822 0 
1 1 0 1.10999 3.70156 0 -1.15113 3.70156 -1.15113 3.70156 0.967193 0 0.0801702 0 
1 1 0 1.11096 3.70156 0 -1.20112 3.70156 -1.20112 3.70156 0.964077 0 0.069726 0 
1 1 0 1.11208 3.70156 0 -1.25111 3.70156 -1.25111 3.70156 0.960519 0 0.0610421 0 
1 1 0 1.11339 3.70156 0 -1.30109 3.70156 -1.30109 3.70156 0.956401 0 0.0538519 0 
1 1 0 1.11493 3.70156 0 -1.35107 3.70156 -1.35107 3.70156 0.95156 0 0.0479285 0 
1 1 0 1.1168 3.70156 0 -1.40104 3.70156 -1.40104 3.70156 0.945767 0 0.0430824 0 
1 1 0 1.1191 3.70156 0 -1.45098 3.70156 -1.45098 3.70156 0.938682 0 0.0391599 0 
1 1 0 1.12204 3.70156 0 -1.5009 3.70156 -1.5009 3.70156 0.929786 0 0.0360413 0 
1 1 0 1.12591 3.70156 0 -1.55075 3.70156 -1.55075 3.70156 0.918246 0 0.0336431 0 
1 1 0 1.13126 3.70156 0 -1.60046 3.70156 -1.60046 3.70156 0.90264 0 0.0319253 0 
1 1 0 1.13915 3.70156 0 -1.64983 3.70156 -1.64983 3.70156 0.880375 0 0.0309144 0 
1 1 0 1.15178 3.70156 0 -1.69821 3.70156 -1.69821 3.70156 0.84649 0 0.0307654 0 
1 1 0 1.17363 3.70156 0 -1.74318 3.70156 -1.74318 3.70156 0.792493 0 0.0318861 0 
1 1 0 1.20932 3.70156 0 -1.7782 3.70156 -1.7782 3.70156 0.715259 0 0.0347645 0 
1 1 0 1.2546 3.70156 0 -1.79942 3.70156 -1.79942 3.70156 0.633317 0 0.0390041 0 
1 1 0 1.30307 3.70156 0 -1.81167 3.70156 -1.81167 3.70156 0.561191 0 0.0438975 0 
1 1 0 1.35249 3.70156 0 -1.81932 3.70156 -1.81932 3.70156 0.500565 0 0.0491505 0 
1 1 0 1.40222 3.70156 0 -1.8245 3.70156 -1.8245 3.70156 0.449803 0 0.0546592 0 
1 1 0 1.45208 3.70156 0 -1.82822 3.70156 -1.82822 3.70156 0.407058 0 0.0603739 0 
1 1 0 1.502 3.70156 0 -1.83102 3.70156 -1.83102 3.70156 0.370786 0 0.0662627 0 
1 1 0 1.55195 3.70156 0 -1.8332 3.70156 -1.8332 3.70156 0.339761 0 0.0723006 0 
1 1 0 1.60192 3.70156 0 -1.83495 3.70156 -1.83495 3.70156 0.313025 0 0.0784664 0 
1 1 0 1.6519 3.70156 0 -1.83639 3.70156 -1.83639 3.70156 0.289822 0 0.0847409 0 
1 1 0 1.70189 3.70156 0 -1.83758 3.70156 -1.83758 3.70156 0.269553 0 0.0911069 0 
1 1 0 1.75188 3.70156 0 -1.83859 3.70156 -1.83859 3.70156 0.25174 0 0.0975488 0 
1 1 0 1.80187 3.70156 0 -1.83946 3.70156 -1.83946 3.70156 0.235997 0 0.104052 0 
1 1 0 1.85187 3.70156 0 -1.84021 3.70156 -1.84021 3.70156 0.222011 0 0.110604 0 
1 1 0 1.90186 3.70156 0 -1.84087 3.70156 -1.84087 3.70156 0.209525 0 0.117192 0 
1 1 0 1.95186 3.70156 0 -1.84145 3.70156 -1.84145 3.70156 0.198329 0 0.123806 0 
1 1 0 2.00186 3.70156 0 -1.84197 3.70156 -1.84197 3.70156 0.188246 0 0.130435 0 
2 2 0 1.10001 3.70156 0 -0.00118131 3.70156 -0.00118131 3.70156 0.188246 0 0.130435 0 
1 2 0 1.10006 3.70156 0 1.44712e-07 3.71156 1.44712e-07 3.71156 0.188246 0 0.130435 0 
2 2 0 1.10011 3.70156 0 -1.1042e-06 3.72156 -1.1042e-06 3.72156 1.00107 0 0.999614 0 
2 2 0 1.1002 3.70156 0 -3.03287e-10 3.73656 -3.03287e-10 3.73656 1.00328 0 0.999325 0 
2 2 0 1.10037 3.70156 0 -2.48109e-10 3.76656 -2.48109e-10 3.76656 1.01133 0 0.998746 0 
2 2 0 1.10066 3.70156 0 1.73084e-14 3.81656 1.73084e-14 3.81656 1.03583 0 0.997778 0 
2 2 0 1.10095 3.70156 0 -1.91394e-14 3.86656 -1.91394e-14 3.86656 1.0749 0 0.996802 0 
2 2 0 1.10125 3.70156 0 -6.18729e-15 3.91656 -6.18729e-15 3.91656 1.12983 0 0.995816 0 
2 2 0 1.10154 3.70156 0 -6.75091e-15 3.96656 -6.75091e-15 3.96656 1.20247 0 0.994815 0 
2 2 0 1.10185 3.70156 0 -5.56379e-16 4.01656 -5.56379e-16 4.01656 1.29524 0 0.993795 0 
2 2 0 1.10216 3.70156 0 -1.77447e-15 4.06656 -1.77447e-15 4.06656 1.41129 0 0.992753 0 
2 2 0 1.10248 3.70156 0 -8.99283e-15 4.11656 -8.99283e-15 4.11656 1.55453 0 0.991683 0 
2 2 0 1.10282 3.70156 0 8.66409e-15 4.16655 8.66409e-15 4.16655 1.7298 0 0.99058 0 
2 2 0 1.10316 3.70156 0 1.66129e-15 4.21655 1.66129e-15 4.21655 0.989439 0 1.94301 0 
2 2 0 1.10352 3.70156 0 -5.44053e-16 4.26655 -5.44053e-16 4.26655 2.20126 0 0.988253 0 
2 2 0 1.10389 3.70156 0 -8.46771e-15 4.31655 -8.46771e-15 4.31655 2.51303 0 0.987015 0 
2 2 0 1.10429 3.70156 0 9.07157e-15 4.36655 9.07157e-15 4.36655 0.985717 0 2.88825 0 
2 2 0 1.1047 3.70156 0 -3.74738e-17 4.41655 -3.74738e-17 4.41655 0.984349 0 3.33851 0 
2 2 0 1.10514 3.70156 0 4.23114e-16 4.46655 4.23114e-16 4.46655 0.9829 0 3.87699 0 
2 2 0 1.10561 3.70156 0 2.06294e-14 4.51654 2.06294e-14 4.51654 4.51851 0 0.981357 0 
2 2 0 1.10612 3.70156 0 -2.20337e-14 4.56654 -2.20337e-14 4.56654 5.27929 0 0.979704 0 
2 2 0 1.10666 3.70156 0 2.34392e-14 4.61654 2.34392e-14 4.61654 6.17657 0 0.977922 0 
2 2 0 1.10726 3.70156 0 -1.72646e-17 4.66653 -1.72646e-17 4.66653 0.975989 0 7.22805 0 
2 2 0 1.10791 3.70156 0 3.95377e-17 4.71653 3.95377e-17 4.71653 0.973877 0 8.45095 0 
2 2 0 1.10863 3.70156 0 -6.92583e-19 4.76652 -6.92583e-19 4.76652 0.97155 0 9.86076 0 
2 2 0 1.10944 3.70156 0 -4.09118e-17 4.81652 -4.09118e-17 4.81652 0.968964 0 11.4698 0 
2 2 0 1.11034 3.70156 0 -3.82031e-17 4.86651 -3.82031e-17 4.86651 0.966063 0 13.2851 0 
2 2 0 1.11137 3.70156 0 5.20971e-18 4.9165 5.20971e-18 4.9165 0.962772 0 15.3066 0 
2 2 0 1.11257 3.70156 0 9.84775e-18 4.96649 9.84775e-18 4.96649 0.958994 0 17.5249 0 
2 2 0 1.11396 3.70156 0 1.44677e-17 5.01647 1.44677e-17 5.01647 0.954594 0 19.9192 0 
2 2 0 1.11563 3.70156 0 1.90877e-17 5.06644 1.90877e-17 5.06644 0.949385 0 22.4555 0 
2 2 0 1.11766 3.70156 0 2.36909e-17 5.1164 2.36909e-17 5.1164 0.943096 0 25.0861 0 
2 2 0 1.1202 3.70156 0 2.83266e-17 5.16633 2.83266e-17 5.16633 0.935325 0 27.7492 0 
2 2 0 1.12348 3.70156 0 4.32099e-19 5.21623 4.32099e-19 5.21623 0.925442 0 30.3707 0 
2 2 0 1.12789 3.70156 0 -2.74624e-17 5.26603 -2.74624e-17 5.26603 0.912411 0 32.866 0 
2 2 0 1.13414 3.70156 0 -8.54962e-18 5.31564 -8.54962e-18 5.31564 0.894416 0 35.1438 0 
2 2 0 1.14365 3.70156 0 1.04241e-17 5.36473 1.04241e-17 5.36473 0.868059 0 37.1089 0 
2 2 0 1.15946 3.70156 0 6.63237e-18 5.41216 6.63237e-18 5.41216 0.826882 0 38.6612 0 
2 2 0 1.18692 3.70156 0 2.8411e-18 5.45395 2.8411e-18 5.45395 0.762261 0 39.6966 0 
2 2 0 1.22764 3.70156 0 -1.15392e-18 5.48296 -1.15392e-18 5.48296 0.680161 0 40.2142 0 
2 2 0 1.27476 3.70156 0 -1.63596e-18 5.49969 -1.63596e-18 5.49969 0.601583 0 40.4337 0 
2 2 0 1.32376 3.70156 0 -4.78867e-19 5.50963 -4.78867e-19 5.50963 0.534406 0 40.536 0 
2 2 0 1.37335 3.70156 0 5.61162e-19 5.51607 5.61162e-19 5.51607 0.478158 0 40.591 0 
2 2 0 1.42315 3.70156 0 -9.19459e-16 5.52054 -9.19459e-16 5.52054 0.430973 0 40.624 0 
2 2 0 1.47304 3.70156 0 -1.16248e-16 5.52383 -1.16248e-16 5.52383 0.391114 0 40.6455 0 
2 2 0 1.52297 3.70156 0 1.94167e-16 5.52634 1.94167e-16 5.52634 0.357178 0 40.6604 0 
2 2 0 1.57294 3.70156 0 1.49046e-13 5.52832 1.49046e-13 5.52832 0.328057 0 40.6712 0 
2 2 0 1.62291 3.70156 0 -1.02881e-13 5.52993 -1.02881e-13 5.52993 40.6793 0 0.302887 0 
2 2 0 1.6729 3.70156 0 1.8484e-16 5.53125 1.8484e-16 5.53125 40.6855 0 0.280982 0 
2 2 0 1.72289 3.70156 0 -5.44497e-14 5.53237 -5.44497e-14 5.53237 40.6905 0 0.261797 0 
2 2 0 1.77288 3.70156 0 -1.64975e-16 5.53331 -1.64975e-16 5.53331 0.244896 0 40.6945 0 
2 2 0 1.82287 3.70156 0 3.14431e-14 5.53413 3.14431e-14 5.53413 40.6978 0 0.229925 0 
2 2 0 1.87287 3.70156 0 2.27186e-16 5.53484 2.27186e-16 5.53484 0.216597 0 40.7006 0 
2 2 0 1.92286 3.70156 0 -2.43743e-16 5.53547 -2.43743e-16 5.53547 0.204677 0 40.7029 0 
2 2 0 1.97286 3.70156 0 -9.64668e-17 5.53602 -9.64668e-17 5.53602 0.193967 0 40.7049 0 
2 2 0 2.02286 3.70156 0 1.33642e-17 5.53651 1.33642e-17 5.53651 0.184307 0 40.7066 0 
2 2 0 1.10001 3.70156 0 -0.00118131 3.70156 -0.00118131 3.70156 0.184307 0 40.7066 0 
2 2 0 1.09994 3.70156 0 3.73293e-07 3.69156 3.73293e-07 3.69156 0.184307 0 40.7066 0 
2 2 0 1.09989 3.70156 0 5.00821e-07 3.68156 5.00821e-07 3.68156 1.00107 0 1.00039 0 
2 2 0 1.0998 3.70156 0 4.77365e-11 3.66656 4.77365e-11 3.66656 1.00328 0 1.00068 0 
2 2 0 1.09963 3.70156 0 -3.91118e-11 3.63656 -3.91118e-11 3.63656 1.01133 0 1.00126 0 
2 2 0 1.09934 3.70156 0 -3.9768e-14 3.58656 -3.9768e-14 3.58656 1.03583 0 1.00223 0 
2 2 0 1.09905 3.70156 0 9.72307e-15 3.53656 9.72307e-15 3.53656 1.07489 0 1.00321 0 
2 2 0 1.09876 3.70156 0 -8.86322e-15 3.48657 -8.86322e-15 3.48657 1.12983 0 1.0042 0 
2 2 0 1.09846 3.70156 0 -3.04631e-15 3.43657 -3.04631e-15 3.43657 1.20247 0 1.00521 0 
2 2 0 1.09816 3.70156 0 -1.59782e-14 3.38657 -1.59782e-14 3.38657 1.29524 0 1.00624 0 
2 2 0 1.09785 3.70156 0 -1.02994e-14 3.33657 -1.02994e-14 3.33657 1.41129 0 1.0073 0 
2 2 0 1.09753 3.70156 0 1.13184e-14 3.28657 1.13184e-14 3.28657 1.00839 0 1.55453 0 
2 2 0 1.0972 3.70156 0 -7.84013e-16 3.23657 -7.84013e-16 3.23657 1.7298 0 1.00951 0 
2 2 0 1.09686 3.70156 0 -4.41335e-16 3.18657 -4.41335e-16 3.18657 1.01067 0 1.94301 0 
2 2 0 1.0965 3.70156 0 1.82745e-16 3.13657 1.82745e-16 3.13657 1.01189 0 2.20126 0 
2 2 0 1.09614 3.70156 0 2.58228e-16 3.08657 2.58228e-16 3.08657 2.51303 0 1.01316 0 
2 2 0 1.09575 3.70156 0 2.31076e-16 3.03658 2.31076e-16 3.03658 2.88825 0 1.01449 0 
2 2 0 1.09534 3.70156 0 -1.6444e-16 2.98658 -1.6444e-16 2.98658 1.0159 0 3.33851 0 
2 2 0 1.09491 3.70156 0 2.59328e-16 2.93658 2.59328e-16 2.93658 3.87699 0 1.0174 0 
2 2 0 1.09444 3.70156 0 -2.00229e-16 2.88658 -2.00229e-16 2.88658 1.019 0 4.51851 0 
2 2 0 1.09395 3.70156 0 -1.80757e-16 2.83658 -1.80757e-16 2.83658 1.02072 0 5.27929 0 
2 2 0 1.09341 3.70156 0 -3.93389e-17 2.78659 -3.93389e-17 2.78659 1.02258 0 6.17658 0 
2 2 0 1.09283 3.70156 0 -1.01752e-17 2.73659 -1.01752e-17 2.73659 1.0246 0 7.22806 0 
2 2 0 1.0922 3.70156 0 1.89886e-17 2.68659 1.89886e-17 2.68659 1.02682 0 8.45096 0 
2 2 0 1.0915 3.70156 0 4.81523e-17 2.6366 4.81523e-17 2.6366 1.02928 0 9.86079 0 
2 2 0 1.09072 3.70156 0 -1.36929e-17 2.5866 -1.36929e-17 2.5866 1.03203 0 11.4698 0 
2 2 0 1.08985 3.70156 0 1.03012e-17 2.53661 1.03012e-17 2.53661 1.03513 0 13.2851 0 
2 2 0 1.08886 3.70156 0 -6.39599e-18 2.48662 -6.39599e-18 2.48662 1.03867 0 15.3067 0 
2 2 0 1.08771 3.70156 0 -2.30932e-17 2.43663 -2.30932e-17 2.43663 1.04276 0 17.5251 0 
2 2 0 1.08638 3.70156 0 -2.68195e-18 2.38665 -2.68195e-18 2.38665 1.04757 0 19.9195 0 
2 2 0 1.0848 3.70156 0 1.77293e-17 2.33668 1.77293e-17 2.33668 1.05331 0 22.4559 0 
2 2 0 1.08288 3.70156 0 3.68847e-18 2.28671 3.68847e-18 2.28671 1.06034 0 25.0868 0 
2 2 0 1.08051 3.70156 0 -1.03524e-17 2.23677 -1.03524e-17 2.23677 1.06915 0 27.7504 0 
2 2 0 1.07748 3.70156 0 -2.43932e-17 2.18686 -2.43932e-17 2.18686 1.08057 0 30.3726 0 
2 2 0 1.07345 3.70156 0 -6.64834e-18 2.13702 -6.64834e-18 2.13702 1.09602 0 32.8693 0 
2 2 0 1.06784 3.70156 0 1.10965e-17 2.08734 1.10965e-17 2.08734 1.11813 0 35.1501 0 
2 2 0 1.05948 3.70156 0 1.34848e-17 2.03804 1.34848e-17 2.03804 1.15231 0 37.1219 0 
2 2 0 1.04595 3.70156 0 6.92661e-19 1.98991 6.92661e-19 1.98991 1.21112 0 38.6912 0 
2 2 0 1.02244 3.70156 0 -4.56804e-18 1.94578 -4.56804e-18 1.94578 1.32473 0 39.766 0 
2 2 0 0.985029 3.70156 0 -2.32474e-18 1.91261 -2.32474e-18 1.91261 1.54136 0 40.3206 0 
2 2 0 0.939072 3.70156 0 -8.14268e-20 1.89291 -8.14268e-20 1.89291 1.8875 0 40.5414 0 
2 2 0 0.890401 3.70156 0 2.8944e-19 1.88146 2.8944e-19 1.88146 2.39313 0 40.6317 0 
2 2 0 0.840927 3.70156 0 6.60306e-19 1.87422 6.60306e-19 1.87422 3.13311 0 40.6742 0 
2 2 0 0.791172 3.70156 0 1.03117e-18 1.86928 1.03117e-18 1.86928 4.25021 0 40.6967 0 
2 2 0 0.7413 3.70156 0 1.40204e-18 1.86571 1.40204e-18 1.86571 6.01168 0 40.7097 0 
2 2 0 0.691373 3.70156 0 -6.36079e-17 1.863 -6.36079e-17 1.863 8.94349 0 40.7176 0 
2 2 0 0.641418 3.70156 0 2.22529e-16 1.86088 2.22529e-16 1.86088 40.7228 0 14.1578 0 
2 2 0 0.591447 3.70156 0 4.09369e-16 1.85918 4.09369e-16 1.85918 24.2248 0 40.7262 0 
2 2 0 0.541467 3.70156 0 7.48934e-17 1.85778 7.48934e-17 1.85778 45.7761 0 40.7285 0 
2 2 0 0.49148 3.70156 0 1.70793e-16 1.85661 1.70793e-16 1.85661 40.7302 0 98.4633 0 
2 2 0 0.441489 3.70156 0 -1.01079e-13 1.85562 -1.01079e-13 1.85562 251.922 0 40.7313 0 
2 2 0 0.391496 3.70156 0 9.01172e-14 1.85477 9.01172e-14 1.85477 40.7321 0 819.372 0 
2 2 0 0.341502 3.70156 0 -8.25837e-14 1.85403 -8.25837e-14 1.85403 40.7327 0 3764.33 0 
2 2 0 0.291506 3.70156 0 -8.59013e-18 1.85339 -8.59013e-18 1.85339 29178.5 0 40.7331 0 
2 2 0 0.241509 3.70156 0 2.26124e-16 1.85281 2.26124e-16 1.85281 40.7334 0 528069 0 
2 2 0 0.191511 3.70156 0 -8.32523e-14 1.8523 -8.32523e-14 1.8523 40.7336 0 4.33503e+07 0 
2 2 0 0.141513 3.70156 0 9.35449e-14 1.85185 9.35449e-14 1.85185 40.7338 0 8.01675e+10 0 
2 2 0 0.0915152 3.70156 0 -1.06856e-15 1.85144 -1.06856e-15 1.85144 5.50594e+17 0 40.7338 0 
2 2 0 0.0415165 3.70156 0 4.76925e-13 1.85106 4.76925e-13 1.85106 1.10929e+41 0 40.7339 0 
2 2 0 0.177473 3.70156 0 -3.57028e-16 1.85217 -3.57028e-16 1.85217 40.7336 0 2.33578e+08 0 
2 2 0 0.127475 3.70156 0 -3.08451e-16 1.85173 -3.08451e-16 1.85173 40.7338 0 1.9148e+12 0 
2 2 0 0.0774765 3.70156 0 -1.40983e-13 1.85133 -1.40983e-13 1.85133 40.7338 0 1.76664e+21 0 
2 2 0 0.0274778 3.70156 0 -3.4638e-13 1.85097 -3.4638e-13 1.85097 6.88413e+62 0 40.7339 0 
2 2 0 0.169485 3.70156 0 2.73946e-14 1.8521 2.73946e-14 1.8521 40.7336 0 6.89777e+08 0 
2 2 0 0.119487 3.70156 0 1.63146e-16 1.85166 1.63146e-16 1.85166 1.62492e+13 0 40.7338 0 
2 2 0 0.0694886 3.70156 0 -3.29499e-15 1.85127 -3.29499e-15 1.85127 40.7338 0 7.49301e+23 0 
2 2 0 0.0194898 3.70156 0 4.65102e-13 1.85091 4.65102e-13 1.85091 40.7339 0 1.7872e+89 0 
2 2 0 -0.199576 3.70156 0 -3.09611e-16 1.84967 -3.09611e-16 1.84967 40.7338 0 3.28745e-11 0 
