2 1 0 1 3.70156 0 1.93011 1.93011 1.93011 1.93011 0 0 0 0 
2 1 0 1.01234 3.70156 0 1.94123 1.94123 1.94123 1.94123 0.0182355 0 1.37851 0 
2 1 0 1.02029 3.70156 0 1.95022 1.95022 1.95022 1.95022 0.0189064 0 1.33587 0 
2 1 0 1.03033 3.70156 0 1.96446 1.96446 1.96446 1.96446 0.0198213 0 1.28487 0 
2 1 0 1.04189 3.70156 0 1.98689 1.98689 1.98689 1.98689 0.0210293 0 1.22969 0 
2 1 0 1.05372 3.70156 0 2.02124 2.02124 2.02124 2.02124 0.0226078 0 1.17683 0 
2 1 0 1.0617 3.70156 0 2.05614 2.05614 2.05614 2.05614 0.0241065 0 1.14306 0 
2 1 0 1.06742 3.70156 0 2.09126 2.09126 2.09126 2.09126 0.0256489 0 1.11978 0 
2 1 0 1.07171 3.70156 0 2.12649 2.12649 2.12649 2.12649 0.0273142 0 1.10279 0 
2 1 0 1.07505 3.70156 0 2.16176 2.16176 2.16176 2.16176 0.0291605 0 1.08985 0 
2 1 0 1.07772 3.70156 0 2.19707 2.19707 2.19707 2.19707 0.0312366 0 1.07964 0 
2 1 0 1.07991 3.70156 0 2.23239 2.23239 2.23239 2.23239 0.0335885 0 1.07138 0 
2 1 0 1.08175 3.70156 0 2.26772 2.26772 2.26772 2.26772 0.0362632 0 1.06455 0 
2 1 0 1.08331 3.70156 0 2.30306 2.30306 2.30306 2.30306 0.0393107 0 1.05879 0 
2 1 0 1.08465 3.70156 0 2.3384 2.3384 2.3384 2.3384 0.0427859 0 1.05387 0 
2 1 0 1.08582 3.70156 0 2.37375 2.37375 2.37375 2.37375 0.0467496 0 1.0496 0 
2 1 0 1.08685 3.70156 0 2.4091 2.4091 2.4091 2.4091 0.0512695 0 1.04587 0 
2 1 0 1.08777 3.70156 0 2.44445 2.44445 2.44445 2.44445 0.0564215 0 1.04256 0 
2 1 0 1.08859 3.70156 0 2.4798 2.4798 2.4798 2.4798 0.0622902 0 1.03961 0 
2 1 0 1.08934 3.70156 0 2.51515 2.51515 2.51515 2.51515 0.0689694 0 1.03695 0 
2 1 0 1.09001 3.70156 0 2.5505 2.5505 2.5505 2.5505 0.0765629 0 1.03455 0 
2 1 0 1.09063 3.70156 0 2.58585 2.58585 2.58585 2.58585 0.0851845 0 1.03235 0 
2 1 0 1.0912 3.70156 0 2.62121 2.62121 2.62121 2.62121 0.094958 0 1.03034 0 
2 1 0 1.09173 3.70156 0 2.65656 2.65656 2.65656 2.65656 0.106017 0 1.02849 0 
2 1 0 1.09222 3.70156 0 2.69191 2.69191 2.69191 2.69191 0.118503 0 1.02677 0 
2 1 0 1.09267 3.70156 0 2.72727 2.72727 2.72727 2.72727 0.132565 0 1.02517 0 
2 1 0 1.0931 3.70156 0 2.76262 2.76262 2.76262 2.76262 0.148358 0 1.02367 0 
2 1 0 1.0935 3.70156 0 2.79798 2.79798 2.79798 2.79798 0.166036 0 1.02227 0 
2 1 0 1.09388 3.70156 0 2.83333 2.83333 2.83333 2.83333 0.185752 0 1.02095 0 
2 1 0 1.09424 3.70156 0 2.86868 2.86868 2.86868 2.86868 0.207653 0 1.0197 0 
2 1 0 1.09458 3.70156 0 2.90404 2.90404 2.90404 2.90404 0.23187 0 1.01852 0 
2 1 0 1.09491 3.70156 0 2.93939 2.93939 2.93939 2.93939 0.258515 0 1.01739 0 
2 1 0 1.09522 3.70156 0 2.97475 2.97475 2.97475 2.97475 0.287671 0 1.01632 0 
2 1 0 1.09552 3.70156 0 3.0101 3.0101 3.0101 3.0101 0.319383 0 1.01529 0 
2 1 0 1.0958 3.70156 0 3.04546 3.04546 3.04546 3.04546 0.353649 0 1.0143 0 
2 1 0 1.09608 3.70156 0 3.08081 3.08081 3.08081 3.08081 0.390411 0 1.01335 0 
2 1 0 1.09634 3.70156 0 3.11617 3.11617 3.11617 3.11617 0.429546 0 1.01244 0 
2 1 0 1.0966 3.70156 0 3.15152 3.15152 3.15152 3.15152 0.470857 0 1.01155 0 
2 1 0 1.09685 3.70156 0 3.18688 3.18688 3.18688 3.18688 0.514065 0 1.0107 0 
2 1 0 1.09709 3.70156 0 3.22223 3.22223 3.22223 3.22223 0.558808 0 1.00986 0 
2 1 0 1.09733 3.70156 0 3.25759 3.25759 3.25759 3.25759 0.604636 0 1.00905 0 
2 1 0 1.09756 3.70156 0 3.29294 3.29294 3.29294 3.29294 0.651016 0 1.00826 0 
2 1 0 1.09779 3.70156 0 3.3283 3.3283 3.3283 3.3283 0.697336 0 1.00749 0 
2 1 0 1.09801 3.70156 0 3.36365 3.36365 3.36365 3.36365 0.742916 0 1.00674 0 
2 1 0 1.09823 3.70156 0 3.39901 3.39901 3.39901 3.39901 0.787023 0 1.00599 0 
2 1 0 1.09844 3.70156 0 3.43436 3.43436 3.43436 3.43436 0.82889 0 1.00526 0 
2 1 0 1.09866 3.70156 0 3.46972 3.46972 3.46972 3.46972 0.867738 0 1.00455 0 
2 1 0 1.09886 3.70156 0 3.50507 3.50507 3.50507 3.50507 0.902804 0 1.00384 0 
2 1 0 1.09907 3.70156 0 3.54043 3.54043 3.54043 3.54043 0.933364 0 1.00313 0 
2 1 0 1.09928 3.70156 0 3.57578 3.57578 3.57578 3.57578 0.958761 0 1.00244 0 
2 1 0 1.09948 3.70156 0 3.61114 3.61114 3.61114 3.61114 0.978434 0 1.00175 0 
2 1 0 1.09968 3.70156 0 3.64649 3.64649 3.64649 3.64649 0.991938 0 1.00106 0 
2 1 0 1.09989 3.70156 0 3.68185 3.68185 3.68185 3.68185 0.998963 0 1.00038 0 
1 1 0 1.10021 3.70156 0 3.73775 3.73775 3.73775 3.73775 0.996511 0 0.999302 0 
1 1 0 1.10041 3.70156 0 3.77311 3.77311 3.77311 3.77311 0.986446 0 0.99862 0 
1 1 0 1.10061 3.70156 0 3.80846 3.80846 3.80846 3.80846 0.970043 0 0.997936 0 
1 1 0 1.10082 3.70156 0 3.84382 3.84382 3.84382 3.84382 0.947683 0 0.997249 0 
1 1 0 1.10102 3.70156 0 3.87917 3.87917 3.87917 3.87917 0.919871 0 0.996558 0 
1 1 0 1.10123 3.70156 0 3.91453 3.91453 3.91453 3.91453 0.887221 0 0.995861 0 
1 1 0 1.10144 3.70156 0 3.94988 3.94988 3.94988 3.94988 0.850423 0 0.995157 0 
1 1 0 1.10166 3.70156 0 3.98524 3.98524 3.98524 3.98524 0.810223 0 0.994445 0 
1 1 0 1.10187 3.70156 0 4.02059 4.02059 4.02059 4.02059 0.767394 0 0.993723 0 
1 1 0 1.10209 3.70156 0 4.05595 4.05595 4.05595 4.05595 0.722708 0 0.99299 0 
1 1 0 1.10232 3.70156 0 4.0913 4.0913 4.0913 4.0913 0.676915 0 0.992243 0 
1 1 0 1.10254 3.70156 0 4.12666 4.12666 4.12666 4.12666 0.630719 0 0.991483 0 
1 1 0 1.10278 3.70156 0 4.16201 4.16201 4.16201 4.16201 0.584765 0 0.990705 0 
1 1 0 1.10302 3.70156 0 4.19737 4.19737 4.19737 4.19737 0.539623 0 0.98991 0 
1 1 0 1.10326 3.70156 0 4.23272 4.23272 4.23272 4.23272 0.495782 0 0.989093 0 
1 1 0 1.10352 3.70156 0 4.26808 4.26808 4.26808 4.26808 0.453647 0 0.988254 0 
1 1 0 1.10378 3.70156 0 4.30343 4.30343 4.30343 4.30343 0.413536 0 0.987389 0 
1 1 0 1.10405 3.70156 0 4.33879 4.33879 4.33879 4.33879 0.375685 0 0.986495 0 
1 1 0 1.10433 3.70156 0 4.37414 4.37414 4.37414 4.37414 0.340253 0 0.985571 0 
1 1 0 1.10462 3.70156 0 4.4095 4.4095 4.4095 4.4095 0.307331 0 0.984611 0 
1 1 0 1.10493 3.70156 0 4.44485 4.44485 4.44485 4.44485 0.276949 0 0.983612 0 
1 1 0 1.10524 3.70156 0 4.48021 4.48021 4.48021 4.48021 0.249085 0 0.982571 0 
1 1 0 1.10557 3.70156 0 4.51556 4.51556 4.51556 4.51556 0.223677 0 0.981481 0 
1 1 0 1.10592 3.70156 0 4.55091 4.55091 4.55091 4.55091 0.200627 0 0.980338 0 
1 1 0 1.10629 3.70156 0 4.58627 4.58627 4.58627 4.58627 0.179817 0 0.979135 0 
1 1 0 1.10668 3.70156 0 4.62162 4.62162 4.62162 4.62162 0.161109 0 0.977866 0 
1 1 0 1.1071 3.70156 0 4.65698 4.65698 4.65698 4.65698 0.144357 0 0.976521 0 
1 1 0 1.10754 3.70156 0 4.69233 4.69233 4.69233 4.69233 0.129406 0 0.975092 0 
1 1 0 1.10801 3.70156 0 4.72768 4.72768 4.72768 4.72768 0.116107 0 0.973567 0 
1 1 0 1.10851 3.70156 0 4.76304 4.76304 4.76304 4.76304 0.104309 0 0.971934 0 
1 1 0 1.10906 3.70156 0 4.79839 4.79839 4.79839 4.79839 0.0938687 0 0.970176 0 
1 1 0 1.10965 3.70156 0 4.83374 4.83374 4.83374 4.83374 0.0846517 0 0.968277 0 
1 1 0 1.11029 3.70156 0 4.8691 4.8691 4.8691 4.8691 0.0765313 0 0.966214 0 
1 1 0 1.111 3.70156 0 4.90445 4.90445 4.90445 4.90445 0.0693913 0 0.96396 0 
1 1 0 1.11178 3.70156 0 4.9398 4.9398 4.9398 4.9398 0.0631256 0 0.961484 0 
1 1 0 1.11265 3.70156 0 4.97515 4.97515 4.97515 4.97515 0.0576384 0 0.958745 0 
1 1 0 1.11361 3.70156 0 5.0105 5.0105 5.0105 5.0105 0.0528439 0 0.955694 0 
1 1 0 1.11471 3.70156 0 5.04585 5.04585 5.04585 5.04585 0.0486658 0 0.952267 0 
1 1 0 1.11595 3.70156 0 5.08119 5.08119 5.08119 5.08119 0.0450376 0 0.948384 0 
1 1 0 1.11739 3.70156 0 5.11653 5.11653 5.11653 5.11653 0.0419012 0 0.943938 0 
1 1 0 1.11907 3.70156 0 5.15187 5.15187 5.15187 5.15187 0.0392075 0 0.938788 0 
1 1 0 1.12106 3.70156 0 5.18719 5.18719 5.18719 5.18719 0.0369157 0 0.932741 0 
1 1 0 1.12346 3.70156 0 5.22251 5.22251 5.22251 5.22251 0.034994 0 0.925527 0 
1 1 0 1.12641 3.70156 0 5.2578 5.2578 5.2578 5.2578 0.0334204 0 0.916758 0 
1 1 0 1.13015 3.70156 0 5.29306 5.29306 5.29306 5.29306 0.0321852 0 0.905853 0 
1 1 0 1.13502 3.70156 0 5.32825 5.32825 5.32825 5.32825 0.031296 0 0.891912 0 
1 1 0 1.14166 3.70156 0 5.36329 5.36329 5.36329 5.36329 0.0307888 0 0.873474 0 
1 1 0 1.15118 3.70156 0 5.398 5.398 5.398 5.398 0.0307517 0 0.84806 0 
1 1 0 1.1657 3.70156 0 5.43183 5.43183 5.43183 5.43183 0.0313773 0 0.811467 0 
1 1 0 1.1889 3.70156 0 5.46315 5.46315 5.46315 5.46315 0.0330332 0 0.75791 0 
1 1 0 1.22399 3.70156 0 5.48833 5.48833 5.48833 5.48833 0.0360914 0 0.686931 0 
1 1 0 1.26802 3.70156 0 5.50508 5.50508 5.50508 5.50508 0.0403295 0 0.611892 0 
1 1 0 1.31579 3.70156 0 5.51554 5.51554 5.51554 5.51554 0.0452262 0 0.544474 0 
1 1 0 1.36485 3.70156 0 5.52235 5.52235 5.52235 5.52235 0.0505009 0 0.487077 0 
1 1 0 1.4144 3.70156 0 5.52708 5.52708 5.52708 5.52708 0.0560392 0 0.438674 0 
1 1 0 1.46416 3.70156 0 5.53053 5.53053 5.53053 5.53053 0.0617852 0 0.397731 0 
1 1 0 1.51403 3.70156 0 5.53316 5.53316 5.53316 5.53316 0.0677039 0 0.362875 0 
1 1 0 1.56395 3.70156 0 5.53522 5.53522 5.53522 5.53522 0.0737699 0 0.332983 0 
1 1 0 1.6139 3.70156 0 5.53688 5.53688 5.53688 5.53688 0.0799602 0 0.30717 0 
1 1 0 1.66386 3.70156 0 5.53825 5.53825 5.53825 5.53825 0.0862559 0 0.284727 0 
1 1 0 1.71383 3.70156 0 5.5394 5.5394 5.5394 5.5394 0.0926398 0 0.26509 0 
1 1 0 1.76382 3.70156 0 5.54038 5.54038 5.54038 5.54038 0.0990964 0 0.247806 0 
1 1 0 1.8138 3.70156 0 5.54121 5.54121 5.54121 5.54121 0.105612 0 0.232511 0 
1 1 0 1.86379 3.70156 0 5.54194 5.54194 5.54194 5.54194 0.112173 0 0.218905 0 
1 1 0 1.91378 3.70156 0 5.54258 5.54258 5.54258 5.54258 0.118767 0 0.206746 0 
1 1 0 1.96378 3.70156 0 5.54315 5.54315 5.54315 5.54315 0.125385 0 0.19583 0 
1 1 0 2.01377 3.70156 0 5.54365 5.54365 5.54365 5.54365 0.132016 0 0.185991 0 
2 1 0 1 3.70156 0 1.77145 3.70156 1.77145 3.70156 0.132016 0 0.185991 0 
2 1 0 1.01466 3.70156 0 1.75787 3.70156 1.75787 3.70156 1.36583 0 0.0184277 0 
2 1 0 1.02418 3.70156 0 1.74628 3.70156 1.74628 3.70156 1.31579 0 0.0192495 0 
2 1 0 1.03599 3.70156 0 1.72712 3.70156 1.72712 3.70156 1.2574 0 0.0203857 0 
2 1 0 1.04898 3.70156 0 1.69597 3.70156 1.69597 3.70156 1.19759 0 0.0219135 0 
2 1 0 1.0613 3.70156 0 1.64751 3.70156 1.64751 3.70156 1.14472 0 0.0240168 0 
2 1 0 1.06904 3.70156 0 1.59811 3.70156 1.59811 3.70156 1.11333 0 0.0262082 0 
2 1 0 1.07431 3.70156 0 1.54839 3.70156 1.54839 3.70156 1.09271 0 0.0286915 0 
2 1 0 1.07812 3.70156 0 1.49854 3.70156 1.49854 3.70156 1.07813 0 0.0316125 0 
2 1 0 1.08102 3.70156 0 1.44862 3.70156 1.44862 3.70156 1.06726 0 0.0351018 0 
2 1 0 1.0833 3.70156 0 1.39867 3.70156 1.39867 3.70156 1.05882 0 0.0392948 0 
2 1 0 1.08515 3.70156 0 1.34871 3.70156 1.34871 3.70156 1.05205 0 0.0443437 0 
2 1 0 1.08668 3.70156 0 1.29873 3.70156 1.29873 3.70156 1.0465 0 0.0504244 0 
2 1 0 1.08797 3.70156 0 1.24875 3.70156 1.24875 3.70156 1.04183 0 0.0577425 0 
2 1 0 1.08908 3.70156 0 1.19876 3.70156 1.19876 3.70156 1.03785 0 0.0665382 0 
2 1 0 1.09005 3.70156 0 1.14877 3.70156 1.14877 3.70156 1.0344 0 0.0770893 0 
2 1 0 1.09091 3.70156 0 1.09878 3.70156 1.09878 3.70156 1.03137 0 0.0897136 0 
2 1 0 1.09167 3.70156 0 1.04878 3.70156 1.04878 3.70156 1.02868 0 0.104769 0 
2 1 0 1.09236 3.70156 0 0.998788 3.70156 0.998788 3.70156 1.02627 0 0.122648 0 
2 1 0 1.09298 3.70156 0 0.948792 3.70156 0.948792 3.70156 1.02408 0 0.143775 0 
2 1 0 1.09355 3.70156 0 0.898795 3.70156 0.898795 3.70156 1.02209 0 0.168585 0 
2 1 0 1.09408 3.70156 0 0.848798 3.70156 0.848798 3.70156 1.02026 0 0.197512 0 
2 1 0 1.09457 3.70156 0 0.7988 3.70156 0.7988 3.70156 1.01856 0 0.230954 0 
2 1 0 1.09503 3.70156 0 0.748802 3.70156 0.748802 3.70156 1.01698 0 0.26924 0 
2 1 0 1.09545 3.70156 0 0.698804 3.70156 0.698804 3.70156 1.0155 0 0.312584 0 
2 1 0 1.09586 3.70156 0 0.648805 3.70156 0.648805 3.70156 1.0141 0 0.361037 0 
2 1 0 1.09624 3.70156 0 0.598807 3.70156 0.598807 3.70156 1.01278 0 0.414432 0 
2 1 0 1.09661 3.70156 0 0.548808 3.70156 0.548808 3.70156 1.01152 0 0.472333 0 
2 1 0 1.09696 3.70156 0 0.498809 3.70156 0.498809 3.70156 1.01032 0 0.533991 0 
2 1 0 1.0973 3.70156 0 0.448811 3.70156 0.448811 3.70156 1.00916 0 0.598323 0 
2 1 0 1.09763 3.70156 0 0.398812 3.70156 0.398812 3.70156 1.00805 0 0.663901 0 
2 1 0 1.09794 3.70156 0 0.348813 3.70156 0.348813 3.70156 1.00697 0 0.728983 0 
2 1 0 1.09825 3.70156 0 0.298814 3.70156 0.298814 3.70156 1.00592 0 0.791573 0 
2 1 0 1.09855 3.70156 0 0.248815 3.70156 0.248815 3.70156 1.00489 0 0.849518 0 
2 1 0 1.09885 3.70156 0 0.198815 3.70156 0.198815 3.70156 1.00388 0 0.900629 0 
2 1 0 1.09914 3.70156 0 0.148816 3.70156 0.148816 3.70156 1.00289 0 0.94283 0 
2 1 0 1.09943 3.70156 0 0.0988171 3.70156 0.0988171 3.70156 1.00191 0 0.974309 0 
2 1 0 1.09972 3.70156 0 0.0488179 3.70156 0.0488179 3.70156 1.00094 0 0.993658 0 
1 1 0 1.10001 3.70156 0 -0.0011813 3.70156 -0.0011813 3.70156 0.999977 0 0.999996 0 
1 1 0 1.10029 3.70156 0 -0.0511805 3.70156 -0.0511805 3.70156 0.999013 0 0.993036 0 
1 1 0 1.10058 3.70156 0 -0.10118 3.70156 -0.10118 3.70156 0.998047 0 0.973113 0 
1 1 0 1.10087 3.70156 0 -0.151179 3.70156 -0.151179 3.70156 0.997075 0 0.941155 0 
1 1 0 1.10116 3.70156 0 -0.201178 3.70156 -0.201178 3.70156 0.996094 0 0.898602 0 
1 1 0 1.10146 3.70156 0 -0.251177 3.70156 -0.251177 3.70156 0.9951 0 0.84729 0 
1 1 0 1.10176 3.70156 0 -0.301176 3.70156 -0.301176 3.70156 0.994089 0 0.789302 0 
1 1 0 1.10207 3.70156 0 -0.351175 3.70156 -0.351175 3.70156 0.993057 0 0.726822 0 
1 1 0 1.10239 3.70156 0 -0.401174 3.70156 -0.401174 3.70156 0.991999 0 0.661986 0 
1 1 0 1.10272 3.70156 0 -0.451173 3.70156 -0.451173 3.70156 0.990911 0 0.596766 0 
1 1 0 1.10305 3.70156 0 -0.501172 3.70156 -0.501172 3.70156 0.989787 0 0.532873 0 
1 1 0 1.10341 3.70156 0 -0.551171 3.70156 -0.551171 3.70156 0.988621 0 0.471702 0 
1 1 0 1.10377 3.70156 0 -0.601169 3.70156 -0.601169 3.70156 0.987406 0 0.414309 0 
1 1 0 1.10416 3.70156 0 -0.651168 3.70156 -0.651168 3.70156 0.986135 0 0.361415 0 
1 1 0 1.10456 3.70156 0 -0.701166 3.70156 -0.701166 3.70156 0.984797 0 0.313437 0 
1 1 0 1.10499 3.70156 0 -0.751165 3.70156 -0.751165 3.70156 0.983384 0 0.270525 0 
1 1 0 1.10545 3.70156 0 -0.801162 3.70156 -0.801162 3.70156 0.981883 0 0.232623 0 
1 1 0 1.10594 3.70156 0 -0.85116 3.70156 -0.85116 3.70156 0.980278 0 0.19951 0 
1 1 0 1.10647 3.70156 0 -0.901157 3.70156 -0.901157 3.70156 0.978553 0 0.17086 0 
1 1 0 1.10704 3.70156 0 -0.951154 3.70156 -0.951154 3.70156 0.976688 0 0.146277 0 
1 1 0 1.10767 3.70156 0 -1.00115 3.70156 -1.00115 3.70156 0.974655 0 0.125337 0 
1 1 0 1.10836 3.70156 0 -1.05115 3.70156 -1.05115 3.70156 0.972423 0 0.10761 0 
1 1 0 1.10913 3.70156 0 -1.10114 3.70156 -1.10114 3.70156 0.969953 0 0.0926822 0 
1 1 0 1.10999 3.70156 0 -1.15113 3.70156 -1.15113 3.70156 0.967193 0 0.0801702 0 
1 1 0 1.11096 3.70156 0 -1.20112 3.70156 -1.20112 3.70156 0.964077 0 0.069726 0 
1 1 0 1.11208 3.70156 0 -1.25111 3.70156 -1.25111 3.70156 0.960519 0 0.0610421 0 
1 1 0 1.11339 3.70156 0 -1.30109 3.70156 -1.30109 3.70156 0.956401 0 0.0538519 0 
1 1 0 1.11493 3.70156 0 -1.35107 3.70156 -1.35107 3.70156 0.95156 0 0.0479285 0 
1 1 0 1.1168 3.70156 0 -1.40104 3.70156 -1.40104 3.70156 0.945767 0 0.0430824 0 
1 1 0 1.1191 3.70156 0 -1.45098 3.70156 -1.45098 3.70156 0.938682 0 0.0391599 0 
1 1 0 1.12204 3.70156 0 -1.5009 3.70156 -1.5009 3.70156 0.929786 0 0.0360413 0 
1 1 0 1.12591 3.70156 0 -1.55075 3.70156 -1.55075 3.70156 0.918246 0 0.0336431 0 
1 1 0 1.13126 3.70156 0 -1.60046 3.70156 -1.60046 3.70156 0.90264 0 0.0319253 0 
1 1 0 1.13915 3.70156 0 -1.64983 3.70156 -1.64983 3.70156 0.880375 0 0.0309144 0 
1 1 0 1.15178 3.70156 0 -1.69821 3.70156 -1.69821 3.70156 0.84649 0 0.0307654 0 
1 1 0 1.17363 3.70156 0 -1.74318 3.70156 -1.74318 3.70156 0.792493 0 0.0318861 0 
1 1 0 1.20932 3.70156 0 -1.7782 3.70156 -1.7782 3.70156 0.715259 0 0.0347645 0 
1 1 0 1.2546 3.70156 0 -1.79942 3.70156 -1.79942 3.70156 0.633317 0 0.0390041 0 
1 1 0 1.30307 3.70156 0 -1.81167 3.70156 -1.81167 3.70156 0.561191 0 0.0438975 0 
1 1 0 1.35249 3.70156 0 -1.81932 3.70156 -1.81932 3.70156 0.500565 0 0.0491505 0 
1 1 0 1.40222 3.70156 0 -1.8245 3.70156 -1.8245 3.70156 0.449803 0 0.0546592 0 
1 1 0 1.45208 3.70156 0 -1.82822 3.70156 -1.82822 3.70156 0.407058 0 0.0603739 0 
1 1 0 1.502 3.70156 0 -1.83102 3.70156 -1.83102 3.70156 0.370786 0 0.0662627 0 
1 1 0 1.55195 3.70156 0 -1.8332 3.70156 -1.8332 3.70156 0.339761 0 0.0723006 0 
1 1 0 1.60192 3.70156 0 -1.83495 3.70156 -1.83495 3.70156 0.313025 0 0.0784664 0 
1 1 0 1.6519 3.70156 0 -1.83639 3.70156 -1.83639 3.70156 0.289822 0 0.0847409 0 
1 1 0 1.70189 3.70156 0 -1.83758 3.70156 -1.83758 3.70156 0.269553 0 0.0911069 0 
1 1 0 1.75188 3.70156 0 -1.83859 3.70156 -1.83859 3.70156 0.25174 0 0.0975488 0 
1 1 0 1.80187 3.70156 0 -1.83946 3.70156 -1.83946 3.70156 0.235997 0 0.104052 0 
1 1 0 1.85187 3.70156 0 -1.84021 3.70156 -1.84021 3.70156 0.222011 0 0.110604 0 
1 1 0 1.90186 3.70156 0 -1.84087 3.70156 -1.84087 3.70156 0.209525 0 0.117192 0 
1 1 0 1.95186 3.70156 0 -1.84145 3.70156 -1.84145 3.70156 0.198329 0 0.123806 0 
1 1 0 2.00186 3.70156 0 -1.84197 3.70156 -1.84197 3.70156 0.188246 0 0.130435 0 
2 2 0 1.10001 3.70156 0 -0.0011813 3.70156 -0.0011813 3.70156 0.188246 0 0.130435 0
2 2 0 1.10023 3.70156 0 -1.10283e-06 3.72156 -1.10283e-06 3.72156 1.00214 0 0.999229 0 
2 2 0 1.1004 3.70156 0 -2.68666e-10 3.73656 -2.68666e-10 3.73656 1.00656 0 0.998651 0 
2 2 0 1.10074 3.70156 0 -2.46962e-10 3.76656 -2.46962e-10 3.76656 1.02279 0 0.997494 0 
2 2 0 1.10132 3.70156 0 4.00094e-14 3.81656 4.00094e-14 3.81656 1.07289 0 0.995563 0 
2 2 0 1.1019 3.70156 0 -1.87814e-14 3.86655 -1.87814e-14 3.86655 1.15524 0 0.99362 0 
2 2 0 1.10249 3.70156 0 1.70021e-14 3.91655 1.70021e-14 3.91655 1.27613 0 0.991659 0 
2 2 0 1.10309 3.70156 0 1.38855e-14 3.96654 1.38855e-14 3.96654 1.44513 0 0.989672 0 
2 2 0 1.1037 3.70156 0 -2.19791e-15 4.01654 -2.19791e-15 4.01654 0.987651 0 1.67612 0 
2 2 0 1.10432 3.70156 0 -2.77968e-15 4.06654 -2.77968e-15 4.06654 1.98892 0 0.985587 0 
2 2 0 1.10497 3.70156 0 -1.52906e-15 4.11653 -1.52906e-15 4.11653 0.983473 0 2.41155 0 
2 2 0 1.10563 3.70156 0 6.35702e-16 4.16653 6.35702e-16 4.16653 2.98353 0 0.981298 0 
2 2 0 1.10632 3.70156 0 -1.74769e-16 4.21652 -1.74769e-16 4.21652 0.979051 0 3.76047 0 
2 2 0 1.10703 3.70156 0 1.94484e-14 4.26652 1.94484e-14 4.26652 4.82051 0 0.97672 0 
2 2 0 1.10778 3.70156 0 -7.69257e-17 4.31651 -7.69257e-17 4.31651 0.974291 0 6.27328 0 
2 2 0 1.10857 3.70156 0 -4.96501e-16 4.36651 -4.96501e-16 4.36651 8.27193 0 0.971749 0 
2 2 0 1.1094 3.70156 0 -3.86675e-14 4.4165 -3.86675e-14 4.4165 0.969075 0 11.0293 0 
2 2 0 1.11028 3.70156 0 -3.97574e-14 4.46649 -3.97574e-14 4.46649 14.8389 0 0.96625 0 
2 2 0 1.11122 3.70156 0 4.15524e-14 4.51648 4.15524e-14 4.51648 0.963248 0 20.1009 0 
2 2 0 1.11224 3.70156 0 2.86499e-16 4.56647 2.86499e-16 4.56647 0.96004 0 27.354 0 
2 2 0 1.11333 3.70156 0 3.01402e-18 4.61646 3.01402e-18 4.61646 0.956593 0 37.3097 0 
2 2 0 1.11452 3.70156 0 2.05243e-18 4.66645 2.05243e-18 4.66645 0.952863 0 50.8885 0 
2 2 0 1.11582 3.70156 0 1.09084e-18 4.71643 1.09084e-18 4.71643 0.9488 0 69.2473 0 
2 2 0 1.11726 3.70156 0 1.29252e-19 4.76641 1.29252e-19 4.76641 0.94434 0 93.7916 0 
2 2 0 1.11887 3.70156 0 -8.32337e-19 4.81638 -8.32337e-19 4.81638 0.939404 0 126.153 0 
2 2 0 1.12068 3.70156 0 -1.79393e-18 4.86635 -1.79393e-18 4.86635 0.933891 0 168.115 0 
2 2 0 1.12274 3.70156 0 -2.75552e-18 4.91631 -2.75552e-18 4.91631 0.927669 0 221.465 0 
2 2 0 1.12512 3.70156 0 -3.7171e-18 4.96625 -3.7171e-18 4.96625 0.920566 0 287.751 0 
2 2 0 1.12791 3.70156 0 -4.67869e-18 5.01618 -4.67869e-18 5.01618 0.912351 0 367.935 0 
2 2 0 1.13124 3.70156 0 -5.64028e-18 5.06606 -5.64028e-18 5.06606 0.902705 0 461.945 0 
2 2 0 1.13528 3.70156 0 -6.60187e-18 5.1159 -6.60187e-18 5.1159 0.89118 0 568.159 0 
2 2 0 1.14033 3.70156 0 -7.56346e-18 5.16564 -7.56346e-18 5.16564 0.877125 0 682.86 0 
2 2 0 1.14682 3.70156 0 -8.52505e-18 5.21522 -8.52505e-18 5.21522 0.859567 0 799.724 0 
2 2 0 1.15546 3.70156 0 -1.34659e-18 5.26447 -1.34659e-18 5.26447 0.837009 0 909.379 0 
2 2 0 1.16748 3.70156 0 5.83187e-18 5.313 5.83187e-18 5.313 0.807133 0 999.067 0 
2 2 0 1.18497 3.70156 0 5.05457e-18 5.35985 5.05457e-18 5.35985 0.766586 0 1052.78 0 
2 2 0 1.21087 3.70156 0 4.27727e-18 5.40261 4.27727e-18 5.40261 0.712185 0 1054.75 0 
2 2 0 1.24688 3.70156 0 3.49997e-18 5.4373 3.49997e-18 5.4373 0.646187 0 1003.39 0 
2 2 0 1.29043 3.70156 0 2.72267e-18 5.46186 2.72267e-18 5.46186 0.578657 0 922.082 0 
2 2 0 1.33764 3.70156 0 -7.66048e-16 5.47835 -7.66048e-16 5.47835 836.26 0 0.517602 0 
2 2 0 1.38634 3.70156 0 -4.13838e-17 5.48969 -4.13838e-17 5.48969 0.46504 0 757.237 0 
2 2 0 1.43567 3.70156 0 -5.35997e-15 5.49782 -5.35997e-15 5.49782 0.420335 0 687.716 0 
2 2 0 1.4853 3.70156 0 1.11448e-16 5.50391 1.11448e-16 5.50391 0.38228 0 627.399 0 
2 2 0 1.53507 3.70156 0 8.10679e-16 5.50862 8.10679e-16 5.50862 575.188 0 0.349719 0 
2 2 0 1.58493 3.70156 0 9.22006e-17 5.51237 9.22006e-17 5.51237 0.321684 0 529.888 0 
2 2 0 1.63484 3.70156 0 3.64917e-16 5.51542 3.64917e-16 5.51542 0.297386 0 490.42 0 
2 2 0 1.68478 3.70156 0 -1.64557e-13 5.51796 -1.64557e-13 5.51796 455.866 0 0.276193 0 
2 2 0 1.73473 3.70156 0 -2.28266e-16 5.52009 -2.28266e-16 5.52009 0.257599 0 425.464 0 
2 2 0 1.7847 3.70156 0 2.26374e-16 5.52192 2.26374e-16 5.52192 0.241192 0 398.581 0 
2 2 0 1.83468 3.70156 0 -7.44657e-14 5.5235 -7.44657e-14 5.5235 374.695 0 0.226639 0 
2 2 0 1.88466 3.70156 0 -7.11426e-17 5.52487 -7.11426e-17 5.52487 0.213666 0 353.376 0 
2 2 0 1.93465 3.70156 0 4.78969e-14 5.52609 4.78969e-14 5.52609 334.264 0 0.20205 0 
2 2 0 1.98463 3.70156 0 -3.26718e-17 5.52716 -3.26718e-17 5.52716 0.191603 0 317.062 0 
2 2 0 2.03462 3.70156 0 3.19041e-14 5.52812 3.19041e-14 5.52812 301.519 0 0.182171 0 
2 2 0 1.10001 3.70156 0 -0.0011813 3.70156 -0.0011813 3.70156 301.519 0 0.182171 0 
2 2 0 1.09988 3.70156 0 8.29044e-08 3.69156 8.29044e-08 3.69156 301.519 0 0.182171 0 
2 2 0 1.09977 3.70156 0 4.99595e-07 3.68156 4.99595e-07 3.68156 1.00214 0 1.00077 0 
2 2 0 1.0996 3.70156 0 9.5315e-11 3.66656 9.5315e-11 3.66656 1.00656 0 1.00135 0 
2 2 0 1.09926 3.70156 0 -3.90105e-11 3.63657 -3.90105e-11 3.63657 1.00251 0 1.0228 0 
2 2 0 1.09868 3.70156 0 -3.48661e-14 3.58657 -3.48661e-14 3.58657 1.07298 0 1.00446 0 
2 2 0 1.0981 3.70156 0 2.25659e-14 3.53657 2.25659e-14 3.53657 1.15553 0 1.00643 0 
2 2 0 1.09751 3.70156 0 9.97427e-16 3.48658 9.97427e-16 3.48658 1.00843 0 1.27684 0 
2 2 0 1.09692 3.70156 0 -3.23962e-15 3.43658 -3.23962e-15 3.43658 1.44662 0 1.01047 0 
2 2 0 1.09631 3.70156 0 1.45444e-15 3.38658 1.45444e-15 3.38658 1.67903 0 1.01255 0 
2 2 0 1.09569 3.70156 0 1.22608e-15 3.33659 1.22608e-15 3.33659 1.01468 0 1.9943 0 
2 2 0 1.09505 3.70156 0 2.01084e-14 3.28659 2.01084e-14 3.28659 2.42116 0 1.01688 0 
2 2 0 1.0944 3.70156 0 3.91845e-16 3.2366 3.91845e-16 3.2366 3.00027 0 1.01916 0 
2 2 0 1.09372 3.70156 0 1.70867e-15 3.1866 1.70867e-15 3.1866 3.78919 0 1.02152 0 
2 2 0 1.09301 3.70156 0 -9.01267e-17 3.13661 -9.01267e-17 3.13661 1.02399 0 4.86925 0 
2 2 0 1.09227 3.70156 0 -1.81918e-14 3.08661 -1.81918e-14 3.08661 6.35534 0 1.02658 0 
2 2 0 1.0915 3.70156 0 -7.23256e-17 3.03662 -7.23256e-17 3.03662 1.0293 0 8.40926 0 
2 2 0 1.09068 3.70156 0 3.46954e-16 2.98662 3.46954e-16 2.98662 11.258 0 1.03219 0 
2 2 0 1.08981 3.70156 0 3.85833e-14 2.93663 3.85833e-14 2.93663 15.2179 0 1.03526 0 
2 2 0 1.08889 3.70156 0 4.01218e-14 2.88664 4.01218e-14 2.88664 20.7261 0 1.03855 0 
2 2 0 1.0879 3.70156 0 -2.09909e-14 2.83665 -2.09909e-14 2.83665 28.3798 0 1.0421 0 
2 2 0 1.08683 3.70156 0 4.57375e-14 2.78666 4.57375e-14 2.78666 1.04594 0 38.9829 0 
2 2 0 1.08567 3.70156 0 3.36774e-16 2.73667 3.36774e-16 2.73667 53.5982 0 1.05014 0 
2 2 0 1.0844 3.70156 0 4.47755e-16 2.68669 4.47755e-16 2.68669 73.6008 0 1.05476 0 
2 2 0 1.08301 3.70156 0 9.34354e-16 2.63671 9.34354e-16 2.63671 1.05989 0 100.722 0 
2 2 0 1.08145 3.70156 0 6.41238e-16 2.58673 6.41238e-16 2.58673 137.072 0 1.06565 0 
2 2 0 1.0797 3.70156 0 -7.39195e-16 2.53676 -7.39195e-16 2.53676 185.126 0 1.07217 0 
2 2 0 1.07772 3.70156 0 -2.01928e-17 2.4868 -2.01928e-17 2.4868 1.07965 0 247.639 0 
2 2 0 1.07544 3.70156 0 2.30384e-16 2.43685 2.30384e-16 2.43685 327.502 0 1.08835 0 
2 2 0 1.07278 3.70156 0 -5.49163e-16 2.38693 -5.49163e-16 2.38693 427.492 0 1.09863 0 
2 2 0 1.06962 3.70156 0 2.97279e-17 2.33702 2.97279e-17 2.33702 1.11102 0 549.96 0 
2 2 0 1.06581 3.70156 0 -7.22535e-17 2.28717 -7.22535e-17 2.28717 1.12628 0 696.513 0 
2 2 0 1.06109 3.70156 0 -2.65205e-17 2.23739 -2.65205e-17 2.23739 1.14562 0 867.777 0 
2 2 0 1.05508 3.70156 0 3.27439e-18 2.18776 3.27439e-18 2.18776 1.17098 0 1063.5 0 
2 2 0 1.04715 3.70156 0 2.03387e-18 2.13839 2.03387e-18 2.13839 1.20572 0 1283.33 0 
2 2 0 1.03628 3.70156 0 7.93349e-19 2.08959 7.93349e-19 2.08959 1.25603 0 1529.09 0 
2 2 0 1.02064 3.70156 0 -4.47171e-19 2.04209 -4.47171e-19 2.04209 1.33405 0 1809.97 0 
2 2 0 0.997479 3.70156 0 -1.68769e-18 1.99778 -1.68769e-18 1.99778 1.46375 0 2152.59 0 
2 2 0 0.964322 3.70156 0 -2.92821e-18 1.96036 -2.92821e-18 1.96036 1.68464 0 2610.4 0 
2 2 0 0.922504 3.70156 0 -7.23588e-19 1.93295 -7.23588e-19 1.93295 2.04058 0 3254.92 0 
2 2 0 0.876052 3.70156 0 1.48103e-18 1.91445 1.48103e-18 1.91445 2.57955 0 4177.12 0 
2 2 0 0.82766 3.70156 0 3.27753e-17 1.90187 3.27753e-17 1.90187 3.38637 0 5528.66 0 
2 2 0 0.77846 3.70156 0 2.21196e-17 1.89296 2.21196e-17 1.89296 4.62339 0 7584.39 0 
2 2 0 0.728897 3.70156 0 3.99644e-18 1.88637 3.99644e-18 1.88637 6.60155 0 10861.9 0 
2 2 0 0.679153 3.70156 0 -5.54624e-18 1.88131 -5.54624e-18 1.88131 9.94475 0 16395 0 
2 2 0 0.629313 3.70156 0 -5.54748e-18 1.87731 -5.54748e-18 1.87731 15.9993 0 26412.8 0 
2 2 0 0.579418 3.70156 0 9.62919e-17 1.87408 9.62919e-17 1.87408 27.9526 0 46191.7 0 
2 2 0 0.529489 3.70156 0 1.63977e-16 1.87141 1.63977e-16 1.87141 89759.1 0 54.2776 0 
2 2 0 0.479539 3.70156 0 -1.53316e-16 1.86917 -1.53316e-16 1.86917 121.057 0 200304 0 
2 2 0 0.429576 3.70156 0 1.58467e-16 1.86726 1.58467e-16 1.86726 325.468 0 538756 0 
2 2 0 0.379602 3.70156 0 -1.7948e-13 1.86561 -1.7948e-13 1.86561 1.88037e+06 0 1135.56 0 
2 2 0 0.329622 3.70156 0 3.49432e-16 1.86418 3.49432e-16 1.86418 9.58787e+06 0 5788.59 0 
2 2 0 0.279638 3.70156 0 6.27165e-14 1.86293 6.27165e-14 1.86293 8.75251e+07 0 52830.9 0 
2 2 0 0.22965 3.70156 0 -5.45169e-14 1.86181 -5.45169e-14 1.86181 2.09251e+09 0 1.26283e+06 0 
2 2 0 0.17966 3.70156 0 2.16799e-16 1.86082 2.16799e-16 1.86082 2.92675e+11 0 1.76603e+08 0 
2 2 0 0.129667 3.70156 0 2.77394e-16 1.85993 2.77394e-16 1.85993 1.84793e+15 0 1.11492e+12 0 
2 2 0 0.0796737 3.70156 0 3.70465e-14 1.85913 3.70465e-14 1.85913 6.85983e+23 0 4.13832e+20 0 
2 2 0 0.0296789 3.70156 0 2.8113e-17 1.8584 2.8113e-17 1.8584 1.14342e+58 0 1.89554e+61 0
2 1 0 1 3.70156 0 -2.2612e-11 2.00163 -2.2612e-11 2.00163 2.79146e-86 0 1.68372e-89 0 
2 1 0 1.00999 3.70156 0 -4.46429e-16 2.01895 -4.46429e-16 2.01895 1973.93 0 1.39145 0 
2 1 0 1.01652 3.70156 0 5.76485e-16 2.03245 5.76485e-16 2.03245 1875.24 0 1.35583 0 
2 1 0 1.02497 3.70156 0 1.18256e-14 2.05331 1.18256e-14 2.05331 1738.28 0 1.31176 0 
2 1 0 1.03516 3.70156 0 -2.0788e-16 2.08548 -2.0788e-16 2.08548 1.26134 0 1551.38 0 
2 1 0 1.04636 3.70156 0 -8.34134e-15 2.13421 -8.34134e-15 2.13421 1303.16 0 1.20927 0 
2 1 0 1.05449 3.70156 0 1.99285e-14 2.18355 1.99285e-14 2.18355 1081.25 0 1.1735 0 
2 1 0 1.06063 3.70156 0 -6.13134e-15 2.23317 -6.13134e-15 2.23317 883.472 0 1.14751 0 
2 1 0 1.06545 3.70156 0 2.76332e-15 2.28294 2.76332e-15 2.28294 710.109 0 1.12774 0 
2 1 0 1.06933 3.70156 0 -4.38852e-16 2.33278 -4.38852e-16 2.33278 561.466 0 1.11219 0 
2 1 0 1.07253 3.70156 0 -4.33446e-16 2.38268 -4.33446e-16 2.38268 437 0 1.09959 0 
2 1 0 1.07523 3.70156 0 -7.92754e-16 2.43261 -7.92754e-16 2.43261 335.183 0 1.08915 0 
2 1 0 1.07754 3.70156 0 -1.34636e-16 2.48256 -1.34636e-16 2.48256 253.713 0 1.08034 0 
2 1 0 1.07955 3.70156 0 1.55501e-17 2.53252 1.55501e-17 2.53252 1.07276 0 189.837 0 
2 1 0 1.08131 3.70156 0 -1.38315e-17 2.58248 -1.38315e-17 2.58248 1.06617 0 140.665 0 
2 1 0 1.08288 3.70156 0 4.65502e-18 2.63246 4.65502e-18 2.63246 1.06036 0 103.421 0 
2 1 0 1.08429 3.70156 0 2.31415e-17 2.68244 2.31415e-17 2.68244 1.05518 0 75.6024 0 
2 1 0 1.08557 3.70156 0 -1.37649e-17 2.73242 -1.37649e-17 2.73242 1.05051 0 55.0673 0 
2 1 0 1.08674 3.70156 0 9.50018e-18 2.78241 9.50018e-18 2.78241 1.04628 0 40.0522 0 
2 1 0 1.08781 3.70156 0 -3.30723e-17 2.8324 -3.30723e-17 2.8324 1.04241 0 29.1534 0 
2 1 0 1.08881 3.70156 0 -3.0336e-18 2.88239 -3.0336e-18 2.88239 1.03884 0 21.2835 0 
2 1 0 1.08974 3.70156 0 2.70051e-17 2.93238 2.70051e-17 2.93238 1.03553 0 15.6187 0 
2 1 0 1.09061 3.70156 0 -3.3719e-17 2.98237 -3.3719e-17 2.98237 1.03244 0 11.5462 0 
2 1 0 1.09143 3.70156 0 1.11747e-16 3.03237 1.11747e-16 3.03237 1.02954 0 8.61674 0 
2 1 0 1.09221 3.70156 0 1.89335e-17 3.08236 1.89335e-17 3.08236 1.0268 0 6.50516 0 
2 1 0 1.09295 3.70156 0 6.44587e-17 3.13236 6.44587e-17 3.13236 1.0242 0 4.97787 0 
2 1 0 1.09366 3.70156 0 -2.18268e-16 3.18235 -2.18268e-16 3.18235 1.02173 0 3.86832 0 
2 1 0 1.09434 3.70156 0 -1.14038e-16 3.23235 -1.14038e-16 3.23235 1.01935 0 3.05822 0 
2 1 0 1.095 3.70156 0 -9.80703e-18 3.28234 -9.80703e-18 3.28234 1.01707 0 2.46378 0 
2 1 0 1.09564 3.70156 0 -3.77341e-16 3.33234 -3.77341e-16 3.33234 2.02576 0 1.01487 0 
2 1 0 1.09626 3.70156 0 1.19355e-16 3.38233 1.19355e-16 3.38233 1.01273 0 1.70227 0 
2 1 0 1.09687 3.70156 0 -2.05346e-14 3.43233 -2.05346e-14 3.43233 1.46371 0 1.01064 0 
2 1 0 1.09746 3.70156 0 9.09552e-15 3.48233 9.09552e-15 3.48233 1.28922 0 1.0086 0 
2 1 0 1.09805 3.70156 0 8.7685e-15 3.53232 8.7685e-15 3.53232 1.16422 0 1.0066 0 
2 1 0 1.09863 3.70156 0 -3.58665e-15 3.58232 -3.58665e-15 3.58232 1.07867 0 1.00463 0 
2 1 0 1.09921 3.70156 0 5.14879e-15 3.63232 5.14879e-15 3.63232 1.02592 0 1.00268 0 
2 1 0 1.09978 3.70156 0 4.26622e-13 3.68231 4.26622e-13 3.68231 1.00198 0 1.00074 0 
2 1 0 1.09998 3.70156 0 -3.64694e-11 3.70002 -3.64694e-11 3.70002 1.00001 0 1.00006 0 
2 1 0 1.10056 3.70156 0 -7.93227e-13 3.75002 -7.93227e-13 3.75002 1.01261 0 0.998132 0 
2 1 0 1.10113 3.70156 0 -2.74638e-14 3.80002 -2.74638e-14 3.80002 1.05298 0 0.996203 0 
2 1 0 1.10171 3.70156 0 -1.0004e-15 3.85001 -1.0004e-15 3.85001 1.1241 0 0.994265 0 
2 1 0 1.1023 3.70156 0 -6.01381e-15 3.90001 -6.01381e-15 3.90001 1.23136 0 0.99231 0 
2 1 0 1.10289 3.70156 0 2.32983e-16 3.95001 2.32983e-16 3.95001 1.38315 0 0.990332 0 
2 1 0 1.1035 3.70156 0 -2.72027e-14 4 -2.72027e-14 4 1.59176 0 0.988323 0 
2 1 0 1.10412 3.70156 0 1.12351e-15 4.05 1.12351e-15 4.05 0.986275 0 1.87486 0 
2 1 0 1.10475 3.70156 0 -1.98509e-14 4.09999 -1.98509e-14 4.09999 2.25743 0 0.984179 0 
2 1 0 1.10541 3.70156 0 -1.82481e-14 4.14999 -1.82481e-14 4.14999 2.77475 0 0.982025 0 
2 1 0 1.10609 3.70156 0 -3.87357e-16 4.19998 -3.87357e-16 4.19998 0.979803 0 3.4765 0 
2 1 0 1.10679 3.70156 0 5.46931e-16 4.24998 5.46931e-16 4.24998 4.43251 0 0.977501 0 
2 1 0 1.10753 3.70156 0 6.55326e-16 4.29997 6.55326e-16 4.29997 0.975106 0 5.74083 0 
2 1 0 1.10831 3.70156 0 4.10608e-16 4.34997 4.10608e-16 4.34997 0.972603 0 7.53865 0 
2 1 0 1.10912 3.70156 0 -1.23201e-16 4.39996 -1.23201e-16 4.39996 0.969976 0 10.017 0 
2 1 0 1.10999 3.70156 0 -1.0246e-16 4.44995 -1.0246e-16 4.44995 0.967203 0 13.44 0 
2 1 0 1.11091 3.70156 0 -5.14387e-18 4.49995 -5.14387e-18 4.49995 0.964262 0 18.1694 0 
2 1 0 1.11189 3.70156 0 -4.63223e-17 4.54994 -4.63223e-17 4.54994 0.961126 0 24.6943 0 
2 1 0 1.11296 3.70156 0 -2.43562e-17 4.59993 -2.43562e-17 4.59993 0.957762 0 33.665 0 
2 1 0 1.11411 3.70156 0 -2.39022e-18 4.64991 -2.39022e-18 4.64991 0.954131 0 45.9293 0 
2 1 0 1.11538 3.70156 0 1.95758e-17 4.6999 1.95758e-17 4.6999 0.950185 0 62.5634 0 
2 1 0 1.11677 3.70156 0 -8.45161e-18 4.74988 -8.45161e-18 4.74988 0.945864 0 84.891 0 
2 1 0 1.11832 3.70156 0 1.03607e-17 4.79985 1.03607e-17 4.79985 0.941096 0 114.474 0 
2 1 0 1.12005 3.70156 0 7.10568e-18 4.84982 7.10568e-18 4.84982 0.935786 0 153.059 0 
2 1 0 1.12203 3.70156 0 3.85069e-18 4.89978 3.85069e-18 4.89978 0.929815 0 202.452 0 
2 1 0 1.12429 3.70156 0 5.95694e-19 4.94973 5.95694e-19 4.94973 0.923026 0 264.315 0 
2 1 0 1.12694 3.70156 0 -2.6593e-18 4.99966 -2.6593e-18 4.99966 0.915209 0 339.848 0 
2 1 0 1.13007 3.70156 0 -5.91429e-18 5.04956 -5.91429e-18 5.04956 0.906079 0 429.377 0 
2 1 0 1.13385 3.70156 0 -9.16929e-18 5.09942 -9.16929e-18 5.09942 0.895236 0 531.851 0 
2 1 0 1.13853 3.70156 0 -1.24243e-17 5.1492 -1.24243e-17 5.1492 0.882106 0 644.307 0 
2 1 0 1.14447 3.70156 0 1.04399e-18 5.19885 1.04399e-18 5.19885 0.865842 0 761.334 0 
2 1 0 1.1523 3.70156 0 1.45123e-17 5.24823 1.45123e-17 5.24823 0.845147 0 874.615 0 
2 1 0 1.16302 3.70156 0 3.7968e-18 5.29707 3.7968e-18 5.29707 0.818013 0 972.537 0 
2 1 0 1.17841 3.70156 0 -6.91867e-18 5.34464 -6.91867e-18 5.34464 0.781416 0 1040.06 0 
2 1 0 1.20119 3.70156 0 -1.72576e-18 5.38915 -1.72576e-18 5.38915 0.731771 0 1060.45 0 
2 1 0 1.23392 3.70156 0 3.46714e-18 5.42695 3.46714e-18 5.42695 0.66876 0 1025.21 0 
2 1 0 1.27546 3.70156 0 5.79858e-19 5.45478 5.79858e-19 5.45478 0.600529 0 950.443 0 
2 1 0 1.32179 3.70156 0 -2.60305e-19 5.47359 -2.60305e-19 5.47359 0.536873 0 864.202 0 
2 1 0 1.37013 3.70156 0 -1.10047e-18 5.48637 -1.10047e-18 5.48637 0.481506 0 782.365 0 
2 1 0 1.4193 3.70156 0 2.89803e-15 5.4954 2.89803e-15 5.4954 709.654 0 0.434328 0 
2 1 0 1.46886 3.70156 0 2.49444e-15 5.50207 2.49444e-15 5.50207 0.394208 0 646.397 0 
2 1 0 1.5186 3.70156 0 -1.68583e-16 5.50718 -1.68583e-16 5.50718 0.359947 0 591.639 0 
2 1 0 1.56843 3.70156 0 2.24697e-16 5.51122 2.24697e-16 5.51122 0.33051 0 544.179 0 
2 1 0 1.61833 3.70156 0 -1.81498e-16 5.51448 -1.81498e-16 5.51448 0.305052 0 502.891 0 
2 1 0 1.66826 3.70156 0 1.81602e-13 5.51717 1.81602e-13 5.51717 466.803 0 0.282893 0 
2 1 0 1.71821 3.70156 0 -1.34674e-13 5.51943 -1.34674e-13 5.51943 435.103 0 0.263489 0 
2 1 0 1.76817 3.70156 0 3.4075e-17 5.52135 3.4075e-17 5.52135 0.246399 0 407.118 0 
2 1 0 1.81815 3.70156 0 -5.68306e-16 5.523 -5.68306e-16 5.523 382.293 0 0.231266 0 
2 1 0 1.86813 3.70156 0 -6.33341e-14 5.52444 -6.33341e-14 5.52444 360.168 0 0.217797 0 
2 1 0 1.91811 3.70156 0 5.0978e-14 5.5257 5.0978e-14 5.5257 340.362 0 0.205755 0 
2 1 0 1.9681 3.70156 0 -4.12426e-14 5.52682 -4.12426e-14 5.52682 322.558 0 0.19494 0 
2 1 0 2.01809 3.70156 0 6.85859e-14 5.52782 6.85859e-14 5.52782 0.185187 0 306.491 0 
2 1 0 1 3.70156 0 -2.2612e-11 2.00163 -2.2612e-11 2.00163 0.185187 0 306.491 0 
2 1 0 1.00999 3.70156 0 -4.46429e-16 2.01895 -4.46429e-16 2.01895 1973.93 0 1.39145 0 
2 1 0 1.01652 3.70156 0 5.76485e-16 2.03245 5.76485e-16 2.03245 1875.24 0 1.35583 0 
2 1 0 1.02497 3.70156 0 1.18256e-14 2.05331 1.18256e-14 2.05331 1738.28 0 1.31176 0 
2 1 0 1.03516 3.70156 0 -2.0788e-16 2.08548 -2.0788e-16 2.08548 1.26134 0 1551.38 0 
2 1 0 1.04636 3.70156 0 -8.34134e-15 2.13421 -8.34134e-15 2.13421 1303.16 0 1.20927 0 
2 1 0 1.05449 3.70156 0 1.99285e-14 2.18355 1.99285e-14 2.18355 1081.25 0 1.1735 0 
2 1 0 1.06063 3.70156 0 -6.13134e-15 2.23317 -6.13134e-15 2.23317 883.472 0 1.14751 0 
2 1 0 1.06545 3.70156 0 2.76332e-15 2.28294 2.76332e-15 2.28294 710.109 0 1.12774 0 
2 1 0 1.06933 3.70156 0 -4.38852e-16 2.33278 -4.38852e-16 2.33278 561.466 0 1.11219 0 
2 1 0 1.07253 3.70156 0 -4.33446e-16 2.38268 -4.33446e-16 2.38268 437 0 1.09959 0 
2 1 0 1.07523 3.70156 0 -7.92754e-16 2.43261 -7.92754e-16 2.43261 335.183 0 1.08915 0 
2 1 0 1.07754 3.70156 0 -1.34636e-16 2.48256 -1.34636e-16 2.48256 253.713 0 1.08034 0 
2 1 0 1.07955 3.70156 0 1.55501e-17 2.53252 1.55501e-17 2.53252 1.07276 0 189.837 0 
2 1 0 1.08131 3.70156 0 -1.38315e-17 2.58248 -1.38315e-17 2.58248 1.06617 0 140.665 0 
2 1 0 1.08288 3.70156 0 4.65502e-18 2.63246 4.65502e-18 2.63246 1.06036 0 103.421 0 
2 1 0 1.08429 3.70156 0 2.31415e-17 2.68244 2.31415e-17 2.68244 1.05518 0 75.6024 0 
2 1 0 1.08557 3.70156 0 -1.37649e-17 2.73242 -1.37649e-17 2.73242 1.05051 0 55.0673 0 
2 1 0 1.08674 3.70156 0 9.50018e-18 2.78241 9.50018e-18 2.78241 1.04628 0 40.0522 0 
2 1 0 1.08781 3.70156 0 -3.30723e-17 2.8324 -3.30723e-17 2.8324 1.04241 0 29.1534 0 
2 1 0 1.08881 3.70156 0 -3.0336e-18 2.88239 -3.0336e-18 2.88239 1.03884 0 21.2835 0 
2 1 0 1.08974 3.70156 0 2.70051e-17 2.93238 2.70051e-17 2.93238 1.03553 0 15.6187 0 
2 1 0 1.09061 3.70156 0 -3.3719e-17 2.98237 -3.3719e-17 2.98237 1.03244 0 11.5462 0 
2 1 0 1.09143 3.70156 0 1.11747e-16 3.03237 1.11747e-16 3.03237 1.02954 0 8.61674 0 
2 1 0 1.09221 3.70156 0 1.89335e-17 3.08236 1.89335e-17 3.08236 1.0268 0 6.50516 0 
2 1 0 1.09295 3.70156 0 6.44587e-17 3.13236 6.44587e-17 3.13236 1.0242 0 4.97787 0 
2 1 0 1.09366 3.70156 0 -2.18268e-16 3.18235 -2.18268e-16 3.18235 1.02173 0 3.86832 0 
2 1 0 1.09434 3.70156 0 -1.14038e-16 3.23235 -1.14038e-16 3.23235 1.01935 0 3.05822 0 
2 1 0 1.095 3.70156 0 -9.80703e-18 3.28234 -9.80703e-18 3.28234 1.01707 0 2.46378 0 
2 1 0 1.09564 3.70156 0 -3.77341e-16 3.33234 -3.77341e-16 3.33234 2.02576 0 1.01487 0 
2 1 0 1.09626 3.70156 0 1.19355e-16 3.38233 1.19355e-16 3.38233 1.01273 0 1.70227 0 
2 1 0 1.09687 3.70156 0 -2.05346e-14 3.43233 -2.05346e-14 3.43233 1.46371 0 1.01064 0 
2 1 0 1.09746 3.70156 0 9.09552e-15 3.48233 9.09552e-15 3.48233 1.28922 0 1.0086 0 
2 1 0 1.09805 3.70156 0 8.7685e-15 3.53232 8.7685e-15 3.53232 1.16422 0 1.0066 0 
2 1 0 1.09863 3.70156 0 -3.58665e-15 3.58232 -3.58665e-15 3.58232 1.07867 0 1.00463 0 
2 1 0 1.09921 3.70156 0 5.14879e-15 3.63232 5.14879e-15 3.63232 1.02592 0 1.00268 0 
2 1 0 1.09978 3.70156 0 4.26622e-13 3.68231 4.26622e-13 3.68231 1.00198 0 1.00074 0 
2 1 0 1.09998 3.70156 0 -3.64694e-11 3.70002 -3.64694e-11 3.70002 1.00001 0 1.00006 0 
2 1 0 1.10056 3.70156 0 -7.93227e-13 3.75002 -7.93227e-13 3.75002 1.01261 0 0.998132 0 
2 1 0 1.10113 3.70156 0 -2.74638e-14 3.80002 -2.74638e-14 3.80002 1.05298 0 0.996203 0 
2 1 0 1.10171 3.70156 0 -1.0004e-15 3.85001 -1.0004e-15 3.85001 1.1241 0 0.994265 0 
2 1 0 1.1023 3.70156 0 -6.01381e-15 3.90001 -6.01381e-15 3.90001 1.23136 0 0.99231 0 
2 1 0 1.10289 3.70156 0 2.32983e-16 3.95001 2.32983e-16 3.95001 1.38315 0 0.990332 0 
2 1 0 1.1035 3.70156 0 -2.72027e-14 4 -2.72027e-14 4 1.59176 0 0.988323 0 
2 1 0 1.10412 3.70156 0 1.12351e-15 4.05 1.12351e-15 4.05 0.986275 0 1.87486 0 
2 1 0 1.10475 3.70156 0 -1.98509e-14 4.09999 -1.98509e-14 4.09999 2.25743 0 0.984179 0 
2 1 0 1.10541 3.70156 0 -1.82481e-14 4.14999 -1.82481e-14 4.14999 2.77475 0 0.982025 0 
2 1 0 1.10609 3.70156 0 -3.87357e-16 4.19998 -3.87357e-16 4.19998 0.979803 0 3.4765 0 
2 1 0 1.10679 3.70156 0 5.46931e-16 4.24998 5.46931e-16 4.24998 4.43251 0 0.977501 0 
2 1 0 1.10753 3.70156 0 6.55326e-16 4.29997 6.55326e-16 4.29997 0.975106 0 5.74083 0 
2 1 0 1.10831 3.70156 0 4.10608e-16 4.34997 4.10608e-16 4.34997 0.972603 0 7.53865 0 
2 1 0 1.10912 3.70156 0 -1.23201e-16 4.39996 -1.23201e-16 4.39996 0.969976 0 10.017 0 
2 1 0 1.10999 3.70156 0 -1.0246e-16 4.44995 -1.0246e-16 4.44995 0.967203 0 13.44 0 
2 1 0 1.11091 3.70156 0 -5.14387e-18 4.49995 -5.14387e-18 4.49995 0.964262 0 18.1694 0 
2 1 0 1.11189 3.70156 0 -4.63223e-17 4.54994 -4.63223e-17 4.54994 0.961126 0 24.6943 0 
2 1 0 1.11296 3.70156 0 -2.43562e-17 4.59993 -2.43562e-17 4.59993 0.957762 0 33.665 0 
2 1 0 1.11411 3.70156 0 -2.39022e-18 4.64991 -2.39022e-18 4.64991 0.954131 0 45.9293 0 
2 1 0 1.11538 3.70156 0 1.95758e-17 4.6999 1.95758e-17 4.6999 0.950185 0 62.5634 0 
2 1 0 1.11677 3.70156 0 -8.45161e-18 4.74988 -8.45161e-18 4.74988 0.945864 0 84.891 0 
2 1 0 1.11832 3.70156 0 1.03607e-17 4.79985 1.03607e-17 4.79985 0.941096 0 114.474 0 
2 1 0 1.12005 3.70156 0 7.10568e-18 4.84982 7.10568e-18 4.84982 0.935786 0 153.059 0 
2 1 0 1.12203 3.70156 0 3.85069e-18 4.89978 3.85069e-18 4.89978 0.929815 0 202.452 0 
2 1 0 1.12429 3.70156 0 5.95694e-19 4.94973 5.95694e-19 4.94973 0.923026 0 264.315 0 
2 1 0 1.12694 3.70156 0 -2.6593e-18 4.99966 -2.6593e-18 4.99966 0.915209 0 339.848 0 
2 1 0 1.13007 3.70156 0 -5.91429e-18 5.04956 -5.91429e-18 5.04956 0.906079 0 429.377 0 
2 1 0 1.13385 3.70156 0 -9.16929e-18 5.09942 -9.16929e-18 5.09942 0.895236 0 531.851 0 
2 1 0 1.13853 3.70156 0 -1.24243e-17 5.1492 -1.24243e-17 5.1492 0.882106 0 644.307 0 
2 1 0 1.14447 3.70156 0 1.04399e-18 5.19885 1.04399e-18 5.19885 0.865842 0 761.334 0 
2 1 0 1.1523 3.70156 0 1.45123e-17 5.24823 1.45123e-17 5.24823 0.845147 0 874.615 0 
2 1 0 1.16302 3.70156 0 3.7968e-18 5.29707 3.7968e-18 5.29707 0.818013 0 972.537 0 
2 1 0 1.17841 3.70156 0 -6.91867e-18 5.34464 -6.91867e-18 5.34464 0.781416 0 1040.06 0 
2 1 0 1.20119 3.70156 0 -1.72576e-18 5.38915 -1.72576e-18 5.38915 0.731771 0 1060.45 0 
2 1 0 1.23392 3.70156 0 3.46714e-18 5.42695 3.46714e-18 5.42695 0.66876 0 1025.21 0 
2 1 0 1.27546 3.70156 0 5.79858e-19 5.45478 5.79858e-19 5.45478 0.600529 0 950.443 0 
2 1 0 1.32179 3.70156 0 -2.60305e-19 5.47359 -2.60305e-19 5.47359 0.536873 0 864.202 0 
2 1 0 1.37013 3.70156 0 -1.10047e-18 5.48637 -1.10047e-18 5.48637 0.481506 0 782.365 0 
2 1 0 1.4193 3.70156 0 2.89803e-15 5.4954 2.89803e-15 5.4954 709.654 0 0.434328 0 
2 1 0 1.46886 3.70156 0 2.49444e-15 5.50207 2.49444e-15 5.50207 0.394208 0 646.397 0 
2 1 0 1.5186 3.70156 0 -1.68583e-16 5.50718 -1.68583e-16 5.50718 0.359947 0 591.639 0 
2 1 0 1.56843 3.70156 0 2.24697e-16 5.51122 2.24697e-16 5.51122 0.33051 0 544.179 0 
2 1 0 1.61833 3.70156 0 -1.81498e-16 5.51448 -1.81498e-16 5.51448 0.305052 0 502.891 0 
2 1 0 1.66826 3.70156 0 1.81602e-13 5.51717 1.81602e-13 5.51717 466.803 0 0.282893 0 
2 1 0 1.71821 3.70156 0 -1.34674e-13 5.51943 -1.34674e-13 5.51943 435.103 0 0.263489 0 
2 1 0 1.76817 3.70156 0 3.4075e-17 5.52135 3.4075e-17 5.52135 0.246399 0 407.118 0 
2 1 0 1.81815 3.70156 0 -5.68306e-16 5.523 -5.68306e-16 5.523 382.293 0 0.231266 0 
2 1 0 1.86813 3.70156 0 -6.33341e-14 5.52444 -6.33341e-14 5.52444 360.168 0 0.217797 0 
2 1 0 1.91811 3.70156 0 5.0978e-14 5.5257 5.0978e-14 5.5257 340.362 0 0.205755 0 
2 1 0 1.9681 3.70156 0 -4.12426e-14 5.52682 -4.12426e-14 5.52682 322.558 0 0.19494 0 
2 1 0 2.01809 3.70156 0 6.85859e-14 5.52782 6.85859e-14 5.52782 0.185187 0 306.491 0 
