1 1 0 1 3.70156 0 0 0 0 0 0 0 0 0 0 0 0 0 
1 1 0 1.02 3.70156 0 0 0 0 0 0 0 0.747711 0 0.747711 0 0.747711 0 
1 1 0 1.04 3.70156 0 -0 0 0 -0 0 0 0.807461 0 0.807461 0 0.807461 0 
1 1 0 1.08 3.70156 0 0 0 -0 0 0 -0 0.933657 0 0.933657 0 0.933657 0 
1 1 0 1.09863 3.70156 0 -0 0 -0 -0 0 -0 0.995389 0 0.995389 0 0.995389 0 
2 1 0 1.14863 3.70156 0 0 0 0 0 0 0 1.16993 0 1.16993 0 1.16993 0 
2 1 0 1.19863 3.70156 0 0 0 -0 0 0 -0 1.35666 0 1.35666 0 1.35666 0 
2 1 0 1.24863 3.70156 0 0 0 -0 0 0 -0 1.55465 0 1.55465 0 1.55465 0 
2 1 0 1.29863 3.70156 0 -0 0 -0 -0 0 -0 1.76295 0 1.76295 0 1.76295 0 
2 1 0 1.34863 3.70156 0 -0 0 0 -0 0 0 1.9806 0 1.9806 0 1.9806 0 
2 1 0 1.39863 3.70156 0 -0 0 0 -0 0 0 2.20668 0 2.20668 0 2.20668 0 
2 1 0 1.44863 3.70156 0 0 0 0 0 0 0 2.44029 0 2.44029 0 2.44029 0 
2 1 0 1.49863 3.70156 0 -0 0 -0 -0 0 -0 2.68057 0 2.68057 0 2.68057 0 
2 1 0 1.54863 3.70156 0 -0 0 -0 -0 0 -0 2.9267 0 2.9267 0 2.9267 0 
2 1 0 1.59863 3.70156 0 0 0 0 0 0 0 3.17793 0 3.17793 0 3.17793 0 
2 1 0 1.64863 3.70156 0 -0 0 -0 -0 0 -0 3.43352 0 3.43352 0 3.43352 0 
2 1 0 1.69863 3.70156 0 0 0 -0 0 0 -0 3.69282 0 3.69282 0 3.69282 0 
2 1 0 1.74863 3.70156 0 -0 0 0 -0 0 0 3.9552 0 3.9552 0 3.9552 0 
2 1 0 1.79863 3.70156 0 -0 0 -0 -0 0 -0 4.22009 0 4.22009 0 4.22009 0 
2 1 0 1.84863 3.70156 0 0 0 0 0 0 0 4.48695 0 4.48695 0 4.48695 0 
2 1 0 1.89863 3.70156 0 0 0 0 0 0 0 4.7553 0 4.7553 0 4.7553 0 
2 1 0 1.94863 3.70156 0 -0 0 0 -0 0 0 5.02471 0 5.02471 0 5.02471 0 
2 1 0 1.99863 3.70156 0 -0 0 -0 -0 0 -0 5.29476 0 5.29476 0 5.29476 0 
2 1 0 2.04863 3.70156 0 -0 0 -0 -0 0 -0 5.56508 0 5.56508 0 5.56508 0 
2 1 0 2.04863 3.70156 0 -0 0 -0 -0 0 -0 5.56508 0 5.56508 0 5.56508 0 
2 1 0 2.04863 3.70156 0 -0 0 -0 -0 0 -0 5.56508 0 5.56508 0 5.56508 0 
2 1 0 2.04863 3.70156 0 -0 0 -0 -0 0 -0 5.56508 0 5.56508 0 5.56508 0 
2 1 0 1.5 3.70156 0 0.880837 -0 0.440418 0.880837 -0 0.440418 5.56508 0 5.56508 0 5.56508 0 
2 1 0 1.51476 3.70156 0 0.893149 0.001915 0.445617 0.893149 0.001915 0.445617 0.173412 0 2.08986 0 1 0 
2 1 0 1.52971 3.70156 0 0.905259 0.00383 0.450714 0.905259 0.00383 0.450714 0.166939 0 2.11448 0 1 0 
2 1 0 1.56021 3.70156 0 0.928867 0.007656 0.460606 0.928867 0.007656 0.460606 0.155003 0 2.16168 0 1 0 
2 1 0 1.59936 3.70156 0 0.957242 0.012427 0.472408 0.957242 0.012427 0.472408 0.141797 0 2.21657 0 1 0 
2 1 0 1.63956 3.70156 0 0.984373 0.017181 0.483596 0.984373 0.017181 0.483596 0.130262 0 2.26664 0 1 0 
2 1 0 1.68072 3.70156 0 1.01029 0.021916 0.494185 1.01029 0.021916 0.494185 0.120174 0 2.31174 0 1 0 
2 1 0 1.72275 3.70156 0 1.03502 0.026629 0.504194 1.03502 0.026629 0.504194 0.111338 0 2.35183 0 1 0 
2 1 0 1.76555 3.70156 0 1.05861 0.031317 0.513644 1.05861 0.031317 0.513644 0.103581 0 2.38697 0 1 0 
2 1 0 1.80906 3.70156 0 1.0811 0.03598 0.522559 1.0811 0.03598 0.522559 0.096755 0 2.4173 0 1 0 
2 1 0 1.8532 3.70156 0 1.10254 0.040617 0.530961 1.10254 0.040617 0.530961 0.090732 0 2.44303 0 1 0 
2 1 0 1.8979 3.70156 0 1.12298 0.045226 0.538877 1.12298 0.045226 0.538877 0.085403 0 2.46439 0 1 0 
2 1 0 1.94311 3.70156 0 1.14247 0.049807 0.546331 1.14247 0.049807 0.546331 0.080673 0 2.48167 0 1 0 
2 1 0 1.98876 3.70156 0 1.16106 0.054361 0.553348 1.16106 0.054361 0.553348 0.076463 0 2.49516 0 1 0 
2 1 0 2.03482 3.70156 0 1.17879 0.058888 0.55995 1.17879 0.058888 0.55995 0.072704 0 2.50516 0 1 0 
2 2 0 1.98876 3.70156 0 1.16106 0.054361 0.553348 1.16106 0.054361 0.553348 0.072704 0 2.50516 0 1 0 
2 2 0 1.98847 3.70156 0 1.16122 0.063332 0.548945 1.16122 0.063332 0.548945 0.072704 0 2.50516 0 1 0 
2 2 0 1.98802 3.70156 0 1.16141 0.072304 0.544551 1.16141 0.072304 0.544551 0.076642 0 1 0 2.49122 0 
2 2 0 1.98701 3.70156 0 1.16183 0.090251 0.53579 1.16183 0.090251 0.53579 0.076878 0 1 0 2.48617 0 
2 2 0 1.98441 3.70156 0 1.163 0.126167 0.518415 1.163 0.126167 0.518415 0.077502 0 1 0 2.47281 0 
2 2 0 1.98042 3.70156 0 1.16519 0.171134 0.49703 1.16519 0.171134 0.49703 0.07854 0 1 0 2.45024 0 
2 2 0 1.97616 3.70156 0 1.16843 0.216227 0.476104 1.16843 0.216227 0.476104 0.079825 0 1 0 2.42153 0 
2 2 0 1.97255 3.70156 0 1.17309 0.261485 0.455803 1.17309 0.261485 0.455803 0.081279 0 1 0 2.38722 0 
2 2 0 1.97205 3.70156 0 1.1746 0.272861 0.450868 1.1746 0.272861 0.450868 0.081641 0 1 0 2.37787 0 
2 2 0 1.97193 3.70156 0 1.17543 0.27856 0.448433 1.17543 0.27856 0.448433 0.081816 0 1 0 2.3731 0 
2 2 0 1.97169 3.70156 0 1.17617 0.28391 0.446133 1.17617 0.28391 0.446133 0.081994 0 1 0 2.36851 0 
2 2 0 1.97179 3.70156 0 1.17713 0.289613 0.443757 1.17713 0.289613 0.443757 0.082155 0 1 0 2.36364 0 
2 2 0 1.97186 3.70156 0 1.17903 0.301018 0.439005 1.17903 0.301018 0.439005 0.082498 0 1 0 2.35363 0 
2 2 0 1.97136 3.70156 0 1.18279 0.323821 0.429485 1.18279 0.323821 0.429485 0.083289 0 1 0 2.33252 0 
2 2 0 1.97089 3.70156 0 1.18417 0.332365 0.425901 1.18417 0.332365 0.425901 0.083626 0 1 0 2.32424 0 
2 2 0 1.97053 3.70156 0 1.18482 0.336631 0.424094 1.18482 0.336631 0.424094 0.083811 0 1 0 2.32001 0 
2 2 0 1.97044 3.70156 0 1.18531 0.339422 0.422943 1.18531 0.339422 0.422943 0.083918 0 1 0 2.31727 0 
2 2 0 1.97029 3.70156 0 1.18586 0.342634 0.421612 1.18586 0.342634 0.421612 0.084047 0 1 0 2.31407 0 
2 2 0 1.97007 3.70156 0 1.18639 0.345844 0.420272 1.18639 0.345844 0.420272 0.084184 0 1 0 2.31084 0 
2 2 0 1.96986 3.70156 0 1.18677 0.34825 0.419258 1.18677 0.34825 0.419258 0.084292 0 1 0 2.30839 0 
2 2 0 1.96994 3.70156 0 1.18705 0.349577 0.418738 1.18705 0.349577 0.418738 0.084333 0 1 0 2.30708 0 
2 2 0 1.96988 3.70156 0 1.1875 0.351994 0.417753 1.1875 0.351994 0.417753 0.084427 0 1 0 2.30464 0 
2 2 0 1.96968 3.70156 0 1.18788 0.354323 0.416777 1.18788 0.354323 0.416777 0.084533 0 1 0 2.30224 0 
2 2 0 1.96916 3.70156 0 1.1878 0.354379 0.416711 1.1878 0.354379 0.416711 0.084586 0 1 0 2.30207 0 
2 2 0 1.9692 3.70156 0 1.18818 0.356785 0.415697 1.18818 0.356785 0.415697 0.084672 0 1 0 2.29962 0 
2 2 0 1.9695 3.70156 0 1.18856 0.358137 0.415211 1.18856 0.358137 0.415211 0.084693 0 1 0 2.29833 0 
2 2 0 1.96909 3.70156 0 1.18888 0.36052 0.414178 1.18888 0.36052 0.414178 0.084824 0 1 0 2.29579 0 
2 2 0 1.96877 3.70156 0 1.18928 0.363153 0.413065 1.18928 0.363153 0.413065 0.084955 0 1 0 2.293 0 
2 2 0 1.9684 3.70156 0 1.19021 0.368442 0.410883 1.19021 0.368442 0.410883 0.085195 0 1 0 2.28744 0 
2 2 0 1.96812 3.70156 0 1.19029 0.369347 0.410471 1.19029 0.369347 0.410471 0.085257 0 1 0 2.28643 0 
2 2 0 1.96803 3.70156 0 1.1908 0.371997 0.409399 1.1908 0.371997 0.409399 0.085369 0 1 0 2.28364 0 
2 2 0 1.96795 3.70156 0 1.19123 0.374267 0.408482 1.19123 0.374267 0.408482 0.085466 0 1 0 2.28124 0 
2 2 0 1.96794 3.70156 0 1.19153 0.375457 0.408034 1.19153 0.375457 0.408034 0.085514 0 1 0 2.28 0 
2 2 0 1.968 3.70156 0 1.19204 0.378109 0.406968 1.19204 0.378109 0.406968 0.085614 0 1 0 2.27721 0 
2 2 0 1.9676 3.70156 0 1.193 0.383396 0.404804 1.193 0.383396 0.404804 0.085865 0 1 0 2.27149 0 
2 2 0 1.96717 3.70156 0 1.19396 0.388681 0.402641 1.19396 0.388681 0.402641 0.086123 0 1 0 2.26572 0 
2 2 0 1.9666 3.70156 0 1.19476 0.393397 0.400683 1.19476 0.393397 0.400683 0.086374 0 1 0 2.26047 0 
2 2 0 1.96666 3.70156 0 1.19594 0.398692 0.398623 1.19594 0.398692 0.398623 0.086589 0 1 0 2.25472 0 
2 2 0 1.96668 3.70156 0 1.19723 0.404515 0.396355 1.19723 0.404515 0.396355 0.086834 0 1 0 2.24831 0 
2 2 0 1.96659 3.70156 0 1.1998 0.416163 0.39182 1.1998 0.416163 0.39182 0.087349 0 1 0 2.2353 0 
2 2 0 1.96569 3.70156 0 1.2049 0.439444 0.382728 1.2049 0.439444 0.382728 0.088495 0 1 0 2.20845 0 
2 2 0 1.96372 3.70156 0 1.20841 0.456828 0.375792 1.20841 0.456828 0.375792 0.089525 0 1 0 2.18755 0 
2 2 0 1.96317 3.70156 0 1.2088 0.459194 0.374803 1.2088 0.459194 0.374803 0.089698 0 1 0 2.18461 0 
2 2 0 1.96276 3.70156 0 1.20908 0.460917 0.374082 1.20908 0.460917 0.374082 0.089825 0 1 0 2.18246 0 
2 2 0 1.96276 3.70156 0 1.20904 0.460775 0.374134 1.20904 0.460775 0.374134 0.089818 0 1 0 2.18263 0 
2 2 0 1.96241 3.70156 0 1.20957 0.4634 0.373087 1.20957 0.4634 0.373087 0.089985 0 1 0 2.17941 0 
2 2 0 1.96224 3.70156 0 1.21055 0.467519 0.371516 1.21055 0.467519 0.371516 0.090207 0 1 0 2.17443 0 
2 2 0 1.96201 3.70156 0 1.21053 0.467523 0.371501 1.21053 0.467523 0.371501 0.09023 0 1 0 2.1744 0 
2 2 0 1.96198 3.70156 0 1.2118 0.472809 0.369497 1.2118 0.472809 0.369497 0.0905 0 1 0 2.168 0 
2 2 0 1.96147 3.70156 0 1.21366 0.480722 0.366468 1.21366 0.480722 0.366468 0.090956 0 1 0 2.15828 0 
2 2 0 1.95932 3.70156 0 1.21703 0.496459 0.360285 1.21703 0.496459 0.360285 0.092009 0 1 0 2.13846 0 
2 2 0 1.95928 3.70156 0 1.21708 0.49672 0.360181 1.21708 0.49672 0.360181 0.092028 0 1 0 2.13813 0 
2 2 0 1.95908 3.70156 0 1.21703 0.496718 0.360153 1.21703 0.496718 0.360153 0.092048 0 1 0 2.13809 0 
2 2 0 1.95897 3.70156 0 1.21756 0.498903 0.359328 1.21756 0.498903 0.359328 0.092177 0 1 0 2.13535 0 
2 2 0 1.95867 3.70156 0 1.21803 0.501071 0.358482 1.21803 0.501071 0.358482 0.092326 0 1 0 2.13259 0 
2 2 0 1.95866 3.70156 0 1.2183 0.502052 0.358122 1.2183 0.502052 0.358122 0.09238 0 1 0 2.13137 0 
2 2 0 1.95849 3.70156 0 1.21883 0.504235 0.357296 1.21883 0.504235 0.357296 0.092516 0 1 0 2.12862 0 
2 2 0 1.95813 3.70156 0 1.21928 0.506399 0.356443 1.21928 0.506399 0.356443 0.092672 0 1 0 2.12584 0 
2 2 0 1.95811 3.70156 0 1.21961 0.5076 0.356003 1.21961 0.5076 0.356003 0.09274 0 1 0 2.12433 0 
2 2 0 1.95807 3.70156 0 1.22019 0.509793 0.355199 1.22019 0.509793 0.355199 0.092864 0 1 0 2.12158 0 
2 2 0 1.9579 3.70156 0 1.22094 0.512723 0.354107 1.22094 0.512723 0.354107 0.093043 0 1 0 2.11788 0 
2 2 0 1.95796 3.70156 0 1.22096 0.51273 0.354114 1.22096 0.51273 0.354114 0.093037 0 1 0 2.11788 0 
2 2 0 1.95773 3.70156 0 1.22178 0.51599 0.352894 1.22178 0.51599 0.352894 0.093242 0 1 0 2.11373 0 
2 2 0 1.95734 3.70156 0 1.22304 0.521055 0.350994 1.22304 0.521055 0.350994 0.093568 0 1 0 2.10726 0 
2 2 0 1.95735 3.70156 0 1.22305 0.521056 0.350995 1.22305 0.521056 0.350995 0.093567 0 1 0 2.10726 0 
2 2 0 1.95687 3.70156 0 1.22471 0.527573 0.348568 1.22471 0.527573 0.348568 0.093987 0 1 0 2.09891 0 
2 2 0 1.95606 3.70156 0 1.22685 0.536119 0.345367 1.22685 0.536119 0.345367 0.094566 0 1 0 2.08785 0 
2 2 0 1.95452 3.70156 0 1.23007 0.549111 0.340481 1.23007 0.549111 0.340481 0.0955 0 1 0 2.07085 0 
2 2 0 1.95375 3.70156 0 1.23171 0.555609 0.338052 1.23171 0.555609 0.338052 0.095974 0 1 0 2.0623 0 
2 2 0 1.95323 3.70156 0 1.23249 0.558845 0.336823 1.23249 0.558845 0.336823 0.096228 0 1 0 2.058 0 
2 2 0 1.95288 3.70156 0 1.23326 0.56184 0.33571 1.23326 0.56184 0.33571 0.09645 0 1 0 2.05405 0 
2 2 0 1.9522 3.70156 0 1.23399 0.56506 0.334464 1.23399 0.56506 0.334464 0.096723 0 1 0 2.04972 0 
2 2 0 1.952 3.70156 0 1.23456 0.567194 0.333683 1.23456 0.567194 0.333683 0.096877 0 1 0 2.0469 0 
2 2 0 1.95224 3.70156 0 1.23464 0.567224 0.33371 1.23464 0.567224 0.33371 0.096852 0 1 0 2.04691 0 
2 2 0 1.95184 3.70156 0 1.235 0.568837 0.333081 1.235 0.568837 0.333081 0.096998 0 1 0 2.04473 0 
2 2 0 1.95165 3.70156 0 1.23548 0.570638 0.33242 1.23548 0.570638 0.33242 0.09713 0 1 0 2.04234 0 
2 2 0 1.95111 3.70156 0 1.23568 0.571921 0.331879 1.23568 0.571921 0.331879 0.097272 0 1 0 2.04055 0 
2 2 0 1.95093 3.70156 0 1.2362 0.573727 0.331235 1.2362 0.573727 0.331235 0.097404 0 1 0 2.03817 0 
2 2 0 1.95054 3.70156 0 1.23657 0.575491 0.330538 1.23657 0.575491 0.330538 0.09756 0 1 0 2.03577 0 
2 2 0 1.95018 3.70156 0 1.23656 0.575891 0.330336 1.23656 0.575891 0.330336 0.097626 0 1 0 2.03517 0 
2 2 0 1.95008 3.70156 0 1.23652 0.57588 0.330322 1.23652 0.57588 0.330322 0.097637 0 1 0 2.03516 0 
2 2 0 1.94968 3.70156 0 1.23693 0.577648 0.329641 1.23693 0.577648 0.329641 0.097794 0 1 0 2.03277 0 
2 2 0 1.94984 3.70156 0 1.23714 0.578151 0.329493 1.23714 0.578151 0.329493 0.097807 0 1 0 2.03215 0 
2 2 0 1.9487 3.70156 0 1.2378 0.581598 0.328102 1.2378 0.581598 0.328102 0.098157 0 1 0 2.02739 0 
2 2 0 1.94704 3.70156 0 1.23883 0.586777 0.326027 1.23883 0.586777 0.326027 0.09868 0 1 0 2.02025 0 
2 2 0 1.94382 3.70156 0 1.24097 0.597164 0.321905 1.24097 0.597164 0.321905 0.099731 0 1 0 2.0059 0 
2 2 0 1.93797 3.70156 0 1.24568 0.618073 0.313802 1.24568 0.618073 0.313802 0.10183 0 1 0 1.97703 0 
2 2 0 1.9346 3.70156 0 1.24977 0.633942 0.307912 1.24977 0.633942 0.307912 0.103341 0 1 0 1.95526 0 
2 2 0 1.93379 3.70156 0 1.25096 0.638328 0.306316 1.25096 0.638328 0.306316 0.103751 0 1 0 1.94925 0 
2 2 0 1.93328 3.70156 0 1.25135 0.64001 0.30567 1.25135 0.64001 0.30567 0.103935 0 1 0 1.94691 0 
2 2 0 1.9328 3.70156 0 1.25128 0.64001 0.305633 1.25128 0.64001 0.305633 0.103992 0 1 0 1.94685 0 
2 2 0 1.93293 3.70156 0 1.25151 0.64085 0.305332 1.25151 0.64085 0.305332 0.104038 0 1 0 1.94572 0 
2 2 0 1.93254 3.70156 0 1.25165 0.641656 0.305 1.25165 0.641656 0.305 0.104144 0 1 0 1.94456 0 
2 2 0 1.93211 3.70156 0 1.25166 0.642101 0.304779 1.25166 0.642101 0.304779 0.104229 0 1 0 1.94388 0 
2 2 0 1.9321 3.70156 0 1.25159 0.642107 0.304741 1.25159 0.642107 0.304741 0.104232 0 1 0 1.94384 0 
2 2 0 1.93173 3.70156 0 1.25174 0.642721 0.304509 1.25174 0.642721 0.304509 0.104322 0 1 0 1.94297 0 
2 2 0 1.93165 3.70156 0 1.2521 0.643871 0.304115 1.2521 0.643871 0.304115 0.104414 0 1 0 1.94143 0 
2 2 0 1.93163 3.70156 0 1.25205 0.64392 0.304065 1.25205 0.64392 0.304065 0.104422 0 1 0 1.94132 0 
2 2 0 1.93112 3.70156 0 1.25236 0.64515 0.303602 1.25236 0.64515 0.303602 0.104572 0 1 0 1.93961 0 
2 2 0 1.9307 3.70156 0 1.25241 0.645725 0.303342 1.25241 0.645725 0.303342 0.104666 0 1 0 1.93876 0 
2 2 0 1.93009 3.70156 0 1.25282 0.647539 0.302639 1.25282 0.647539 0.302639 0.104874 0 1 0 1.93621 0 
2 2 0 1.92946 3.70156 0 1.25387 0.651249 0.301312 1.25387 0.651249 0.301312 0.105221 0 1 0 1.93114 0 
2 2 0 1.92888 3.70156 0 1.25459 0.653929 0.300332 1.25459 0.653929 0.300332 0.10549 0 1 0 1.92745 0 
2 2 0 1.9287 3.70156 0 1.2555 0.656732 0.299382 1.2555 0.656732 0.299382 0.105718 0 1 0 1.92368 0 
2 2 0 1.92809 3.70156 0 1.25722 0.66231 0.297455 1.25722 0.66231 0.297455 0.106206 0 1 0 1.91612 0 
2 2 0 1.9264 3.70156 0 1.26054 0.673418 0.29356 1.26054 0.673418 0.29356 0.107252 0 1 0 1.90096 0 
2 2 0 1.92658 3.70156 0 1.26066 0.673601 0.293531 1.26066 0.673601 0.293531 0.107242 0 1 0 1.90075 0 
2 2 0 1.92682 3.70156 0 1.26074 0.673634 0.293554 1.26074 0.673634 0.293554 0.107215 0 1 0 1.90075 0 
2 2 0 1.92601 3.70156 0 1.26195 0.677793 0.29208 1.26195 0.677793 0.29208 0.107632 0 1 0 1.89504 0 
2 2 0 1.92525 3.70156 0 1.26239 0.679755 0.29132 1.26239 0.679755 0.29132 0.10788 0 1 0 1.89227 0 
2 2 0 1.92487 3.70156 0 1.26263 0.680776 0.290927 1.26263 0.680776 0.290927 0.108008 0 1 0 1.89083 0 
2 2 0 1.92448 3.70156 0 1.26263 0.681135 0.290746 1.26263 0.681135 0.290746 0.108086 0 1 0 1.89027 0 
2 2 0 1.9244 3.70156 0 1.26289 0.681948 0.290471 1.26289 0.681948 0.290471 0.108159 0 1 0 1.88917 0 
2 2 0 1.92417 3.70156 0 1.26299 0.682429 0.290278 1.26299 0.682429 0.290278 0.108226 0 1 0 1.88848 0 
2 2 0 1.92434 3.70156 0 1.26304 0.682455 0.290292 1.26304 0.682455 0.290292 0.108205 0 1 0 1.88847 0 
2 2 0 1.924 3.70156 0 1.26321 0.683235 0.28999 1.26321 0.683235 0.28999 0.10831 0 1 0 1.88737 0 
2 2 0 1.92398 3.70156 0 1.26342 0.683836 0.289793 1.26342 0.683836 0.289793 0.108358 0 1 0 1.88656 0 
2 2 0 1.92395 3.70156 0 1.2637 0.684635 0.289532 1.2637 0.684635 0.289532 0.108423 0 1 0 1.88549 0 
2 2 0 1.92371 3.70156 0 1.26418 0.686208 0.288987 1.26418 0.686208 0.288987 0.108575 0 1 0 1.88335 0 
2 2 0 1.9229 3.70156 0 1.26502 0.689289 0.287864 1.26502 0.689289 0.287864 0.108919 0 1 0 1.87907 0 
2 2 0 1.92258 3.70156 0 1.26547 0.690843 0.287314 1.26547 0.690843 0.287314 0.109082 0 1 0 1.87694 0 
2 2 0 1.92242 3.70156 0 1.26546 0.69097 0.287246 1.26546 0.69097 0.287246 0.109113 0 1 0 1.87673 0 
2 2 0 1.92224 3.70156 0 1.26568 0.691743 0.286969 1.26568 0.691743 0.286969 0.109197 0 1 0 1.87567 0 
2 2 0 1.92199 3.70156 0 1.26614 0.693241 0.286449 1.26614 0.693241 0.286449 0.109346 0 1 0 1.87362 0 
2 2 0 1.92172 3.70156 0 1.26661 0.694798 0.285907 1.26661 0.694798 0.285907 0.109503 0 1 0 1.87149 0 
2 2 0 1.92104 3.70156 0 1.26751 0.697896 0.284807 1.26751 0.697896 0.284807 0.109836 0 1 0 1.86722 0 
2 2 0 1.92091 3.70156 0 1.26845 0.700599 0.283926 1.26845 0.700599 0.283926 0.110066 0 1 0 1.86359 0 
2 2 0 1.92045 3.70156 0 1.26944 0.703719 0.282858 1.26944 0.703719 0.282858 0.110374 0 1 0 1.85934 0 
2 2 0 1.91996 3.70156 0 1.27042 0.706837 0.281791 1.27042 0.706837 0.281791 0.110686 0 1 0 1.8551 0 
2 2 0 1.91981 3.70156 0 1.27037 0.706844 0.281763 1.27037 0.706844 0.281763 0.110708 0 1.00001 0 1.85506 0 
2 2 0 1.9184 3.70156 0 1.27218 0.713024 0.27958 1.27218 0.713024 0.27958 0.111392 0 1 0 1.84655 0 
2 2 0 1.91791 3.70156 0 1.27239 0.714005 0.279192 1.27239 0.714005 0.279192 0.111536 0 1 0 1.84514 0 
2 2 0 1.91694 3.70156 0 1.2738 0.718657 0.277571 1.2738 0.718657 0.277571 0.112043 0 1 0 1.83876 0 
2 2 0 1.91617 3.70156 0 1.27429 0.720656 0.276816 1.27429 0.720656 0.276816 0.112312 0 1 0 1.83595 0 
2 2 0 1.91574 3.70156 0 1.27503 0.723002 0.276012 1.27503 0.723002 0.276012 0.112561 0 1 0 1.83275 0 
2 2 0 1.91524 3.70156 0 1.27551 0.724734 0.275389 1.27551 0.724734 0.275389 0.112772 0 1 0 1.83035 0 
2 2 0 1.91491 3.70156 0 1.27542 0.72477 0.275324 1.27542 0.72477 0.275324 0.11282 0 1 0 1.83024 0 
2 2 0 1.91514 3.70156 0 1.2755 0.724804 0.275348 1.2755 0.724804 0.275348 0.112791 0 1 0 1.83024 0 
2 2 0 1.91444 3.70156 0 1.27626 0.727403 0.274426 1.27626 0.727403 0.274426 0.1131 0 1 0 1.82665 0 
2 2 0 1.9138 3.70156 0 1.27657 0.728803 0.273885 1.27657 0.728803 0.273885 0.113304 0 1 0 1.82466 0 
2 2 0 1.91368 3.70156 0 1.27673 0.729313 0.273707 1.27673 0.729313 0.273707 0.113363 0 1 0 1.82396 0 
2 2 0 1.91369 3.70156 0 1.27693 0.729837 0.273546 1.27693 0.729837 0.273546 0.113404 0 1 0 1.82327 0 
2 2 0 1.91339 3.70156 0 1.27691 0.730064 0.273425 1.27691 0.730064 0.273425 0.113466 0 1 0 1.82291 0 
2 2 0 1.91339 3.70156 0 1.27696 0.730145 0.273409 1.27696 0.730145 0.273409 0.113471 0 1 0 1.82281 0 
2 2 0 1.9131 3.70156 0 1.27692 0.730341 0.273292 1.27692 0.730341 0.273292 0.113529 0 1 0 1.82248 0 
2 2 0 1.91279 3.70156 0 1.27695 0.730667 0.27314 1.27695 0.730667 0.27314 0.113598 0 1 0 1.82199 0 
2 2 0 1.91238 3.70156 0 1.27707 0.731347 0.272862 1.27707 0.731347 0.272862 0.113712 0 1 0 1.821 0 
2 2 0 1.91171 3.70156 0 1.27738 0.73273 0.272323 1.27738 0.73273 0.272323 0.11392 0 1 0 1.81904 0 
2 2 0 1.91044 3.70156 0 1.27802 0.735509 0.271256 1.27802 0.735509 0.271256 0.114328 0 1 0 1.8151 0 
2 2 0 1.90796 3.70156 0 1.27934 0.741078 0.26913 1.27934 0.741078 0.26913 0.115145 0 1 0 1.80724 0 
2 2 0 1.9031 3.70156 0 1.28208 0.752256 0.26491 1.28208 0.752256 0.26491 0.116791 0 1 0 1.79152 0 
2 2 0 1.89508 3.70156 0 1.28726 0.772007 0.257625 1.28726 0.772007 0.257625 0.119694 0 1 0 1.76399 0 
2 2 0 1.88702 3.70156 0 1.29388 0.794827 0.249528 1.29388 0.794827 0.249528 0.12298 0 1 0 1.73271 0 
2 2 0 1.88457 3.70156 0 1.29667 0.803508 0.246581 1.29667 0.803508 0.246581 0.124163 0 1 0 1.72102 0 
2 2 0 1.88386 3.70156 0 1.29781 0.806802 0.245502 1.29781 0.806802 0.245502 0.124582 0 1 0 1.71664 0 
2 2 0 1.88356 3.70156 0 1.2978 0.80703 0.245387 1.2978 0.80703 0.245387 0.124651 0 1 0 1.71629 0 
2 2 0 1.88258 3.70156 0 1.29889 0.810299 0.244296 1.29889 0.810299 0.244296 0.12511 0 1 0 1.71192 0 
2 2 0 1.88205 3.70156 0 1.30006 0.813595 0.243231 1.30006 0.813595 0.243231 0.125505 0 1 0 1.70756 0 
2 2 0 1.88081 3.70156 0 1.30171 0.818501 0.241606 1.30171 0.818501 0.241606 0.126167 0 1 0 1.70104 0 
2 2 0 1.88094 3.70156 0 1.3018 0.818601 0.241598 1.3018 0.818601 0.241598 0.126156 0 1 0 1.70094 0 
2 2 0 1.88021 3.70156 0 1.30255 0.821027 0.240761 1.30255 0.821027 0.240761 0.126505 0 1 0 1.69767 0 
2 2 0 1.87958 3.70156 0 1.30343 0.823505 0.239963 1.30343 0.823505 0.239963 0.12684 0 1 0 1.69441 0 
2 2 0 1.87904 3.70156 0 1.30531 0.828366 0.238474 1.30531 0.828366 0.238474 0.127392 0 1 0 1.68812 0 
2 2 0 1.87835 3.70156 0 1.3072 0.83332 0.236938 1.3072 0.83332 0.236938 0.127981 0 1 0 1.68169 0 
2 2 0 1.87675 3.70156 0 1.31092 0.843211 0.233856 1.31092 0.843211 0.233856 0.129203 0 1 0 1.66888 0 
2 2 0 1.87472 3.70156 0 1.31454 0.853054 0.230741 1.31454 0.853054 0.230741 0.130505 0 1 0 1.65612 0 
2 2 0 1.87273 3.70156 0 1.3171 0.860366 0.228367 1.3171 0.860366 0.228367 0.131563 0 1 0 1.6466 0 
2 2 0 1.87229 3.70156 0 1.31855 0.863987 0.227279 1.31855 0.863987 0.227279 0.131999 0 1 0 1.642 0 
2 2 0 1.87158 3.70156 0 1.31912 0.865784 0.226666 1.31912 0.865784 0.226666 0.132298 0 1 0 1.63963 0 
2 2 0 1.87065 3.70156 0 1.32044 0.869452 0.225494 1.32044 0.869452 0.225494 0.132825 0 1 0 1.63491 0 
2 2 0 1.87034 3.70156 0 1.32055 0.869913 0.225319 1.32055 0.869913 0.225319 0.132923 0 1 0 1.63428 0 
2 2 0 1.86978 3.70156 0 1.32126 0.871921 0.224671 1.32126 0.871921 0.224671 0.133222 0 1 0 1.63169 0 
2 2 0 1.86876 3.70156 0 1.32273 0.875956 0.223389 1.32273 0.875956 0.223389 0.133805 0 1 0 1.62651 0 
2 2 0 1.86833 3.70156 0 1.32293 0.876696 0.223117 1.32293 0.876696 0.223117 0.133954 0 1 0 1.62552 0 
2 2 0 1.86704 3.70156 0 1.32456 0.88113 0.221717 1.32456 0.88113 0.221717 0.134626 0 1 0 1.61985 0 
2 2 0 1.86648 3.70156 0 1.32633 0.885603 0.220362 1.32633 0.885603 0.220362 0.135184 0 1 0 1.61423 0 
2 2 0 1.86498 3.70156 0 1.32913 0.892872 0.218127 1.32913 0.892872 0.218127 0.136194 0 1 0 1.60507 0 
2 2 0 1.86282 3.70156 0 1.33247 0.901731 0.215372 1.33247 0.901731 0.215372 0.137495 0 1 0 1.59391 0 
2 2 0 1.86175 3.70156 0 1.33416 0.906159 0.214 1.33416 0.906159 0.214 0.138149 0 1 0 1.58837 0 
2 2 0 1.86142 3.70156 0 1.33504 0.908317 0.213364 1.33504 0.908317 0.213364 0.138433 0 1 0 1.58571 0 
2 2 0 1.86078 3.70156 0 1.33596 0.910756 0.212604 1.33596 0.910756 0.212604 0.138805 0 1 0 1.58266 0 
2 2 0 1.86089 3.70156 0 1.33636 0.911563 0.212401 1.33636 0.911563 0.212401 0.138871 0 1 0 1.58171 0 
2 2 0 1.86003 3.70156 0 1.33731 0.914203 0.211556 1.33731 0.914203 0.211556 0.139304 0 1 0 1.57839 0 
2 2 0 1.85849 3.70156 0 1.3393 0.919519 0.209888 1.3393 0.919519 0.209888 0.140146 0 1 0 1.57176 0 
2 2 0 1.85793 3.70156 0 1.34034 0.922136 0.209099 1.34034 0.922136 0.209099 0.140526 0 1 0 1.56854 0 
2 2 0 1.85742 3.70156 0 1.34079 0.923458 0.208667 1.34079 0.923458 0.208667 0.14076 0 1 0 1.56688 0 
2 2 0 1.85715 3.70156 0 1.34134 0.924822 0.20826 1.34134 0.924822 0.20826 0.140955 0 1 0 1.56521 0 
2 2 0 1.85689 3.70156 0 1.34147 0.925274 0.2081 1.34147 0.925274 0.2081 0.141052 0 1 0 1.56463 0 
2 2 0 1.85666 3.70156 0 1.34161 0.925707 0.207949 1.34161 0.925707 0.207949 0.141141 0 1 0 1.56407 0 
2 2 0 1.85633 3.70156 0 1.34213 0.927045 0.207542 1.34213 0.927045 0.207542 0.141343 0 1 0 1.56243 0 
2 2 0 1.85549 3.70156 0 1.34307 0.929615 0.206729 1.34307 0.929615 0.206729 0.141773 0 1 0 1.55924 0 
2 2 0 1.85552 3.70156 0 1.34308 0.929622 0.206731 1.34308 0.929622 0.206731 0.141769 0 1 0 1.55923 0 
2 2 0 1.85509 3.70156 0 1.34421 0.932316 0.205945 1.34421 0.932316 0.205945 0.142138 0 1 0 1.55597 0 
2 2 0 1.85417 3.70156 0 1.34644 0.937699 0.204371 1.34644 0.937699 0.204371 0.142891 0 1 0 1.54947 0 
2 2 0 1.85198 3.70156 0 1.35083 0.948427 0.2012 1.35083 0.948427 0.2012 0.144467 0 1 0 1.53655 0 
2 2 0 1.84891 3.70156 0 1.35495 0.959027 0.197962 1.35495 0.959027 0.197962 0.146213 0 1 0 1.52376 0 
2 2 0 1.84873 3.70156 0 1.35523 0.959717 0.197756 1.35523 0.959717 0.197756 0.146323 0 1 0 1.52294 0 
2 2 0 1.8487 3.70156 0 1.35548 0.960245 0.19762 1.35548 0.960245 0.19762 0.146388 0 1 0 1.52233 0 
2 2 0 1.84865 3.70156 0 1.3557 0.960752 0.197472 1.3557 0.960752 0.197472 0.146454 0 1 0 1.52173 0 
2 2 0 1.84833 3.70156 0 1.35607 0.961744 0.197165 1.35607 0.961744 0.197165 0.146625 0 1 0 1.52054 0 
2 2 0 1.98876 3.70156 0 1.16106 0.054361 0.553348 1.16106 0.054361 0.553348 0.146625 0 1 0 1.52054 0 
2 2 0 1.98905 3.70156 0 1.1609 0.04539 0.557757 1.1609 0.04539 0.557757 0.146625 0 1 0 1.52054 0 
2 2 0 1.98918 3.70156 0 1.16076 0.03642 0.562171 1.16076 0.03642 0.562171 0.076345 0 2.49795 0 1 0 
2 2 0 1.98922 3.70156 0 1.1605 0.018478 0.57101 1.1605 0.018478 0.57101 0.076292 0 2.49959 0 1 0 
2 2 0 1.98735 3.70156 0 1.15975 -0.017401 0.588578 1.15975 -0.017401 0.588578 0.076453 0 2.49914 0 1 0 
2 2 0 1.98685 3.70156 0 1.15961 -0.022335 0.590973 1.15961 -0.022335 0.590973 0.076507 0 2.49867 0 1 0 
2 2 0 1.98697 3.70156 0 1.15968 -0.023817 0.591748 1.15968 -0.023817 0.591748 0.076499 0 2.4986 0 1 0 
2 2 0 1.9867 3.70156 0 1.15961 -0.02653 0.593071 1.15961 -0.02653 0.593071 0.07653 0 2.4983 0 1 0 
2 2 0 1.98658 3.70156 0 1.1596 -0.029244 0.594424 1.1596 -0.029244 0.594424 0.076548 0 2.49801 0 1 0 
2 2 0 1.98639 3.70156 0 1.15955 -0.030723 0.595139 1.15955 -0.030723 0.595139 0.076569 0 2.49781 0 1 0 
2 2 0 1.98607 3.70156 0 1.15948 -0.033436 0.596457 1.15948 -0.033436 0.596457 0.076606 0 2.49744 0 1 0 
2 2 0 1.98593 3.70156 0 1.15948 -0.036149 0.597813 1.15948 -0.036149 0.597813 0.076628 0 2.49709 0 1 0 
2 2 0 1.9855 3.70156 0 1.15934 -0.03749 0.598413 1.15934 -0.03749 0.598413 0.07667 0 2.49681 0 1 0 
2 2 0 1.9852 3.70156 0 1.15924 -0.038523 0.598882 1.15924 -0.038523 0.598882 0.0767 0 2.4966 0 1 0 
2 2 0 1.98516 3.70156 0 1.15924 -0.039218 0.599228 1.15924 -0.039218 0.599228 0.076707 0 2.49649 0 1 0 
2 2 0 1.98566 3.70156 0 1.15932 -0.039258 0.59929 1.15932 -0.039258 0.59929 0.076663 0 2.49663 0 1 0 
2 2 0 1.98528 3.70156 0 1.15931 -0.040395 0.599854 1.15931 -0.040395 0.599854 0.076701 0 2.49637 0 1 0 
2 2 0 1.98493 3.70156 0 1.15919 -0.041232 0.600212 1.15919 -0.041232 0.600212 0.076736 0 2.49616 0 1 0 
2 2 0 1.98478 3.70156 0 1.15916 -0.042365 0.600763 1.15916 -0.042365 0.600763 0.076754 0 2.49596 0 1 0 
2 2 0 1.98483 3.70156 0 1.1592 -0.043151 0.601175 1.1592 -0.043151 0.601175 0.076753 0 2.49587 0 1 0 
2 2 0 1.9849 3.70156 0 1.15925 -0.044003 0.601625 1.15925 -0.044003 0.601625 0.07675 0 2.49577 0 1 0 
2 2 0 1.98462 3.70156 0 1.15916 -0.044778 0.601967 1.15916 -0.044778 0.601967 0.076778 0 2.49557 0 1 0 
2 2 0 1.98425 3.70156 0 1.15911 -0.044853 0.60198 1.15911 -0.044853 0.60198 0.076811 0 2.49546 0 1 0 
2 2 0 1.98418 3.70156 0 1.15902 -0.046125 0.602571 1.15902 -0.046125 0.602571 0.076824 0 2.49525 0 1 0 
2 2 0 1.9843 3.70156 0 1.15909 -0.046984 0.603036 1.15909 -0.046984 0.603036 0.076817 0 2.49515 0 1 0 
2 2 0 1.9839 3.70156 0 1.15891 -0.046913 0.602913 1.15891 -0.046913 0.602913 0.076852 0 2.49505 0 1 0 
2 2 0 1.9837 3.70156 0 1.15889 -0.048316 0.603601 1.15889 -0.048316 0.603601 0.076876 0 2.49477 0 1 0 
2 2 0 1.98344 3.70156 0 1.15882 -0.049718 0.60427 1.15882 -0.049718 0.60427 0.076906 0 2.49447 0 1 0 
2 2 0 1.98329 3.70156 0 1.1588 -0.051121 0.604962 1.1588 -0.051121 0.604962 0.076927 0 2.4942 0 1 0 
2 2 0 1.98322 3.70156 0 1.1588 -0.052173 0.605489 1.1588 -0.052173 0.605489 0.076939 0 2.494 0 1 0 
2 2 0 1.983 3.70156 0 1.15873 -0.052597 0.605664 1.15873 -0.052597 0.605664 0.07696 0 2.49387 0 1 0 
2 2 0 1.9829 3.70156 0 1.15868 -0.052595 0.605637 1.15868 -0.052595 0.605637 0.076969 0 2.49384 0 1 0 
2 2 0 1.9828 3.70156 0 1.15867 -0.053119 0.605893 1.15867 -0.053119 0.605893 0.076981 0 2.49372 0 1 0 
2 2 0 1.98282 3.70156 0 1.1587 -0.05376 0.606228 1.1587 -0.05376 0.606228 0.076982 0 2.49361 0 1 0 
2 2 0 1.98282 3.70156 0 1.15876 -0.053833 0.606297 1.15876 -0.053833 0.606297 0.076982 0 2.4936 0 1 0 
2 2 0 1.98299 3.70156 0 1.1588 -0.054881 0.606839 1.1588 -0.054881 0.606839 0.076973 0 2.49346 0 1 0 
2 2 0 1.98274 3.70156 0 1.15873 -0.055736 0.607231 1.15873 -0.055736 0.607231 0.077 0 2.49324 0 1 0 
2 2 0 1.98263 3.70156 0 1.15873 -0.057306 0.608019 1.15873 -0.057306 0.608019 0.077019 0 2.49291 0 1 0 
2 2 0 1.98231 3.70156 0 1.15864 -0.058173 0.608404 1.15864 -0.058173 0.608404 0.077052 0 2.49266 0 1 0 
2 2 0 1.9821 3.70156 0 1.15867 -0.05816 0.608413 1.15867 -0.05816 0.608413 0.077071 0 2.4926 0 1 0 
2 2 0 1.98232 3.70156 0 1.15868 -0.059353 0.609015 1.15868 -0.059353 0.609015 0.077058 0 2.49243 0 1 0 
2 2 0 1.98196 3.70156 0 1.15856 -0.060009 0.609282 1.15856 -0.060009 0.609282 0.077095 0 2.4922 0 1 0 
2 2 0 1.98189 3.70156 0 1.15851 -0.059856 0.609183 1.15851 -0.059856 0.609183 0.0771 0 2.49221 0 1 0 
2 2 0 1.98186 3.70156 0 1.15854 -0.060746 0.609644 1.15854 -0.060746 0.609644 0.077108 0 2.49203 0 1 0 
2 2 0 1.98217 3.70156 0 1.15868 -0.061272 0.609977 1.15868 -0.061272 0.609977 0.077084 0 2.49201 0 1 0 
2 2 0 1.98217 3.70156 0 1.15874 -0.06128 0.610012 1.15874 -0.06128 0.610012 0.077084 0 2.49201 0 1 0 
2 2 0 1.98201 3.70156 0 1.15864 -0.061943 0.610294 1.15864 -0.061943 0.610294 0.077102 0 2.49183 0 1 0 
2 2 0 1.98191 3.70156 0 1.15861 -0.062202 0.610407 1.15861 -0.062202 0.610407 0.077113 0 2.49175 0 1 0 
2 2 0 1.98189 3.70156 0 1.15856 -0.062256 0.610407 1.15856 -0.062256 0.610407 0.077115 0 2.49173 0 1 0 
2 2 0 1.98153 3.70156 0 1.15849 -0.062903 0.610695 1.15849 -0.062903 0.610695 0.077151 0 2.4915 0 1 0 
2 2 0 1.98134 3.70156 0 1.15844 -0.063616 0.611027 1.15844 -0.063616 0.611027 0.077172 0 2.4913 0 1 0 
2 2 0 1.98101 3.70156 0 1.15836 -0.065042 0.611701 1.15836 -0.065042 0.611701 0.077211 0 2.4909 0 1 0 
2 2 0 1.9809 3.70156 0 1.15833 -0.065528 0.611931 1.15833 -0.065528 0.611931 0.077224 0 1 0 2.49077 0 
2 2 0 1.98027 3.70156 0 1.15819 -0.068381 0.613286 1.15819 -0.068381 0.613286 0.0773 0 1 0 2.48996 0 
2 2 0 1.97903 3.70156 0 1.15793 -0.074088 0.616008 1.15793 -0.074088 0.616008 0.077452 0 1 0 2.48827 0 
2 2 0 1.97666 3.70156 0 1.15751 -0.085508 0.621507 1.15751 -0.085508 0.621507 0.077758 0 1 0 2.48461 0 
2 2 0 1.973 3.70156 0 1.1573 -0.108387 0.632846 1.1573 -0.108387 0.632846 0.078318 0 1 0 2.47631 0 
2 2 0 1.97272 3.70156 0 1.15739 -0.11154 0.634465 1.15739 -0.11154 0.634465 0.078379 0 1 0 2.47511 0 
2 2 0 1.97233 3.70156 0 1.15735 -0.113254 0.635301 1.15735 -0.113254 0.635301 0.078434 0 1 0 2.47437 0 
2 2 0 1.97282 3.70156 0 1.15747 -0.112038 0.634754 1.15747 -0.112038 0.634754 0.078375 0 1 0 2.47496 0 
2 2 0 1.97217 3.70156 0 1.15741 -0.115179 0.636294 1.15741 -0.115179 0.636294 0.078471 0 1 0 2.47361 0 
2 2 0 1.97173 3.70156 0 1.15737 -0.11735 0.637362 1.15737 -0.11735 0.637362 0.078538 0 1 0 2.47266 0 
2 2 0 1.9719 3.70156 0 1.15741 -0.117352 0.637379 1.15741 -0.117352 0.637379 0.078522 0 1 0 2.47271 0 
2 2 0 1.97158 3.70156 0 1.15748 -0.119716 0.638596 1.15748 -0.119716 0.638596 0.07858 0 1 0 2.47171 0 
2 2 0 1.9711 3.70156 0 1.15746 -0.122311 0.639886 1.15746 -0.122311 0.639886 0.078657 0 1 0 2.47055 0 
2 2 0 1.97123 3.70156 0 1.15764 -0.124154 0.640899 1.15764 -0.124154 0.640899 0.078668 0 1 0 2.46986 0 
2 2 0 1.97092 3.70156 0 1.1577 -0.126755 0.642229 1.1577 -0.126755 0.642229 0.078731 0 1 0 2.46871 0 
2 2 0 1.97056 3.70156 0 1.15775 -0.129355 0.643552 1.15775 -0.129355 0.643552 0.078798 0 1 0 2.46753 0 
2 2 0 1.97027 3.70156 0 1.15785 -0.132215 0.64503 1.15785 -0.132215 0.64503 0.078863 0 1 0 2.46624 0 
2 2 0 1.96988 3.70156 0 1.15791 -0.135073 0.646491 1.15791 -0.135073 0.646491 0.078938 0 1 0 2.46489 0 
2 2 0 1.96948 3.70156 0 1.15792 -0.137213 0.647564 1.15792 -0.137213 0.647564 0.079005 0 1 0 2.46384 0 
2 2 0 1.96953 3.70156 0 1.15806 -0.138769 0.648413 1.15806 -0.138769 0.648413 0.079022 0 1 0 2.46316 0 
2 2 0 1.96924 3.70156 0 1.15813 -0.14113 0.649629 1.15813 -0.14113 0.649629 0.079084 0 1 0 2.46201 0 
2 2 0 1.96866 3.70156 0 1.158 -0.142376 0.650187 1.158 -0.142376 0.650187 0.079156 0 1 0 2.46127 0 
2 2 0 1.96856 3.70156 0 1.1581 -0.144138 0.651121 1.1581 -0.144138 0.651121 0.079191 0 1 0 2.46043 0 
2 2 0 1.9682 3.70156 0 1.15825 -0.147658 0.652953 1.15825 -0.147658 0.652953 0.079278 0 1 0 2.45868 0 
2 2 0 1.9677 3.70156 0 1.15835 -0.151174 0.65476 1.15835 -0.151174 0.65476 0.079379 0 1 0 2.45684 0 
2 2 0 1.96704 3.70156 0 1.15839 -0.154685 0.656537 1.15839 -0.154685 0.656537 0.079496 0 1 0 2.45493 0 
2 2 0 1.96673 3.70156 0 1.1585 -0.157325 0.657913 1.1585 -0.157325 0.657913 0.079567 0 1 0 2.45352 0 
2 2 0 1.96624 3.70156 0 1.15854 -0.159958 0.65925 1.15854 -0.159958 0.65925 0.079657 0 1 0 2.45204 0 
2 2 0 1.9658 3.70156 0 1.15858 -0.162317 0.660451 1.15858 -0.162317 0.660451 0.079737 0 1 0 2.4507 0 
2 2 0 1.96561 3.70156 0 1.15848 -0.162307 0.660396 1.15848 -0.162307 0.660396 0.079755 0 1 0 2.45065 0 
2 2 0 1.96526 3.70156 0 1.15861 -0.164946 0.66178 1.15861 -0.164946 0.66178 0.079833 0 1 0 2.44916 0 
2 2 0 1.96469 3.70156 0 1.15876 -0.1689 0.663829 1.15876 -0.1689 0.663829 0.079955 0 1 0 2.44689 0 
2 2 0 1.96421 3.70156 0 1.15878 -0.171068 0.664924 1.15878 -0.171068 0.664924 0.080038 0 1 0 2.44558 0 
2 2 0 1.96393 3.70156 0 1.15892 -0.173616 0.666266 1.15892 -0.173616 0.666266 0.080111 0 1 0 2.4441 0 
2 2 0 1.96345 3.70156 0 1.15905 -0.176876 0.667963 1.15905 -0.176876 0.667963 0.080215 0 1 0 2.44215 0 
2 2 0 1.96298 3.70156 0 1.15919 -0.180137 0.669665 1.15919 -0.180137 0.669665 0.080321 0 1 0 2.44016 0 
2 2 0 1.96247 3.70156 0 1.15915 -0.181756 0.670455 1.15915 -0.181756 0.670455 0.0804 0 1 0 2.43908 0 
2 2 0 1.96235 3.70156 0 1.15917 -0.182312 0.670739 1.15917 -0.182312 0.670739 0.080422 0 1 0 2.43872 0 
2 2 0 1.96222 3.70156 0 1.15912 -0.18231 0.670714 1.15912 -0.18231 0.670714 0.080434 0 1 0 2.43869 0 
2 2 0 1.96213 3.70156 0 1.15925 -0.183945 0.671596 1.15925 -0.183945 0.671596 0.080474 0 1 0 2.43771 0 
2 2 0 1.96219 3.70156 0 1.15935 -0.18471 0.672033 1.15935 -0.18471 0.672033 0.080482 0 1 0 2.43729 0 
2 2 0 1.96203 3.70156 0 1.15942 -0.185941 0.672679 1.15942 -0.185941 0.672679 0.080522 0 1 0 2.43652 0 
2 2 0 1.9617 3.70156 0 1.15942 -0.187165 0.67329 1.15942 -0.187165 0.67329 0.080577 0 1 0 2.4357 0 
2 2 0 1.9618 3.70156 0 1.15959 -0.188387 0.673987 1.15959 -0.188387 0.673987 0.080591 0 1 0 2.43501 0 
2 2 0 1.96158 3.70156 0 1.1597 -0.190224 0.674961 1.1597 -0.190224 0.674961 0.080648 0 1 0 2.43384 0 
2 2 0 1.96105 3.70156 0 1.15967 -0.191903 0.675785 1.15967 -0.191903 0.675785 0.080733 0 1 0 2.43267 0 
2 2 0 1.96111 3.70156 0 1.15988 -0.192858 0.67637 1.15988 -0.192858 0.67637 0.080746 0 1 0 2.43212 0 
2 2 0 1.96113 3.70156 0 1.16001 -0.194695 0.677352 1.16001 -0.194695 0.677352 0.080781 0 1 0 2.431 0 
2 2 0 1.96072 3.70156 0 1.16005 -0.196523 0.678285 1.16005 -0.196523 0.678285 0.080858 0 1 0 2.42975 0 
2 2 0 1.9609 3.70156 0 1.16014 -0.196677 0.678407 1.16014 -0.196677 0.678407 0.080844 0 1 0 2.42971 0 
2 2 0 1.96044 3.70156 0 1.16016 -0.198501 0.67933 1.16016 -0.198501 0.67933 0.080926 0 1 0 2.42844 0 
2 2 0 1.96028 3.70156 0 1.16025 -0.19986 0.680054 1.16025 -0.19986 0.680054 0.080969 0 1 0 2.42755 0 
2 2 0 1.96012 3.70156 0 1.16039 -0.201691 0.681043 1.16039 -0.201691 0.681043 0.081023 0 1 0 2.42635 0 
2 2 0 1.95953 3.70156 0 1.16058 -0.205342 0.682961 1.16058 -0.205342 0.682961 0.081158 0 1 0 2.42384 0 
2 2 0 1.95881 3.70156 0 1.16072 -0.208983 0.684853 1.16072 -0.208983 0.684853 0.081306 0 1 0 2.42127 0 
2 2 0 1.95799 3.70156 0 1.16077 -0.212065 0.686415 1.16077 -0.212065 0.686415 0.081453 0 1 0 2.419 0 
2 2 0 1.95762 3.70156 0 1.16084 -0.213886 0.687362 1.16084 -0.213886 0.687362 0.08153 0 1 0 2.41768 0 
2 2 0 1.95748 3.70156 0 1.16101 -0.215718 0.688362 1.16101 -0.215718 0.688362 0.081585 0 1 0 2.41641 0 
2 2 0 1.95766 3.70156 0 1.16122 -0.216864 0.689042 1.16122 -0.216864 0.689042 0.081593 0 1 0 2.4157 0 
2 2 0 1.95782 3.70156 0 1.16125 -0.216868 0.689058 1.16125 -0.216868 0.689058 0.081578 0 1 0 2.41574 0 
2 2 0 1.95754 3.70156 0 1.16134 -0.218254 0.689799 1.16134 -0.218254 0.689799 0.081636 0 1 0 2.41472 0 
2 2 0 1.95715 3.70156 0 1.16136 -0.219629 0.690494 1.16136 -0.219629 0.690494 0.081706 0 1 0 2.41367 0 
2 2 0 1.95722 3.70156 0 1.16148 -0.220403 0.690943 1.16148 -0.220403 0.690943 0.081718 0 1 0 2.41316 0 
2 2 0 1.95702 3.70156 0 1.16153 -0.221435 0.691484 1.16153 -0.221435 0.691484 0.081761 0 1 0 2.41239 0 
2 2 0 1.95688 3.70156 0 1.16161 -0.222472 0.69204 1.16161 -0.222472 0.69204 0.081799 0 1 0 2.41164 0 
2 2 0 1.95664 3.70156 0 1.16163 -0.223424 0.692528 1.16163 -0.223424 0.692528 0.081845 0 1 0 2.41091 0 
2 2 0 1.95632 3.70156 0 1.16164 -0.224462 0.69305 1.16164 -0.224462 0.69305 0.0819 0 1 0 2.41009 0 
2 2 0 1.95647 3.70156 0 1.1618 -0.225248 0.693522 1.1618 -0.225248 0.693522 0.081904 0 1 0 2.40959 0 
2 2 0 1.95669 3.70156 0 1.16197 -0.225618 0.693792 1.16197 -0.225618 0.693792 0.081891 0 1 0 2.4094 0 
2 2 0 1.95651 3.70156 0 1.16199 -0.226651 0.694322 1.16199 -0.226651 0.694322 0.081934 0 1 0 2.40862 0 
2 2 0 1.95649 3.70156 0 1.16209 -0.227417 0.694751 1.16209 -0.227417 0.694751 0.081954 0 1 0 2.40808 0 
2 2 0 1.9564 3.70156 0 1.16218 -0.228439 0.69531 1.16218 -0.228439 0.69531 0.081987 0 1 0 2.40733 0 
2 2 0 1.95616 3.70156 0 1.16235 -0.23048 0.696417 1.16235 -0.23048 0.696417 0.082059 0 1 0 2.40582 0 
2 2 0 1.95612 3.70156 0 1.16239 -0.230895 0.696642 1.16239 -0.230895 0.696642 0.082074 0 1 0 2.40551 0 
2 2 0 1.95559 3.70156 0 1.16272 -0.234975 0.698847 1.16272 -0.234975 0.698847 0.082225 0 1 0 2.40242 0 
2 2 0 1.95435 3.70156 0 1.16333 -0.243128 0.703231 1.16333 -0.243128 0.703231 0.082553 0 1 0 2.39606 0 
2 2 0 1.95266 3.70156 0 1.1638 -0.251258 0.707531 1.1638 -0.251258 0.707531 0.082932 0 1 0 2.3894 0 
2 2 0 1.95241 3.70156 0 1.16377 -0.251697 0.707732 1.16377 -0.251697 0.707732 0.082969 0 1 0 2.38899 0 
2 2 0 1.95155 3.70156 0 1.16396 -0.25574 0.709852 1.16396 -0.25574 0.709852 0.083163 0 1 0 2.3856 0 
2 2 0 1.95113 3.70156 0 1.16414 -0.257781 0.710961 1.16414 -0.257781 0.710961 0.08326 0 1 0 2.38388 0 
2 2 0 1.95064 3.70156 0 1.16424 -0.259812 0.712028 1.16424 -0.259812 0.712028 0.083365 0 1 0 2.38214 0 
2 2 0 1.95046 3.70156 0 1.16439 -0.261317 0.712855 1.16439 -0.261317 0.712855 0.083425 0 1 0 2.3809 0 
2 2 0 1.94981 3.70156 0 1.16444 -0.263335 0.713886 1.16444 -0.263335 0.713886 0.083546 0 1 0 2.37909 0 
2 2 0 1.94925 3.70156 0 1.16449 -0.265195 0.714843 1.16449 -0.265195 0.714843 0.083655 0 1 0 2.37743 0 
2 2 0 1.94913 3.70156 0 1.16445 -0.265189 0.714818 1.16445 -0.265189 0.714818 0.083667 0 1 0 2.3774 0 
2 2 0 1.94883 3.70156 0 1.16463 -0.267228 0.715931 1.16463 -0.267228 0.715931 0.083755 0 1 0 2.37567 0 
2 2 0 1.94835 3.70156 0 1.16475 -0.269256 0.717004 1.16475 -0.269256 0.717004 0.083861 0 1 0 2.37388 0 
2 2 0 1.94804 3.70156 0 1.16486 -0.270754 0.717805 1.16486 -0.270754 0.717805 0.083936 0 1 0 2.37257 0 
2 2 0 1.94803 3.70156 0 1.16474 -0.270756 0.717749 1.16474 -0.270756 0.717749 0.083937 0 1 0 2.37256 0 
2 2 0 1.94731 3.70156 0 1.16488 -0.272788 0.718835 1.16488 -0.272788 0.718835 0.084068 0 1 0 2.37068 0 
2 2 0 1.94742 3.70156 0 1.16494 -0.272855 0.718896 1.16494 -0.272855 0.718896 0.084059 0 1 0 2.37066 0 
2 2 0 1.94697 3.70156 0 1.16508 -0.274897 0.719986 1.16508 -0.274897 0.719986 0.084164 0 1 0 2.36884 0 
2 2 0 1.94697 3.70156 0 1.16512 -0.275166 0.720141 1.16512 -0.275166 0.720141 0.084173 0 1 0 2.36862 0 
2 2 0 1.94666 3.70156 0 1.16508 -0.27568 0.720378 1.16508 -0.27568 0.720378 0.084219 0 1 0 2.3681 0 
2 2 0 1.94638 3.70156 0 1.16499 -0.275871 0.720433 1.16499 -0.275871 0.720433 0.084253 0 1 0 2.36786 0 
2 2 0 1.94637 3.70156 0 1.16507 -0.276412 0.720743 1.16507 -0.276412 0.720743 0.08427 0 1 0 2.3674 0 
2 2 0 1.94608 3.70156 0 1.16501 -0.276727 0.720868 1.16501 -0.276727 0.720868 0.084308 0 1 0 2.36705 0 
2 2 0 1.94579 3.70156 0 1.16498 -0.277259 0.721118 1.16498 -0.277259 0.721118 0.084354 0 1 0 2.36652 0 
2 2 0 1.94595 3.70156 0 1.16509 -0.277606 0.721349 1.16509 -0.277606 0.721349 0.084348 0 1 0 2.36628 0 
2 2 0 1.94576 3.70156 0 1.16511 -0.27815 0.721628 1.16511 -0.27815 0.721628 0.084383 0 1 0 2.36577 0 
2 2 0 1.94603 3.70156 0 1.16527 -0.278502 0.721885 1.16527 -0.278502 0.721885 0.084366 0 1 0 2.36556 0 
2 2 0 1.94577 3.70156 0 1.16525 -0.278533 0.721891 1.16525 -0.278533 0.721891 0.084394 0 1 0 2.36546 0 
2 2 0 1.94579 3.70156 0 1.16526 -0.279074 0.722168 1.16526 -0.279074 0.722168 0.084408 0 1 0 2.36501 0 
2 2 0 1.9461 3.70156 0 1.16545 -0.279475 0.722462 1.16545 -0.279475 0.722462 0.084388 0 1 0 2.36477 0 
2 2 0 1.94575 3.70156 0 1.1654 -0.280024 0.722711 1.1654 -0.280024 0.722711 0.08444 0 1 0 2.3642 0 
2 2 0 1.94543 3.70156 0 1.1654 -0.280862 0.723133 1.1654 -0.280862 0.723133 0.084498 0 1 0 2.3634 0 
2 2 0 1.94516 3.70156 0 1.16557 -0.282555 0.724061 1.16557 -0.282555 0.724061 0.084577 0 1 0 2.36189 0 
2 2 0 1.94466 3.70156 0 1.16552 -0.283458 0.724487 1.16552 -0.283458 0.724487 0.084655 0 1 0 2.36097 0 
2 2 0 1.94431 3.70156 0 1.16551 -0.284297 0.724905 1.16551 -0.284297 0.724905 0.084716 0 1 0 2.36015 0 
2 2 0 1.94418 3.70156 0 1.16556 -0.284917 0.725239 1.16556 -0.284917 0.725239 0.084748 0 1 0 2.35959 0 
2 2 0 1.94461 3.70156 0 1.16564 -0.284953 0.725296 1.16564 -0.284953 0.725296 0.084706 0 1 0 2.35968 0 
2 2 0 1.94426 3.70156 0 1.16574 -0.285814 0.725777 1.16574 -0.285814 0.725777 0.084767 0 1 0 2.35885 0 
2 2 0 1.94375 3.70156 0 1.16563 -0.286423 0.726028 1.16563 -0.286423 0.726028 0.084839 0 1 0 2.35817 0 
2 2 0 1.94371 3.70156 0 1.16576 -0.287291 0.726526 1.16576 -0.287291 0.726526 0.084869 0 1 0 2.35742 0 
2 2 0 1.94349 3.70156 0 1.16576 -0.287809 0.726784 1.16576 -0.287809 0.726784 0.084908 0 1 0 2.35691 0 
2 2 0 1.94386 3.70156 0 1.1658 -0.28783 0.726814 1.1658 -0.28783 0.726814 0.084872 0 1 0 2.35699 0 
2 2 0 1.94328 3.70156 0 1.16582 -0.288691 0.727254 1.16582 -0.288691 0.727254 0.084957 0 1 0 2.35609 0 
2 2 0 1.94308 3.70156 0 1.16588 -0.289558 0.72772 1.16588 -0.289558 0.72772 0.085004 0 1 0 2.35528 0 
2 2 0 1.94298 3.70156 0 1.16595 -0.290217 0.728083 1.16595 -0.290217 0.728083 0.085035 0 1 0 2.35468 0 
2 2 0 1.94275 3.70156 0 1.1659 -0.29047 0.728184 1.1659 -0.29047 0.728184 0.085067 0 1 0 2.35439 0 
2 2 0 1.94273 3.70156 0 1.16585 -0.290486 0.728165 1.16585 -0.290486 0.728165 0.085069 0 1 0 2.35437 0 
2 2 0 1.94248 3.70156 0 1.16584 -0.290796 0.72832 1.16584 -0.290796 0.72832 0.085105 0 1 0 2.35402 0 
2 2 0 1.9423 3.70156 0 1.16588 -0.291421 0.728649 1.16588 -0.291421 0.728649 0.085143 0 1 0 2.35343 0 
2 2 0 1.94212 3.70156 0 1.16602 -0.292683 0.72935 1.16602 -0.292683 0.72935 0.085201 0 1 0 2.35228 0 
2 2 0 1.94181 3.70156 0 1.16605 -0.293621 0.729836 1.16605 -0.293621 0.729836 0.085263 0 1 0 2.35137 0 
2 2 0 1.94157 3.70156 0 1.16617 -0.294892 0.730529 1.16617 -0.294892 0.730529 0.085328 0 1 0 2.35019 0 
2 2 0 1.94155 3.70156 0 1.16638 -0.296193 0.731285 1.16638 -0.296193 0.731285 0.085371 0 1 0 2.34904 0 
2 2 0 1.9418 3.70156 0 1.16641 -0.296243 0.731326 1.16641 -0.296243 0.731326 0.085347 0 1 0 2.34907 0 
2 2 0 1.9413 3.70156 0 1.16652 -0.29764 0.732082 1.16652 -0.29764 0.732082 0.085443 0 1 0 2.3477 0 
2 2 0 1.94099 3.70156 0 1.16648 -0.298143 0.732312 1.16648 -0.298143 0.732312 0.085492 0 1 0 2.34715 0 
2 2 0 1.94059 3.70156 0 1.16645 -0.298892 0.732671 1.16645 -0.298892 0.732671 0.085558 0 1 0 2.34637 0 
2 2 0 1.94052 3.70156 0 1.16646 -0.299085 0.73277 1.16646 -0.299085 0.73277 0.085571 0 1 0 2.34618 0 
2 2 0 1.94045 3.70156 0 1.16656 -0.299862 0.733212 1.16656 -0.299862 0.733212 0.085603 0 1 0 2.34547 0 
2 2 0 1.94004 3.70156 0 1.16666 -0.301388 0.734024 1.16666 -0.301388 0.734024 0.085695 0 1 0 2.34399 0 
2 2 0 1.94007 3.70156 0 1.16669 -0.301508 0.734099 1.16669 -0.301508 0.734099 0.085697 0 1 0 2.34389 0 
2 2 0 1.94001 3.70156 0 1.1668 -0.302284 0.734542 1.1668 -0.302284 0.734542 0.085728 0 1 0 2.34318 0 
2 2 0 1.93976 3.70156 0 1.16678 -0.302763 0.734773 1.16678 -0.302763 0.734773 0.085769 0 1 0 2.34268 0 
2 2 0 1.93976 3.70156 0 1.16685 -0.302852 0.734853 1.16685 -0.302852 0.734853 0.085772 0 1 0 2.34261 0 
2 2 0 1.93993 3.70156 0 1.167 -0.303638 0.735321 1.167 -0.303638 0.735321 0.08578 0 1 0 2.34195 0 
2 2 0 1.94015 3.70156 0 1.16715 -0.303988 0.735569 1.16715 -0.303988 0.735569 0.085769 0 1 0 2.34171 0 
2 2 0 1.94012 3.70156 0 1.16707 -0.304046 0.735556 1.16707 -0.304046 0.735556 0.085774 0 1 0 2.34164 0 
2 2 0 1.93968 3.70156 0 1.16712 -0.304879 0.735999 1.16712 -0.304879 0.735999 0.085847 0 1 0 2.34077 0 
2 2 0 1.93942 3.70156 0 1.16717 -0.3058 0.736486 1.16717 -0.3058 0.736486 0.085905 0 1 0 2.33986 0 
2 2 0 1.93917 3.70156 0 1.16736 -0.307466 0.737416 1.16736 -0.307466 0.737416 0.085986 0 1 0 2.33828 0 
2 2 0 1.93867 3.70156 0 1.1676 -0.309957 0.73878 1.1676 -0.309957 0.73878 0.086121 0 1 0 2.33587 0 
2 2 0 1.93854 3.70156 0 1.16775 -0.311089 0.739421 1.16775 -0.311089 0.739421 0.086173 0 1 0 2.3348 0 
2 2 0 1.93796 3.70156 0 1.16796 -0.313581 0.740773 1.16796 -0.313581 0.740773 0.086318 0 1 0 2.33235 0 
2 2 0 1.93772 3.70156 0 1.16795 -0.314054 0.741004 1.16795 -0.314054 0.741004 0.086359 0 1 0 2.33184 0 
2 3 0 1.96945 3.70156 0 1.1878 0.354379 0.416711 1.1878 0.354379 0.416711 0.086359 0 1 0 2.33184 0 
2 3 0 1.97861 3.70156 0 1.19142 0.355275 0.418072 1.19142 0.355275 0.418072 0.086359 0 1 0 2.33184 0 
2 3 0 1.98782 3.70156 0 1.195 0.356164 0.419419 1.195 0.356164 0.419419 0.082859 0 1 0 2.30481 0 
2 3 0 2.00626 3.70156 0 1.20206 0.357923 0.422071 1.20206 0.357923 0.422071 0.081233 0 1 0 2.30704 0 
2 3 0 1.96945 3.70156 0 1.1878 0.354379 0.416711 1.1878 0.354379 0.416711 0.081233 0 1 0 2.30704 0 
2 3 0 1.96028 3.70156 0 1.18415 0.353476 0.415335 1.18415 0.353476 0.415335 0.081233 0 1 0 2.30704 0 
2 3 0 1.95114 3.70156 0 1.18046 0.352565 0.413945 1.18046 0.352565 0.413945 0.086336 0 1 0 2.29896 0 
2 3 0 1.9329 3.70156 0 1.17297 0.350723 0.411122 1.17297 0.350723 0.411122 0.088195 0 1 0 2.2953 0 
2 3 0 1.89666 3.70156 0 1.15754 0.346948 0.405295 1.15754 0.346948 0.405295 0.09218 0 1 0 2.28642 0 
2 3 0 1.85182 3.70156 0 1.13738 0.342048 0.397665 1.13738 0.342048 0.397665 0.097714 0 1 0 2.27219 0 
2 3 0 1.80754 3.70156 0 1.11619 0.336934 0.389629 1.11619 0.336934 0.389629 0.103952 0 1 0 2.25421 0 
2 3 0 1.7639 3.70156 0 1.09393 0.331587 0.38117 1.09393 0.331587 0.38117 0.111001 0 1 0 2.23222 0 
2 3 0 1.72098 3.70156 0 1.07054 0.325992 0.372272 1.07054 0.325992 0.372272 0.118988 0 1 0 2.20596 0 
2 3 0 1.67886 3.70156 0 1.04597 0.320138 0.362914 1.04597 0.320138 0.362914 0.128061 0 1 0 2.17523 0 
2 3 0 1.67471 3.70156 0 1.04346 0.31954 0.361958 1.04346 0.31954 0.361958 0.129029 0 1 0 2.17193 0 
2 3 0 1.63356 3.70156 0 1.01754 0.313371 0.352086 1.01754 0.313371 0.352086 0.139488 0 1 0 2.13614 0 
2 3 0 1.59341 3.70156 0 0.990367 0.306901 0.341733 0.990367 0.306901 0.341733 0.151411 0 1 0 2.0957 0 
2 3 0 1.55434 3.70156 0 0.9619 0.300115 0.330892 0.9619 0.300115 0.330892 0.165015 0 1 0 2.05066 0 
2 3 0 1.51647 3.70156 0 0.932123 0.293001 0.319561 0.932123 0.293001 0.319561 0.180544 0 1 0 2.00119 0 
2 3 0 1.47989 3.70156 0 0.90103 0.285548 0.307741 0.90103 0.285548 0.307741 0.198261 0 1 0 1.94758 0 
2 3 0 1.44471 3.70156 0 0.868625 0.277748 0.295439 0.868625 0.277748 0.295439 0.218448 0 1 0 1.89028 0 
2 3 0 1.41102 3.70156 0 0.834931 0.269598 0.282666 0.834931 0.269598 0.282666 0.241396 0 1 0 1.82984 0 
2 3 0 1.37891 3.70156 0 0.79998 0.261098 0.269441 0.79998 0.261098 0.269441 0.267393 0 1 0 1.76694 0 
2 3 0 1.34845 3.70156 0 0.763821 0.252251 0.255785 0.763821 0.252251 0.255785 0.296708 0 1 0 1.70236 0 
2 3 0 1.31971 3.70156 0 0.726513 0.243066 0.241724 0.726513 0.243066 0.241724 0.329574 0 1 0 1.63693 0 
2 3 0 1.29273 3.70156 0 0.688127 0.233553 0.227287 0.688127 0.233553 0.227287 0.366153 0 1 0 1.57152 0 
2 3 0 1.26756 3.70156 0 0.64874 0.223726 0.212507 0.64874 0.223726 0.212507 0.406516 0 1 0 1.50698 0 
2 3 0 1.24421 3.70156 0 0.608435 0.213603 0.197416 0.608435 0.213603 0.197416 0.450606 0 1 0 1.44414 0 
2 3 0 1.22269 3.70156 0 0.567296 0.203203 0.182047 0.567296 0.203203 0.182047 0.498204 0 1 0 1.38374 0 
2 3 0 1.20298 3.70156 0 0.525411 0.192545 0.166433 0.525411 0.192545 0.166433 0.548903 0 1 0 1.32644 0 
2 3 0 1.18508 3.70156 0 0.482861 0.181649 0.150606 0.482861 0.181649 0.150606 0.602084 0 1 0 1.27279 0 
2 3 0 1.16897 3.70156 0 0.439729 0.170537 0.134596 0.439729 0.170537 0.134596 0.656901 0 1 0 1.22326 0 
2 3 0 1.1546 3.70156 0 0.39609 0.159227 0.118431 0.39609 0.159227 0.118431 0.712288 0 1 0 1.17819 0 
2 3 0 1.14195 3.70156 0 0.352016 0.147739 0.102138 0.352016 0.147739 0.102138 0.766973 0 1 0 1.13783 0 
2 3 0 1.13099 3.70156 0 0.307572 0.136094 0.085739 0.307572 0.136094 0.085739 0.819524 0 1 0 1.10238 0 
2 3 0 1.13099 3.70156 0 0.307572 0.136094 0.085739 0.307572 0.136094 0.085739 0.819523 0 1 0 1.10238 0 
2 3 0 1.12167 3.70156 0 0.262821 0.124301 0.06926 0.262821 0.124301 0.06926 0.868406 0 1 0 1.07194 0 
2 3 0 1.11398 3.70156 0 0.217819 0.112381 0.052719 0.217819 0.112381 0.052719 0.912057 0 1 0 1.04658 0 
2 3 0 1.10788 3.70156 0 0.17262 0.100346 0.036137 0.17262 0.100346 0.036137 0.94898 0 1 0 1.02634 0 
2 3 0 1.10335 3.70156 0 0.127272 0.088208 0.019532 0.127272 0.088208 0.019532 0.977839 0 1 0 1.01122 0 
2 3 0 1.10037 3.70156 0 0.08187 0.075989 0.002941 0.08187 0.075989 0.002941 0.997526 0 1 0 1.00124 0 
2 3 0 1.09892 3.70156 0 0.036363 0.063685 -0.013661 0.036363 0.063685 -0.013661 1 0 1.00733 0 0.99636 0 
2 3 0 1.0999 3.70156 0 -0.040302 0.043193 -0.041748 -0.040302 0.043193 -0.041748 1.00065 0 1 0 0.999678 0 
2 3 0 1.09989 3.70156 0 -0.040302 0.043193 -0.041748 -0.040302 0.043193 -0.041748 1.00059 0 0.99994 0 0.999618 0 
2 3 0 1.10254 3.70156 0 -0.08577 0.03098 -0.058375 -0.08577 0.03098 -0.058375 0.983092 0 1.00855 0 1 0 
2 3 0 1.10671 3.70156 0 -0.131141 0.018753 -0.074947 -0.131141 0.018753 -0.074947 0.956189 0 1.02258 0 1 0 
2 3 0 1.11242 3.70156 0 -0.176369 0.00652 -0.091444 -0.176369 0.00652 -0.091444 0.920969 0 1.04178 0 1 0 
2 3 0 1.1197 3.70156 0 -0.221407 -0.005708 -0.10785 -0.221407 -0.005708 -0.10785 0.878729 0 1.06616 0 1 0 
2 3 0 1.12855 3.70156 0 -0.266206 -0.01792 -0.124143 -0.266206 -0.01792 -0.124143 0.830944 0 1.09571 0 1 0 
2 3 0 1.13902 3.70156 0 -0.310713 -0.030104 -0.140304 -0.310713 -0.030104 -0.140304 0.779164 0 1.13038 0 1 0 
2 3 0 1.15111 3.70156 0 -0.354872 -0.042248 -0.156312 -0.354872 -0.042248 -0.156312 0.724934 0 1 0 1.17009 0 
2 3 0 1.16486 3.70156 0 -0.398623 -0.054339 -0.172142 -0.398623 -0.054339 -0.172142 0.669706 0 1 0 1.21471 0 
2 3 0 1.1803 3.70156 0 -0.4419 -0.066362 -0.187769 -0.4419 -0.066362 -0.187769 0.614781 0 1 0 1.26402 0 
2 3 0 1.19745 3.70156 0 -0.484636 -0.078302 -0.203167 -0.484636 -0.078302 -0.203167 0.561264 0 1 0 1.31772 0 
2 3 0 1.21633 3.70156 0 -0.526756 -0.090144 -0.218306 -0.526756 -0.090144 -0.218306 0.510041 0 1 0 1.3754 0 
2 3 0 1.23695 3.70156 0 -0.568187 -0.101871 -0.233158 -0.568187 -0.101871 -0.233158 0.461774 0 1 0 1.43658 0 
2 3 0 1.25933 3.70156 0 -0.60885 -0.113469 -0.247691 -0.60885 -0.113469 -0.247691 0.41691 0 1 0 1.50063 0 
2 3 0 1.28346 3.70156 0 -0.648666 -0.124919 -0.261874 -0.648666 -0.124919 -0.261874 0.375708 0 1 0 1.56684 0 
2 3 0 1.30933 3.70156 0 -0.68756 -0.136207 -0.275676 -0.68756 -0.136207 -0.275676 0.338257 0 1 0 1.63443 0 
2 3 0 1.33692 3.70156 0 -0.725457 -0.147319 -0.289069 -0.725457 -0.147319 -0.289069 0.304517 0 1 0 1.70252 0 
2 3 0 1.36618 3.70156 0 -0.76229 -0.15824 -0.302025 -0.76229 -0.15824 -0.302025 0.274349 0 1 0 1.77024 0 
2 3 0 1.39707 3.70156 0 -0.797998 -0.168959 -0.314519 -0.797998 -0.168959 -0.314519 0.247539 0 1 0 1.83668 0 
2 3 0 1.42951 3.70156 0 -0.83253 -0.179467 -0.326532 -0.83253 -0.179467 -0.326532 0.223831 0 1 0 1.90102 0 
2 3 0 1.46345 3.70156 0 -0.865848 -0.189757 -0.338045 -0.865848 -0.189757 -0.338045 0.202945 0 1 0 1.96247 0 
2 3 0 1.49879 3.70156 0 -0.897922 -0.199824 -0.349049 -0.897922 -0.199824 -0.349049 0.184596 0 1 0 2.02036 0 
2 3 0 1.53544 3.70156 0 -0.928739 -0.209666 -0.359536 -0.928739 -0.209666 -0.359536 0.168502 0 1 0 2.07415 0 
2 3 0 1.57332 3.70156 0 -0.958295 -0.219284 -0.369505 -0.958295 -0.219284 -0.369505 0.1544 0 1 0 2.1234 0 
2 3 0 1.61232 3.70156 0 -0.986597 -0.228681 -0.378958 -0.986597 -0.228681 -0.378958 0.142043 0 1 0 2.16785 0 
2 3 0 1.65236 3.70156 0 -1.01367 -0.23786 -0.387903 -1.01367 -0.23786 -0.387903 0.13121 0 1 0 2.20734 0 
2 3 0 1.69334 3.70156 0 -1.03953 -0.246828 -0.396349 -1.03953 -0.246828 -0.396349 0.121701 0 1 0 2.24184 0 
2 3 0 1.73518 3.70156 0 -1.06421 -0.255593 -0.40431 -1.06421 -0.255593 -0.40431 0.113341 0 1 0 2.27141 0 
2 3 0 1.77779 3.70156 0 -1.08777 -0.264162 -0.411803 -1.08777 -0.264162 -0.411803 0.105977 0 1 0 2.29621 0 
2 3 0 1.82108 3.70156 0 -1.11023 -0.272543 -0.418842 -1.11023 -0.272543 -0.418842 0.099477 0 1 0 2.31644 0 
2 3 0 1.86501 3.70156 0 -1.13165 -0.280749 -0.425452 -1.13165 -0.280749 -0.425452 0.093721 0 1 0 2.33239 0 
2 3 0 1.9095 3.70156 0 -1.15208 -0.288781 -0.431651 -1.15208 -0.288781 -0.431651 0.088612 0 1 0 2.34433 0 
2 3 0 1.9545 3.70156 0 -1.17157 -0.296633 -0.437467 -1.17157 -0.296633 -0.437467 0.084064 0 1 0 2.35263 0 
2 3 0 1.99995 3.70156 0 -1.19015 -0.304335 -0.442909 -1.19015 -0.304335 -0.442909 0.080004 0 1 0 2.35755 0 
2 3 0 2.0458 3.70156 0 -1.20789 -0.311894 -0.448 -1.20789 -0.311894 -0.448 0.07637 0 1 0 2.35942 0 
2 4 0 1.96808 3.70156 0 1.19153 0.375457 0.408034 1.19153 0.375457 0.408034 0.07637 0 1 0 2.35942 0 
2 4 0 1.97727 3.70156 0 1.19511 0.376223 0.409444 1.19511 0.376223 0.409444 0.07637 0 1 0 2.35942 0 
2 4 0 1.98649 3.70156 0 1.19866 0.376982 0.410841 1.19866 0.376982 0.410841 0.08377 0 1 0 2.28286 0 
2 4 0 2.00496 3.70156 0 1.20566 0.378479 0.413592 1.20566 0.378479 0.413592 0.082115 0 1 0 2.28526 0 
2 4 0 1.96808 3.70156 0 1.19153 0.375457 0.408034 1.19153 0.375457 0.408034 0.082115 0 1 0 2.28526 0 
2 4 0 1.95889 3.70156 0 1.1879 0.374684 0.40661 1.1879 0.374684 0.40661 0.082115 0 1 0 2.28526 0 
2 4 0 1.94974 3.70156 0 1.18425 0.373903 0.405172 1.18425 0.373903 0.405172 0.08731 0 1 0 2.27672 0 
2 4 0 1.93147 3.70156 0 1.17682 0.372318 0.402252 1.17682 0.372318 0.402252 0.089203 0 1 0 2.27294 0 
2 4 0 1.89515 3.70156 0 1.16152 0.369053 0.396235 1.16152 0.369053 0.396235 0.093259 0 1 0 2.26384 0 
2 4 0 1.85915 3.70156 0 1.1456 0.365651 0.389975 1.1456 0.365651 0.389975 0.097711 0 1 0 2.2526 0 
2 4 0 1.81466 3.70156 0 1.12478 0.361193 0.381794 1.12478 0.361193 0.381794 0.103908 0 1 0 2.2353 0 
2 4 0 1.77078 3.70156 0 1.10289 0.356492 0.373199 1.10289 0.356492 0.373199 0.110907 0 1 0 2.21413 0 
2 4 0 1.72761 3.70156 0 1.07988 0.351526 0.364175 1.07988 0.351526 0.364175 0.118833 0 1 0 2.18885 0 
2 4 0 1.68521 3.70156 0 1.05569 0.346277 0.354705 1.05569 0.346277 0.354705 0.127832 0 1 0 2.15926 0 
2 4 0 1.64368 3.70156 0 1.03028 0.340723 0.344777 1.03028 0.340723 0.344777 0.13807 0 1 0 2.12519 0 
2 4 0 1.60311 3.70156 0 1.00361 0.334848 0.334379 1.00361 0.334848 0.334379 0.149738 0 1 0 2.08657 0 
2 4 0 1.5636 3.70156 0 0.975637 0.328632 0.323503 0.975637 0.328632 0.323503 0.163049 0 1 0 2.04341 0 
2 4 0 1.52526 3.70156 0 0.946351 0.32206 0.312146 0.946351 0.32206 0.312146 0.178245 0 1 0 1.99585 0 
2 4 0 1.48818 3.70156 0 0.915734 0.315117 0.300308 0.915734 0.315117 0.300308 0.195588 0 1 0 1.94413 0 
2 4 0 1.45249 3.70156 0 0.883788 0.307794 0.287997 0.883788 0.307794 0.287997 0.215361 0 1 0 1.88863 0 
2 4 0 1.41826 3.70156 0 0.850529 0.300082 0.275223 0.850529 0.300082 0.275223 0.237856 0 1 0 1.82986 0 
2 4 0 1.38561 3.70156 0 0.815987 0.29198 0.262003 0.815987 0.29198 0.262003 0.263368 0 1 0 1.76846 0 
2 4 0 1.3546 3.70156 0 0.780206 0.283488 0.248359 0.780206 0.283488 0.248359 0.292178 0 1 0 1.70517 0 
2 4 0 1.32531 3.70156 0 0.743244 0.274613 0.234316 0.743244 0.274613 0.234316 0.324531 0 1 0 1.64078 0 
2 4 0 1.2978 3.70156 0 0.705171 0.265364 0.219903 0.705171 0.265364 0.219903 0.36061 0 1 0 1.57616 0 
2 4 0 1.27209 3.70156 0 0.666064 0.255756 0.205154 0.666064 0.255756 0.205154 0.400512 0 1 0 1.51215 0 
2 4 0 1.24822 3.70156 0 0.626006 0.245806 0.1901 0.626006 0.245806 0.1901 0.444209 0 1 0 1.44959 0 
2 4 0 1.22619 3.70156 0 0.585085 0.235533 0.174776 0.585085 0.235533 0.174776 0.491521 0 1 0 1.38923 0 
2 4 0 1.20601 3.70156 0 0.543389 0.224959 0.159215 0.543389 0.224959 0.159215 0.542079 0 1 0 1.33176 0 
2 4 0 1.18765 3.70156 0 0.501004 0.214105 0.143449 0.501004 0.214105 0.143449 0.595308 0 1 0 1.27776 0 
2 4 0 1.17109 3.70156 0 0.458013 0.202994 0.12751 0.458013 0.202994 0.12751 0.650402 0 1 0 1.22771 0 
2 4 0 1.1563 3.70156 0 0.414496 0.191648 0.111424 0.414496 0.191648 0.111424 0.706333 0 1 0 1.18198 0 
2 4 0 1.14324 3.70156 0 0.370526 0.180087 0.09522 0.370526 0.180087 0.09522 0.761861 0 1 0 1.14086 0 
2 4 0 1.13189 3.70156 0 0.326173 0.168331 0.078921 0.326173 0.168331 0.078921 0.815572 0 1 0 1.10455 0 
2 4 0 1.1222 3.70156 0 0.281499 0.156404 0.062548 0.281499 0.156404 0.062548 0.865935 0 1 0 1.07317 0 
2 4 0 1.1222 3.70156 0 0.281498 0.156405 0.062547 0.281498 0.156405 0.062547 0.865934 0 1 0 1.07317 0 
2 4 0 1.11414 3.70156 0 0.236563 0.144314 0.046124 0.236563 0.144314 0.046124 0.911374 0 1 0 1.04682 0 
2 4 0 1.10769 3.70156 0 0.191516 0.132108 0.029704 0.191516 0.132108 0.029704 0.950283 0 1 0 1.02557 0 
2 4 0 1.1028 3.70156 0 0.146216 0.119757 0.01323 0.146216 0.119757 0.01323 0.981448 0 1 0 1.00935 0 
2 4 0 1.09946 3.70156 0 0.100805 0.107293 -0.003244 0.100805 0.107293 -0.003244 1.00361 0 1 0 0.998208 0 
2 4 0 1.09911 3.70156 0 0.094268 0.105489 -0.00561 0.094268 0.105489 -0.00561 1.006 0 1 0 0.997025 0 
2 4 0 1.09752 3.70156 0 0.048788 0.09289 -0.022051 0.048788 0.09289 -0.022051 1 0 1.01683 0 0.991705 0 
2 4 0 1.09746 3.70156 0 0.0033 0.080104 -0.038402 0.0033 0.080104 -0.038402 1 0 0.991487 0 1.01727 0 
2 4 0 1.09759 3.70156 0 -0.003085 0.078101 -0.040593 -0.003085 0.078101 -0.040593 1 0 1.01641 0 0.991905 0 
2 4 0 1.09926 3.70156 0 -0.048522 0.065033 -0.056778 -0.048522 0.065033 -0.056778 1.00502 0 1 0 0.997503 0 
2 4 0 1.1003 3.70156 0 -0.066073 0.059974 -0.063024 -0.066073 0.059974 -0.063024 0.997951 0 1 0 1.00103 0 
2 4 0 1.10032 3.70156 0 -0.066374 0.059888 -0.063131 -0.066374 0.059888 -0.063131 0.997817 0 1 0 1.00109 0 
2 4 0 1.10409 3.70156 0 -0.111702 0.046799 -0.079251 -0.111702 0.046799 -0.079251 0.972977 0 1 0 1.01375 0 
2 4 0 1.10937 3.70156 0 -0.156899 0.033682 -0.095291 -0.156899 0.033682 -0.095291 0.93956 0 1.03151 0 1 0 
2 4 0 1.11618 3.70156 0 -0.20192 0.020548 -0.111234 -0.20192 0.020548 -0.111234 0.898797 0 1.05438 0 1 0 
2 4 0 1.12454 3.70156 0 -0.246719 0.007407 -0.127063 -0.246719 0.007407 -0.127063 0.852116 0 1.08235 0 1 0 
2 4 0 1.13447 3.70156 0 -0.291245 -0.005729 -0.142758 -0.291245 -0.005729 -0.142758 0.801045 0 1.11539 0 1 0 
2 4 0 1.14599 3.70156 0 -0.335445 -0.018847 -0.158299 -0.335445 -0.018847 -0.158299 0.747125 0 1.15345 0 1 0 
2 4 0 1.15913 3.70156 0 -0.379263 -0.031934 -0.173665 -0.379263 -0.031934 -0.173665 0.691827 0 1.19641 0 1 0 
2 4 0 1.17391 3.70156 0 -0.422637 -0.044976 -0.188831 -0.422637 -0.044976 -0.188831 0.636485 0 1 0 1.24408 0 
2 4 0 1.19037 3.70156 0 -0.465502 -0.057957 -0.203773 -0.465502 -0.057957 -0.203773 0.582253 0 1 0 1.29619 0 
2 4 0 1.20852 3.70156 0 -0.50779 -0.070863 -0.218463 -0.50779 -0.070863 -0.218463 0.530071 0 1 0 1.3524 0 
2 4 0 1.22838 3.70156 0 -0.549428 -0.083677 -0.232875 -0.549428 -0.083677 -0.232875 0.480661 0 1 0 1.41225 0 
2 4 0 1.24996 3.70156 0 -0.590341 -0.096383 -0.246979 -0.590341 -0.096383 -0.246979 0.43453 0 1 0 1.47516 0 
2 4 0 1.27327 3.70156 0 -0.630453 -0.108964 -0.260745 -0.630453 -0.108964 -0.260745 0.391987 0 1 0 1.54047 0 
2 4 0 1.29829 3.70156 0 -0.66969 -0.121403 -0.274144 -0.66969 -0.121403 -0.274144 0.353173 0 1 0 1.60742 0 
2 4 0 1.32502 3.70156 0 -0.707977 -0.133684 -0.287147 -0.707977 -0.133684 -0.287147 0.318085 0 1 0 1.67518 0 
2 4 0 1.35341 3.70156 0 -0.745246 -0.145792 -0.299727 -0.745246 -0.145792 -0.299727 0.286616 0 1 0 1.74288 0 
2 4 0 1.38343 3.70156 0 -0.781434 -0.157714 -0.31186 -0.781434 -0.157714 -0.31186 0.258576 0 1 0 1.80962 0 
2 4 0 1.41501 3.70156 0 -0.816486 -0.169438 -0.323524 -0.816486 -0.169438 -0.323524 0.233724 0 1 0 1.87455 0 
2 4 0 1.44811 3.70156 0 -0.850359 -0.180955 -0.334702 -0.850359 -0.180955 -0.334702 0.21179 0 1 0 1.93685 0 
2 4 0 1.48262 3.70156 0 -0.88302 -0.192258 -0.345381 -0.88302 -0.192258 -0.345381 0.19249 0 1 0 1.99582 0 
2 4 0 1.51849 3.70156 0 -0.914446 -0.203342 -0.355552 -0.914446 -0.203342 -0.355552 0.175545 0 1 0 2.05085 0 
2 4 0 1.5556 3.70156 0 -0.944629 -0.214204 -0.365212 -0.944629 -0.214204 -0.365212 0.160685 0 1 0 2.10146 0 
2 4 0 1.59388 3.70156 0 -0.97357 -0.224846 -0.374362 -0.97357 -0.224846 -0.374362 0.147659 0 1 0 2.14731 0 
2 4 0 1.63324 3.70156 0 -1.00128 -0.23527 -0.383006 -1.00128 -0.23527 -0.383006 0.136237 0 1 0 2.18821 0 
2 4 0 1.67357 3.70156 0 -1.02779 -0.24548 -0.391154 -1.02779 -0.24548 -0.391154 0.126214 0 1 0 2.22406 0 
2 4 0 1.7148 3.70156 0 -1.05312 -0.255481 -0.398817 -1.05312 -0.255481 -0.398817 0.117405 0 1 0 2.25489 0 
2 4 0 1.75684 3.70156 0 -1.0773 -0.265281 -0.406011 -1.0773 -0.265281 -0.406011 0.10965 0 1 0 2.28082 0 
2 4 0 1.79961 3.70156 0 -1.10039 -0.274887 -0.412751 -1.10039 -0.274887 -0.412751 0.102809 0 1 0 2.30204 0 
2 4 0 1.79961 3.70156 0 -1.10039 -0.274887 -0.412751 -1.10039 -0.274887 -0.412751 0.102809 0 1 0 2.30204 0 
2 4 0 1.84304 3.70156 0 -1.12242 -0.284309 -0.419055 -1.12242 -0.284309 -0.419055 0.096759 0 1 0 2.31881 0 
2 4 0 1.84868 3.70156 0 -1.12518 -0.285509 -0.419837 -1.12518 -0.285509 -0.419837 0.096032 0 1 0 2.32066 0 
2 4 0 1.89277 3.70156 0 -1.14608 -0.294734 -0.425672 -1.14608 -0.294734 -0.425672 0.090749 0 1 0 2.33274 0 
2 4 0 1.93739 3.70156 0 -1.16602 -0.303793 -0.431111 -1.16602 -0.303793 -0.431111 0.086052 0 1 0 2.341 0 
2 4 0 1.93737 3.70156 0 -1.16602 -0.303793 -0.431111 -1.16602 -0.303793 -0.431111 0.086039 0 0.999897 0 2.34089 0 
2 4 0 1.98248 3.70156 0 -1.18504 -0.312696 -0.436175 -1.18504 -0.312696 -0.436175 0.081863 0 1 0 2.34576 0 
2 4 0 2.02799 3.70156 0 -1.20321 -0.321452 -0.440882 -1.20321 -0.321452 -0.440882 0.078118 0 1 0 2.34735 0 
2 5 0 1.96276 3.70156 0 1.20904 0.460775 0.374134 1.20904 0.460775 0.374134 0.078118 0 1 0 2.34735 0 
2 5 0 1.972 3.70156 0 1.21252 0.461326 0.375599 1.21252 0.461326 0.375599 0.078118 0 1 0 2.34735 0 
2 5 0 1.98126 3.70156 0 1.21597 0.461869 0.37705 1.21597 0.461869 0.37705 0.087977 0 1 0 2.18551 0 
2 5 0 1.99983 3.70156 0 1.22276 0.46293 0.379913 1.22276 0.46293 0.379913 0.086214 0 1 0 2.18799 0 
2 5 0 2.03713 3.70156 0 1.23593 0.464954 0.385486 1.23593 0.464954 0.385486 0.08291 0 1 0 2.19181 0 
2 5 0 1.96276 3.70156 0 1.20904 0.460775 0.374134 1.20904 0.460775 0.374134 0.08291 0 1 0 2.19181 0 
2 5 0 1.95352 3.70156 0 1.20553 0.460215 0.372657 1.20553 0.460215 0.372657 0.08291 0 1 0 2.19181 0 
2 5 0 1.94432 3.70156 0 1.20198 0.459645 0.371166 1.20198 0.459645 0.371166 0.091744 0 1 0 2.17934 0 
2 5 0 1.92595 3.70156 0 1.19477 0.458479 0.368144 1.19477 0.458479 0.368144 0.093758 0 1 0 2.17561 0 
2 5 0 1.88942 3.70156 0 1.17989 0.456028 0.361932 1.17989 0.456028 0.361932 0.098073 0 1 0 2.1668 0 
2 5 0 1.85321 3.70156 0 1.1644 0.453411 0.355492 1.1644 0.453411 0.355492 0.102807 0 1 0 2.15605 0 
2 5 0 1.84763 3.70156 0 1.16193 0.45299 0.354472 1.16193 0.45299 0.354472 0.103582 0 1 0 2.15421 0 
2 5 0 1.80292 3.70156 0 1.1415 0.449425 0.34604 1.1415 0.449425 0.34604 0.110267 0 1 0 2.13744 0 
2 5 0 1.79752 3.70156 0 1.13895 0.44897 0.344988 1.13895 0.44897 0.344988 0.111137 0 1 0 2.13517 0 
2 5 0 1.75351 3.70156 0 1.11729 0.445053 0.336119 1.11729 0.445053 0.336119 0.118801 0 1 0 2.11443 0 
2 5 0 1.7102 3.70156 0 1.09448 0.440798 0.326841 1.09448 0.440798 0.326841 0.127485 0 1 0 2.08991 0 
2 5 0 1.66769 3.70156 0 1.07046 0.436183 0.317138 1.07046 0.436183 0.317138 0.137349 0 1 0 2.0614 0 
2 5 0 1.62606 3.70156 0 1.04518 0.431174 0.307002 1.04518 0.431174 0.307002 0.148575 0 1 0 2.02874 0 
2 5 0 1.62066 3.70156 0 1.04176 0.430484 0.305637 1.04176 0.430484 0.305637 0.150164 0 1 0 2.02413 0 
2 5 0 1.58015 3.70156 0 1.015 0.424992 0.295002 1.015 0.424992 0.295002 0.163184 0 1 0 1.9867 0 
2 5 0 1.54076 3.70156 0 0.986888 0.419051 0.283919 0.986888 0.419051 0.283919 0.178044 0 1 0 1.94507 0 
2 5 0 1.50259 3.70156 0 0.95741 0.412636 0.272387 0.95741 0.412636 0.272387 0.195008 0 1 0 1.89936 0 
2 5 0 1.46576 3.70156 0 0.926552 0.405727 0.260412 0.926552 0.405727 0.260412 0.214361 0 1 0 1.84982 0 
2 5 0 1.43037 3.70156 0 0.89432 0.39831 0.248005 0.89432 0.39831 0.248005 0.236405 0 1 0 1.79683 0 
2 5 0 1.39654 3.70156 0 0.860736 0.390374 0.235181 0.860736 0.390374 0.235181 0.261449 0 1 0 1.74089 0 
2 5 0 1.36435 3.70156 0 0.825839 0.381916 0.221961 0.825839 0.381916 0.221961 0.289792 0 1 0 1.68262 0 
2 5 0 1.3339 3.70156 0 0.789683 0.372938 0.208372 0.789683 0.372938 0.208372 0.321706 0 1 0 1.62273 0 
2 5 0 1.30524 3.70156 0 0.752336 0.363449 0.194443 0.752336 0.363449 0.194443 0.357412 0 1 0 1.56201 0 
2 5 0 1.27843 3.70156 0 0.713879 0.353464 0.180207 0.713879 0.353464 0.180207 0.39705 0 1 0 1.50126 0 
2 5 0 1.25351 3.70156 0 0.6744 0.343005 0.165697 0.6744 0.343005 0.165697 0.440649 0 1 0 1.44131 0 
2 5 0 1.23047 3.70156 0 0.633992 0.332095 0.150948 0.633992 0.332095 0.150948 0.488092 0 1 0 1.38292 0 
2 5 0 1.20932 3.70156 0 0.592752 0.320763 0.135994 0.592752 0.320763 0.135994 0.539085 0 1 0 1.32681 0 
2 5 0 1.19005 3.70156 0 0.550773 0.309038 0.120867 0.550773 0.309038 0.120867 0.59313 0 1 0 1.2736 0 
2 5 0 1.17262 3.70156 0 0.508146 0.296951 0.105597 0.508146 0.296951 0.105597 0.649506 0 1 0 1.22381 0 
2 5 0 1.15701 3.70156 0 0.464958 0.284532 0.090213 0.464958 0.284532 0.090213 0.707262 0 1 0 1.17788 0 
2 5 0 1.14316 3.70156 0 0.421289 0.27181 0.074739 0.421289 0.27181 0.074739 0.765228 0 1 0 1.13613 0 
2 5 0 1.13104 3.70156 0 0.377213 0.258815 0.059199 0.377213 0.258815 0.059199 0.822042 0 1 0 1.09882 0 
2 5 0 1.12065 3.70156 0 0.333025 0.24564 0.043692 0.333025 0.24564 0.043692 0.875931 0 1 0 1.06627 0 
2 5 0 1.11184 3.70156 0 0.288332 0.232188 0.028072 0.288332 0.232188 0.028072 0.925885 0 1 0 1.03826 0 
2 5 0 1.10462 3.70156 0 0.243418 0.218538 0.01244 0.243418 0.218538 0.01244 0.970023 0 1 0 1.01503 0 
2 5 0 1.09897 3.70156 0 0.198346 0.204715 -0.003185 0.198346 0.204715 -0.003185 1.00685 0 1 0 0.996643 0 
2 5 0 1.09485 3.70156 0 0.153136 0.190748 -0.018806 0.153136 0.190748 -0.018806 1.0351 0 1 0 0.983083 0 
2 5 0 1.09486 3.70156 0 0.153208 0.190771 -0.018781 0.153208 0.190771 -0.018781 1.03506 0 1 0 0.983101 0 
2 5 0 1.09224 3.70156 0 0.10792 0.176659 -0.03437 0.10792 0.176659 -0.03437 1 0 1.05368 0 0.974392 0 
2 5 0 1.09209 3.70156 0 0.104195 0.175495 -0.03565 0.104195 0.175495 -0.03565 1 0 1.05476 0 0.973892 0 
2 5 0 1.09107 3.70156 0 0.058867 0.161261 -0.051197 0.058867 0.161261 -0.051197 1 0 1.06218 0 0.970443 0 
2 5 0 1.09108 3.70156 0 0.059299 0.161397 -0.051049 0.059299 0.161397 -0.051049 1 0 1.06216 0 0.970453 0 
2 5 0 1.09151 3.70156 0 0.013967 0.147129 -0.066581 0.013967 0.147129 -0.066581 1 0 0.971804 0 1.05911 0 
2 5 0 1.09363 3.70156 0 -0.034614 0.13144 -0.083027 -0.034614 0.13144 -0.083027 1 0 1.04395 0 0.978794 0 
2 5 0 1.09717 3.70156 0 -0.079697 0.116187 -0.097942 -0.079697 0.116187 -0.097942 1.01927 0 1 0 0.990535 0 
2 5 0 1.10213 3.70156 0 -0.124631 0.100832 -0.112732 -0.124631 0.100832 -0.112732 0.98581 0 1 0 1.00714 0 
2 5 0 1.10855 3.70156 0 -0.169403 0.085347 -0.127375 -0.169403 0.085347 -0.127375 0.944749 0 1 0 1.02864 0 
2 5 0 1.11643 3.70156 0 -0.213965 0.069794 -0.141879 -0.213965 0.069794 -0.141879 0.897532 0 1 0 1.05502 0 
2 5 0 1.12577 3.70156 0 -0.258272 0.054189 -0.15623 -0.258272 0.054189 -0.15623 0.84567 0 1.08628 0 1 0 
2 5 0 1.13661 3.70156 0 -0.30228 0.038546 -0.170413 -0.30228 0.038546 -0.170413 0.790695 0 1 0 1.12237 0 
2 5 0 1.14896 3.70156 0 -0.34594 0.02288 -0.18441 -0.34594 0.02288 -0.18441 0.734076 0 1.16321 0 1 0 
2 5 0 1.16285 3.70156 0 -0.389199 0.007208 -0.198204 -0.389199 0.007208 -0.198204 0.677161 0 1.20866 0 1 0 
2 5 0 1.17829 3.70156 0 -0.432002 -0.008456 -0.211773 -0.432002 -0.008456 -0.211773 0.621127 0 1.2585 0 1 0 
2 5 0 1.19531 3.70156 0 -0.474288 -0.024095 -0.225096 -0.474288 -0.024095 -0.225096 0.566948 0 1.31246 0 1 0 
2 5 0 1.21394 3.70156 0 -0.515994 -0.039693 -0.238151 -0.515994 -0.039693 -0.238151 0.515389 0 1.37014 0 1 0 
2 5 0 1.23418 3.70156 0 -0.557056 -0.055231 -0.250912 -0.557056 -0.055231 -0.250912 0.467003 0 1 0 1.43106 0 
2 5 0 1.25604 3.70156 0 -0.597404 -0.070692 -0.263356 -0.597404 -0.070692 -0.263356 0.42215 0 1 0 1.49462 0 
2 5 0 1.27954 3.70156 0 -0.636971 -0.086058 -0.275456 -0.636971 -0.086058 -0.275456 0.381018 0 1 0 1.56014 0 
2 5 0 1.30465 3.70156 0 -0.675688 -0.101311 -0.287189 -0.675688 -0.101311 -0.287189 0.343649 0 1 0 1.62687 0 
2 5 0 1.33137 3.70156 0 -0.713489 -0.116432 -0.298528 -0.713489 -0.116432 -0.298528 0.309972 0 1 0 1.69398 0 
2 5 0 1.35966 3.70156 0 -0.750312 -0.131406 -0.309453 -0.750312 -0.131406 -0.309453 0.279829 0 1 0 1.76059 0 
2 5 0 1.38949 3.70156 0 -0.786101 -0.146215 -0.319943 -0.786101 -0.146215 -0.319943 0.253001 0 1 0 1.82586 0 
2 5 0 1.42081 3.70156 0 -0.820806 -0.160847 -0.329979 -0.820806 -0.160847 -0.329979 0.229234 0 1 0 1.88895 0 
2 5 0 1.45355 3.70156 0 -0.854388 -0.175289 -0.339549 -0.854388 -0.175289 -0.339549 0.208253 0 1 0 1.94908 0 
2 5 0 1.48765 3.70156 0 -0.886815 -0.189532 -0.348642 -0.886815 -0.189532 -0.348642 0.189781 0 1 0 2.00559 0 
2 5 0 1.52304 3.70156 0 -0.918067 -0.203567 -0.35725 -0.918067 -0.203567 -0.35725 0.173546 0 1 0 2.05789 0 
2 5 0 1.55963 3.70156 0 -0.948136 -0.217389 -0.365373 -0.948136 -0.217389 -0.365373 0.15929 0 1 0 2.10556 0 
2 5 0 1.59734 3.70156 0 -0.977021 -0.230997 -0.373012 -0.977021 -0.230997 -0.373012 0.146777 0 1 0 2.14829 0 
2 5 0 1.63609 3.70156 0 -1.00473 -0.244389 -0.380172 -1.00473 -0.244389 -0.380172 0.135789 0 1 0 2.18589 0 
2 5 0 1.67579 3.70156 0 -1.03129 -0.257567 -0.386861 -1.03129 -0.257567 -0.386861 0.126132 0 1 0 2.21832 0 
2 5 0 1.71637 3.70156 0 -1.05672 -0.270534 -0.393091 -1.05672 -0.270534 -0.393091 0.117634 0 1 0 2.24561 0 
2 5 0 1.75771 3.70156 0 -1.08103 -0.283288 -0.398872 -1.08103 -0.283288 -0.398872 0.110147 0 1 0 2.2679 0 
2 5 0 1.7576 3.70156 0 -1.08103 -0.283288 -0.398872 -1.08103 -0.283288 -0.398872 0.11006 0 0.99946 0 2.26735 0 
2 5 0 1.79981 3.70156 0 -1.1043 -0.29585 -0.404226 -1.1043 -0.29585 -0.404226 0.10353 0 1 0 2.28543 0 
2 5 0 1.79984 3.70156 0 -1.10432 -0.295861 -0.404231 -1.10432 -0.295861 -0.404231 0.103525 0 1 0 2.28544 0 
2 5 0 1.84259 3.70156 0 -1.12657 -0.30823 -0.409171 -1.12657 -0.30823 -0.409171 0.097669 0 1 0 2.29844 0 
2 5 0 1.84254 3.70156 0 -1.12657 -0.30823 -0.409171 -1.12657 -0.30823 -0.409171 0.09763 0 0.999728 0 2.29815 0 
2 5 0 1.88593 3.70156 0 -1.14784 -0.320414 -0.413715 -1.14784 -0.320414 -0.413715 0.092472 0 1 0 2.30723 0 
2 5 0 1.92981 3.70156 0 -1.16818 -0.332421 -0.41788 -1.16818 -0.332421 -0.41788 0.08785 0 1 0 2.31212 0 
2 5 0 1.97416 3.70156 0 -1.18763 -0.344261 -0.421683 -1.18763 -0.344261 -0.421683 0.083729 0 1 0 2.31346 0 
2 5 0 2.01894 3.70156 0 -1.20623 -0.355941 -0.425143 -1.20623 -0.355941 -0.425143 0.080045 0 1 0 2.31157 0 
2 6 0 1.96217 3.70156 0 1.21053 0.467523 0.371501 1.21053 0.467523 0.371501 0.080045 0 1 0 2.31157 0 
2 6 0 1.97137 3.70156 0 1.21408 0.468442 0.372818 1.21408 0.468442 0.372818 0.080045 0 1 0 2.31157 0 
2 6 0 1.9806 3.70156 0 1.2176 0.469352 0.374122 1.2176 0.469352 0.374122 0.088408 0 1 0 2.17636 0 
2 6 0 1.9991 3.70156 0 1.22453 0.471146 0.37669 1.22453 0.471146 0.37669 0.086678 0 1 0 2.1779 0 
2 6 0 2.03627 3.70156 0 1.23798 0.474639 0.381672 1.23798 0.474639 0.381672 0.083435 0 1 0 2.17985 0 
2 6 0 1.96217 3.70156 0 1.21053 0.467523 0.371501 1.21053 0.467523 0.371501 0.083435 0 1 0 2.17985 0 
2 6 0 1.95297 3.70156 0 1.20694 0.466595 0.370171 1.20694 0.466595 0.370171 0.083435 0 1 0 2.17985 0 
2 6 0 1.9438 3.70156 0 1.20331 0.465657 0.368827 1.20331 0.465657 0.368827 0.092104 0 1 0 2.17205 0 
2 6 0 1.9255 3.70156 0 1.19595 0.463754 0.366098 1.19595 0.463754 0.366098 0.094079 0 1 0 2.16925 0 
2 6 0 1.88914 3.70156 0 1.18077 0.459828 0.360473 1.18077 0.459828 0.360473 0.09831 0 1 0 2.16228 0 
2 6 0 1.84414 3.70156 0 1.16091 0.454681 0.353116 1.16091 0.454681 0.353116 0.10418 0 1 0 2.1508 0 
2 6 0 1.79971 3.70156 0 1.14001 0.449245 0.345383 1.14001 0.449245 0.345383 0.110787 0 1 0 2.13599 0 
2 6 0 1.75593 3.70156 0 1.11801 0.443499 0.337257 1.11801 0.443499 0.337257 0.118246 0 1 0 2.11757 0 
2 6 0 1.71286 3.70156 0 1.09486 0.437425 0.328719 1.09486 0.437425 0.328719 0.126688 0 1 0 2.09529 0 
2 6 0 1.71287 3.70156 0 1.09486 0.437426 0.328719 1.09486 0.437426 0.328719 0.126687 0 1 0 2.09529 0 
2 6 0 1.67061 3.70156 0 1.07051 0.430988 0.31976 1.07051 0.430988 0.31976 0.136263 0 1 0 2.06893 0 
2 6 0 1.67061 3.70156 0 1.07051 0.430989 0.319759 1.07051 0.430989 0.319759 0.136263 0 1 0 2.06893 0 
2 6 0 1.62926 3.70156 0 1.0449 0.424164 0.310369 1.0449 0.424164 0.310369 0.147146 0 1 0 2.03835 0 
2 6 0 1.58892 3.70156 0 1.018 0.416932 0.300536 1.018 0.416932 0.300536 0.159533 0 1 0 2.00343 0 
2 6 0 1.54969 3.70156 0 0.989783 0.409271 0.290256 0.989783 0.409271 0.290256 0.173644 0 1 0 1.96418 0 
2 6 0 1.51167 3.70156 0 0.960219 0.401163 0.279528 0.960219 0.401163 0.279528 0.189722 0 1 0 1.9207 0 
2 6 0 1.47499 3.70156 0 0.929306 0.392591 0.268357 0.929306 0.392591 0.268357 0.208032 0 1 0 1.87321 0 
2 6 0 1.43973 3.70156 0 0.897049 0.383544 0.256753 0.897049 0.383544 0.256753 0.228851 0 1 0 1.82207 0 
2 6 0 1.406 3.70156 0 0.863474 0.374015 0.244729 0.863474 0.374015 0.244729 0.252464 0 1 0 1.76776 0 
2 6 0 1.3739 3.70156 0 0.828618 0.364005 0.232306 0.828618 0.364005 0.232306 0.279148 0 1 0 1.71087 0 
2 6 0 1.3435 3.70156 0 0.792535 0.353519 0.219508 0.792535 0.353519 0.219508 0.309159 0 1 0 1.6521 0 
2 6 0 1.31486 3.70156 0 0.755292 0.342568 0.206362 0.755292 0.342568 0.206362 0.342708 0 1 0 1.59222 0 
2 6 0 1.28803 3.70156 0 0.716965 0.331168 0.192899 0.716965 0.331168 0.192899 0.379936 0 1 0 1.53204 0 
2 6 0 1.26304 3.70156 0 0.67764 0.31934 0.17915 0.67764 0.31934 0.17915 0.42089 0 1 0 1.47238 0 
2 6 0 1.2399 3.70156 0 0.637406 0.307109 0.165148 0.637406 0.307109 0.165148 0.465486 0 1 0 1.414 0 
2 6 0 1.2186 3.70156 0 0.596354 0.294501 0.150926 0.596354 0.294501 0.150926 0.513488 0 1 0 1.35764 0 
2 6 0 1.19914 3.70156 0 0.554573 0.281545 0.136514 0.554573 0.281545 0.136514 0.564477 0 1 0 1.30394 0 
2 6 0 1.18148 3.70156 0 0.512152 0.268269 0.121942 0.512152 0.268269 0.121942 0.617833 0 1 0 1.25344 0 
2 6 0 1.16559 3.70156 0 0.469172 0.254701 0.107236 0.469172 0.254701 0.107236 0.672728 0 1 0 1.20661 0 
2 6 0 1.15144 3.70156 0 0.425711 0.24087 0.092421 0.425711 0.24087 0.092421 0.728127 0 1 0 1.16379 0 
2 6 0 1.13897 3.70156 0 0.38184 0.2268 0.07752 0.38184 0.2268 0.07752 0.782812 0 1 0 1.12527 0 
2 6 0 1.13894 3.70156 0 0.38184 0.2268 0.07752 0.38184 0.2268 0.07752 0.782741 0 0.999907 0 1.12517 0 
2 6 0 1.12816 3.70156 0 0.337625 0.212512 0.062557 0.337625 0.212512 0.062557 0.835413 0 1 0 1.09123 0 
2 6 0 1.11895 3.70156 0 0.293125 0.198033 0.047546 0.293125 0.198033 0.047546 0.884477 0 1 0 1.06182 0 
2 6 0 1.11895 3.70156 0 0.293125 0.198034 0.047545 0.293125 0.198034 0.047545 0.884477 0 1 0 1.06182 0 
2 6 0 1.11131 3.70156 0 0.248395 0.183381 0.032507 0.248395 0.183381 0.032507 0.928524 0 1 0 1.03711 0 
2 6 0 1.11128 3.70156 0 0.248395 0.183381 0.032507 0.248395 0.183381 0.032507 0.928448 0 0.999914 0 1.03703 0 
2 6 0 1.1052 3.70156 0 0.203485 0.168573 0.017456 0.203485 0.168573 0.017456 0.966127 0 1 0 1.01716 0 
2 6 0 1.1006 3.70156 0 0.15844 0.153634 0.002403 0.15844 0.153634 0.002403 0.996016 0 1 0 1.00198 0 
2 6 0 1.09953 3.70156 0 0.145177 0.149218 -0.00202 0.145177 0.149218 -0.00202 1.00317 0 1 0 0.998429 0 
2 6 0 1.09683 3.70156 0 0.10002 0.134133 -0.017056 0.10002 0.134133 -0.017056 1.02155 0 1 0 0.989448 0 
2 6 0 1.09664 3.70156 0 0.095592 0.132649 -0.018529 0.095592 0.132649 -0.018529 1.02284 0 1 0 0.988826 0 
2 6 0 1.09554 3.70156 0 0.050394 0.117458 -0.033532 0.050394 0.117458 -0.033532 1 0 1.03055 0 0.985111 0 
2 6 0 1.09587 3.70156 0 0.005189 0.102243 -0.048527 0.005189 0.102243 -0.048527 1 0 0.986184 0 1.02827 0 
2 6 0 1.09648 3.70156 0 -0.01497 0.095496 -0.055233 -0.01497 0.095496 -0.055233 1 0 1.02406 0 0.988201 0 
2 6 0 1.09894 3.70156 0 -0.059934 0.079143 -0.069539 -0.059934 0.079143 -0.069539 1.00716 0 1 0 0.996444 0 
2 6 0 1.1028 3.70156 0 -0.104789 0.062648 -0.083718 -0.104789 0.062648 -0.083718 0.981375 0 1 0 1.00942 0 
2 6 0 1.10807 3.70156 0 -0.149513 0.046112 -0.097812 -0.149513 0.046112 -0.097812 0.947681 0 1.02711 0 1 0 
2 6 0 1.11474 3.70156 0 -0.194069 0.029551 -0.11181 -0.194069 0.029551 -0.11181 0.907228 0 1.04953 0 1 0 
2 6 0 1.12284 3.70156 0 -0.238418 0.012979 -0.125699 -0.238418 0.012979 -0.125699 0.861325 0 1.07667 0 1 0 
2 6 0 1.13239 3.70156 0 -0.282518 -0.00359 -0.139464 -0.282518 -0.00359 -0.139464 0.811362 0 1.1085 0 1 0 
2 6 0 1.14341 3.70156 0 -0.326323 -0.020141 -0.153091 -0.326323 -0.020141 -0.153091 0.758733 0 1.14495 0 1 0 
2 6 0 1.15593 3.70156 0 -0.369785 -0.036659 -0.166563 -0.369785 -0.036659 -0.166563 0.70477 0 1.18592 0 1 0 
2 6 0 1.16997 3.70156 0 -0.412852 -0.053128 -0.179862 -0.412852 -0.053128 -0.179862 0.650688 0 1 0 1.23124 0 
2 6 0 1.18557 3.70156 0 -0.455466 -0.069532 -0.192967 -0.455466 -0.069532 -0.192967 0.597546 0 1 0 1.28066 0 
2 6 0 1.20274 3.70156 0 -0.497567 -0.085853 -0.205857 -0.497567 -0.085853 -0.205857 0.54622 0 1 0 1.33386 0 
2 6 0 1.22152 3.70156 0 -0.539092 -0.102071 -0.21851 -0.539092 -0.102071 -0.21851 0.497395 0 1 0 1.39042 0 
2 6 0 1.24191 3.70156 0 -0.579974 -0.118169 -0.230902 -0.579974 -0.118169 -0.230902 0.451569 0 1 0 1.44982 0 
2 6 0 1.26395 3.70156 0 -0.620141 -0.134127 -0.243007 -0.620141 -0.134127 -0.243007 0.409063 0 1 0 1.51144 0 
2 6 0 1.28761 3.70156 0 -0.659526 -0.149925 -0.2548 -0.659526 -0.149925 -0.2548 0.370045 0 1 0 1.57461 0 
2 6 0 1.31292 3.70156 0 -0.698056 -0.165543 -0.266256 -0.698056 -0.165543 -0.266256 0.334553 0 1 0 1.63853 0 
2 6 0 1.33984 3.70156 0 -0.735664 -0.180964 -0.27735 -0.735664 -0.180964 -0.27735 0.302521 0 1 0 1.70241 0 
2 6 0 1.36835 3.70156 0 -0.772286 -0.196169 -0.288058 -0.772286 -0.196169 -0.288058 0.273803 0 1 0 1.76539 0 
2 6 0 1.39842 3.70156 0 -0.807863 -0.211143 -0.29836 -0.807863 -0.211143 -0.29836 0.248198 0 1 0 1.82665 0 
2 6 0 1.42998 3.70156 0 -0.842346 -0.225872 -0.308237 -0.842346 -0.225872 -0.308237 0.225473 0 1 0 1.88541 0 
2 6 0 1.46299 3.70156 0 -0.875692 -0.240346 -0.317673 -0.875692 -0.240346 -0.317673 0.205373 0 1 0 1.94096 0 
2 6 0 1.49737 3.70156 0 -0.90787 -0.254555 -0.326657 -0.90787 -0.254555 -0.326657 0.187641 0 1 0 1.99269 0 
2 6 0 1.53304 3.70156 0 -0.93886 -0.268496 -0.335182 -0.93886 -0.268496 -0.335182 0.172026 0 1 0 2.04011 0 
2 6 0 1.56993 3.70156 0 -0.968653 -0.282166 -0.343244 -0.968653 -0.282166 -0.343244 0.158288 0 1 0 2.08285 0 
2 6 0 1.60794 3.70156 0 -0.997251 -0.295564 -0.350843 -0.997251 -0.295564 -0.350843 0.146205 0 1 0 2.1207 0 
2 6 0 1.64699 3.70156 0 -1.02466 -0.308695 -0.357984 -1.02466 -0.308695 -0.357984 0.135573 0 1 0 2.15354 0 
2 6 0 1.687 3.70156 0 -1.05091 -0.321563 -0.364674 -1.05091 -0.321563 -0.364674 0.126211 0 1 0 2.18137 0 
2 6 0 1.72788 3.70156 0 -1.07602 -0.334176 -0.370923 -1.07602 -0.334176 -0.370923 0.117956 0 1 0 2.20431 0 
2 6 0 1.76951 3.70156 0 -1.1 -0.346526 -0.376737 -1.1 -0.346526 -0.376737 0.110672 0 1 0 2.22251 0 
2 6 0 1.81191 3.70156 0 -1.12294 -0.358653 -0.382146 -1.12294 -0.358653 -0.382146 0.104218 0 1 0 2.23626 0 
2 6 0 1.81185 3.70156 0 -1.12294 -0.358653 -0.382145 -1.12294 -0.358653 -0.382145 0.104179 0 0.999732 0 2.23599 0 
2 6 0 1.85495 3.70156 0 -1.14486 -0.370553 -0.387155 -1.14486 -0.370553 -0.387155 0.098494 0 1 0 2.24583 0 
2 6 0 1.89858 3.70156 0 -1.1658 -0.382236 -0.391782 -1.1658 -0.382236 -0.391782 0.093405 0 1 0 2.25153 0 
2 6 0 1.94274 3.70156 0 -1.1858 -0.393714 -0.396044 -1.1858 -0.393714 -0.396044 0.088869 0 1 0 2.25369 0 
2 6 0 1.98737 3.70156 0 -1.20491 -0.404994 -0.39996 -1.20491 -0.404994 -0.39996 0.084817 0 1 0 2.25264 0 
2 6 0 2.03243 3.70156 0 -1.22318 -0.416091 -0.403545 -1.22318 -0.416091 -0.403545 0.081186 0 1 0 2.24871 0 
1 1 0 1.21428 3.70156 0 1.78134 -0 1.78134 1.78134 -0 1.78134 0.035207 0 0.705481 0 0.035207 0 
1 1 0 1.22613 3.70156 0 1.78785 -0 1.78785 1.78785 -0 1.78785 0.036289 0 0.682963 0 0.036289 0 
1 1 0 1.24532 3.70156 0 1.79615 -0 1.79615 1.79615 -0 1.79615 0.038104 0 0.648835 0 0.038104 0 
1 1 0 1.27624 3.70156 0 1.80572 -0 1.80572 1.80572 -0 1.80572 0.041152 0 0.599359 0 0.041152 0 
1 1 0 1.31179 3.70156 0 1.81328 -0 1.81328 1.81328 -0 1.81328 0.044807 0 0.549642 0 0.044807 0 
1 1 0 1.35175 3.70156 0 1.81923 -0 1.81923 1.81923 -0 1.81923 0.049071 0 0.501384 0 0.049071 0 
1 1 0 1.40121 3.70156 0 1.82441 -0 1.82441 1.82441 -0 1.82441 0.054546 0 0.450741 0 0.054546 0 
1 1 0 1.45093 3.70156 0 1.82814 -0 1.82814 1.82814 -0 1.82814 0.060241 0 0.407961 0 0.060241 0 
1 1 0 1.50077 3.70156 0 1.83096 -0 1.83096 1.83096 -0 1.83096 0.066116 0 0.371608 0 0.066116 0 
1 1 0 1.55068 3.70156 0 1.83315 -0 1.83315 1.83315 -0 1.83315 0.072145 0 0.340495 0 0.072145 0 
1 1 0 1.60062 3.70156 0 1.83491 -0 1.83491 1.83491 -0 1.83491 0.078304 0 0.313676 0 0.078304 0 
1 1 0 1.65058 3.70156 0 1.83635 -0 1.83635 1.83635 -0 1.83635 0.084573 0 0.290398 0 0.084573 0 
1 1 0 1.70055 3.70156 0 1.83755 -0 1.83755 1.83755 -0 1.83755 0.090935 0 0.270064 0 0.090935 0 
1 1 0 1.75053 3.70156 0 1.83857 -0 1.83857 1.83857 -0 1.83857 0.097374 0 0.252194 0 0.097374 0 
1 1 0 1.80051 3.70156 0 1.83944 -0 1.83944 1.83944 -0 1.83944 0.103875 0 0.236401 0 0.103875 0 
1 1 0 1.8505 3.70156 0 1.8402 -0 1.8402 1.8402 -0 1.8402 0.110425 0 0.222372 0 0.110425 0 
1 1 0 1.90049 3.70156 0 1.84086 -0 1.84086 1.84086 -0 1.84086 0.117011 0 0.209849 0 0.117011 0 
1 1 0 1.95049 3.70156 0 1.84144 -0 1.84144 1.84144 -0 1.84144 0.123624 0 0.198621 0 0.123624 0 
1 1 0 2.00048 3.70156 0 1.84196 -0 1.84196 1.84196 -0 1.84196 0.130253 0 0.18851 0 0.130253 0 
1 1 0 1.18766 3.70156 0 1.76033 -0 1.76033 1.76033 -0 1.76033 0.032934 0 0.760625 0 0.032934 0 
1 1 0 1.17971 3.70156 0 1.75134 -0 1.75134 1.75134 -0 1.75134 0.032321 0 0.778448 0 0.032321 0 
1 1 0 1.16967 3.70156 0 1.7371 -0 1.7371 1.7371 -0 1.7371 0.031622 0 0.801878 0 0.031622 0 
1 1 0 1.15811 3.70156 0 1.71468 -0 1.71468 1.71468 -0 1.71468 0.030985 0 0.830264 0 0.030985 0 
1 1 0 1.14628 3.70156 0 1.68032 -0 1.68032 1.68032 -0 1.68032 0.030702 0 0.860988 0 0.030702 0 
1 1 0 1.1383 3.70156 0 1.64542 -0 1.64542 1.64542 -0 1.64542 0.030974 0 0.882752 0 0.030974 0 
1 1 0 1.13258 3.70156 0 1.6103 -0 1.6103 1.6103 -0 1.6103 0.031666 0 0.898862 0 0.031666 0 
1 1 0 1.12829 3.70156 0 1.57507 -0 1.57507 1.57507 -0 1.57507 0.032719 0 0.911248 0 0.032719 0 
1 1 0 1.12495 3.70156 0 1.5398 -0 1.5398 1.5398 -0 1.5398 0.034111 0 0.921069 0 0.034111 0 
1 1 0 1.12228 3.70156 0 1.50449 -0 1.50449 1.50449 -0 1.50449 0.035845 0 0.929055 0 0.035845 0 
1 1 0 1.12009 3.70156 0 1.46917 -0 1.46917 1.46917 -0 1.46917 0.037936 0 0.935686 0 0.037936 0 
1 1 0 1.11825 3.70156 0 1.43384 -0 1.43384 1.43384 -0 1.43384 0.04041 0 0.941287 0 0.04041 0 
1 1 0 1.11669 3.70156 0 1.3985 -0 1.3985 1.3985 -0 1.3985 0.043305 0 0.946088 0 0.043305 0 
1 1 0 1.11535 3.70156 0 1.36316 -0 1.36316 1.36316 -0 1.36316 0.046664 0 0.950256 0 0.046664 0 
1 1 0 1.11418 3.70156 0 1.32781 -0 1.32781 1.32781 -0 1.32781 0.05054 0 0.953915 0 0.05054 0 
1 1 0 1.11315 3.70156 0 1.29247 -0 1.29247 1.29247 -0 1.29247 0.054997 0 0.957158 0 0.054997 0 
1 1 0 1.11223 3.70156 0 1.25712 -0 1.25712 1.25712 -0 1.25712 0.060104 0 0.960056 0 0.060104 0 
1 1 0 1.11141 3.70156 0 1.22176 -0 1.22176 1.22176 -0 1.22176 0.065943 0 0.962667 0 0.065943 0 
1 1 0 1.11066 3.70156 0 1.18641 -0 1.18641 1.18641 -0 1.18641 0.072603 0 0.965036 0 0.072603 0 
1 1 0 1.10999 3.70156 0 1.15106 -0 1.15106 1.15106 -0 1.15106 0.080186 0 0.967197 0 0.080186 0 
1 1 0 1.10937 3.70156 0 1.11571 -0 1.11571 1.11571 -0 1.11571 0.088803 0 0.969181 0 0.088803 0 
1 1 0 1.1088 3.70156 0 1.08036 -0 1.08036 1.08036 -0 1.08036 0.098573 0 0.971012 0 0.098573 0 
1 1 0 1.10827 3.70156 0 1.045 -0 1.045 1.045 -0 1.045 0.109629 0 0.972709 0 0.109629 0 
1 1 0 1.10778 3.70156 0 1.00965 -0 1.00965 1.00965 -0 1.00965 0.122108 0 0.97429 0 0.122108 0 
1 1 0 1.10733 3.70156 0 0.974295 -0 0.974295 0.974295 -0 0.974295 0.136158 0 0.975769 0 0.136158 0 
1 1 0 1.1069 3.70156 0 0.938941 -0 0.938941 0.938941 -0 0.938941 0.151929 0 0.977158 0 0.151929 0 
1 1 0 1.1065 3.70156 0 0.903587 -0 0.903587 0.903587 -0 0.903587 0.169574 0 0.978466 0 0.169574 0 
1 1 0 1.10612 3.70156 0 0.868233 -0 0.868233 0.868233 -0 0.868233 0.189244 0 0.979704 0 0.189244 0 
1 1 0 1.10576 3.70156 0 0.832878 -0 0.832878 0.832878 -0 0.832878 0.211081 0 0.980878 0 0.211081 0 
1 1 0 1.10542 3.70156 0 0.797524 -0 0.797524 0.797524 -0 0.797524 0.235216 0 0.981995 0 0.235216 0 
1 1 0 1.10509 3.70156 0 0.762169 -0 0.762169 0.762169 -0 0.762169 0.261759 0 0.983062 0 0.261759 0 
1 1 0 1.10478 3.70156 0 0.726814 -0 0.726814 0.726814 -0 0.726814 0.290791 0 0.984083 0 0.290791 0 
1 1 0 1.10448 3.70156 0 0.69146 -0 0.69146 0.69146 -0 0.69146 0.322356 0 0.985063 0 0.322356 0 
1 1 0 1.1042 3.70156 0 0.656105 -0 0.656105 0.656105 -0 0.656105 0.356455 0 0.986006 0 0.356455 0 
1 1 0 1.10392 3.70156 0 0.62075 -0 0.62075 0.62075 -0 0.62075 0.393029 0 0.986915 0 0.393029 0 
1 1 0 1.10366 3.70156 0 0.585395 -0 0.585395 0.585395 -0 0.585395 0.431958 0 0.987795 0 0.431958 0 
1 1 0 1.1034 3.70156 0 0.55004 -0 0.55004 0.55004 -0 0.55004 0.473046 0 0.988648 0 0.473046 0 
1 1 0 1.10315 3.70156 0 0.514685 -0 0.514685 0.514685 -0 0.514685 0.516021 0 0.989476 0 0.516021 0 
1 1 0 1.10291 3.70156 0 0.479331 -0 0.479331 0.479331 -0 0.479331 0.560523 0 0.990283 0 0.560523 0 
1 1 0 1.10267 3.70156 0 0.443976 -0 0.443976 0.443976 -0 0.443976 0.60611 0 0.99107 0 0.60611 0 
1 1 0 1.10244 3.70156 0 0.408621 -0 0.408621 0.408621 -0 0.408621 0.652252 0 0.991839 0 0.652252 0 
1 1 0 1.10221 3.70156 0 0.373266 -0 0.373266 0.373266 -0 0.373266 0.698345 0 0.992593 0 0.698345 0 
1 1 0 1.10199 3.70156 0 0.337911 -0 0.337911 0.337911 -0 0.337911 0.743713 0 0.993333 0 0.743713 0 
1 1 0 1.10177 3.70156 0 0.302556 -0 0.302556 0.302556 -0 0.302556 0.787629 0 0.994061 0 0.787629 0 
1 1 0 1.10156 3.70156 0 0.267201 -0 0.267201 0.267201 -0 0.267201 0.829329 0 0.994778 0 0.829329 0 
1 1 0 1.10134 3.70156 0 0.231846 -0 0.231846 0.231846 -0 0.231846 0.868039 0 0.995486 0 0.868039 0 
1 1 0 1.10114 3.70156 0 0.196491 -0 0.196491 0.196491 -0 0.196491 0.902995 0 0.996186 0 0.902995 0 
1 1 0 1.10093 3.70156 0 0.161136 -0 0.161136 0.161136 -0 0.161136 0.933472 0 0.99688 0 0.933472 0 
1 1 0 1.10072 3.70156 0 0.12578 -0 0.12578 0.12578 -0 0.12578 0.958814 0 0.99757 0 0.958814 0 
1 1 0 1.10052 3.70156 0 0.090425 -0 0.090425 0.090425 -0 0.090425 0.978454 0 0.998255 0 0.978454 0 
1 1 0 1.10032 3.70156 0 0.05507 -0 0.05507 0.05507 -0 0.05507 0.991943 0 0.998938 0 0.991943 0 
1 1 0 1.10011 3.70156 0 0.019715 -0 0.019715 0.019715 -0 0.019715 0.998963 0 0.99962 0 0.998963 0 
2 1 0 1.09998 3.70156 0 -0.003348 -0 -0.003348 -0.003348 -0 -0.003348 0.99997 0 1.00006 0 0.99997 0 
2 1 0 1.09978 3.70156 0 -0.038703 -0 -0.038703 -0.038703 -0 -0.038703 0.996009 0 1.00075 0 0.996009 0 
2 1 0 1.09958 3.70156 0 -0.074059 -0 -0.074059 -0.074059 -0 -0.074059 0.985474 0 1.00143 0 0.985474 0 
2 1 0 1.09937 3.70156 0 -0.109414 -0 -0.109414 -0.109414 -0 -0.109414 0.96861 0 1.00212 0 0.96861 0 
2 1 0 1.09917 3.70156 0 -0.144769 -0 -0.144769 -0.144769 -0 -0.144769 0.945799 0 1.00281 0 0.945799 0 
2 1 0 1.09896 3.70156 0 -0.180124 -0 -0.180124 -0.180124 -0 -0.180124 0.917553 0 1.00351 0 0.917553 0 
2 1 0 1.09875 3.70156 0 -0.215479 -0 -0.215479 -0.215479 -0 -0.215479 0.884487 0 1.00422 0 0.884487 0 
2 1 0 1.09854 3.70156 0 -0.250834 -0 -0.250834 -0.250834 -0 -0.250834 0.847296 0 1.00493 0 0.847296 0 
2 1 0 1.09833 3.70156 0 -0.286189 -0 -0.286189 -0.286189 -0 -0.286189 0.80673 0 1.00565 0 0.80673 0 
2 1 0 1.09811 3.70156 0 -0.321544 -0 -0.321544 -0.321544 -0 -0.321544 0.763563 0 1.00639 0 0.763563 0 
2 1 0 1.09789 3.70156 0 -0.356899 -0 -0.356899 -0.356899 -0 -0.356899 0.718571 0 1.00714 0 0.718571 0 
2 1 0 1.09767 3.70156 0 -0.392254 -0 -0.392254 -0.392254 -0 -0.392254 0.672506 0 1.00791 0 0.672506 0 
2 1 0 1.09744 3.70156 0 -0.427609 -0 -0.427609 -0.427609 -0 -0.427609 0.626073 0 1.00869 0 0.626073 0 
2 1 0 1.09721 3.70156 0 -0.462964 -0 -0.462964 -0.462964 -0 -0.462964 0.579918 0 1.00949 0 0.579918 0 
2 1 0 1.09697 3.70156 0 -0.498319 -0 -0.498319 -0.498319 -0 -0.498319 0.534612 0 1.01031 0 0.534612 0 
2 1 0 1.09672 3.70156 0 -0.533674 -0 -0.533674 -0.533674 -0 -0.533674 0.490643 0 1.01115 0 0.490643 0 
2 1 0 1.09646 3.70156 0 -0.569028 -0 -0.569028 -0.569028 -0 -0.569028 0.448415 0 1.01202 0 0.448415 0 
2 1 0 1.0962 3.70156 0 -0.604383 -0 -0.604383 -0.604383 -0 -0.604383 0.408243 0 1.01293 0 0.408243 0 
2 1 0 1.09593 3.70156 0 -0.639738 -0 -0.639738 -0.639738 -0 -0.639738 0.370363 0 1.01386 0 0.370363 0 
2 1 0 1.09565 3.70156 0 -0.675093 -0 -0.675093 -0.675093 -0 -0.675093 0.33493 0 1.01483 0 0.33493 0 
2 1 0 1.09536 3.70156 0 -0.710448 -0 -0.710448 -0.710448 -0 -0.710448 0.302032 0 1.01584 0 0.302032 0 
2 1 0 1.09505 3.70156 0 -0.745802 -0 -0.745802 -0.745802 -0 -0.745802 0.271696 0 1.01689 0 0.271696 0 
2 1 0 1.09473 3.70156 0 -0.781157 -0 -0.781157 -0.781157 -0 -0.781157 0.243897 0 1.01799 0 0.243897 0 
2 1 0 1.0944 3.70156 0 -0.816511 -0 -0.816511 -0.816511 -0 -0.816511 0.218569 0 1.01915 0 0.218569 0 
2 1 0 1.09405 3.70156 0 -0.851866 -0 -0.851866 -0.851866 -0 -0.851866 0.195611 0 1.02036 0 0.195611 0 
2 1 0 1.09368 3.70156 0 -0.88722 -0 -0.88722 -0.88722 -0 -0.88722 0.174901 0 1.02165 0 0.174901 0 
2 1 0 1.09329 3.70156 0 -0.922575 -0 -0.922575 -0.922575 -0 -0.922575 0.156298 0 1.02302 0 0.156298 0 
2 1 0 1.09287 3.70156 0 -0.957929 -0 -0.957929 -0.957929 -0 -0.957929 0.139652 0 1.02447 0 0.139652 0 
2 1 0 1.09243 3.70156 0 -0.993283 -0 -0.993283 -0.993283 -0 -0.993283 0.124808 0 1.02601 0 0.124808 0 
2 1 0 1.09196 3.70156 0 -1.02864 -0 -1.02864 -1.02864 -0 -1.02864 0.111611 0 1.02768 0 0.111611 0 
2 1 0 1.09145 3.70156 0 -1.06399 -0 -1.06399 -1.06399 -0 -1.06399 0.099909 0 1.02947 0 0.099909 0 
2 1 0 1.0909 3.70156 0 -1.09934 -0 -1.09934 -1.09934 -0 -1.09934 0.089558 0 1.0314 0 0.089558 0 
2 1 0 1.09031 3.70156 0 -1.1347 -0 -1.1347 -1.1347 -0 -1.1347 0.080419 0 1.03351 0 0.080419 0 
2 1 0 1.08966 3.70156 0 -1.17005 -0 -1.17005 -1.17005 -0 -1.17005 0.072364 0 1.03581 0 0.072364 0 
2 1 0 1.08895 3.70156 0 -1.2054 -0 -1.2054 -1.2054 -0 -1.2054 0.065275 0 1.03835 0 0.065275 0 
2 1 0 1.08816 3.70156 0 -1.24075 -0 -1.24075 -1.24075 -0 -1.24075 0.059044 0 1.04115 0 0.059044 0 
2 1 0 1.08729 3.70156 0 -1.2761 -0 -1.2761 -1.2761 -0 -1.2761 0.053571 0 1.04429 0 0.053571 0 
2 1 0 1.08631 3.70156 0 -1.31145 -0 -1.31145 -1.31145 -0 -1.31145 0.048768 0 1.04781 0 0.048768 0 
2 1 0 1.08521 3.70156 0 -1.3468 -0 -1.3468 -1.3468 -0 -1.3468 0.044556 0 1.05182 0 0.044556 0 
2 1 0 1.08395 3.70156 0 -1.38214 -0 -1.38214 -1.38214 -0 -1.38214 0.040863 0 1.05642 0 0.040863 0 
2 1 0 1.0825 3.70156 0 -1.41748 -0 -1.41748 -1.41748 -0 -1.41748 0.037624 0 1.06177 0 0.037624 0 
2 1 0 1.0808 3.70156 0 -1.45282 -0 -1.45282 -1.45282 -0 -1.45282 0.034784 0 1.06806 0 0.034784 0 
2 1 0 1.07879 3.70156 0 -1.48814 -0 -1.48814 -1.48814 -0 -1.48814 0.032288 0 1.07561 0 0.032288 0 
2 1 0 1.07636 3.70156 0 -1.52346 -0 -1.52346 -1.52346 -0 -1.52346 0.03009 0 1.08484 0 0.03009 0 
2 1 0 1.07335 3.70156 0 -1.55875 -0 -1.55875 -1.55875 -0 -1.55875 0.028143 0 1.09639 0 0.028143 0 
2 1 0 1.06955 3.70156 0 -1.594 -0 -1.594 -1.594 -0 -1.594 0.026401 0 1.1113 0 0.026401 0 
2 1 0 1.06457 3.70156 0 -1.62918 -0 -1.62918 -1.62918 -0 -1.62918 0.02481 0 1.1313 0 0.02481 0 
2 1 0 1.05777 3.70156 0 -1.66421 -0 -1.66421 -1.66421 -0 -1.66421 0.023303 0 1.15949 0 0.023303 0 
2 1 0 1.04799 3.70156 0 -1.69888 -0 -1.69888 -1.69888 -0 -1.69888 0.021781 0 1.20199 0 0.021781 0 
2 1 0 1.03299 3.70156 0 -1.73261 -0 -1.73261 -1.73261 -0 -1.73261 0.020082 0 1.27182 0 0.020082 0 
2 1 0 1.009 3.70156 0 -1.76363 -0 -1.76363 -1.76363 -0 -1.76363 0.017965 0 1.39696 0 0.017965 0 
2 1 0 0.973098 3.70156 0 -1.78823 -0 -1.78823 -1.78823 -0 -1.78823 0.015318 0 1.62161 0 0.015318 0 
