2 1 0 1 20 0 9.57688 9.57688 0 0 
1 1 0 1.01996 20 0 9.57815 9.57815 2.70202e-05 0 
1 1 0 1.03992 20 0 9.57935 9.57935 2.61843e-05 0 
1 1 0 1.07986 20 0 9.58161 9.58161 2.46712e-05 0 
1 1 0 1.12979 20 0 9.58418 9.58418 2.30469e-05 0 
1 1 0 1.17974 20 0 9.58651 9.58651 2.16486e-05 0 
1 1 0 1.2297 20 0 9.58862 9.58862 2.04479e-05 0 
1 1 0 1.27966 20 0 9.59055 9.59055 1.93974e-05 0 
1 1 0 1.32963 20 0 9.59232 9.59232 1.84712e-05 0 
1 1 0 1.3796 20 0 9.59394 9.59394 1.7649e-05 0 
1 1 0 1.42958 20 0 9.59544 9.59544 1.6926e-05 0 
1 1 0 1.47956 20 0 9.59683 9.59683 1.6277e-05 0 
1 1 0 1.52955 20 0 9.59812 9.59812 1.5681e-05 0 
1 1 0 1.57953 20 0 9.59932 9.59932 1.51505e-05 0 
1 1 0 1.62952 20 0 9.60044 9.60044 1.46775e-05 0 
1 1 0 1.67951 20 0 9.60149 9.60149 1.42357e-05 0 
1 1 0 1.7295 20 0 9.60247 9.60247 1.38305e-05 0 
1 1 0 1.77949 20 0 9.6034 9.6034 1.34668e-05 0 
1 1 0 1.82948 20 0 9.60426 9.60426 1.31223e-05 0 
1 1 0 1.87948 20 0 9.60508 9.60508 1.28121e-05 0 
1 1 0 1.92947 20 0 9.60585 9.60585 1.25243e-05 0 
1 1 0 1.97946 20 0 9.60659 9.60659 1.22565e-05 0 
1 1 0 2.02946 20 0 9.60728 9.60728 1.19986e-05 0 
1 1 0 2.07945 20 0 9.60793 9.60793 1.17655e-05 0 
1 1 0 2.12945 20 0 9.60856 9.60856 1.15471e-05 0 
1 1 0 2.17945 20 0 9.60915 9.60915 1.13422e-05 0 
1 1 0 2.22944 20 0 9.60972 9.60972 1.11497e-05 0 
1 1 0 2.27944 20 0 9.61026 9.61026 1.09757e-05 0 
1 1 0 2.32944 20 0 9.61077 9.61077 1.08045e-05 0 
1 1 0 2.37944 20 0 9.61126 9.61126 1.06427e-05 0 
1 1 0 2.42943 20 0 9.61173 9.61173 1.04895e-05 0 
1 1 0 2.47943 20 0 9.61218 9.61218 1.03442e-05 0 
1 1 0 2.52943 20 0 9.61261 9.61261 1.02132e-05 0 
1 1 0 2.57943 20 0 9.61303 9.61303 1.00821e-05 0 
1 1 0 2.62943 20 0 9.61342 9.61342 9.95725e-06 0 
1 1 0 2.67943 20 0 9.6138 9.6138 9.84494e-06 0 
1 1 0 2.72942 20 0 9.61417 9.61417 9.73136e-06 0 
1 1 0 2.77942 20 0 9.61452 9.61452 9.62937e-06 0 
1 1 0 2.82942 20 0 9.61486 9.61486 9.52556e-06 0 
1 1 0 2.87942 20 0 9.61519 9.61519 9.42619e-06 0 
1 1 0 2.92942 20 0 9.61551 9.61551 9.3373e-06 0 
1 1 0 2.97942 20 0 9.61581 9.61581 9.24593e-06 0 
1 1 0 3.02942 20 0 9.61611 9.61611 9.16441e-06 0 
1 1 0 3.07942 20 0 9.61639 9.61639 9.08016e-06 0 
1 1 0 3.12942 20 0 9.61666 9.61666 9.00509e-06 0 
1 1 0 3.17942 20 0 9.61693 9.61693 8.93304e-06 0 
1 1 0 3.22941 20 0 9.61719 9.61719 8.85777e-06 0 
1 1 0 3.27941 20 0 9.61743 9.61743 8.79117e-06 0 
1 1 0 3.32941 20 0 9.61768 9.61768 8.72115e-06 0 
1 1 0 3.37941 20 0 9.61791 9.61791 8.65941e-06 0 
1 1 0 3.42941 20 0 9.61814 9.61814 8.59989e-06 0 
1 1 0 3.47941 20 0 9.61836 9.61836 8.53669e-06 0 
1 1 0 3.52941 20 0 9.61857 9.61857 8.48131e-06 0 
1 1 0 3.57941 20 0 9.61878 9.61878 8.42782e-06 0 
1 1 0 3.62941 20 0 9.61898 9.61898 8.37045e-06 0 
1 1 0 3.67941 20 0 9.61917 9.61917 8.3205e-06 0 
1 1 0 3.72941 20 0 9.61936 9.61936 8.27217e-06 0 
1 1 0 3.77941 20 0 9.61955 9.61955 8.21982e-06 0 
1 1 0 3.82941 20 0 9.61973 9.61973 8.17455e-06 0 
1 1 0 3.87941 20 0 9.6199 9.6199 8.13068e-06 0 
1 1 0 3.92941 20 0 9.62007 9.62007 8.08268e-06 0 
1 1 0 3.97941 20 0 9.62024 9.62024 8.04147e-06 0 
1 1 0 4.02941 20 0 9.6204 9.6204 8.00148e-06 0 
1 1 0 4.07941 20 0 9.62056 9.62056 7.96266e-06 0 
1 1 0 4.12941 20 0 9.62071 9.62071 7.9196e-06 0 
1 1 0 4.17941 20 0 9.62086 9.62086 7.883e-06 0 
1 1 0 4.22941 20 0 9.62101 9.62101 7.84743e-06 0 
1 1 0 4.27941 20 0 9.62115 9.62115 7.81285e-06 0 
1 1 0 4.32941 20 0 9.62129 9.62129 7.77394e-06 0 
1 1 0 4.37941 20 0 9.62143 9.62143 7.74124e-06 0 
1 1 0 4.42941 20 0 9.62156 9.62156 7.7094e-06 0 
1 1 0 4.47941 20 0 9.62169 9.62169 7.6784e-06 0 
1 1 0 4.52941 20 0 9.62181 9.62181 7.64821e-06 0 
1 1 0 4.57941 20 0 9.62194 9.62194 7.61363e-06 0 
1 1 0 4.62941 20 0 9.62206 9.62206 7.58497e-06 0 
1 1 0 4.67941 20 0 9.62218 9.62218 7.55703e-06 0 
1 1 0 4.72941 20 0 9.62229 9.62229 7.52979e-06 0 
1 1 0 4.77941 20 0 9.62241 9.62241 7.50321e-06 0 
1 1 0 4.82941 20 0 9.62252 9.62252 7.47219e-06 0 
1 1 0 4.87941 20 0 9.62263 9.62263 7.44689e-06 0 
1 1 0 4.92941 20 0 9.62273 9.62273 7.42218e-06 0 
1 1 0 4.97941 20 0 9.62284 9.62284 7.39805e-06 0 
1 1 0 5.02941 20 0 9.62294 9.62294 7.37447e-06 0 
1 1 0 5.07941 20 0 9.62304 9.62304 7.35143e-06 0 
1 1 0 5.12941 20 0 9.62314 9.62314 7.32394e-06 0 
1 1 0 5.17941 20 0 9.62323 9.62323 7.30193e-06 0 
1 1 0 5.2294 20 0 9.62333 9.62333 7.28041e-06 0 
1 1 0 5.2794 20 0 9.62342 9.62342 7.25936e-06 0 
1 1 0 5.3294 20 0 9.62351 9.62351 7.23877e-06 0 
1 1 0 5.3794 20 0 9.6236 9.6236 7.21861e-06 0 
1 1 0 5.4294 20 0 9.62369 9.62369 7.19888e-06 0 
1 1 0 5.4794 20 0 9.62377 9.62377 7.17469e-06 0 
1 1 0 5.5294 20 0 9.62386 9.62386 7.15578e-06 0 
1 1 0 5.5794 20 0 9.62394 9.62394 7.13727e-06 0 
1 1 0 5.6294 20 0 9.62402 9.62402 7.11912e-06 0 
1 1 0 5.6794 20 0 9.6241 9.6241 7.10134e-06 0 
1 1 0 5.7294 20 0 9.62418 9.62418 7.08392e-06 0 
1 1 0 5.7794 20 0 9.62426 9.62426 7.06684e-06 0 
1 1 0 5.8294 20 0 9.62433 9.62433 7.0453e-06 0 
1 1 0 5.8794 20 0 9.6244 9.6244 7.02889e-06 0 
1 1 0 5.9294 20 0 9.62448 9.62448 7.01279e-06 0 
1 1 0 5.9794 20 0 9.62455 9.62455 6.997e-06 0 
1 1 0 6.0294 20 0 9.62462 9.62462 6.9815e-06 0 
1 1 0 6.0794 20 0 9.62469 9.62469 6.96629e-06 0 
1 1 0 6.1294 20 0 9.62476 9.62476 6.95136e-06 0 
1 1 0 6.1794 20 0 9.62482 9.62482 6.9367e-06 0 
1 1 0 6.2294 20 0 9.62489 9.62489 6.92231e-06 0 
1 1 0 6.2794 20 0 9.62495 9.62495 6.90349e-06 0 
1 1 0 6.3294 20 0 9.62502 9.62502 6.88962e-06 0 
1 1 0 6.3794 20 0 9.62508 9.62508 6.87599e-06 0 
1 1 0 6.4294 20 0 9.62514 9.62514 6.8626e-06 0 
1 1 0 6.4794 20 0 9.6252 9.6252 6.84944e-06 0 
1 1 0 6.5294 20 0 9.62526 9.62526 6.83651e-06 0 
1 1 0 6.5794 20 0 9.62532 9.62532 6.8238e-06 0 
1 1 0 6.6294 20 0 9.62538 9.62538 6.81131e-06 0 
1 1 0 6.6794 20 0 9.62544 9.62544 6.79902e-06 0 
1 1 0 6.7294 20 0 9.62549 9.62549 6.78694e-06 0 
1 1 0 6.7794 20 0 9.62555 9.62555 6.77048e-06 0 
1 1 0 6.8294 20 0 9.6256 9.6256 6.75878e-06 0 
1 1 0 6.8794 20 0 9.62565 9.62565 6.74728e-06 0 
1 1 0 6.9294 20 0 9.62571 9.62571 6.73598e-06 0 
1 1 0 6.9794 20 0 9.62576 9.62576 6.72485e-06 0 
1 1 0 7.0294 20 0 9.62581 9.62581 6.7139e-06 0 
1 1 0 7.0794 20 0 9.62586 9.62586 6.70313e-06 0 
1 1 0 7.1294 20 0 9.62591 9.62591 6.69252e-06 0 
1 1 0 7.1794 20 0 9.62596 9.62596 6.68207e-06 0 
1 1 0 7.2294 20 0 9.62601 9.62601 6.67179e-06 0 
1 1 0 7.2794 20 0 9.62606 9.62606 6.66166e-06 0 
1 1 0 7.3294 20 0 9.6261 9.6261 6.65169e-06 0 
1 1 0 7.3794 20 0 9.62615 9.62615 6.63737e-06 0 
1 1 0 7.4294 20 0 9.6262 9.6262 6.62768e-06 0 
1 1 0 7.4794 20 0 9.62624 9.62624 6.61815e-06 0 
1 1 0 7.5294 20 0 9.62629 9.62629 6.60876e-06 0 
1 1 0 7.5794 20 0 9.62633 9.62633 6.59951e-06 0 
1 1 0 7.6294 20 0 9.62637 9.62637 6.59039e-06 0 
1 1 0 7.6794 20 0 9.62642 9.62642 6.58141e-06 0 
1 1 0 7.7294 20 0 9.62646 9.62646 6.57255e-06 0 
1 1 0 7.7794 20 0 9.6265 9.6265 6.56382e-06 0 
1 1 0 7.8294 20 0 9.62654 9.62654 6.55521e-06 0 
1 1 0 7.8794 20 0 9.62658 9.62658 6.54672e-06 0 
1 1 0 7.9294 20 0 9.62662 9.62662 6.53835e-06 0 
1 1 0 7.9794 20 0 9.62666 9.62666 6.53009e-06 0 
1 1 0 8.0294 20 0 9.6267 9.6267 6.52195e-06 0 
1 1 0 8.0794 20 0 9.62674 9.62674 6.51392e-06 0 
1 1 0 8.1294 20 0 9.62678 9.62678 6.50157e-06 0 
1 1 0 8.1794 20 0 9.62682 9.62682 6.49376e-06 0 
1 1 0 8.2294 20 0 9.62685 9.62685 6.48605e-06 0 
1 1 0 8.2794 20 0 9.62689 9.62689 6.47844e-06 0 
1 1 0 8.3294 20 0 9.62693 9.62693 6.47094e-06 0 
1 1 0 8.3794 20 0 9.62696 9.62696 6.46353e-06 0 
1 1 0 8.4294 20 0 9.627 9.627 6.45622e-06 0 
1 1 0 8.4794 20 0 9.62703 9.62703 6.449e-06 0 
1 1 0 8.5294 20 0 9.62707 9.62707 6.44188e-06 0 
1 1 0 8.5794 20 0 9.6271 9.6271 6.43484e-06 0 
1 1 0 8.6294 20 0 9.62713 9.62713 6.4279e-06 0 
1 1 0 8.6794 20 0 9.62717 9.62717 6.42104e-06 0 
1 1 0 8.7294 20 0 9.6272 9.6272 6.41427e-06 0 
1 1 0 8.7794 20 0 9.62723 9.62723 6.40758e-06 0 
1 1 0 8.8294 20 0 9.62727 9.62727 6.40098e-06 0 
1 1 0 8.8794 20 0 9.6273 9.6273 6.39445e-06 0 
1 1 0 8.9294 20 0 9.62733 9.62733 6.38801e-06 0 
1 1 0 8.9794 20 0 9.62736 9.62736 6.37732e-06 0 
1 1 0 9.0294 20 0 9.62739 9.62739 6.37102e-06 0 
1 1 0 9.0794 20 0 9.62742 9.62742 6.36481e-06 0 
1 1 0 9.1294 20 0 9.62745 9.62745 6.35867e-06 0 
1 1 0 9.1794 20 0 9.62748 9.62748 6.35261e-06 0 
1 1 0 9.2294 20 0 9.62751 9.62751 6.34662e-06 0 
1 1 0 9.2794 20 0 9.62754 9.62754 6.34069e-06 0 
1 1 0 9.3294 20 0 9.62757 9.62757 6.33484e-06 0 
1 1 0 9.3794 20 0 9.6276 9.6276 6.32906e-06 0 
1 1 0 9.4294 20 0 9.62762 9.62762 6.32334e-06 0 
1 1 0 9.4794 20 0 9.62765 9.62765 6.31768e-06 0 
1 1 0 9.5294 20 0 9.62768 9.62768 6.3121e-06 0 
1 1 0 9.5794 20 0 9.62771 9.62771 6.30657e-06 0 
1 1 0 9.6294 20 0 9.62773 9.62773 6.30111e-06 0 
1 1 0 9.6794 20 0 9.62776 9.62776 6.2957e-06 0 
1 1 0 9.7294 20 0 9.62779 9.62779 6.29036e-06 0 
1 1 0 9.7794 20 0 9.62781 9.62781 6.28508e-06 0 
1 1 0 9.8294 20 0 9.62784 9.62784 6.27985e-06 0 
1 1 0 9.8794 20 0 9.62787 9.62787 6.27469e-06 0 
1 1 0 9.9294 20 0 9.62789 9.62789 6.26957e-06 0 
1 1 0 9.9794 20 0 9.62792 9.62792 6.26452e-06 0 
1 1 0 10.0294 20 0 9.62794 9.62794 6.25952e-06 0 
1 1 0 10.0794 20 0 9.62797 9.62797 6.25457e-06 0 
1 1 0 10.1294 20 0 9.62799 9.62799 6.24543e-06 0 
1 1 0 10.1794 20 0 9.62801 9.62801 6.24058e-06 0 
1 1 0 10.2294 20 0 9.62804 9.62804 6.23579e-06 0 
1 1 0 10.2794 20 0 9.62806 9.62806 6.23105e-06 0 
1 1 0 10.3294 20 0 9.62808 9.62808 6.22636e-06 0 
1 1 0 10.3794 20 0 9.62811 9.62811 6.22172e-06 0 
1 1 0 10.4294 20 0 9.62813 9.62813 6.21713e-06 0 
1 1 0 10.4794 20 0 9.62815 9.62815 6.21258e-06 0 
1 1 0 10.5294 20 0 9.62818 9.62818 6.20808e-06 0 
1 1 0 10.5794 20 0 9.6282 9.6282 6.20363e-06 0 
1 1 0 10.6294 20 0 9.62822 9.62822 6.19922e-06 0 
1 1 0 10.6794 20 0 9.62824 9.62824 6.19485e-06 0 
1 1 0 10.7294 20 0 9.62826 9.62826 6.19053e-06 0 
1 1 0 10.7794 20 0 9.62829 9.62829 6.18626e-06 0 
1 1 0 10.8294 20 0 9.62831 9.62831 6.18202e-06 0 
1 1 0 10.8794 20 0 9.62833 9.62833 6.17783e-06 0 
2 1 0 10.8794 20 0 9.62833 9.62833 6.17783e-06 0 
1 1 0 10.8994 20 0 9.62834 9.62834 6.17616e-06 0 
1 1 0 10.9194 20 0 9.62834 9.62834 6.1745e-06 0 
1 1 0 10.9594 20 0 9.62836 9.62836 6.1712e-06 0 
1 1 0 11.0094 20 0 9.62838 9.62838 6.16712e-06 0 
1 1 0 11.0594 20 0 9.6284 9.6284 6.16307e-06 0 
1 1 0 11.1094 20 0 9.62842 9.62842 6.15906e-06 0 
1 1 0 11.1594 20 0 9.62844 9.62844 6.15509e-06 0 
1 1 0 11.2094 20 0 9.62846 9.62846 6.15116e-06 0 
1 1 0 11.2594 20 0 9.62848 9.62848 6.14726e-06 0 
1 1 0 11.3094 20 0 9.6285 9.6285 6.1434e-06 0 
1 1 0 11.3594 20 0 9.62852 9.62852 6.13958e-06 0 
1 1 0 11.4094 20 0 9.62854 9.62854 6.13579e-06 0 
1 1 0 11.4594 20 0 9.62856 9.62856 6.13204e-06 0 
1 1 0 11.5094 20 0 9.62858 9.62858 6.12719e-06 0 
1 1 0 11.5594 20 0 9.6286 9.6286 6.12049e-06 0 
1 1 0 11.6094 20 0 9.62861 9.62861 6.11683e-06 0 
1 1 0 11.6594 20 0 9.62863 9.62863 6.11322e-06 0 
1 1 0 11.7094 20 0 9.62865 9.62865 6.10964e-06 0 
1 1 0 11.7594 20 0 9.62867 9.62867 6.1061e-06 0 
1 1 0 11.8094 20 0 9.62869 9.62869 6.10258e-06 0 
1 1 0 11.8594 20 0 9.6287 9.6287 6.0991e-06 0 
1 1 0 11.9094 20 0 9.62872 9.62872 6.09565e-06 0 
1 1 0 11.9594 20 0 9.62874 9.62874 6.09223e-06 0 
1 1 0 12.0094 20 0 9.62876 9.62876 6.08884e-06 0 
1 1 0 12.0594 20 0 9.62877 9.62877 6.08548e-06 0 
1 1 0 12.1094 20 0 9.62879 9.62879 6.08215e-06 0 
1 1 0 12.1594 20 0 9.62881 9.62881 6.07884e-06 0 
1 1 0 12.2094 20 0 9.62882 9.62882 6.07557e-06 0 
1 1 0 12.2594 20 0 9.62884 9.62884 6.07233e-06 0 
1 1 0 12.3094 20 0 9.62886 9.62886 6.06911e-06 0 
1 1 0 12.3594 20 0 9.62887 9.62887 6.06592e-06 0 
1 1 0 12.4094 20 0 9.62889 9.62889 6.06276e-06 0 
1 1 0 12.4594 20 0 9.62891 9.62891 6.05963e-06 0 
1 1 0 12.5094 20 0 9.62892 9.62892 6.05652e-06 0 
1 1 0 12.5594 20 0 9.62894 9.62894 6.05344e-06 0 
1 1 0 12.6094 20 0 9.62895 9.62895 6.05038e-06 0 
1 1 0 12.6594 20 0 9.62897 9.62897 6.04735e-06 0 
1 1 0 12.7094 20 0 9.62898 9.62898 6.04435e-06 0 
1 1 0 12.7594 20 0 9.629 9.629 6.04137e-06 0 
1 1 0 12.8094 20 0 9.62901 9.62901 6.03842e-06 0 
1 1 0 12.8594 20 0 9.62903 9.62903 6.03549e-06 0 
1 1 0 12.9094 20 0 9.62904 9.62904 6.03258e-06 0 
1 1 0 12.9594 20 0 9.62906 9.62906 6.0297e-06 0 
1 1 0 13.0094 20 0 9.62907 9.62907 6.02684e-06 0 
1 1 0 13.0594 20 0 9.62909 9.62909 6.024e-06 0 
1 1 0 13.1094 20 0 9.6291 9.6291 6.02119e-06 0 
1 1 0 13.1594 20 0 9.62912 9.62912 6.0184e-06 0 
1 1 0 13.2094 20 0 9.62913 9.62913 6.01563e-06 0 
1 1 0 13.2594 20 0 9.62915 9.62915 6.01289e-06 0 
1 1 0 13.3094 20 0 9.62916 9.62916 6.01017e-06 0 
1 1 0 13.3594 20 0 9.62917 9.62917 6.00746e-06 0 
1 1 0 13.4094 20 0 9.62919 9.62919 6.00478e-06 0 
1 1 0 13.4594 20 0 9.6292 9.6292 5.99812e-06 0 
1 1 0 13.5094 20 0 9.62921 9.62921 5.99547e-06 0 
1 1 0 13.5594 20 0 9.62923 9.62923 5.99285e-06 0 
1 1 0 13.6094 20 0 9.62924 9.62924 5.99026e-06 0 
1 1 0 13.6594 20 0 9.62925 9.62925 5.98768e-06 0 
1 1 0 13.7094 20 0 9.62927 9.62927 5.98512e-06 0 
1 1 0 13.7594 20 0 9.62928 9.62928 5.98259e-06 0 
1 1 0 13.8094 20 0 9.62929 9.62929 5.98007e-06 0 
1 1 0 13.8594 20 0 9.62931 9.62931 5.97757e-06 0 
1 1 0 13.9094 20 0 9.62932 9.62932 5.9751e-06 0 
1 1 0 13.9594 20 0 9.62933 9.62933 5.97264e-06 0 
1 1 0 14.0094 20 0 9.62935 9.62935 5.97019e-06 0 
1 1 0 14.0594 20 0 9.62936 9.62936 5.96777e-06 0 
1 1 0 14.1094 20 0 9.62937 9.62937 5.96537e-06 0 
1 1 0 14.1594 20 0 9.62938 9.62938 5.96298e-06 0 
1 1 0 14.2094 20 0 9.62939 9.62939 5.96061e-06 0 
1 1 0 14.2594 20 0 9.62941 9.62941 5.95826e-06 0 
1 1 0 14.3094 20 0 9.62942 9.62942 5.95593e-06 0 
1 1 0 14.3594 20 0 9.62943 9.62943 5.95361e-06 0 
1 1 0 14.4094 20 0 9.62944 9.62944 5.95131e-06 0 
1 1 0 14.4594 20 0 9.62945 9.62945 5.94903e-06 0 
1 1 0 14.5094 20 0 9.62947 9.62947 5.94676e-06 0 
1 1 0 14.5594 20 0 9.62948 9.62948 5.94451e-06 0 
1 1 0 14.6094 20 0 9.62949 9.62949 5.94227e-06 0 
1 1 0 14.6594 20 0 9.6295 9.6295 5.94006e-06 0 
1 1 0 14.7094 20 0 9.62951 9.62951 5.93786e-06 0 
1 1 0 14.7594 20 0 9.62952 9.62952 5.93567e-06 0 
1 1 0 14.8094 20 0 9.62954 9.62954 5.9335e-06 0 
1 1 0 14.8594 20 0 9.62955 9.62955 5.93134e-06 0 
1 1 0 14.9094 20 0 9.62956 9.62956 5.9292e-06 0 
1 1 0 14.9594 20 0 9.62957 9.62957 5.92708e-06 0 
1 1 0 15.0094 20 0 9.62958 9.62958 5.92497e-06 0 
1 1 0 15.0594 20 0 9.62959 9.62959 5.92287e-06 0 
1 1 0 15.1094 20 0 9.6296 9.6296 5.92079e-06 0 
1 1 0 15.1594 20 0 9.62961 9.62961 5.91873e-06 0 
1 1 0 15.2094 20 0 9.62962 9.62962 5.91667e-06 0 
1 1 0 15.2594 20 0 9.62963 9.62963 5.91464e-06 0 
1 1 0 15.3094 20 0 9.62964 9.62964 5.91261e-06 0 
1 1 0 15.3594 20 0 9.62965 9.62965 5.9106e-06 0 
1 1 0 15.4094 20 0 9.62967 9.62967 5.90861e-06 0 
1 1 0 15.4594 20 0 9.62968 9.62968 5.90662e-06 0 
1 1 0 15.5094 20 0 9.62969 9.62969 5.90465e-06 0 
1 1 0 15.5594 20 0 9.6297 9.6297 5.9027e-06 0 
1 1 0 15.6094 20 0 9.62971 9.62971 5.90076e-06 0 
1 1 0 15.6594 20 0 9.62972 9.62972 5.89883e-06 0 
1 1 0 15.7094 20 0 9.62973 9.62973 5.89691e-06 0 
1 1 0 15.7594 20 0 9.62974 9.62974 5.895e-06 0 
1 1 0 15.8094 20 0 9.62975 9.62975 5.89311e-06 0 
1 1 0 15.8594 20 0 9.62976 9.62976 5.89123e-06 0 
1 1 0 15.9094 20 0 9.62977 9.62977 5.88937e-06 0 
1 1 0 15.9594 20 0 9.62978 9.62978 5.88751e-06 0 
1 1 0 16.0094 20 0 9.62978 9.62978 5.88567e-06 0 
1 1 0 16.0594 20 0 9.62979 9.62979 5.88384e-06 0 
1 1 0 16.1094 20 0 9.6298 9.6298 5.87812e-06 0 
1 1 0 16.1594 20 0 9.62981 9.62981 5.87632e-06 0 
1 1 0 16.2094 20 0 9.62982 9.62982 5.87451e-06 0 
1 1 0 16.2594 20 0 9.62983 9.62983 5.87273e-06 0 
1 1 0 16.3094 20 0 9.62984 9.62984 5.87096e-06 0 
1 1 0 16.3594 20 0 9.62985 9.62985 5.8692e-06 0 
1 1 0 16.4094 20 0 9.62986 9.62986 5.86745e-06 0 
1 1 0 16.4594 20 0 9.62987 9.62987 5.86572e-06 0 
1 1 0 16.5094 20 0 9.62988 9.62988 5.86399e-06 0 
1 1 0 16.5594 20 0 9.62989 9.62989 5.86228e-06 0 
1 1 0 16.6094 20 0 9.6299 9.6299 5.86057e-06 0 
1 1 0 16.6594 20 0 9.6299 9.6299 5.85888e-06 0 
1 1 0 16.7094 20 0 9.62991 9.62991 5.8572e-06 0 
1 1 0 16.7594 20 0 9.62992 9.62992 5.85553e-06 0 
1 1 0 16.8094 20 0 9.62993 9.62993 5.85386e-06 0 
1 1 0 16.8594 20 0 9.62994 9.62994 5.85221e-06 0 
1 1 0 16.9094 20 0 9.62995 9.62995 5.85057e-06 0 
1 1 0 16.9594 20 0 9.62996 9.62996 5.84894e-06 0 
1 1 0 17.0094 20 0 9.62997 9.62997 5.84732e-06 0 
1 1 0 17.0594 20 0 9.62997 9.62997 5.84571e-06 0 
1 1 0 17.1094 20 0 9.62998 9.62998 5.84411e-06 0 
1 1 0 17.1594 20 0 9.62999 9.62999 5.84252e-06 0 
1 1 0 17.2094 20 0 9.63 9.63 5.84094e-06 0 
1 1 0 17.2594 20 0 9.63001 9.63001 5.83936e-06 0 
1 1 0 17.3094 20 0 9.63002 9.63002 5.8378e-06 0 
1 1 0 17.3594 20 0 9.63002 9.63002 5.83625e-06 0 
1 1 0 17.4094 20 0 9.63003 9.63003 5.8347e-06 0 
1 1 0 17.4594 20 0 9.63004 9.63004 5.83317e-06 0 
1 1 0 17.5094 20 0 9.63005 9.63005 5.83164e-06 0 
1 1 0 17.5594 20 0 9.63006 9.63006 5.83013e-06 0 
1 1 0 17.6094 20 0 9.63006 9.63006 5.82862e-06 0 
1 1 0 17.6594 20 0 9.63007 9.63007 5.82712e-06 0 
1 1 0 17.7094 20 0 9.63008 9.63008 5.82563e-06 0 
1 1 0 17.7594 20 0 9.63009 9.63009 5.82415e-06 0 
1 1 0 17.8094 20 0 9.6301 9.6301 5.82268e-06 0 
1 1 0 17.8594 20 0 9.6301 9.6301 5.82122e-06 0 
1 1 0 17.9094 20 0 9.63011 9.63011 5.81976e-06 0 
1 1 0 17.9594 20 0 9.63012 9.63012 5.81832e-06 0 
1 1 0 18.0094 20 0 9.63013 9.63013 5.81688e-06 0 
1 1 0 18.0594 20 0 9.63013 9.63013 5.81545e-06 0 
1 1 0 18.1094 20 0 9.63014 9.63014 5.81403e-06 0 
1 1 0 18.1594 20 0 9.63015 9.63015 5.81261e-06 0 
1 1 0 18.2094 20 0 9.63016 9.63016 5.81121e-06 0 
1 1 0 18.2594 20 0 9.63016 9.63016 5.80981e-06 0 
1 1 0 18.3094 20 0 9.63017 9.63017 5.80842e-06 0 
1 1 0 18.3594 20 0 9.63018 9.63018 5.80704e-06 0 
1 1 0 18.4094 20 0 9.63019 9.63019 5.80567e-06 0 
1 1 0 18.4594 20 0 9.63019 9.63019 5.8043e-06 0 
1 1 0 18.5094 20 0 9.6302 9.6302 5.80294e-06 0 
1 1 0 18.5594 20 0 9.63021 9.63021 5.80159e-06 0 
1 1 0 18.6094 20 0 9.63021 9.63021 5.80025e-06 0 
1 1 0 18.6594 20 0 9.63022 9.63022 5.79891e-06 0 
1 1 0 18.7094 20 0 9.63023 9.63023 5.79759e-06 0 
1 1 0 18.7594 20 0 9.63024 9.63024 5.79627e-06 0 
1 1 0 18.8094 20 0 9.63024 9.63024 5.79495e-06 0 
1 1 0 18.8594 20 0 9.63025 9.63025 5.79365e-06 0 
1 1 0 18.9094 20 0 9.63026 9.63026 5.79235e-06 0 
1 1 0 18.9594 20 0 9.63026 9.63026 5.79106e-06 0 
1 1 0 19.0094 20 0 9.63027 9.63027 5.78977e-06 0 
1 1 0 19.0594 20 0 9.63028 9.63028 5.7885e-06 0 
1 1 0 19.1094 20 0 9.63028 9.63028 5.78722e-06 0 
1 1 0 19.1594 20 0 9.63029 9.63029 5.78596e-06 0 
1 1 0 19.2094 20 0 9.6303 9.6303 5.7847e-06 0 
1 1 0 19.2594 20 0 9.6303 9.6303 5.78345e-06 0 
1 1 0 19.3094 20 0 9.63031 9.63031 5.78221e-06 0 
1 1 0 19.3594 20 0 9.63032 9.63032 5.78097e-06 0 
1 1 0 19.4094 20 0 9.63032 9.63032 5.77974e-06 0 
1 1 0 19.4594 20 0 9.63033 9.63033 5.77852e-06 0 
1 1 0 19.5094 20 0 9.63034 9.63034 5.7773e-06 0 
1 1 0 19.5594 20 0 9.63034 9.63034 5.77609e-06 0 
1 1 0 19.6094 20 0 9.63035 9.63035 5.77489e-06 0 
1 1 0 19.6594 20 0 9.63036 9.63036 5.77369e-06 0 
1 1 0 19.7094 20 0 9.63036 9.63036 5.7725e-06 0 
1 1 0 19.7594 20 0 9.63037 9.63037 5.77132e-06 0 
1 1 0 19.8094 20 0 9.63037 9.63037 5.77014e-06 0 
1 1 0 19.8594 20 0 9.63038 9.63038 5.76897e-06 0 
1 1 0 19.9094 20 0 9.63039 9.63039 5.7678e-06 0 
1 1 0 19.9594 20 0 9.63039 9.63039 5.76664e-06 0 
1 1 0 20.0094 20 0 9.6304 9.6304 5.76548e-06 0 
2 1 0 1 20 0 0 0 5.76548e-06 0 
2 1 0 1.02 20 0 0 0 inf -nan 
2 1 0 1.04 20 0 0 0 inf -nan 
2 1 0 1.08 20 0 0 0 inf -nan 
2 1 0 1.13 20 0 0 0 inf -nan 
2 1 0 1.18 20 0 0 0 inf -nan 
2 1 0 1.23 20 0 0 0 inf -nan 
2 1 0 1.28 20 0 0 0 inf -nan 
2 1 0 1.33 20 0 0 0 inf -nan 
2 1 0 1.38 20 0 0 0 inf -nan 
2 1 0 1.43 20 0 0 0 inf -nan 
2 1 0 1.48 20 0 0 0 inf -nan 
2 1 0 1.53 20 0 0 0 inf -nan 
2 1 0 1.58 20 0 0 0 inf -nan 
2 1 0 1.63 20 0 0 0 inf -nan 
2 1 0 1.68 20 0 0 0 inf -nan 
2 1 0 1.73 20 0 0 0 inf -nan 
2 1 0 1.78 20 0 0 0 inf -nan 
2 1 0 1.83 20 0 0 0 inf -nan 
2 1 0 1.88 20 0 0 0 inf -nan 
2 1 0 1.93 20 0 0 0 inf -nan 
2 1 0 1.98 20 0 0 0 inf -nan 
2 1 0 2.03 20 0 0 0 inf -nan 
2 1 0 2.08 20 0 0 0 inf -nan 
2 1 0 2.13 20 0 0 0 inf -nan 
2 1 0 2.18 20 0 0 0 inf -nan 
2 1 0 2.23 20 0 0 0 inf -nan 
2 1 0 2.28 20 0 0 0 inf -nan 
2 1 0 2.33 20 0 0 0 inf -nan 
2 1 0 2.38 20 0 0 0 inf -nan 
2 1 0 2.43 20 0 0 0 inf -nan 
2 1 0 2.48 20 0 0 0 inf -nan 
2 1 0 2.53 20 0 0 0 inf -nan 
2 1 0 2.58 20 0 0 0 inf -nan 
2 1 0 2.63 20 0 0 0 inf -nan 
2 1 0 2.68 20 0 0 0 inf -nan 
2 1 0 2.73 20 0 0 0 inf -nan 
2 1 0 2.78 20 0 0 0 inf -nan 
2 1 0 2.83 20 0 0 0 inf -nan 
2 1 0 2.88 20 0 0 0 inf -nan 
2 1 0 2.93 20 0 0 0 inf -nan 
2 1 0 2.98 20 0 0 0 inf -nan 
2 1 0 3.03 20 0 0 0 inf -nan 
2 1 0 3.08 20 0 0 0 inf -nan 
2 1 0 3.13 20 0 0 0 inf -nan 
2 1 0 3.18 20 0 0 0 inf -nan 
2 1 0 3.23 20 0 0 0 inf -nan 
2 1 0 3.28 20 0 0 0 inf -nan 
2 1 0 3.33 20 0 0 0 inf -nan 
2 1 0 3.38 20 0 0 0 inf -nan 
2 1 0 3.43 20 0 0 0 inf -nan 
2 1 0 3.48 20 0 0 0 inf -nan 
2 1 0 3.53 20 0 0 0 inf -nan 
2 1 0 3.58 20 0 0 0 inf -nan 
2 1 0 3.63 20 0 0 0 inf -nan 
2 1 0 3.68 20 0 0 0 inf -nan 
2 1 0 3.73 20 0 0 0 inf -nan 
2 1 0 3.78 20 0 0 0 inf -nan 
2 1 0 3.83 20 0 0 0 inf -nan 
2 1 0 3.88 20 0 0 0 inf -nan 
2 1 0 3.93 20 0 0 0 inf -nan 
2 1 0 3.98 20 0 0 0 inf -nan 
2 1 0 4.03 20 0 0 0 inf -nan 
2 1 0 4.08 20 0 0 0 inf -nan 
2 1 0 4.13 20 0 0 0 inf -nan 
2 1 0 4.18 20 0 0 0 inf -nan 
2 1 0 4.23 20 0 0 0 inf -nan 
2 1 0 4.28 20 0 0 0 inf -nan 
2 1 0 4.33 20 0 0 0 inf -nan 
2 1 0 4.38 20 0 0 0 inf -nan 
2 1 0 4.43 20 0 0 0 inf -nan 
2 1 0 4.48 20 0 0 0 inf -nan 
2 1 0 4.53 20 0 0 0 inf -nan 
2 1 0 4.58 20 0 0 0 inf -nan 
2 1 0 4.63 20 0 0 0 inf -nan 
2 1 0 4.68 20 0 0 0 inf -nan 
2 1 0 4.73 20 0 0 0 inf -nan 
2 1 0 4.78 20 0 0 0 inf -nan 
2 1 0 4.83 20 0 0 0 inf -nan 
2 1 0 4.88 20 0 0 0 inf -nan 
2 1 0 4.93 20 0 0 0 inf -nan 
2 1 0 4.98 20 0 0 0 inf -nan 
2 1 0 5.03 20 0 0 0 inf -nan 
2 1 0 5.08 20 0 0 0 inf -nan 
2 1 0 5.13 20 0 0 0 inf -nan 
2 1 0 5.18 20 0 0 0 inf -nan 
2 1 0 5.23 20 0 0 0 inf -nan 
2 1 0 5.28 20 0 0 0 inf -nan 
2 1 0 5.33 20 0 0 0 inf -nan 
2 1 0 5.38 20 0 0 0 inf -nan 
2 1 0 5.43 20 0 0 0 inf -nan 
2 1 0 5.48 20 0 0 0 inf -nan 
2 1 0 5.53 20 0 0 0 inf -nan 
2 1 0 5.58 20 0 0 0 inf -nan 
2 1 0 5.63 20 0 0 0 inf -nan 
2 1 0 5.68 20 0 0 0 inf -nan 
2 1 0 5.73 20 0 0 0 inf -nan 
2 1 0 5.78 20 0 0 0 inf -nan 
2 1 0 5.83 20 0 0 0 inf -nan 
2 1 0 5.88 20 0 0 0 inf -nan 
2 1 0 5.93 20 0 0 0 inf -nan 
2 1 0 5.98 20 0 0 0 inf -nan 
2 1 0 6.03 20 0 0 0 inf -nan 
2 1 0 6.08 20 0 0 0 inf -nan 
2 1 0 6.13 20 0 0 0 inf -nan 
2 1 0 6.18 20 0 0 0 inf -nan 
2 1 0 6.23 20 0 0 0 inf -nan 
2 1 0 6.28 20 0 0 0 inf -nan 
2 1 0 6.33 20 0 0 0 inf -nan 
2 1 0 6.38 20 0 0 0 inf -nan 
2 1 0 6.43 20 0 0 0 inf -nan 
2 1 0 6.48 20 0 0 0 inf -nan 
2 1 0 6.53 20 0 0 0 inf -nan 
2 1 0 6.58 20 0 0 0 inf -nan 
2 1 0 6.63 20 0 0 0 inf -nan 
2 1 0 6.68 20 0 0 0 inf -nan 
2 1 0 6.73 20 0 0 0 inf -nan 
2 1 0 6.78 20 0 0 0 inf -nan 
2 1 0 6.83 20 0 0 0 inf -nan 
2 1 0 6.88 20 0 0 0 inf -nan 
2 1 0 6.93 20 0 0 0 inf -nan 
2 1 0 6.98 20 0 0 0 inf -nan 
2 1 0 7.03 20 0 0 0 inf -nan 
2 1 0 7.08 20 0 0 0 inf -nan 
2 1 0 7.13 20 0 0 0 inf -nan 
2 1 0 7.18 20 0 0 0 inf -nan 
2 1 0 7.23 20 0 0 0 inf -nan 
2 1 0 7.28 20 0 0 0 inf -nan 
2 1 0 7.33 20 0 0 0 inf -nan 
2 1 0 7.38 20 0 0 0 inf -nan 
2 1 0 7.43 20 0 0 0 inf -nan 
2 1 0 7.48 20 0 0 0 inf -nan 
2 1 0 7.53 20 0 0 0 inf -nan 
2 1 0 7.58 20 0 0 0 inf -nan 
2 1 0 7.63 20 0 0 0 inf -nan 
2 1 0 7.68 20 0 0 0 inf -nan 
2 1 0 7.73 20 0 0 0 inf -nan 
2 1 0 7.78 20 0 0 0 inf -nan 
2 1 0 7.83 20 0 0 0 inf -nan 
2 1 0 7.88 20 0 0 0 inf -nan 
2 1 0 7.93 20 0 0 0 inf -nan 
2 1 0 7.98 20 0 0 0 inf -nan 
2 1 0 8.03 20 0 0 0 inf -nan 
2 1 0 8.08 20 0 0 0 inf -nan 
2 1 0 8.13 20 0 0 0 inf -nan 
2 1 0 8.18 20 0 0 0 inf -nan 
2 1 0 8.23 20 0 0 0 inf -nan 
2 1 0 8.28 20 0 0 0 inf -nan 
2 1 0 8.33 20 0 0 0 inf -nan 
2 1 0 8.38 20 0 0 0 inf -nan 
2 1 0 8.43 20 0 0 0 inf -nan 
2 1 0 8.48 20 0 0 0 inf -nan 
2 1 0 8.53 20 0 0 0 inf -nan 
2 1 0 8.58 20 0 0 0 inf -nan 
2 1 0 8.63 20 0 0 0 inf -nan 
2 1 0 8.68 20 0 0 0 inf -nan 
2 1 0 8.73 20 0 0 0 inf -nan 
2 1 0 8.78 20 0 0 0 inf -nan 
2 1 0 8.83 20 0 0 0 inf -nan 
2 1 0 8.88 20 0 0 0 inf -nan 
2 1 0 8.93 20 0 0 0 inf -nan 
2 1 0 8.98 20 0 0 0 inf -nan 
2 1 0 9.03 20 0 0 0 inf -nan 
2 1 0 9.08 20 0 0 0 inf -nan 
2 1 0 9.13 20 0 0 0 inf -nan 
2 1 0 9.18 20 0 0 0 inf -nan 
2 1 0 9.23 20 0 0 0 inf -nan 
2 1 0 9.28 20 0 0 0 inf -nan 
2 1 0 9.33 20 0 0 0 inf -nan 
2 1 0 9.38 20 0 0 0 inf -nan 
2 1 0 9.43 20 0 0 0 inf -nan 
2 1 0 9.48 20 0 0 0 inf -nan 
2 1 0 9.53 20 0 0 0 inf -nan 
2 1 0 9.58 20 0 0 0 inf -nan 
2 1 0 9.63 20 0 0 0 inf -nan 
2 1 0 9.68 20 0 0 0 inf -nan 
2 1 0 9.73 20 0 0 0 inf -nan 
2 1 0 9.78 20 0 0 0 inf -nan 
2 1 0 9.83 20 0 0 0 inf -nan 
2 1 0 9.88 20 0 0 0 inf -nan 
2 1 0 9.93 20 0 0 0 inf -nan 
2 1 0 9.98 20 0 0 0 inf -nan 
2 1 0 10.03 20 0 0 0 inf -nan 
2 1 0 10.08 20 0 0 0 inf -nan 
2 1 0 10.13 20 0 0 0 inf -nan 
2 1 0 10.18 20 0 0 0 inf -nan 
2 1 0 10.23 20 0 0 0 inf -nan 
2 1 0 10.28 20 0 0 0 inf -nan 
2 1 0 10.33 20 0 0 0 inf -nan 
2 1 0 10.38 20 0 0 0 inf -nan 
2 1 0 10.43 20 0 0 0 inf -nan 
2 1 0 10.48 20 0 0 0 inf -nan 
2 1 0 10.53 20 0 0 0 inf -nan 
2 1 0 10.58 20 0 0 0 inf -nan 
2 1 0 10.63 20 0 0 0 inf -nan 
2 1 0 10.68 20 0 0 0 inf -nan 
2 1 0 10.73 20 0 0 0 inf -nan 
2 1 0 10.78 20 0 0 0 inf -nan 
2 1 0 10.83 20 0 0 0 inf -nan 
2 1 0 10.88 20 0 0 0 inf -nan 
2 1 0 10.88 20 0 0 0 inf -nan 
2 1 0 10.9 20 0 0 0 inf -nan 
2 1 0 10.92 20 0 0 0 inf -nan 
2 1 0 10.96 20 0 0 0 inf -nan 
2 1 0 11.01 20 0 0 0 inf -nan 
2 1 0 11.06 20 0 0 0 inf -nan 
2 1 0 11.11 20 0 0 0 inf -nan 
2 1 0 11.16 20 0 0 0 inf -nan 
2 1 0 11.21 20 0 0 0 inf -nan 
2 1 0 11.26 20 0 0 0 inf -nan 
2 1 0 11.31 20 0 0 0 inf -nan 
2 1 0 11.36 20 0 0 0 inf -nan 
2 1 0 11.41 20 0 0 0 inf -nan 
2 1 0 11.46 20 0 0 0 inf -nan 
2 1 0 11.51 20 0 0 0 inf -nan 
2 1 0 11.56 20 0 0 0 inf -nan 
2 1 0 11.61 20 0 0 0 inf -nan 
2 1 0 11.66 20 0 0 0 inf -nan 
2 1 0 11.71 20 0 0 0 inf -nan 
2 1 0 11.76 20 0 0 0 inf -nan 
2 1 0 11.81 20 0 0 0 inf -nan 
2 1 0 11.86 20 0 0 0 inf -nan 
2 1 0 11.91 20 0 0 0 inf -nan 
2 1 0 11.96 20 0 0 0 inf -nan 
2 1 0 12.01 20 0 0 0 inf -nan 
2 1 0 12.06 20 0 0 0 inf -nan 
2 1 0 12.11 20 0 0 0 inf -nan 
2 1 0 12.16 20 0 0 0 inf -nan 
2 1 0 12.21 20 0 0 0 inf -nan 
2 1 0 12.26 20 0 0 0 inf -nan 
2 1 0 12.31 20 0 0 0 inf -nan 
2 1 0 12.36 20 0 0 0 inf -nan 
2 1 0 12.41 20 0 0 0 inf -nan 
2 1 0 12.46 20 0 0 0 inf -nan 
2 1 0 12.51 20 0 0 0 inf -nan 
2 1 0 12.56 20 0 0 0 inf -nan 
2 1 0 12.61 20 0 0 0 inf -nan 
2 1 0 12.66 20 0 0 0 inf -nan 
2 1 0 12.71 20 0 0 0 inf -nan 
2 1 0 12.76 20 0 0 0 inf -nan 
2 1 0 12.81 20 0 0 0 inf -nan 
2 1 0 12.86 20 0 0 0 inf -nan 
2 1 0 12.91 20 0 0 0 inf -nan 
2 1 0 12.96 20 0 0 0 inf -nan 
2 1 0 13.01 20 0 0 0 inf -nan 
2 1 0 13.06 20 0 0 0 inf -nan 
2 1 0 13.11 20 0 0 0 inf -nan 
2 1 0 13.16 20 0 0 0 inf -nan 
2 1 0 13.21 20 0 0 0 inf -nan 
2 1 0 13.26 20 0 0 0 inf -nan 
2 1 0 13.31 20 0 0 0 inf -nan 
2 1 0 13.36 20 0 0 0 inf -nan 
2 1 0 13.41 20 0 0 0 inf -nan 
2 1 0 13.46 20 0 0 0 inf -nan 
2 1 0 13.51 20 0 0 0 inf -nan 
2 1 0 13.56 20 0 0 0 inf -nan 
2 1 0 13.61 20 0 0 0 inf -nan 
2 1 0 13.66 20 0 0 0 inf -nan 
2 1 0 13.71 20 0 0 0 inf -nan 
2 1 0 13.76 20 0 0 0 inf -nan 
2 1 0 13.81 20 0 0 0 inf -nan 
2 1 0 13.86 20 0 0 0 inf -nan 
2 1 0 13.91 20 0 0 0 inf -nan 
2 1 0 13.96 20 0 0 0 inf -nan 
2 1 0 14.01 20 0 0 0 inf -nan 
2 1 0 14.06 20 0 0 0 inf -nan 
2 1 0 14.11 20 0 0 0 inf -nan 
2 1 0 14.16 20 0 0 0 inf -nan 
2 1 0 14.21 20 0 0 0 inf -nan 
2 1 0 14.26 20 0 0 0 inf -nan 
2 1 0 14.31 20 0 0 0 inf -nan 
2 1 0 14.36 20 0 0 0 inf -nan 
2 1 0 14.41 20 0 0 0 inf -nan 
2 1 0 14.46 20 0 0 0 inf -nan 
2 1 0 14.51 20 0 0 0 inf -nan 
2 1 0 14.56 20 0 0 0 inf -nan 
2 1 0 14.61 20 0 0 0 inf -nan 
2 1 0 14.66 20 0 0 0 inf -nan 
2 1 0 14.71 20 0 0 0 inf -nan 
2 1 0 14.76 20 0 0 0 inf -nan 
2 1 0 14.81 20 0 0 0 inf -nan 
2 1 0 14.86 20 0 0 0 inf -nan 
2 1 0 14.91 20 0 0 0 inf -nan 
2 1 0 14.96 20 0 0 0 inf -nan 
2 1 0 15.01 20 0 0 0 inf -nan 
2 1 0 15.06 20 0 0 0 inf -nan 
2 1 0 15.11 20 0 0 0 inf -nan 
2 1 0 15.16 20 0 0 0 inf -nan 
2 1 0 15.21 20 0 0 0 inf -nan 
2 1 0 15.26 20 0 0 0 inf -nan 
2 1 0 15.31 20 0 0 0 inf -nan 
2 1 0 15.36 20 0 0 0 inf -nan 
2 1 0 15.41 20 0 0 0 inf -nan 
2 1 0 15.46 20 0 0 0 inf -nan 
2 1 0 15.51 20 0 0 0 inf -nan 
2 1 0 15.56 20 0 0 0 inf -nan 
2 1 0 15.61 20 0 0 0 inf -nan 
2 1 0 15.66 20 0 0 0 inf -nan 
2 1 0 15.71 20 0 0 0 inf -nan 
2 1 0 15.76 20 0 0 0 inf -nan 
2 1 0 15.81 20 0 0 0 inf -nan 
2 1 0 15.86 20 0 0 0 inf -nan 
2 1 0 15.91 20 0 0 0 inf -nan 
2 1 0 15.96 20 0 0 0 inf -nan 
2 1 0 16.01 20 0 0 0 inf -nan 
2 1 0 16.06 20 0 0 0 inf -nan 
2 1 0 16.11 20 0 0 0 inf -nan 
2 1 0 16.16 20 0 0 0 inf -nan 
2 1 0 16.21 20 0 0 0 inf -nan 
2 1 0 16.26 20 0 0 0 inf -nan 
2 1 0 16.31 20 0 0 0 inf -nan 
2 1 0 16.36 20 0 0 0 inf -nan 
2 1 0 16.41 20 0 0 0 inf -nan 
2 1 0 16.46 20 0 0 0 inf -nan 
2 1 0 16.51 20 0 0 0 inf -nan 
2 1 0 16.56 20 0 0 0 inf -nan 
2 1 0 16.61 20 0 0 0 inf -nan 
2 1 0 16.66 20 0 0 0 inf -nan 
2 1 0 16.71 20 0 0 0 inf -nan 
2 1 0 16.76 20 0 0 0 inf -nan 
2 1 0 16.81 20 0 0 0 inf -nan 
2 1 0 16.86 20 0 0 0 inf -nan 
2 1 0 16.91 20 0 0 0 inf -nan 
2 1 0 16.96 20 0 0 0 inf -nan 
2 1 0 17.01 20 0 0 0 inf -nan 
2 1 0 17.06 20 0 0 0 inf -nan 
2 1 0 17.11 20 0 0 0 inf -nan 
2 1 0 17.16 20 0 0 0 inf -nan 
2 1 0 17.21 20 0 0 0 inf -nan 
2 1 0 17.26 20 0 0 0 inf -nan 
2 1 0 17.31 20 0 0 0 inf -nan 
2 1 0 17.36 20 0 0 0 inf -nan 
2 1 0 17.41 20 0 0 0 inf -nan 
2 1 0 17.46 20 0 0 0 inf -nan 
2 1 0 17.51 20 0 0 0 inf -nan 
2 1 0 17.56 20 0 0 0 inf -nan 
2 1 0 17.61 20 0 0 0 inf -nan 
2 1 0 17.66 20 0 0 0 inf -nan 
2 1 0 17.71 20 0 0 0 inf -nan 
2 1 0 17.76 20 0 0 0 inf -nan 
2 1 0 17.81 20 0 0 0 inf -nan 
2 1 0 17.86 20 0 0 0 inf -nan 
2 1 0 17.91 20 0 0 0 inf -nan 
2 1 0 17.96 20 0 0 0 inf -nan 
2 1 0 18.01 20 0 0 0 inf -nan 
2 1 0 18.06 20 0 0 0 inf -nan 
2 1 0 18.11 20 0 0 0 inf -nan 
2 1 0 18.16 20 0 0 0 inf -nan 
2 1 0 18.21 20 0 0 0 inf -nan 
2 1 0 18.26 20 0 0 0 inf -nan 
2 1 0 18.31 20 0 0 0 inf -nan 
2 1 0 18.36 20 0 0 0 inf -nan 
2 1 0 18.41 20 0 0 0 inf -nan 
2 1 0 18.46 20 0 0 0 inf -nan 
2 1 0 18.51 20 0 0 0 inf -nan 
2 1 0 18.56 20 0 0 0 inf -nan 
2 1 0 18.61 20 0 0 0 inf -nan 
2 1 0 18.66 20 0 0 0 inf -nan 
2 1 0 18.71 20 0 0 0 inf -nan 
2 1 0 18.76 20 0 0 0 inf -nan 
2 1 0 18.81 20 0 0 0 inf -nan 
2 1 0 18.86 20 0 0 0 inf -nan 
2 1 0 18.91 20 0 0 0 inf -nan 
2 1 0 18.96 20 0 0 0 inf -nan 
2 1 0 19.01 20 0 0 0 inf -nan 
2 1 0 19.06 20 0 0 0 inf -nan 
2 1 0 19.11 20 0 0 0 inf -nan 
2 1 0 19.16 20 0 0 0 inf -nan 
2 1 0 19.21 20 0 0 0 inf -nan 
2 1 0 19.26 20 0 0 0 inf -nan 
2 1 0 19.31 20 0 0 0 inf -nan 
2 1 0 19.36 20 0 0 0 inf -nan 
2 1 0 19.41 20 0 0 0 inf -nan 
2 1 0 19.46 20 0 0 0 inf -nan 
2 1 0 19.51 20 0 0 0 inf -nan 
2 1 0 19.56 20 0 0 0 inf -nan 
2 1 0 19.61 20 0 0 0 inf -nan 
2 1 0 19.66 20 0 0 0 inf -nan 
2 1 0 19.71 20 0 0 0 inf -nan 
2 1 0 19.76 20 0 0 0 inf -nan 
2 1 0 19.81 20 0 0 0 inf -nan 
2 1 0 19.86 20 0 0 0 inf -nan 
2 1 0 19.91 20 0 0 0 inf -nan 
2 1 0 19.96 20 0 0 0 inf -nan 
2 1 0 20.01 20 0 0 0 inf -nan 
