2 1 0 2.5 20 0 13.6837 17.8128 13.6837 17.8128 0 0 0 0 
2 1 0 2.59678 20 35.5877 13.6735 17.7898 13.6735 17.7898 1.15874 0.206733 1.15874 -0.206733 
2 1 0 2.69402 20 36.6143 13.6658 17.7677 13.6658 17.7677 1.1549 0.200155 1.1549 -0.200155 
2 1 0 2.79157 20 37.6607 13.6604 17.7464 13.6604 17.7464 1.15119 0.193862 1.15119 -0.193862 
2 1 0 2.88936 20 38.7275 13.6571 17.7257 13.6571 17.7257 1.14757 0.187835 1.14757 -0.187835 
2 1 0 2.98732 20 39.8153 13.6558 17.7057 13.6558 17.7057 1.14405 0.182054 1.14405 -0.182054 
2 1 0 3.0854 20 40.9255 13.6563 17.6861 13.6563 17.6861 1.1406 0.176502 1.1406 -0.176502 
2 1 0 3.18354 20 42.0591 13.6585 17.6669 13.6585 17.6669 1.13721 0.171163 1.13721 -0.171163 
2 1 0 3.28168 20 43.218 13.6622 17.648 13.6622 17.648 1.13388 0.166019 1.13388 -0.166019 
2 1 0 3.37981 20 44.4044 13.6675 17.6294 13.6675 17.6294 1.1306 0.161055 1.1306 -0.161055 
2 1 0 3.47788 20 45.6212 13.6741 17.611 13.6741 17.611 1.12736 0.156255 1.12736 -0.156255 
2 1 0 3.57586 20 46.872 13.6821 17.5926 13.6821 17.5926 1.12414 0.1516 1.12414 -0.1516 
2 1 0 3.67374 20 48.1614 13.6914 17.5743 13.6914 17.5743 1.12096 0.147077 1.12096 -0.147077 
2 1 0 3.77148 20 49.4951 13.702 17.556 13.702 17.556 1.11779 0.142666 1.11779 -0.142666 
2 1 0 3.86907 20 50.8805 13.7139 17.5376 13.7139 17.5376 1.11464 0.13835 1.11464 -0.13835 
2 1 0 3.96647 20 52.327 13.7269 17.5191 13.7269 17.5191 1.1115 0.134109 1.1115 -0.134109 
2 1 0 4.06366 20 53.8467 13.7412 17.5003 13.7412 17.5003 1.10837 0.129922 1.10837 -0.129922 
2 1 0 4.16061 20 55.4554 13.7567 17.4813 13.7567 17.4813 1.10525 0.125766 1.10525 -0.125766 
2 1 0 4.25728 20 57.1738 13.7735 17.4619 13.7735 17.4619 1.10214 0.121611 1.10214 -0.121611 
2 1 0 4.35363 20 59.0297 13.7917 17.4422 13.7917 17.4422 1.09904 0.117427 1.09904 -0.117427 
2 1 0 4.44961 20 61.0606 13.8111 17.4219 13.8111 17.4219 1.09595 0.113174 1.09595 -0.113174 
2 1 0 4.54516 20 63.3193 13.8321 17.4011 13.8321 17.4011 1.09288 0.108804 1.09288 -0.108804 
2 1 0 4.6402 20 65.8809 13.8547 17.3797 13.8547 17.3797 1.08983 0.104255 1.08983 -0.104255 
2 1 0 4.73461 20 68.8568 13.879 17.3574 13.879 17.3574 1.08681 0.0994477 1.08681 -0.0994477 
2 1 0 4.82826 20 72.4214 13.9054 17.3343 13.9054 17.3343 1.08384 0.094269 1.08384 -0.094269 
2 1 0 4.92093 20 76.8636 13.9342 17.3102 13.9342 17.3102 1.08093 0.0885577 1.08093 -0.0885577 
2 1 0 5.01234 20 82.7044 13.9658 17.2848 13.9658 17.2848 1.07812 0.0820648 1.07812 -0.0820648 
2 1 0 5.10197 20 91.0026 14.0011 17.2579 14.0011 17.2579 1.07546 0.0743722 1.07546 -0.0743722 
2 1 0 5.18899 20 104.354 14.0412 17.2293 14.0412 17.2293 1.07301 0.0646848 1.07301 -0.0646848 
2 1 0 5.2718 20 131.686 14.088 17.1984 14.088 17.1984 1.07092 0.0511358 1.07092 -0.0511358 
2 1 0 5.3469 20 256.839 14.1448 17.1648 14.1448 17.1648 1.06944 0.0261675 1.06944 -0.0261675 
2 1 0 5.40556 20 256.839 14.2172 17.1285 14.2172 17.1285 1.02613 0 1.11221 0 
2 1 0 5.4282 20 256.839 14.3031 17.0949 14.3031 17.0949 0.999999 0 1.14189 0 
2 1 0 5.405 20 256.839 14.397 17.0697 14.397 17.0697 0.981394 0 1.16889 0 
2 1 0 5.35155 20 256.839 14.4805 17.0565 14.4805 17.0565 0.969083 0 1.19197 0 
2 1 0 5.28451 20 256.839 14.5545 17.0513 14.5545 17.0513 0.96027 0 1.2125 0 
2 1 0 5.21089 20 256.839 14.6222 17.0512 14.6222 17.0512 0.953453 0 1.23155 0 
2 1 0 5.13368 20 256.839 14.6857 17.0547 14.6857 17.0547 0.947886 0 1.24974 0 
2 1 0 5.05436 20 256.839 14.7462 17.0609 14.7462 17.0609 0.943165 0 1.26745 0 
2 1 0 4.97373 20 256.839 14.8048 17.0693 14.8048 17.0693 0.939051 0 1.2849 0 
2 1 0 4.8923 20 256.839 14.8619 17.0795 14.8619 17.0795 0.935393 0 1.30227 0 
2 1 0 4.81036 20 256.839 14.9181 17.0913 14.9181 17.0913 0.932088 0 1.31966 0 
2 1 0 4.72817 20 256.839 14.9735 17.1044 14.9735 17.1044 0.929068 0 1.33716 0 
2 1 0 4.6459 20 256.839 15.0285 17.1188 15.0285 17.1188 0.926281 0 1.35485 0 
2 1 0 4.56366 20 256.839 15.0832 17.1344 15.0832 17.1344 0.923689 0 1.37278 0 
2 1 0 4.48157 20 256.839 15.1379 17.151 15.1379 17.151 0.921263 0 1.391 0 
2 1 0 4.3997 20 256.839 15.1925 17.1687 15.1925 17.1687 0.918982 0 1.40955 0 
2 1 0 4.31813 20 256.839 15.2473 17.1873 15.2473 17.1873 0.91683 0 1.42848 0 
2 1 0 4.23691 20 256.839 15.3023 17.2068 15.3023 17.2068 0.914794 0 1.44781 0 
2 1 0 4.15612 20 256.839 15.3576 17.2273 15.3576 17.2273 0.912864 0 1.46759 0 
2 1 0 4.0758 20 256.839 15.4132 17.2486 15.4132 17.2486 0.911033 0 1.48784 0 
2 1 0 3.996 20 256.839 15.4692 17.2708 15.4692 17.2708 0.909296 0 1.50859 0 
2 1 0 3.91678 20 256.839 15.5258 17.2938 15.5258 17.2938 0.90765 0 1.52987 0 
2 1 0 3.83817 20 256.839 15.5828 17.3176 15.5828 17.3176 0.906093 0 1.55171 0 
2 1 0 3.76022 20 256.839 15.6404 17.3423 15.6404 17.3423 0.904623 0 1.57413 0 
2 1 0 3.68297 20 256.839 15.6986 17.3677 15.6986 17.3677 0.903242 0 1.59716 0 
2 1 0 3.60648 20 256.839 15.7574 17.394 15.7574 17.394 0.90195 0 1.62081 0 
2 1 0 3.53079 20 256.839 15.8169 17.421 15.8169 17.421 0.90075 0 1.64512 0 
2 1 0 3.45593 20 256.839 15.877 17.4489 15.877 17.4489 0.899645 0 1.6701 0 
2 1 0 3.38196 20 256.839 15.9379 17.4775 15.9379 17.4775 0.898638 0 1.69577 0 
2 1 0 3.30892 20 256.839 15.9996 17.5069 15.9996 17.5069 0.897734 0 1.72215 0 
2 1 0 3.23685 20 256.839 16.062 17.5371 16.062 17.5371 0.896938 0 1.74926 0 
2 1 0 3.16581 20 256.839 16.1252 17.5681 16.1252 17.5681 0.896254 0 1.7771 0 
2 1 0 3.09583 20 256.839 16.1892 17.5998 16.1892 17.5998 0.89569 0 1.80569 0 
2 1 0 3.02696 20 256.839 16.254 17.6323 16.254 17.6323 0.895251 0 1.83504 0 
2 1 0 2.95925 20 256.839 16.3196 17.6656 16.3196 17.6656 0.894945 0 1.86516 0 
2 1 0 2.89274 20 256.839 16.3861 17.6996 16.3861 17.6996 0.894777 0 1.89603 0 
2 1 0 2.82747 20 256.839 16.4534 17.7344 16.4534 17.7344 0.894755 0 1.92767 0 
2 1 0 2.76349 20 256.839 16.5216 17.7699 16.5216 17.7699 0.894886 0 1.96007 0 
2 1 0 2.70084 20 256.839 16.5906 17.8062 16.5906 17.8062 0.895178 0 1.9932 0 
2 1 0 2.63955 20 256.839 16.6604 17.8431 16.6604 17.8431 0.895636 0 2.02707 0 
2 1 0 2.57967 20 256.839 16.7311 17.8808 16.7311 17.8808 0.896267 0 2.06164 0 
2 1 0 2.52124 20 256.839 16.8026 17.9191 16.8026 17.9191 0.897078 0 2.0969 0 
2 1 0 2.46427 20 256.839 16.8749 17.9582 16.8749 17.9582 0.898074 0 2.1328 0 
2 1 0 2.40882 20 256.839 16.9481 17.9979 16.9481 17.9979 0.89926 0 2.1693 0 
2 1 0 2.3549 20 256.839 17.022 18.0382 17.022 18.0382 0.90064 0 2.20637 0 
2 1 0 2.30253 20 256.839 17.0967 18.0791 17.0967 18.0791 0.902218 0 2.24395 0 
2 1 0 2.25175 20 256.839 17.1722 18.1206 17.1722 18.1206 0.903994 0 2.28198 0 
2 1 0 2.20257 20 256.839 17.2484 18.1627 17.2484 18.1627 0.905971 0 2.3204 0 
2 1 0 2.155 20 256.839 17.3254 18.2053 17.3254 18.2053 0.908148 0 2.35913 0 
2 1 0 2.10906 20 256.839 17.403 18.2485 17.403 18.2485 0.910521 0 2.3981 0 
2 1 0 2.06475 20 256.839 17.4813 18.2921 17.4813 18.2921 0.913089 0 2.43723 0 
2 1 0 2.02207 20 256.839 17.5603 18.3362 17.5603 18.3362 0.915845 0 2.47643 0 
2 1 0 1.98104 20 256.839 17.6399 18.3807 17.6399 18.3807 0.918783 0 2.5156 0 
2 1 0 1.94164 20 256.839 17.7201 18.4255 17.7201 18.4255 0.921893 0 2.55465 0 
2 1 0 1.90387 20 256.839 17.8009 18.4708 17.8009 18.4708 0.925166 0 2.59347 0 
2 1 0 1.86772 20 256.839 17.8823 18.5164 17.8823 18.5164 0.928588 0 2.63197 0 
2 1 0 1.83319 20 256.839 17.9641 18.5622 17.9641 18.5622 0.932146 0 2.67004 0 
2 1 0 1.80026 20 256.839 18.0465 18.6084 18.0465 18.6084 0.935822 0 2.70756 0 
2 1 0 1.76891 20 256.839 18.1294 18.6548 18.1294 18.6548 0.9396 0 2.74443 0 
2 1 0 1.73914 20 256.839 18.2127 18.7013 18.2127 18.7013 0.94346 0 2.78053 0 
2 1 0 1.71092 20 256.839 18.2965 18.7481 18.2965 18.7481 0.94738 0 2.81577 0 
2 1 0 1.68425 20 256.839 18.3807 18.795 18.3807 18.795 0.951338 0 2.85003 0 
2 1 0 1.65909 20 256.839 18.4653 18.8419 18.4653 18.8419 0.955311 0 2.8832 0 
2 1 0 1.63543 20 256.839 18.5503 18.889 18.5503 18.889 0.959272 0 2.91518 0 
2 1 0 1.61326 20 256.839 18.6357 18.9361 18.6357 18.9361 0.963196 0 2.94587 0 
2 1 0 1.59256 20 256.839 18.7214 18.9833 18.7214 18.9833 0.967056 0 2.97517 0 
2 1 0 1.5733 20 256.839 18.8075 19.0304 18.8075 19.0304 0.970825 0 3.00299 0 
2 1 0 1.55548 20 256.839 18.8939 19.0775 18.8939 19.0775 0.974475 0 3.02924 0 
2 1 0 1.53908 20 256.839 18.9806 19.1246 18.9806 19.1246 0.97798 0 3.05383 0 
2 1 0 1.52407 20 256.839 19.0676 19.1715 19.0676 19.1715 0.981311 0 3.07669 0 
2 1 0 1.51046 20 256.839 19.1548 19.2184 19.1548 19.2184 0.984443 0 3.09774 0 
2 1 0 1.49823 20 256.839 19.2424 19.2651 19.2424 19.2651 0.98735 0 3.11692 0 
2 1 0 1.48737 20 256.839 19.3302 19.3117 19.3302 19.3117 0.990007 0 3.13415 0 
2 1 0 1.47786 20 256.839 19.4183 19.3581 19.4183 19.3581 0.992391 0 3.14938 0 
2 1 0 1.46971 20 256.839 19.5066 19.4043 19.5066 19.4043 0.994481 0 3.16257 0 
2 1 0 1.46291 20 256.839 19.5951 19.4503 19.5951 19.4503 0.996258 0 3.17365 0 
2 1 0 1.45746 20 256.839 19.6839 19.4961 19.6839 19.4961 0.997706 0 3.1826 0 
2 1 0 1.45335 20 256.839 19.7728 19.5417 19.7728 19.5417 0.99881 0 3.18937 0 
2 1 0 1.45059 20 256.839 19.8619 19.5869 19.8619 19.5869 0.999559 0 3.19395 0 
2 1 0 1.44917 20 256.839 19.9512 19.632 19.9512 19.632 0.999945 0 3.19629 0 
2 1 0 1.44903 20 256.839 20.0271 19.67 20.0271 19.67 0.999983 0 3.19652 0 
2 1 0 1.45012 20 256.839 20.1167 19.7145 20.1167 19.7145 0.999685 0 3.19471 0 
2 1 0 1.45258 20 256.839 20.2064 19.7586 20.2064 19.7586 0.999018 0 3.19064 0 
2 1 0 1.45642 20 256.839 20.2961 19.8025 20.2961 19.8025 0.997985 0 3.18431 0 
2 1 0 1.46164 20 256.839 20.386 19.8461 20.386 19.8461 0.996595 0 3.17574 0 
2 1 0 1.46826 20 256.839 20.4759 19.8894 20.4759 19.8894 0.994858 0 3.16493 0 
2 1 0 1.4763 20 256.839 20.5659 19.9323 20.5659 19.9323 0.992788 0 3.1519 0 
2 1 0 1.48577 20 256.839 20.6558 19.9749 20.6558 19.9749 0.990403 0 3.1367 0 
2 1 0 1.49669 20 256.839 20.7458 20.0172 20.7458 20.0172 0.987722 0 3.11935 0 
2 1 0 1.50908 20 256.839 20.8357 20.0592 20.8357 20.0592 0.984769 0 3.09991 0 
2 1 0 1.52295 20 256.839 20.9256 20.1008 20.9256 20.1008 0.981566 0 3.07842 0 
2 1 0 1.53833 20 256.839 21.0153 20.1421 21.0153 20.1421 0.978142 0 3.05496 0 
2 1 0 1.55524 20 256.839 21.105 20.1831 21.105 20.1831 0.974525 0 3.02959 0 
2 1 0 1.57371 20 256.839 21.1944 20.2238 21.1944 20.2238 0.970744 0 3.0024 0 
2 1 0 1.59374 20 256.839 21.2837 20.2642 21.2837 20.2642 0.96683 0 2.97348 0 
2 1 0 1.61537 20 256.839 21.3727 20.3042 21.3727 20.3042 0.962813 0 2.94292 0 
2 1 0 1.63862 20 256.839 21.4615 20.344 21.4615 20.344 0.958725 0 2.91082 0 
2 1 0 1.6635 20 256.839 21.5499 20.3834 21.5499 20.3834 0.954596 0 2.87731 0 
2 1 0 1.69004 20 256.839 21.6381 20.4226 21.6381 20.4226 0.950457 0 2.8425 0 
2 1 0 1.71826 20 256.839 21.7258 20.4614 21.7258 20.4614 0.946336 0 2.80651 0 
2 1 0 1.74816 20 256.839 21.8131 20.5 21.8131 20.5 0.942261 0 2.76948 0 
2 1 0 1.77977 20 256.839 21.8999 20.5383 21.8999 20.5383 0.938259 0 2.73152 0 
2 1 0 1.8131 20 256.839 21.9862 20.5763 21.9862 20.5763 0.934354 0 2.69278 0 
2 1 0 1.84815 20 256.839 22.0719 20.614 22.0719 20.614 0.930568 0 2.65338 0 
2 1 0 1.88494 20 256.839 22.157 20.6514 22.157 20.6514 0.926921 0 2.61347 0 
2 1 0 1.92346 20 256.839 22.2415 20.6885 22.2415 20.6885 0.923431 0 2.57316 0 
2 1 0 1.9637 20 256.839 22.3253 20.7254 22.3253 20.7254 0.920114 0 2.5326 0 
2 1 0 2.00568 20 256.839 22.4083 20.762 22.4083 20.762 0.916983 0 2.49189 0 
2 1 0 2.04937 20 256.839 22.4906 20.7983 22.4906 20.7983 0.914048 0 2.45118 0 
2 1 0 2.09477 20 256.839 22.5721 20.8344 22.5721 20.8344 0.911318 0 2.41055 0 
2 1 0 2.14185 20 256.839 22.6527 20.8702 22.6527 20.8702 0.908799 0 2.37013 0 
2 1 0 2.19059 20 256.839 22.7325 20.9058 22.7325 20.9058 0.906494 0 2.33 0 
2 1 0 2.24097 20 256.839 22.8113 20.941 22.8113 20.941 0.904406 0 2.29027 0 
2 1 0 2.29295 20 256.839 22.8893 20.9761 22.8893 20.9761 0.902534 0 2.251 0 
2 1 0 2.34651 20 256.839 22.9662 21.0108 22.9662 21.0108 0.900877 0 2.21228 0 
2 1 0 2.4016 20 256.839 23.0422 21.0453 23.0422 21.0453 0.899431 0 2.17417 0 
2 1 0 2.45819 20 256.839 23.1172 21.0796 23.1172 21.0796 0.898193 0 2.13672 0 
2 1 0 2.51624 20 256.839 23.1912 21.1137 23.1912 21.1137 0.897157 0 2.09998 0 
2 1 0 2.57569 20 256.839 23.2641 21.1475 23.2641 21.1475 0.896316 0 2.064 0 
2 1 0 2.6365 20 256.839 23.336 21.181 23.336 21.181 0.895663 0 2.0288 0 
2 1 0 2.69862 20 256.839 23.4069 21.2144 23.4069 21.2144 0.895191 0 1.9944 0 
2 1 0 2.76201 20 256.839 23.4768 21.2476 23.4768 21.2476 0.894891 0 1.96083 0 
2 1 0 2.8266 20 256.839 23.5457 21.2805 23.5457 21.2805 0.894756 0 1.9281 0 
2 1 0 2.89236 20 256.839 23.6135 21.3133 23.6135 21.3133 0.894776 0 1.89621 0 
2 1 0 2.95922 20 256.839 23.6803 21.346 23.6803 21.346 0.894945 0 1.86517 0 
2 1 0 3.02713 20 256.839 23.7462 21.3784 23.7462 21.3784 0.895252 0 1.83497 0 
2 1 0 3.09605 20 256.839 23.811 21.4107 23.811 21.4107 0.895692 0 1.8056 0 
2 1 0 3.16592 20 256.839 23.8749 21.4429 23.8749 21.4429 0.896255 0 1.77706 0 
2 1 0 3.23668 20 256.839 23.9378 21.475 23.9378 21.475 0.896936 0 1.74932 0 
2 1 0 3.30829 20 256.839 23.9999 21.5071 23.9999 21.5071 0.897727 0 1.72238 0 
2 1 0 3.38069 20 256.839 24.061 21.539 24.061 21.539 0.898622 0 1.69622 0 
2 1 0 3.45384 20 256.839 24.1213 21.5709 24.1213 21.5709 0.899615 0 1.67081 0 
2 1 0 3.52768 20 256.839 24.1807 21.6028 24.1807 21.6028 0.900703 0 1.64614 0 
2 1 0 3.60216 20 256.839 24.2393 21.6348 24.2393 21.6348 0.90188 0 1.62218 0 
2 1 0 3.67724 20 256.839 24.2971 21.6667 24.2971 21.6667 0.903142 0 1.5989 0 
2 1 0 3.75285 20 256.839 24.3541 21.6988 24.3541 21.6988 0.904488 0 1.57629 0 
2 1 0 3.82895 20 256.839 24.4105 21.7309 24.4105 21.7309 0.905915 0 1.55432 0 
2 1 0 3.90549 20 256.839 24.4661 21.7633 24.4661 21.7633 0.907422 0 1.53296 0 
2 1 0 3.98242 20 256.839 24.5211 21.7958 24.5211 21.7958 0.909009 0 1.51219 0 
2 1 0 4.05967 20 256.839 24.5755 21.8285 24.5755 21.8285 0.910675 0 1.49198 0 
2 1 0 4.13718 20 256.839 24.6294 21.8616 24.6294 21.8616 0.912424 0 1.47231 0 
2 1 0 4.2149 20 256.839 24.6827 21.895 24.6827 21.895 0.914259 0 1.45315 0 
2 1 0 4.29275 20 256.839 24.7356 21.9289 24.7356 21.9289 0.916183 0 1.43446 0 
2 1 0 4.37066 20 256.839 24.788 21.9632 24.788 21.9632 0.918203 0 1.41623 0 
2 1 0 4.44855 20 256.839 24.8401 21.9981 24.8401 21.9981 0.920328 0 1.39843 0 
2 1 0 4.52633 20 256.839 24.8919 22.0337 24.8919 22.0337 0.922567 0 1.38102 0 
2 1 0 4.60388 20 256.839 24.9435 22.0701 24.9435 22.0701 0.924934 0 1.36397 0 
2 1 0 4.68107 20 256.839 24.995 22.1075 24.995 22.1075 0.927447 0 1.34726 0 
2 1 0 4.75776 20 256.839 25.0464 22.1459 25.0464 22.1459 0.930126 0 1.33085 0 
2 1 0 4.83374 20 256.839 25.0979 22.1856 25.0979 22.1856 0.932998 0 1.3147 0 
2 1 0 4.90879 20 256.839 25.1495 22.2268 25.1495 22.2268 0.9361 0 1.29876 0 
2 1 0 4.98259 20 256.839 25.2015 22.2698 25.2015 22.2698 0.939476 0 1.283 0 
2 1 0 5.05475 20 256.839 25.2541 22.3149 25.2541 22.3149 0.943186 0 1.26736 0 
2 1 0 5.12471 20 256.839 25.3073 22.3626 25.3073 22.3626 0.947309 0 1.25178 0 
2 1 0 5.19173 20 256.839 25.3615 22.4133 25.3615 22.4133 0.951954 0 1.23619 0 
2 1 0 5.25472 20 256.839 25.4169 22.4677 25.4169 22.4677 0.95727 0 1.22049 0 
2 1 0 5.31211 20 256.839 25.4739 22.5265 25.4739 22.5265 0.963462 0 1.20459 0 
2 1 0 5.36162 20 256.839 25.5326 22.5906 25.5326 22.5906 0.97082 0 1.18837 0 
2 1 0 5.4 20 256.839 25.5929 22.6605 25.5929 22.6605 0.979735 0 1.1717 0 
2 1 0 5.42316 20 256.839 25.6541 22.7361 25.6541 22.7361 0.990708 0 1.15447 0 
2 1 0 5.4282 20 256.839 25.6969 22.7918 25.6969 22.7918 1 0 1.14189 0 
2 1 0 5.41789 20 256.839 25.7555 22.8722 25.7555 22.8722 1.01621 0 1.12279 0 
2 1 0 5.38829 20 256.839 25.8097 22.9509 25.8097 22.9509 1.03915 0 1.09899 0 
2 1 0 5.34304 20 236.9 25.8587 23.0254 25.8587 23.0254 1.0695 0.0283725 1.0695 -0.0283725 
2 1 0 5.28621 20 140.486 25.9025 23.095 25.9025 23.095 1.07059 0.0479139 1.07059 -0.0479139 
2 1 0 5.22104 20 112.075 25.942 23.1598 25.942 23.1598 1.07217 0.060171 1.07217 -0.060171 
2 1 0 5.14983 20 97.3586 25.9777 23.2203 25.9777 23.2203 1.07409 0.0694144 1.07409 -0.0694144 
2 1 0 5.07415 20 88.0356 26.0104 23.2769 26.0104 23.2769 1.07627 0.0769454 1.07627 -0.0769454 
2 1 0 4.99505 20 81.4468 26.0404 23.3302 26.0404 23.3302 1.07865 0.0833776 1.07865 -0.0833776 
2 2 0 1.44903 20 81.4468 20.0271 19.67 20.0271 19.67 1.07865 0.0833776 1.07865 -0.0833776 
2 2 0 1.49581 20 81.4468 20 19.6372 20 19.6372 1.07865 0.0833776 1.07865 -0.0833776 
2 2 0 1.54253 20 81.4468 20 19.6193 20 19.6193 1.01223 0 3.2418 0 
2 2 0 1.58965 20 81.4468 20 19.6026 20 19.6026 3.26227 0 1.018 0 
2 2 0 1.66096 20 81.4468 20 19.5794 20 19.5794 1.02626 0 3.29075 0 
2 2 0 1.75701 20 81.4468 20 19.5516 20 19.5516 1.03656 0 3.32502 0 
2 2 0 1.8539 20 81.4468 20 19.5268 20 19.5268 3.35557 0 1.0461 0 
2 2 0 1.95143 20 81.4468 20 19.5047 20 19.5047 1.05492 0 3.38293 0 
2 2 0 2.04945 20 81.4468 20 19.4849 20 19.4849 1.06309 0 3.40752 0 
2 2 0 2.14784 20 81.4468 20 19.467 20 19.467 1.07065 0 3.42973 0 
2 2 0 2.24654 20 81.4468 20 19.4509 20 19.4509 1.07767 0 3.44986 0 
2 2 0 2.34546 20 81.4468 20 19.4362 20 19.4362 1.08419 0 3.46819 0 
2 2 0 2.44457 20 81.4468 20 19.4228 20 19.4228 3.48494 0 1.09026 0 
2 2 0 2.54382 20 81.4468 20 19.4105 20 19.4105 1.09592 0 3.50029 0 
2 2 0 2.64319 20 81.4468 20 19.3992 20 19.3992 1.10121 0 3.51441 0 
2 2 0 2.74265 20 81.4468 20 19.3888 20 19.3888 1.10616 0 3.52744 0 
2 2 0 2.84219 20 81.4468 20 19.3792 20 19.3792 1.1108 0 3.53951 0 
2 2 0 2.94179 20 81.4468 20 19.3703 20 19.3703 1.11517 0 3.5507 0 
2 2 0 3.04145 20 81.4468 20 19.362 20 19.362 1.11927 0 3.56112 0 
2 2 0 3.14115 20 81.4468 20 19.3542 20 19.3542 3.57083 0 1.12314 0 
2 2 0 3.24089 20 81.4468 20 19.347 20 19.347 1.12679 0 3.57991 0 
2 2 0 3.34066 20 81.4468 20 19.3402 20 19.3402 1.13024 0 3.58842 0 
2 2 0 3.44046 20 81.4468 20 19.3339 20 19.3339 1.13351 0 3.59641 0 
2 2 0 3.54028 20 81.4468 20 19.3279 20 19.3279 3.60393 0 1.13661 0 
2 2 0 3.64012 20 81.4468 20 19.3223 20 19.3223 1.13955 0 3.611 0 
2 2 0 3.73998 20 81.4468 20 19.317 20 19.317 1.14234 0 3.61769 0 
2 2 0 3.83986 20 81.4468 20 19.312 20 19.312 1.145 0 3.624 0 
2 2 0 3.93975 20 81.4468 20 19.3072 20 19.3072 1.14753 0 3.62998 0 
2 2 0 4.03964 20 81.4468 20 19.3027 20 19.3027 1.14995 0 3.63565 0 
2 2 0 4.13955 20 81.4468 20 19.2984 20 19.2984 1.15226 0 3.64104 0 
2 2 0 4.23947 20 81.4468 20 19.2944 20 19.2944 3.64615 0 1.15446 0 
2 2 0 4.3394 20 81.4468 20 19.2905 20 19.2905 1.15657 0 3.65103 0 
2 2 0 4.43933 20 81.4468 20 19.2868 20 19.2868 1.15859 0 3.65567 0 
2 2 0 4.53927 20 81.4468 20 19.2833 20 19.2833 1.16053 0 3.6601 0 
2 2 0 4.63921 20 81.4468 20 19.28 20 19.28 3.66433 0 1.16238 0 
2 2 0 4.73916 20 81.4468 20 19.2768 20 19.2768 1.16417 0 3.66837 0 
2 2 0 4.83911 20 81.4468 20 19.2737 20 19.2737 3.67224 0 1.16588 0 
2 2 0 4.93907 20 81.4468 20 19.2708 20 19.2708 1.16753 0 3.67595 0 
2 2 0 5.03903 20 81.4468 20 19.268 20 19.268 1.16911 0 3.67951 0 
2 2 0 5.13899 20 81.4468 20 19.2653 20 19.2653 1.17064 0 3.68292 0 
2 2 0 5.23896 20 81.4468 20 19.2627 20 19.2627 1.17211 0 3.68619 0 
2 2 0 5.33893 20 81.4468 20 19.2602 20 19.2602 1.17353 0 3.68934 0 
2 2 0 5.4389 20 81.4468 20 19.2578 20 19.2578 1.17489 0 3.69237 0 
2 2 0 5.53888 20 81.4468 20 19.2555 20 19.2555 3.69529 0 1.17621 0 
2 2 0 5.63885 20 81.4468 20 19.2533 20 19.2533 1.17749 0 3.6981 0 
2 2 0 5.73883 20 81.4468 20 19.2511 20 19.2511 1.17872 0 3.70081 0 
2 2 0 5.83881 20 81.4468 20 19.2491 20 19.2491 1.17992 0 3.70342 0 
2 2 0 5.93879 20 81.4468 20 19.2471 20 19.2471 3.70594 0 1.18107 0 
2 2 0 6.03877 20 81.4468 20 19.2451 20 19.2451 1.18219 0 3.70837 0 
2 2 0 6.13875 20 81.4468 20 19.2433 20 19.2433 3.71073 0 1.18327 0 
2 2 0 6.23873 20 81.4468 20 19.2415 20 19.2415 1.18432 0 3.713 0 
2 2 0 6.33872 20 81.4468 20 19.2398 20 19.2398 1.18534 0 3.7152 0 
2 2 0 6.43871 20 81.4468 20 19.2381 20 19.2381 1.18632 0 3.71733 0 
2 2 0 6.53869 20 81.4468 20 19.2364 20 19.2364 1.18728 0 3.7194 0 
2 2 0 6.63868 20 81.4468 20 19.2349 20 19.2349 1.18821 0 3.7214 0 
2 2 0 6.73867 20 81.4468 20 19.2333 20 19.2333 1.18911 0 3.72334 0 
2 2 0 6.83866 20 81.4468 20 19.2318 20 19.2318 1.18999 0 3.72522 0 
2 2 0 6.93865 20 81.4468 20 19.2304 20 19.2304 1.19084 0 3.72704 0 
2 2 0 7.03864 20 81.4468 20 19.229 20 19.229 1.19167 0 3.72881 0 
2 2 0 7.13863 20 81.4468 20 19.2276 20 19.2276 1.19248 0 3.73053 0 
2 2 0 7.23862 20 81.4468 20 19.2263 20 19.2263 1.19327 0 3.7322 0 
2 2 0 7.33861 20 81.4468 20 19.225 20 19.225 1.19403 0 3.73383 0 
2 2 0 7.4386 20 81.4468 20 19.2238 20 19.2238 1.19478 0 3.73541 0 
2 2 0 7.5386 20 81.4468 20 19.2226 20 19.2226 1.1955 0 3.73695 0 
2 2 0 7.63859 20 81.4468 20 19.2214 20 19.2214 1.19621 0 3.73844 0 
2 2 0 7.73858 20 81.4468 20 19.2203 20 19.2203 1.1969 0 3.7399 0 
2 2 0 7.83858 20 81.4468 20 19.2191 20 19.2191 3.74132 0 1.19757 0 
2 2 0 7.93857 20 81.4468 20 19.218 20 19.218 1.19823 0 3.7427 0 
2 2 0 8.03856 20 81.4468 20 19.217 20 19.217 1.19887 0 3.74404 0 
2 2 0 8.13856 20 81.4468 20 19.2159 20 19.2159 1.19949 0 3.74536 0 
2 2 0 8.23855 20 81.4468 20 19.2149 20 19.2149 1.2001 0 3.74664 0 
2 2 0 8.33855 20 81.4468 20 19.214 20 19.214 1.2007 0 3.74788 0 
2 2 0 8.43854 20 81.4468 20 19.213 20 19.213 1.20128 0 3.7491 0 
2 2 0 8.53854 20 81.4468 20 19.2121 20 19.2121 1.20185 0 3.75029 0 
2 2 0 8.63854 20 81.4468 20 19.2111 20 19.2111 1.2024 0 3.75145 0 
2 2 0 8.73853 20 81.4468 20 19.2102 20 19.2102 1.20295 0 3.75259 0 
2 2 0 8.83853 20 81.4468 20 19.2094 20 19.2094 1.20348 0 3.75369 0 
2 2 0 8.93852 20 81.4468 20 19.2085 20 19.2085 1.204 0 3.75477 0 
2 2 0 9.03852 20 81.4468 20 19.2077 20 19.2077 1.20451 0 3.75583 0 
2 2 0 9.13852 20 81.4468 20 19.2069 20 19.2069 1.20501 0 3.75687 0 
2 2 0 9.23851 20 81.4468 20 19.2061 20 19.2061 1.20549 0 3.75788 0 
2 2 0 9.33851 20 81.4468 20 19.2053 20 19.2053 1.20597 0 3.75887 0 
2 2 0 9.43851 20 81.4468 20 19.2045 20 19.2045 1.20644 0 3.75983 0 
2 2 0 9.53851 20 81.4468 20 19.2038 20 19.2038 1.20689 0 3.76078 0 
2 2 0 9.6385 20 81.4468 20 19.2031 20 19.2031 1.20734 0 3.76171 0 
2 2 0 9.7385 20 81.4468 20 19.2023 20 19.2023 1.20778 0 3.76262 0 
2 2 0 9.8385 20 81.4468 20 19.2016 20 19.2016 1.20821 0 3.7635 0 
2 2 0 9.9385 20 81.4468 20 19.201 20 19.201 1.20864 0 3.76437 0 
2 2 0 10.0385 20 81.4468 20 19.2003 20 19.2003 1.20905 0 3.76523 0 
2 2 0 1.44903 20 81.4468 20.0271 19.67 20.0271 19.67 1.20905 0 3.76523 0 
2 2 0 1.40247 20 81.4468 20 19.6771 20 19.6771 1.20905 0 3.76523 0 
2 2 0 1.35741 20 81.4468 20 19.6987 20 19.6987 0.986947 0 3.14543 0 
2 2 0 1.31305 20 81.4468 20 19.7218 20 19.7218 0.980217 0 3.11764 0 
2 2 0 1.2481 20 81.4468 20 19.7593 20 19.7593 0.969867 0 3.07279 0 
2 2 0 1.16503 20 81.4468 20 19.815 20 19.815 0.955787 0 3.00682 0 
2 2 0 1.08691 20 81.4468 20 19.8774 20 19.8774 0.941773 0 2.93386 0 
2 2 0 1.01469 20 81.4468 20 19.9466 20 19.9466 0.928364 0 2.85444 0 
2 2 0 0.949043 20 81.4468 20 20.022 20 20.022 0.91618 0 2.76968 0 
2 1 0 0.949043 20 0 68.586 55.1261 68.586 55.1261 0.91618 0 2.76968 0 
2 1 0 2.5 20 0 16.8293 17.9335 16.8293 17.9335 0.91618 0 2.76968 0 
2 1 0 2.5579 20 0 16.7574 17.8949 16.7574 17.8949 0.896546 0 2.0746 0 
2 1 0 2.60227 20 0 16.7041 17.8664 16.7041 17.8664 0.896006 0 2.04842 0 
2 1 0 2.66269 20 0 16.6338 17.829 16.6338 17.829 0.895441 0 2.01411 0 
2 1 0 2.7245 20 0 16.5642 17.7923 16.5642 17.7923 0.895048 0 1.98052 0 
2 1 0 2.78766 20 0 16.4956 17.7563 16.4956 17.7563 0.894818 0 1.94766 0 
2 1 0 2.85214 20 0 16.4277 17.7211 16.4277 17.7211 0.894746 0 1.91555 0 
2 1 0 2.91789 20 0 16.3607 17.6866 16.3607 17.6866 0.894824 0 1.8842 0 
2 1 0 2.98486 20 0 16.2946 17.6529 16.2946 17.6529 0.895045 0 1.85362 0 
2 1 0 3.05302 20 0 16.2293 17.6199 16.2293 17.6199 0.895403 0 1.82379 0 
2 1 0 3.12231 20 0 16.1648 17.5877 16.1648 17.5877 0.89589 0 1.79473 0 
2 1 0 3.1927 20 0 16.1011 17.5562 16.1011 17.5562 0.8965 0 1.76643 0 
2 1 0 3.26414 20 0 16.0382 17.5255 16.0382 17.5255 0.897227 0 1.73886 0 
2 1 0 3.33658 20 0 15.9761 17.4956 15.9761 17.4956 0.898065 0 1.71204 0 
2 1 0 3.40998 20 0 15.9147 17.4665 15.9147 17.4665 0.899009 0 1.68593 0 
2 1 0 3.48429 20 0 15.8541 17.4382 15.8541 17.4382 0.900054 0 1.66052 0 
2 1 0 3.55947 20 0 15.7942 17.4107 15.7942 17.4107 0.901196 0 1.6358 0 
2 1 0 3.63548 20 0 15.7349 17.3839 15.7349 17.3839 0.902431 0 1.61174 0 
2 1 0 3.71226 20 0 15.6764 17.358 15.6764 17.358 0.903757 0 1.58833 0 
2 1 0 3.78977 20 0 15.6184 17.3328 15.6184 17.3328 0.905172 0 1.56554 0 
2 1 0 3.86798 20 0 15.561 17.3085 15.561 17.3085 0.906675 0 1.54334 0 
2 1 0 3.94683 20 0 15.5042 17.2849 15.5042 17.2849 0.908266 0 1.52172 0 
2 1 0 4.02628 20 0 15.4479 17.2622 15.4479 17.2622 0.909946 0 1.50064 0 
2 1 0 4.10628 20 0 15.392 17.2404 15.392 17.2404 0.911718 0 1.48008 0 
2 1 0 4.18679 20 0 15.3365 17.2194 15.3365 17.2194 0.913586 0 1.46002 0 
2 1 0 4.26775 20 0 15.2814 17.1993 15.2814 17.1993 0.915555 0 1.44041 0 
2 1 0 4.3491 20 0 15.2265 17.1801 15.2265 17.1801 0.917634 0 1.42123 0 
2 1 0 4.4308 20 0 15.1717 17.1618 15.1717 17.1618 0.919834 0 1.40245 0 
2 1 0 4.51276 20 0 15.1171 17.1446 15.1171 17.1446 0.922167 0 1.38403 0 
2 1 0 4.59492 20 0 15.0625 17.1283 15.0625 17.1283 0.924653 0 1.36593 0 
2 1 0 4.67718 20 0 15.0076 17.1132 15.0076 17.1132 0.927316 0 1.3481 0 
2 1 0 4.75944 20 0 14.9525 17.0993 14.9525 17.0993 0.930187 0 1.33049 0 
2 1 0 4.84155 20 0 14.8968 17.0866 14.8968 17.0866 0.933308 0 1.31304 0 
2 1 0 4.92333 20 0 14.8403 17.0754 14.8403 17.0754 0.936737 0 1.29567 0 
2 1 0 5.00452 20 0 14.7827 17.0659 14.7827 17.0659 0.940554 0 1.27828 0 
2 1 0 5.08472 20 0 14.7235 17.0582 14.7235 17.0582 0.944878 0 1.26075 0 
2 1 0 5.16336 20 0 14.6619 17.053 14.6619 17.053 0.949887 0 1.2429 0 
2 1 0 5.23943 20 0 14.597 17.0507 14.597 17.0507 0.955868 0 1.22443 0 
2 1 0 5.31103 20 0 14.5273 17.0525 14.5273 17.0525 0.963328 0 1.20491 0 
2 1 0 5.3741 20 0 14.45 17.0604 14.45 17.0604 0.973232 0 1.18357 0 
2 1 0 5.4187 20 0 14.3622 17.0777 14.3622 17.0777 0.987544 0 1.15914 0 
2 1 0 5.4282 20 0 14.303 17.0949 14.303 17.0949 1.00002 0 1.14186 0 
2 1 0 5.40316 20 0 14.2129 17.1304 14.2129 17.1304 1.02792 0 1.11035 0 
2 1 0 5.34324 20 237.826 14.1415 17.1667 14.1415 17.1667 1.0695 0.028262 1.0695 -0.028262 
2 1 0 5.26759 20 129.493 14.0853 17.2001 14.0853 17.2001 1.07102 0.0520082 1.07102 -0.0520082 
2 1 0 5.1845 20 103.438 14.039 17.2309 14.039 17.2309 1.07313 0.0652661 1.07313 -0.0652661 
2 1 0 5.09731 20 90.4745 13.9992 17.2594 13.9992 17.2594 1.07559 0.0748172 1.07559 -0.0748172 
2 1 0 5.00756 20 82.3487 13.9641 17.2862 13.9641 17.2862 1.07827 0.0824316 1.07827 -0.0824316 
2 1 0 4.91609 20 76.6011 13.9326 17.3115 13.9326 17.3115 1.08108 0.088875 1.08108 -0.088875 
2 1 0 4.82335 20 72.2152 13.904 17.3356 13.904 17.3356 1.08399 0.0945531 1.08399 -0.0945531 
2 1 0 4.72966 20 68.6874 13.8777 17.3586 13.8777 17.3586 1.08697 0.0997088 1.08697 -0.0997088 
2 1 0 4.63522 20 65.737 13.8534 17.3808 13.8534 17.3808 1.08999 0.1045 1.08999 -0.1045 
2 1 0 4.54016 20 63.1941 13.831 17.4022 13.831 17.4022 1.09304 0.109037 1.09304 -0.109037 
2 1 0 4.44458 20 60.9489 13.8101 17.423 13.8101 17.423 1.09612 0.1134 1.09612 -0.1134 
2 1 0 4.34858 20 58.9283 13.7907 17.4432 13.7907 17.4432 1.09921 0.117648 1.09921 -0.117648 
2 1 0 4.25221 20 57.0804 13.7726 17.463 13.7726 17.463 1.10231 0.12183 1.10231 -0.12183 
2 1 0 4.15552 20 55.3684 13.7559 17.4823 13.7559 17.4823 1.10542 0.125984 1.10542 -0.125984 
2 1 0 4.05856 20 53.7649 13.7404 17.5013 13.7404 17.5013 1.10854 0.130141 1.10854 -0.130141 
2 1 0 3.96136 20 52.2493 13.7262 17.5201 13.7262 17.5201 1.11167 0.13433 1.11167 -0.13433 
2 1 0 3.86395 20 50.8063 13.7132 17.5386 13.7132 17.5386 1.1148 0.138574 1.1148 -0.138574 
2 1 0 3.76635 20 49.4238 13.7015 17.557 13.7015 17.557 1.11796 0.142895 1.11796 -0.142895 
2 1 0 3.6686 20 48.0926 13.6909 17.5753 13.6909 17.5753 1.12112 0.147311 1.12112 -0.147311 
2 1 0 3.57072 20 46.8054 13.6817 17.5936 13.6817 17.5936 1.12431 0.151842 1.12431 -0.151842 
2 1 0 3.47273 20 45.5565 13.6737 17.6119 13.6737 17.6119 1.12753 0.156503 1.12753 -0.156503 
2 1 0 3.37466 20 44.3414 13.6671 17.6304 13.6671 17.6304 1.13077 0.161312 1.13077 -0.161312 
2 1 0 3.27653 20 43.1565 13.662 17.649 13.662 17.649 1.13406 0.166285 1.13406 -0.166285 
2 1 0 3.17839 20 41.999 13.6583 17.6679 13.6583 17.6679 1.13739 0.171438 1.13739 -0.171438 
2 1 0 3.08025 20 40.8667 13.6562 17.6871 13.6562 17.6871 1.14078 0.176788 1.14078 -0.176788 
2 1 0 2.98218 20 39.7577 13.6558 17.7067 13.6558 17.7067 1.14423 0.182351 1.14423 -0.182351 
2 1 0 2.88421 20 38.6708 13.6573 17.7268 13.6573 17.7268 1.14776 0.188145 1.14776 -0.188145 
2 1 0 2.78643 20 37.6051 13.6606 17.7475 13.6606 17.7475 1.15138 0.194187 1.15138 -0.194187 
2 1 0 2.68889 20 36.5598 13.6661 17.7688 13.6661 17.7688 1.1551 0.200494 1.1551 -0.200494 
2 1 0 2.59169 20 35.5344 13.674 17.791 13.674 17.791 1.15894 0.207086 1.15894 -0.207086 
2 1 0 2.49495 20 34.5288 13.6843 17.8141 13.6843 17.8141 1.16291 0.213981 1.16291 -0.213981 
2 1 0 2.39879 20 33.5432 13.6974 17.8382 13.6974 17.8382 1.16702 0.221195 1.16702 -0.221195 
2 1 0 2.3034 20 32.5782 13.7136 17.8635 13.7136 17.8635 1.1713 0.228745 1.1713 -0.228745 
2 1 0 2.209 20 31.6346 13.733 17.8902 13.733 17.8902 1.17575 0.236644 1.17575 -0.236644 
2 1 0 2.11584 20 30.7139 13.7561 17.9183 13.7561 17.9183 1.18039 0.244899 1.18039 -0.244899 
2 1 0 2.02425 20 29.8179 13.783 17.948 13.783 17.948 1.18522 0.253512 1.18522 -0.253512 
2 1 0 1.93459 20 28.9488 13.8142 17.9794 13.8142 17.9794 1.19026 0.262474 1.19026 -0.262474 
2 1 0 1.84728 20 28.1096 13.8499 18.0127 13.8499 18.0127 1.19549 0.271762 1.19549 -0.271762 
2 1 0 1.76278 20 27.3033 13.8902 18.0478 13.8902 18.0478 1.20089 0.28134 1.20089 -0.28134 
2 1 0 1.68155 20 26.5332 13.9353 18.0848 13.9353 18.0848 1.20645 0.291155 1.20645 -0.291155 
2 1 0 1.60404 20 25.8027 13.9851 18.1236 13.9851 18.1236 1.21212 0.301138 1.21212 -0.301138 
2 1 0 1.53062 20 25.1145 14.0396 18.1641 14.0396 18.1641 1.21785 0.311205 1.21785 -0.311205 
2 1 0 1.46157 20 24.4709 14.0985 18.2062 14.0985 18.2062 1.2236 0.321264 1.2236 -0.321264 
2 1 0 1.39706 20 23.873 14.1614 18.2495 14.1614 18.2495 1.22928 0.331221 1.22928 -0.331221 
2 1 0 1.33712 20 23.3213 14.2279 18.294 14.2279 18.294 1.23486 0.340984 1.23486 -0.340984 
2 1 0 1.28167 20 22.8152 14.2977 18.3394 14.2977 18.3394 1.24026 0.350467 1.24026 -0.350467 
2 1 0 1.23053 20 22.3536 14.3703 18.3854 14.3703 18.3854 1.24545 0.359594 1.24545 -0.359594 
2 1 0 1.18345 20 21.9348 14.4453 18.4319 14.4453 18.4319 1.25038 0.368299 1.25038 -0.368299 
2 1 0 1.14016 20 21.557 14.5223 18.4787 14.5223 18.4787 1.25503 0.376525 1.25503 -0.376525 
2 1 0 1.10035 20 21.2184 14.601 18.5258 14.601 18.5258 1.25937 0.384223 1.25937 -0.384223 
2 1 0 1.06373 20 20.917 14.6813 18.5729 14.6813 18.5729 1.2634 0.391351 1.2634 -0.391351 
2 1 0 1.03002 20 20.6511 14.7628 18.6201 14.7628 18.6201 1.2671 0.397874 1.2671 -0.397874 
2 1 0 0.998927 20 20.4194 14.8453 18.6672 14.8453 18.6672 1.27048 0.403759 1.27048 -0.403759 
2 1 0 2.5 20 0 6.3163 4.12913 6.3163 4.12913 1.27048 0.403759 1.27048 -0.403759 
2 1 0 2.5986 20 35.6068 6.32667 4.11605 6.32667 4.11605 1.15866 0.206607 1.15866 -0.206607 
2 1 0 2.69722 20 36.6483 6.33441 4.10138 6.33441 4.10138 1.15478 0.199944 1.15478 -0.199944 
2 1 0 2.79576 20 37.706 6.33977 4.08523 6.33977 4.08523 1.15103 0.193599 1.15103 -0.193599 
2 1 0 2.89416 20 38.7802 6.34298 4.0677 6.34298 4.0677 1.1474 0.187546 1.1474 -0.187546 
2 1 0 2.99236 20 39.8718 6.34421 4.04885 6.34421 4.04885 1.14387 0.181763 1.14387 -0.181763 
2 1 0 3.09031 20 40.9817 6.34364 4.02875 6.34364 4.02875 1.14043 0.17623 1.14043 -0.17623 
2 1 0 3.18799 20 42.1111 6.3414 4.00744 6.3414 4.00744 1.13706 0.170925 1.13706 -0.170925 
2 1 0 3.28536 20 43.2619 6.33762 3.98496 6.33762 3.98496 1.13376 0.16583 1.13376 -0.16583 
2 1 0 3.38239 20 44.436 6.33239 3.96133 6.33239 3.96133 1.13051 0.160927 1.13051 -0.160927 
2 1 0 3.47905 20 45.6359 6.3258 3.93656 6.3258 3.93656 1.12732 0.156198 1.12732 -0.156198 
2 1 0 3.57531 20 46.8649 6.31792 3.91067 6.31792 3.91067 1.12416 0.151626 1.12416 -0.151626 
2 1 0 3.67116 20 48.1268 6.30881 3.88364 6.30881 3.88364 1.12104 0.147194 1.12104 -0.147194 
2 1 0 3.76656 20 49.4267 6.29853 3.85548 6.29853 3.85548 1.11795 0.142886 1.11795 -0.142886 
2 1 0 3.86148 20 50.7706 6.2871 3.82616 6.2871 3.82616 1.11488 0.138683 1.11488 -0.138683 
2 1 0 3.95588 20 52.1663 6.27455 3.79565 6.27455 3.79565 1.11184 0.134567 1.11184 -0.134567 
2 1 0 4.04973 20 53.6237 6.26091 3.76393 6.26091 3.76393 1.10882 0.130521 1.10882 -0.130521 
2 1 0 4.14298 20 55.1552 6.24617 3.73096 6.24617 3.73096 1.10582 0.126521 1.10582 -0.126521 
2 1 0 4.23558 20 56.7768 6.23035 3.69667 6.23035 3.69667 1.10284 0.122546 1.10284 -0.122546 
2 1 0 4.32745 20 58.5093 6.21341 3.661 6.21341 3.661 1.09989 0.11857 1.09989 -0.11857 
2 1 0 4.41853 20 60.3801 6.19533 3.62388 6.19533 3.62388 1.09695 0.114563 1.09695 -0.114563 
2 1 0 4.50872 20 62.4257 6.17608 3.58522 6.17608 3.58522 1.09405 0.11049 1.09405 -0.11049 
2 1 0 4.59791 20 64.6957 6.15559 3.5449 6.15559 3.5449 1.09119 0.106309 1.09119 -0.106309 
2 1 0 4.68595 20 67.2596 6.13378 3.50279 6.13378 3.50279 1.08836 0.101968 1.08836 -0.101968 
2 1 0 4.77266 20 70.2172 6.11054 3.45872 6.11054 3.45872 1.0856 0.0974019 1.0856 -0.0974019 
2 1 0 4.85779 20 73.7179 6.08573 3.4125 6.08573 3.4125 1.08291 0.0925234 1.08291 -0.0925234 
2 1 0 4.94104 20 77.9963 6.05916 3.36389 6.05916 3.36389 1.08031 0.0872157 1.08031 -0.0872157 
2 1 0 5.02199 20 83.4452 6.03058 3.31259 6.03058 3.31259 1.07783 0.0813114 1.07783 -0.0813114 
2 1 0 5.10003 20 90.7819 5.99969 3.25824 5.99969 3.25824 1.07551 0.0745575 1.07551 -0.0745575 
2 1 0 5.17435 20 101.49 5.96606 3.20039 5.96606 3.20039 1.07341 0.0665393 1.07341 -0.0665393 
2 1 0 5.24373 20 119.305 5.92915 3.13855 5.92915 3.13855 1.07159 0.0564875 1.07159 -0.0564875 
2 1 0 5.30639 20 157.917 5.8883 3.07218 5.8883 3.07218 1.07016 0.042602 1.07016 -0.042602 
2 1 0 5.35974 20 417.785 5.8428 3.00088 5.8428 3.00088 1.06927 0.0160823 1.06927 -0.0160823 
2 1 0 5.4002 20 417.785 5.79207 2.92479 5.79207 2.92479 1.03011 0 1.1081 0 
2 1 0 5.42364 20 417.785 5.73622 2.84522 5.73622 2.84522 1.01027 0 1.12945 0 
2 1 0 5.4282 20 417.785 5.69693 2.79184 5.69693 2.79184 1 0 1.14189 0 
2 1 0 5.41814 20 417.785 5.63598 2.71321 5.63598 2.71321 0.98721 0 1.15964 0 
2 1 0 5.39003 20 417.785 5.57488 2.6392 5.57488 2.6392 0.976906 0 1.17669 0 
2 1 0 5.34796 20 417.785 5.51501 2.57104 5.51501 2.57104 0.9685 0 1.19321 0 
2 1 0 5.29582 20 417.785 5.45686 2.50858 5.45686 2.50858 0.961523 0 1.20933 0 
2 1 0 5.23657 20 417.785 5.40039 2.45113 5.40039 2.45113 0.955616 0 1.22515 0 
2 1 0 5.17226 20 417.785 5.34535 2.3979 5.34535 2.3979 0.950517 0 1.24081 0 
2 1 0 5.10427 20 417.785 5.29145 2.34816 5.29145 2.34816 0.94604 0 1.25639 0 
2 1 0 5.03359 20 417.785 5.23845 2.30132 5.23845 2.30132 0.942049 0 1.27198 0 
2 1 0 4.9609 20 417.785 5.1861 2.25688 5.1861 2.25688 0.938445 0 1.28765 0 
2 1 0 4.88669 20 417.785 5.1342 2.21445 5.1342 2.21445 0.935156 0 1.30346 0 
2 1 0 4.81134 20 417.785 5.0826 2.17371 5.0826 2.17371 0.932126 0 1.31945 0 
2 1 0 4.73512 20 417.785 5.03116 2.1344 5.03116 2.1344 0.929314 0 1.33568 0 
2 1 0 4.65827 20 417.785 4.97974 2.09632 4.97974 2.09632 0.926687 0 1.35217 0 
2 1 0 4.58096 20 417.785 4.92826 2.05927 4.92826 2.05927 0.92422 0 1.36898 0 
2 1 0 4.50334 20 417.785 4.87661 2.02311 4.87661 2.02311 0.921892 0 1.38613 0 
2 1 0 4.42552 20 417.785 4.82473 1.98772 4.82473 1.98772 0.919688 0 1.40365 0 
2 1 0 4.34762 20 417.785 4.77254 1.95298 4.77254 1.95298 0.917595 0 1.42158 0 
2 1 0 4.26971 20 417.785 4.71998 1.9188 4.71998 1.9188 0.915604 0 1.43994 0 
2 1 0 4.19189 20 417.785 4.66698 1.88509 4.66698 1.88509 0.913707 0 1.45876 0 
2 1 0 4.11423 20 417.785 4.61351 1.85179 4.61351 1.85179 0.911898 0 1.47807 0 
2 1 0 4.03679 20 417.785 4.5595 1.81882 4.5595 1.81882 0.910174 0 1.4979 0 
2 1 0 3.95963 20 417.785 4.50492 1.78614 4.50492 1.78614 0.908531 0 1.51827 0 
2 1 0 3.88282 20 417.785 4.44973 1.75369 4.44973 1.75369 0.906968 0 1.53922 0 
2 1 0 3.8064 20 417.785 4.39388 1.72142 4.39388 1.72142 0.905485 0 1.56075 0 
2 1 0 3.73044 20 417.785 4.33733 1.68929 4.33733 1.68929 0.904082 0 1.58291 0 
2 1 0 3.65498 20 417.785 4.28006 1.65727 4.28006 1.65727 0.90276 0 1.60571 0 
2 1 0 3.58007 20 417.785 4.22202 1.62532 4.22202 1.62532 0.901523 0 1.62919 0 
2 1 0 3.50578 20 417.785 4.16318 1.5934 4.16318 1.5934 0.900372 0 1.65336 0 
2 1 0 3.43214 20 417.785 4.10353 1.56149 4.10353 1.56149 0.899312 0 1.67825 0 
2 1 0 3.3592 20 417.785 4.04302 1.52957 4.04302 1.52957 0.898346 0 1.70388 0 
2 1 0 3.28703 20 417.785 3.98163 1.4976 3.98163 1.4976 0.897482 0 1.73027 0 
2 1 0 3.21566 20 417.785 3.91933 1.46556 3.91933 1.46556 0.896723 0 1.75744 0 
2 1 0 3.14516 20 417.785 3.85611 1.43343 3.85611 1.43343 0.896076 0 1.78541 0 
2 1 0 3.07557 20 417.785 3.79194 1.40119 3.79194 1.40119 0.895549 0 1.8142 0 
2 1 0 3.00694 20 417.785 3.7268 1.36883 3.7268 1.36883 0.895147 0 1.84381 0 
2 1 0 2.93934 20 417.785 3.66068 1.33632 3.66068 1.33632 0.89488 0 1.87426 0 
2 1 0 2.8728 20 417.785 3.59355 1.30366 3.59355 1.30366 0.894755 0 1.90556 0 
2 1 0 2.80738 20 417.785 3.52542 1.27082 3.52542 1.27082 0.894779 0 1.93769 0 
2 1 0 2.74314 20 417.785 3.45627 1.2378 3.45627 1.2378 0.894962 0 1.97067 0 
2 1 0 2.68012 20 417.785 3.38609 1.20457 3.38609 1.20457 0.895312 0 2.00449 0 
2 1 0 2.61838 20 417.785 3.31488 1.17114 3.31488 1.17114 0.895837 0 2.03912 0 
2 1 0 2.55796 20 417.785 3.24264 1.13749 3.24264 1.13749 0.896545 0 2.07456 0 
2 1 0 2.49892 20 417.785 3.16939 1.10362 3.16939 1.10362 0.897443 0 2.11077 0 
2 1 0 2.44131 20 417.785 3.09511 1.06951 3.09511 1.06951 0.898538 0 2.14772 0 
2 1 0 2.38516 20 417.785 3.01983 1.03516 3.01983 1.03516 0.899837 0 2.18537 0 
2 1 0 2.33051 20 417.785 2.94356 1.00057 2.94356 1.00057 0.901344 0 2.22367 0 
2 1 0 2.27741 20 417.785 2.86631 0.965726 2.86631 0.965726 0.903065 0 2.26256 0 
2 1 0 2.2259 20 417.785 2.78812 0.930629 2.78812 0.930629 0.905001 0 2.30197 0 
2 1 0 2.176 20 417.785 2.709 0.895273 2.709 0.895273 0.907153 0 2.34183 0 
2 1 0 2.12775 20 417.785 2.62898 0.859657 2.62898 0.859657 0.909522 0 2.38205 0 
2 1 0 2.08117 20 417.785 2.54809 0.823777 2.54809 0.823777 0.912104 0 2.42255 0 
2 1 0 2.03627 20 417.785 2.46637 0.787631 2.46637 0.787631 0.914895 0 2.46321 0 
2 1 0 1.99309 20 417.785 2.38385 0.751217 2.38385 0.751217 0.917889 0 2.50394 0 
2 1 0 1.95162 20 417.785 2.30058 0.714532 2.30058 0.714532 0.921076 0 2.54461 0 
2 1 0 1.91189 20 417.785 2.21658 0.677576 2.21658 0.677576 0.924446 0 2.58511 0 
2 1 0 1.87388 20 417.785 2.13191 0.640344 2.13191 0.640344 0.927984 0 2.62531 0 
2 1 0 1.83761 20 417.785 2.0466 0.602835 2.0466 0.602835 0.931674 0 2.66509 0 
2 1 0 1.80307 20 417.785 1.9607 0.565047 1.9607 0.565047 0.935497 0 2.70431 0 
2 1 0 1.77025 20 417.785 1.87425 0.526976 1.87425 0.526976 0.939434 0 2.74283 0 
2 1 0 1.73914 20 417.785 1.7873 0.488619 1.7873 0.488619 0.94346 0 2.78053 0 
2 1 0 1.70974 20 417.785 1.69988 0.449973 1.69988 0.449973 0.947551 0 2.81727 0 
2 1 0 1.68202 20 417.785 1.61204 0.411034 1.61204 0.411034 0.95168 0 2.85292 0 
2 1 0 1.65597 20 417.785 1.52383 0.371799 1.52383 0.371799 0.955819 0 2.88736 0 
2 1 0 1.63158 20 417.785 1.43527 0.332263 1.43527 0.332263 0.959939 0 2.92047 0 
2 1 0 1.60881 20 417.785 1.34642 0.292424 1.34642 0.292424 0.96401 0 2.95212 0 
2 1 0 1.58765 20 417.785 1.25731 0.252276 1.25731 0.252276 0.967999 0 2.9822 0 
2 1 0 1.56808 20 417.785 1.16798 0.211816 1.16798 0.211816 0.971877 0 3.01063 0 
2 1 0 1.55008 20 417.785 1.07846 0.17104 1.07846 0.17104 0.975613 0 3.03729 0 
2 1 0 1.53362 20 417.785 0.988795 0.129947 0.988795 0.129947 0.979176 0 3.0621 0 
2 1 0 1.51869 20 417.785 0.899007 0.0885323 0.899007 0.0885323 0.982537 0 3.08498 0 
2 1 0 1.50526 20 417.785 0.809132 0.0467949 0.809132 0.0467949 0.985669 0 3.10587 0 
2 1 0 1.49331 20 417.785 0.719198 0.00473351 0.719198 0.00473351 0.988545 0 3.1247 0 
2 1 0 1.48282 20 417.785 0.629235 -0.0376523 0.629235 -0.0376523 0.99114 0 3.14142 0 
2 1 0 1.47378 20 417.785 0.539268 -0.0803619 0.539268 -0.0803619 0.993434 0 3.15598 0 
2 1 0 1.46616 20 417.785 0.449322 -0.123394 0.449322 -0.123394 0.995407 0 3.16836 0 
2 1 0 1.45995 20 417.785 0.359421 -0.166744 0.359421 -0.166744 0.997043 0 3.17851 0 
2 1 0 1.45514 20 417.785 0.269587 -0.210411 0.269587 -0.210411 0.998328 0 3.18642 0 
2 1 0 1.45171 20 417.785 0.179841 -0.254387 0.179841 -0.254387 0.999253 0 3.19208 0 
2 1 0 1.44966 20 417.785 0.0902022 -0.298666 0.0902022 -0.298666 0.999812 0 3.19548 0 
2 1 0 1.44897 20 417.785 0.000849269 -0.343161 0.000849269 -0.343161 1 0 3.19663 0 
2 1 0 1.44898 20 417.785 1.72372e-07 -0.343587 1.72372e-07 -0.343587 1 0 3.19663 0 
2 1 0 1.44965 20 417.785 -0.0893696 -0.388449 -0.0893696 -0.388449 0.999815 0 3.1955 0 
2 1 0 1.45167 20 417.785 -0.17858 -0.433587 -0.17858 -0.433587 0.999264 0 3.19214 0 
2 1 0 1.45505 20 417.785 -0.267615 -0.478988 -0.267615 -0.478988 0.998352 0 3.18657 0 
2 1 0 1.45977 20 417.785 -0.356462 -0.524639 -0.356462 -0.524639 0.997091 0 3.1788 0 
2 1 0 1.46583 20 417.785 -0.445106 -0.570525 -0.445106 -0.570525 0.995491 0 3.16888 0 
2 1 0 1.47325 20 417.785 -0.533534 -0.616629 -0.533534 -0.616629 0.99357 0 3.15684 0 
2 1 0 1.48201 20 417.785 -0.621732 -0.662934 -0.621732 -0.662934 0.991343 0 3.14272 0 
2 1 0 1.49213 20 417.785 -0.70969 -0.709421 -0.70969 -0.709421 0.988833 0 3.12657 0 
2 1 0 1.50361 20 417.785 -0.797393 -0.756071 -0.797393 -0.756071 0.986059 0 3.10845 0 
2 1 0 1.51647 20 417.785 -0.88483 -0.802863 -0.88483 -0.802863 0.983048 0 3.08841 0 
2 1 0 1.53071 20 417.785 -0.971989 -0.849773 -0.971989 -0.849773 0.979822 0 3.06653 0 
2 1 0 1.54635 20 417.785 -1.05886 -0.896779 -1.05886 -0.896779 0.976408 0 3.04288 0 
2 1 0 1.5634 20 417.785 -1.14542 -0.943857 -1.14542 -0.943857 0.972834 0 3.01752 0 
2 1 0 1.58187 20 417.785 -1.23166 -0.990982 -1.23166 -0.990982 0.969126 0 2.99055 0 
2 1 0 1.60178 20 417.785 -1.31758 -1.03813 -1.31758 -1.03813 0.965313 0 2.96204 0 
2 1 0 1.62315 20 417.785 -1.40314 -1.08526 -1.40314 -1.08526 0.96142 0 2.9321 0 
2 1 0 1.64599 20 417.785 -1.48834 -1.13237 -1.48834 -1.13237 0.957476 0 2.90081 0 
2 1 0 1.67033 20 417.785 -1.57317 -1.17941 -1.57317 -1.17941 0.953507 0 2.86828 0 
2 1 0 1.69617 20 417.785 -1.6576 -1.22635 -1.6576 -1.22635 0.949538 0 2.8346 0 
2 1 0 1.72355 20 417.785 -1.74161 -1.27318 -1.74161 -1.27318 0.945594 0 2.79988 0 
2 1 0 1.75247 20 417.785 -1.82519 -1.31985 -1.82519 -1.31985 0.941699 0 2.76424 0 
2 1 0 1.78295 20 417.785 -1.90831 -1.36633 -1.90831 -1.36633 0.937873 0 2.72777 0 
2 1 0 1.81501 20 417.785 -1.99096 -1.4126 -1.99096 -1.4126 0.934139 0 2.69059 0 
2 1 0 1.84867 20 417.785 -2.07312 -1.45862 -2.07312 -1.45862 0.930514 0 2.65281 0 
2 1 0 1.88393 20 417.785 -2.15475 -1.50437 -2.15475 -1.50437 0.927016 0 2.61454 0 
2 1 0 1.92082 20 417.785 -2.23584 -1.5498 -2.23584 -1.5498 0.92366 0 2.57588 0 
2 1 0 1.95932 20 417.785 -2.31637 -1.59488 -2.31637 -1.59488 0.92046 0 2.53694 0 
2 1 0 1.99947 20 417.785 -2.3963 -1.6396 -2.3963 -1.6396 0.917427 0 2.49782 0 
2 1 0 2.04125 20 417.785 -2.47562 -1.6839 -2.47562 -1.6839 0.91457 0 2.45862 0 
2 1 0 2.08467 20 417.785 -2.5543 -1.72777 -2.5543 -1.72777 0.911899 0 2.41945 0 
2 1 0 2.12972 20 417.785 -2.63231 -1.77117 -2.63231 -1.77117 0.909419 0 2.38038 0 
2 1 0 2.1764 20 417.785 -2.70964 -1.81408 -2.70964 -1.81408 0.907135 0 2.34151 0 
2 1 0 2.2247 20 417.785 -2.78626 -1.85646 -2.78626 -1.85646 0.905049 0 2.30291 0 
2 1 0 2.27461 20 417.785 -2.86215 -1.8983 -2.86215 -1.8983 0.903163 0 2.26466 0 
2 1 0 2.32612 20 417.785 -2.93729 -1.93955 -2.93729 -1.93955 0.901477 0 2.22683 0 
2 1 0 2.37919 20 417.785 -3.01165 -1.98021 -3.01165 -1.98021 0.899989 0 2.18947 0 
2 1 0 2.43381 20 417.785 -3.08523 -2.02024 -3.08523 -2.02024 0.898698 0 2.15265 0 
2 1 0 2.48995 20 417.785 -3.15801 -2.05963 -3.15801 -2.05963 0.897598 0 2.11642 0 
2 1 0 2.54759 20 417.785 -3.22997 -2.09835 -3.22997 -2.09835 0.896687 0 2.08081 0 
2 1 0 2.60669 20 417.785 -3.3011 -2.1364 -3.3011 -2.1364 0.895958 0 2.04586 0 
2 1 0 2.66721 20 417.785 -3.37141 -2.17375 -3.37141 -2.17375 0.895406 0 2.0116 0 
2 1 0 2.72912 20 417.785 -3.44087 -2.21038 -3.44087 -2.21038 0.895025 0 1.97807 0 
2 1 0 2.79238 20 417.785 -3.50948 -2.2463 -3.50948 -2.2463 0.894807 0 1.94526 0 
2 1 0 2.85695 20 417.785 -3.57725 -2.28148 -3.57725 -2.28148 0.894747 0 1.91321 0 
2 1 0 2.92279 20 417.785 -3.64418 -2.31591 -3.64418 -2.31591 0.894836 0 1.88192 0 
2 1 0 2.98985 20 417.785 -3.71027 -2.3496 -3.71027 -2.3496 0.895067 0 1.85139 0 
2 1 0 3.05809 20 417.785 -3.77553 -2.38252 -3.77553 -2.38252 0.895435 0 1.82162 0 
2 1 0 3.12747 20 417.785 -3.83997 -2.41468 -3.83997 -2.41468 0.895931 0 1.79262 0 
2 1 0 3.19794 20 417.785 -3.9036 -2.44608 -3.9036 -2.44608 0.89655 0 1.76436 0 
2 1 0 3.26946 20 417.785 -3.96644 -2.47669 -3.96644 -2.47669 0.897286 0 1.73686 0 
2 1 0 3.34197 20 417.785 -4.0285 -2.50653 -4.0285 -2.50653 0.898132 0 1.71008 0 
2 1 0 3.41544 20 417.785 -4.0898 -2.53559 -4.0898 -2.53559 0.899083 0 1.68403 0 
2 1 0 3.48982 20 417.785 -4.15037 -2.56386 -4.15037 -2.56386 0.900135 0 1.65867 0 
2 1 0 3.56506 20 417.785 -4.21023 -2.59134 -4.21023 -2.59134 0.901284 0 1.634 0 
2 1 0 3.64112 20 417.785 -4.26941 -2.61804 -4.26941 -2.61804 0.902526 0 1.60999 0 
2 1 0 3.71796 20 417.785 -4.32794 -2.64393 -4.32794 -2.64393 0.903858 0 1.58662 0 
2 1 0 3.79553 20 417.785 -4.38585 -2.66902 -4.38585 -2.66902 0.90528 0 1.56388 0 
2 1 0 3.87378 20 417.785 -4.44317 -2.6933 -4.44317 -2.6933 0.906789 0 1.54172 0 
2 1 0 3.95268 20 417.785 -4.49996 -2.71676 -4.49996 -2.71676 0.908387 0 1.52014 0 
2 1 0 4.03217 20 417.785 -4.55626 -2.7394 -4.55626 -2.7394 0.910073 0 1.49911 0 
2 1 0 4.11221 20 417.785 -4.61211 -2.76118 -4.61211 -2.76118 0.911852 0 1.47858 0 
2 1 0 4.19275 20 417.785 -4.66757 -2.78211 -4.66757 -2.78211 0.913727 0 1.45855 0 
2 1 0 4.27373 20 417.785 -4.7227 -2.80215 -4.7227 -2.80215 0.915704 0 1.43898 0 
2 1 0 4.35511 20 417.785 -4.77758 -2.82128 -4.77758 -2.82128 0.917792 0 1.41984 0 
2 1 0 4.43682 20 417.785 -4.83228 -2.83946 -4.83228 -2.83946 0.920001 0 1.40108 0 
2 1 0 4.5188 20 417.785 -4.88691 -2.85666 -4.88691 -2.85666 0.922345 0 1.38269 0 
2 1 0 4.60096 20 417.785 -4.94157 -2.87282 -4.94157 -2.87282 0.924843 0 1.36461 0 
2 1 0 4.68323 20 417.785 -4.9964 -2.88787 -4.9964 -2.88787 0.927519 0 1.3468 0 
2 1 0 4.76547 20 417.785 -5.05157 -2.90172 -5.05157 -2.90172 0.930407 0 1.3292 0 
2 1 0 4.84755 20 417.785 -5.10729 -2.91427 -5.10729 -2.91427 0.933548 0 1.31176 0 
2 1 0 4.92929 20 417.785 -5.16383 -2.92535 -5.16383 -2.92535 0.937002 0 1.2944 0 
2 1 0 5.0104 20 417.785 -5.22155 -2.93477 -5.22155 -2.93477 0.940851 0 1.27701 0 
2 1 0 5.09052 20 417.785 -5.28093 -2.94222 -5.28093 -2.94222 0.945218 0 1.25947 0 
2 1 0 5.16901 20 417.785 -5.34269 -2.94729 -5.34269 -2.94729 0.950285 0 1.24157 0 
2 1 0 5.24483 20 417.785 -5.40786 -2.9493 -5.40786 -2.9493 0.956354 0 1.22305 0 
2 1 0 5.31599 20 417.785 -5.47808 -2.94712 -5.47808 -2.94712 0.963952 0 1.20343 0 
2 1 0 5.37816 20 417.785 -5.55596 -2.93874 -5.55596 -2.93874 0.974094 0 1.18191 0 
2 1 0 5.42073 20 417.785 -5.6446 -2.92056 -5.6446 -2.92056 0.988844 0 1.15719 0 
2 1 0 5.4282 20 417.785 -5.69699 -2.90506 -5.69699 -2.90506 1.00002 0 1.14187 0 
2 1 0 5.40316 20 417.785 -5.78707 -2.86958 -5.78707 -2.86958 1.02791 0 1.11036 0 
2 1 0 5.34326 20 237.881 -5.85848 -2.83335 -5.85848 -2.83335 1.0695 0.0282554 1.0695 -0.0282554 
2 1 0 5.2676 20 129.5 -5.91467 -2.7999 -5.91467 -2.7999 1.07102 0.0520054 1.07102 -0.0520054 
2 1 0 5.18451 20 103.441 -5.96104 -2.76915 -5.96104 -2.76915 1.07313 0.0652642 1.07313 -0.0652642 
2 2 0 1.44897 20 103.441 1.72372e-07 -0.343587 1.72372e-07 -0.343587 1.07313 0.0652642 1.07313 -0.0652642 
2 2 0 1.49596 20 103.441 -1.699e-10 -0.362898 -1.699e-10 -0.362898 1.07313 0.0652642 1.07313 -0.0652642 
2 2 0 1.54268 20 103.441 2.61438e-15 -0.380718 2.61438e-15 -0.380718 3.24187 0 1.01225 0 
2 2 0 1.61349 20 103.441 7.35329e-13 -0.405425 7.35329e-13 -0.405425 1.02082 0 3.27211 0 
2 2 0 1.70902 20 103.441 3.69742e-13 -0.434994 3.69742e-13 -0.434994 3.30844 0 1.03153 0 
2 2 0 1.80552 20 103.441 2.73846e-13 -0.461218 2.73846e-13 -0.461218 3.34078 0 1.04144 0 
2 2 0 1.90275 20 103.441 -1.44507e-13 -0.484579 -1.44507e-13 -0.484579 1.05061 0 3.36967 0 
2 2 0 2.00054 20 103.441 1.34523e-15 -0.505487 1.34523e-15 -0.505487 1.0591 0 3.39559 0 
2 2 0 2.09876 20 103.441 -1.19096e-14 -0.524285 -1.19096e-14 -0.524285 3.41894 0 1.06695 0 
2 2 0 2.19731 20 103.441 7.2608e-16 -0.541264 7.2608e-16 -0.541264 1.07424 0 3.44007 0 
2 2 0 2.29612 20 103.441 -5.83044e-15 -0.556665 -5.83044e-15 -0.556665 1.081 0 3.45927 0 
2 2 0 2.39513 20 103.441 -5.58302e-15 -0.570692 -5.58302e-15 -0.570692 3.47677 0 1.08729 0 
2 2 0 2.4943 20 103.441 3.85422e-15 -0.583515 3.85422e-15 -0.583515 1.09315 0 3.49279 0 
2 2 0 2.59361 20 103.441 -1.71267e-15 -0.59528 -1.71267e-15 -0.59528 3.50751 0 1.09862 0 
2 2 0 2.69302 20 103.441 7.66134e-15 -0.60611 7.66134e-15 -0.60611 3.52107 0 1.10373 0 
2 2 0 2.79252 20 103.441 5.61637e-16 -0.616112 5.61637e-16 -0.616112 3.5336 0 1.10852 0 
2 2 0 2.89209 20 103.441 3.99665e-15 -0.625374 3.99665e-15 -0.625374 3.54522 0 1.11302 0 
2 2 0 2.99172 20 103.441 3.37329e-15 -0.633977 3.37329e-15 -0.633977 1.11725 0 3.55601 0 
2 2 0 3.0914 20 103.441 4.93018e-16 -0.641986 4.93018e-16 -0.641986 1.12124 0 3.56607 0 
2 2 0 3.19112 20 103.441 -1.02236e-15 -0.64946 -1.02236e-15 -0.64946 1.12499 0 3.57546 0 
2 2 0 3.29087 20 103.441 3.00874e-16 -0.656452 3.00874e-16 -0.656452 1.12854 0 3.58425 0 
2 2 0 3.39066 20 103.441 -6.61486e-16 -0.663006 -6.61486e-16 -0.663006 1.1319 0 3.59249 0 
2 2 0 3.49047 20 103.441 7.45195e-16 -0.669162 7.45195e-16 -0.669162 3.60023 0 1.13508 0 
2 2 0 3.5903 20 103.441 -1.44798e-16 -0.674955 -1.44798e-16 -0.674955 1.1381 0 3.60752 0 
2 2 0 3.69015 20 103.441 3.59643e-16 -0.680416 3.59643e-16 -0.680416 1.14096 0 3.6144 0 
2 2 0 3.79002 20 103.441 -4.16219e-16 -0.685572 -4.16219e-16 -0.685572 1.14369 0 3.62089 0 
2 2 0 3.8899 20 103.441 1.11491e-15 -0.690449 1.11491e-15 -0.690449 3.62704 0 1.14628 0 
2 2 0 3.98979 20 103.441 3.78263e-16 -0.695068 3.78263e-16 -0.695068 3.63286 0 1.14876 0 
2 2 0 4.0897 20 103.441 -5.7164e-16 -0.699449 -5.7164e-16 -0.699449 1.15112 0 3.63838 0 
2 2 0 4.18961 20 103.441 -1.00489e-15 -0.703611 -1.00489e-15 -0.703611 1.15337 0 3.64363 0 
2 2 0 4.28953 20 103.441 -2.79753e-16 -0.707568 -2.79753e-16 -0.707568 3.64862 0 1.15553 0 
2 2 0 4.38946 20 103.441 -8.84836e-16 -0.711337 -8.84836e-16 -0.711337 1.15759 0 3.65338 0 
2 2 0 4.4894 20 103.441 -1.81702e-16 -0.714929 -1.81702e-16 -0.714929 1.15957 0 3.65791 0 
2 2 0 4.58934 20 103.441 2.64461e-13 -0.718358 2.64461e-13 -0.718358 1.16147 0 3.66224 0 
2 2 0 4.68928 20 103.441 -2.46184e-13 -0.721633 -2.46184e-13 -0.721633 1.16329 0 3.66638 0 
2 2 0 4.78923 20 103.441 7.70886e-14 -0.724766 7.70886e-14 -0.724766 1.16503 0 3.67033 0 
2 2 0 4.88919 20 103.441 -3.40392e-16 -0.727764 -3.40392e-16 -0.727764 3.67412 0 1.16671 0 
2 2 0 4.98915 20 103.441 -6.37423e-14 -0.730637 -6.37423e-14 -0.730637 1.16833 0 3.67775 0 
2 2 0 5.08911 20 103.441 1.19302e-13 -0.733393 1.19302e-13 -0.733393 1.16988 0 3.68123 0 
2 2 0 5.18908 20 103.441 -1.56886e-16 -0.736038 -1.56886e-16 -0.736038 3.68458 0 1.17138 0 
2 2 0 5.28904 20 103.441 -5.23077e-14 -0.738579 -5.23077e-14 -0.738579 1.17282 0 3.68779 0 
2 2 0 5.38901 20 103.441 -9.65756e-14 -0.741021 -9.65756e-14 -0.741021 1.17422 0 3.69088 0 
2 2 0 5.48899 20 103.441 4.52303e-14 -0.743371 4.52303e-14 -0.743371 1.17556 0 3.69385 0 
2 2 0 5.58896 20 103.441 -8.57333e-14 -0.745634 -8.57333e-14 -0.745634 1.17686 0 3.69671 0 
2 2 0 5.68894 20 103.441 3.98794e-14 -0.747814 3.98794e-14 -0.747814 1.17811 0 3.69947 0 
2 2 0 5.78891 20 103.441 -1.24043e-17 -0.749916 -1.24043e-17 -0.749916 3.70213 0 1.17933 0 
2 2 0 5.88889 20 103.441 -5.96728e-16 -0.751944 -5.96728e-16 -0.751944 1.1805 0 3.70469 0 
2 2 0 5.98887 20 103.441 -3.34531e-14 -0.753902 -3.34531e-14 -0.753902 3.70717 0 1.18163 0 
2 2 0 6.08886 20 103.441 6.29015e-14 -0.755793 6.29015e-14 -0.755793 3.70956 0 1.18273 0 
2 2 0 6.18884 20 103.441 5.93886e-14 -0.757621 5.93886e-14 -0.757621 1.1838 0 3.71188 0 
2 2 0 6.28882 20 103.441 2.77108e-14 -0.759389 2.77108e-14 -0.759389 3.71411 0 1.18483 0 
2 2 0 6.38881 20 103.441 5.26837e-14 -0.7611 5.26837e-14 -0.7611 1.18583 0 3.71628 0 
2 2 0 6.4888 20 103.441 7.484e-14 -0.762756 7.484e-14 -0.762756 1.18681 0 3.71838 0 
2 2 0 6.58878 20 103.441 -2.36886e-14 -0.76436 -2.36886e-14 -0.76436 3.72041 0 1.18775 0 
2 2 0 6.68877 20 103.441 -4.58404e-14 -0.765915 -4.58404e-14 -0.765915 1.18867 0 3.72238 0 
2 2 0 6.78876 20 103.441 -6.41695e-14 -0.767422 -6.41695e-14 -0.767422 3.72428 0 1.18956 0 
2 2 0 6.88875 20 103.441 1.99825e-14 -0.768885 1.99825e-14 -0.768885 1.19042 0 3.72614 0 
2 2 0 6.98874 20 103.441 -1.0136e-14 -0.770304 -1.0136e-14 -0.770304 1.19126 0 3.72793 0 
2 2 0 7.08873 20 103.441 2.75409e-14 -0.771682 2.75409e-14 -0.771682 1.19208 0 3.72968 0 
2 2 0 7.18872 20 103.441 -2.49726e-16 -0.77302 -2.49726e-16 -0.77302 1.19288 0 3.73138 0 
2 2 0 7.28871 20 103.441 7.90953e-15 -0.774321 7.90953e-15 -0.774321 1.19365 0 3.73302 0 
2 2 0 7.3887 20 103.441 -3.01347e-16 -0.775585 -3.01347e-16 -0.775585 1.19441 0 3.73463 0 
2 2 0 7.4887 20 103.441 -1.04473e-16 -0.776815 -1.04473e-16 -0.776815 3.73618 0 1.19514 0 
2 2 0 7.58869 20 103.441 2.47579e-16 -0.778011 2.47579e-16 -0.778011 1.19586 0 3.7377 0 
2 2 0 7.68868 20 103.441 -1.99826e-14 -0.779175 -1.99826e-14 -0.779175 1.19656 0 3.73918 0 
2 2 0 7.78868 20 103.441 6.75839e-15 -0.780309 6.75839e-15 -0.780309 3.74061 0 1.19724 0 
2 2 0 7.88867 20 103.441 6.28237e-15 -0.781413 6.28237e-15 -0.781413 1.1979 0 3.74201 0 
2 2 0 7.98866 20 103.441 -1.22194e-14 -0.782488 -1.22194e-14 -0.782488 1.19855 0 3.74338 0 
2 2 0 8.08866 20 103.441 5.15357e-15 -0.783537 5.15357e-15 -0.783537 1.19918 0 3.7447 0 
2 2 0 8.18865 20 103.441 -5.23074e-15 -0.784559 -5.23074e-15 -0.784559 1.1998 0 3.746 0 
2 2 0 8.28865 20 103.441 1.65658e-14 -0.785556 1.65658e-14 -0.785556 1.2004 0 3.74726 0 
2 2 0 8.38864 20 103.441 4.67837e-15 -0.786528 4.67837e-15 -0.786528 1.20099 0 3.7485 0 
2 2 0 8.48864 20 103.441 -4.71095e-15 -0.787477 -4.71095e-15 -0.787477 1.20157 0 3.7497 0 
2 2 0 8.58864 20 103.441 4.48963e-16 -0.788403 4.48963e-16 -0.788403 1.20213 0 3.75088 0 
2 2 0 8.68863 20 103.441 4.34994e-15 -0.789308 4.34994e-15 -0.789308 1.20268 0 3.75202 0 
2 2 0 8.78863 20 103.441 2.16369e-14 -0.790191 2.16369e-14 -0.790191 1.20321 0 3.75314 0 
2 2 0 8.88862 20 103.441 -4.09591e-15 -0.791054 -4.09591e-15 -0.791054 1.20374 0 3.75424 0 
2 2 0 8.98862 20 103.441 -1.23992e-14 -0.791897 -1.23992e-14 -0.791897 1.20425 0 3.75531 0 
2 2 0 9.08862 20 103.441 -4.4482e-15 -0.792722 -4.4482e-15 -0.792722 1.20476 0 3.75635 0 
2 2 0 9.18861 20 103.441 8.32782e-17 -0.793528 8.32782e-17 -0.793528 3.75738 0 1.20525 0 
2 2 0 9.28861 20 103.441 -3.56974e-15 -0.794316 -3.56974e-15 -0.794316 1.20573 0 3.75838 0 
2 2 0 9.38861 20 103.441 -3.28736e-15 -0.795087 -3.28736e-15 -0.795087 1.2062 0 3.75935 0 
2 2 0 9.4886 20 103.441 -5.58282e-16 -0.795841 -5.58282e-16 -0.795841 1.20667 0 3.76031 0 
2 2 0 9.5886 20 103.441 -1.02381e-14 -0.796579 -1.02381e-14 -0.796579 1.20712 0 3.76125 0 
2 2 0 9.6886 20 103.441 -5.88044e-17 -0.797302 -5.88044e-17 -0.797302 3.76217 0 1.20756 0 
2 2 0 9.7886 20 103.441 -5.89153e-15 -0.79801 -5.89153e-15 -0.79801 1.208 0 3.76306 0 
2 2 0 9.88859 20 103.441 -8.48758e-15 -0.798703 -8.48758e-15 -0.798703 1.20843 0 3.76394 0 
2 2 0 9.98859 20 103.441 4.04103e-16 -0.799382 4.04103e-16 -0.799382 1.20884 0 3.7648 0 
2 2 0 10.0886 20 103.441 -2.83547e-15 -0.800047 -2.83547e-15 -0.800047 1.20925 0 3.76565 0 
2 2 0 1.44897 20 103.441 1.72372e-07 -0.343587 1.72372e-07 -0.343587 1.20925 0 3.76565 0 
2 2 0 1.40244 20 103.441 -7.88647e-11 -0.322926 -7.88647e-11 -0.322926 1.20925 0 3.76565 0 
2 2 0 1.35737 20 103.441 7.33253e-13 -0.301275 7.33253e-13 -0.301275 0.986942 0 3.14541 0 
2 2 0 1.29114 20 103.441 1.12199e-12 -0.266081 1.12199e-12 -0.266081 3.1031 0 0.976791 0 
2 2 0 1.20596 20 103.441 -2.64088e-12 -0.213688 -2.64088e-12 -0.213688 0.962841 0 3.04066 0 
2 2 0 1.12525 20 103.441 6.12684e-15 -0.154648 6.12684e-15 -0.154648 0.948734 0 2.97116 0 
2 2 0 1.04998 20 103.441 -8.46612e-15 -0.0888141 -8.46612e-15 -0.0888141 0.934949 0 2.89486 0 
2 2 0 0.980982 20 103.441 -1.41115e-14 -0.0164325 -1.41115e-14 -0.0164325 0.922074 0 2.8126 0 
2 1 0 2.5 20 0 3.17074 1.10425 3.17074 1.10425 0.922074 0 2.8126 0 
2 1 0 2.55907 20 0 3.24399 1.13812 3.24399 1.13812 0.89653 0 2.0739 0 
2 1 0 2.61951 20 0 3.3162 1.17176 3.3162 1.17176 0.895826 0 2.03848 0 
2 1 0 2.68127 20 0 3.38739 1.20519 3.38739 1.20519 0.895304 0 2.00386 0 
2 1 0 2.74431 20 0 3.45755 1.23841 3.45755 1.23841 0.894958 0 1.97006 0 
2 1 0 2.80857 20 0 3.52669 1.27143 3.52669 1.27143 0.894778 0 1.93709 0 
2 1 0 2.87401 20 0 3.5948 1.30426 3.5948 1.30426 0.894756 0 1.90497 0 
2 1 0 2.94057 20 0 3.6619 1.33693 3.6619 1.33693 0.894884 0 1.87369 0 
2 1 0 3.0082 20 0 3.72801 1.36943 3.72801 1.36943 0.895154 0 1.84326 0 
2 1 0 3.07684 20 0 3.79313 1.40179 3.79313 1.40179 0.895557 0 1.81366 0 
2 1 0 3.14645 20 0 3.85729 1.43402 3.85729 1.43402 0.896087 0 1.78489 0 
2 1 0 3.21697 20 0 3.92049 1.46615 3.92049 1.46615 0.896736 0 1.75693 0 
2 1 0 3.28835 20 0 3.98277 1.49819 3.98277 1.49819 0.897497 0 1.72977 0 
2 1 0 3.36054 20 0 4.04414 1.53016 4.04414 1.53016 0.898363 0 1.7034 0 
2 1 0 3.43349 20 0 4.10464 1.56208 4.10464 1.56208 0.89933 0 1.67778 0 
2 1 0 3.50714 20 0 4.16428 1.59399 4.16428 1.59399 0.900392 0 1.65291 0 
2 1 0 3.58145 20 0 4.22309 1.62591 4.22309 1.62591 0.901545 0 1.62875 0 
2 1 0 3.65637 20 0 4.28112 1.65786 4.28112 1.65786 0.902784 0 1.60529 0 
2 1 0 3.73183 20 0 4.33838 1.68988 4.33838 1.68988 0.904107 0 1.5825 0 
2 1 0 3.80781 20 0 4.39491 1.72201 4.39491 1.72201 0.905512 0 1.56035 0 
2 1 0 3.88423 20 0 4.45075 1.75428 4.45075 1.75428 0.906996 0 1.53882 0 
2 1 0 3.96105 20 0 4.50594 1.78674 4.50594 1.78674 0.908561 0 1.51789 0 
2 1 0 4.03821 20 0 4.5605 1.81943 4.5605 1.81943 0.910205 0 1.49753 0 
2 1 0 4.11566 20 0 4.6145 1.8524 4.6145 1.8524 0.911931 0 1.47771 0 
2 1 0 4.19332 20 0 4.66796 1.88571 4.66796 1.88571 0.913741 0 1.45841 0 
2 1 0 4.27115 20 0 4.72095 1.91942 4.72095 1.91942 0.91564 0 1.4396 0 
2 1 0 4.34905 20 0 4.7735 1.95362 4.7735 1.95362 0.917633 0 1.42124 0 
2 1 0 4.42696 20 0 4.82569 1.98837 4.82569 1.98837 0.919728 0 1.40332 0 
2 1 0 4.50477 20 0 4.87757 2.02377 4.87757 2.02377 0.921934 0 1.38581 0 
2 1 0 4.58239 20 0 4.92921 2.05995 4.92921 2.05995 0.924264 0 1.36867 0 
2 1 0 4.6597 20 0 4.98069 2.09701 4.98069 2.09701 0.926734 0 1.35187 0 
2 1 0 4.73654 20 0 5.03211 2.13512 5.03211 2.13512 0.929364 0 1.33538 0 
2 1 0 4.81273 20 0 5.08355 2.17444 5.08355 2.17444 0.93218 0 1.31915 0 
2 1 0 4.88807 20 0 5.13516 2.21521 5.13516 2.21521 0.935214 0 1.30317 0 
2 1 0 4.96225 20 0 5.18706 2.25768 5.18706 2.25768 0.938508 0 1.28736 0 
2 1 0 5.03491 20 0 5.23942 2.30216 5.23942 2.30216 0.942118 0 1.2717 0 
2 1 0 5.10555 20 0 5.29244 2.34905 5.29244 2.34905 0.946118 0 1.25611 0 
2 1 0 5.17348 20 0 5.34635 2.39885 5.34635 2.39885 0.950605 0 1.24052 0 
2 1 0 5.23772 20 0 5.40142 2.45215 5.40142 2.45215 0.955717 0 1.22487 0 
2 1 0 5.29686 20 0 5.45792 2.50968 5.45792 2.50968 0.961641 0 1.20903 0 
2 1 0 5.34883 20 0 5.5161 2.57224 5.5161 2.57224 0.968641 0 1.19291 0 
2 1 0 5.39068 20 0 5.57599 2.64052 5.57599 2.64052 0.977078 0 1.17638 0 
2 1 0 5.4185 20 0 5.63711 2.71462 5.63711 2.71462 0.987422 0 1.15932 0 
2 1 0 5.4282 20 0 5.69687 2.79177 5.69687 2.79177 0.999986 0 1.14191 0 
2 1 0 5.41791 20 0 5.75547 2.87214 5.75547 2.87214 1.01619 0 1.12281 0 
2 1 0 5.38832 20 0 5.80968 2.95079 5.80968 2.95079 1.03912 0 1.09902 0 
2 1 0 5.34309 20 237.13 5.85862 3.02535 5.85862 3.02535 1.0695 0.0283449 1.0695 -0.0283449 
2 1 0 5.28627 20 140.528 5.90249 3.09498 5.90249 3.09498 1.07059 0.0478995 1.07059 -0.0478995 
2 1 0 5.22111 20 112.094 5.94193 3.15977 5.94193 3.15977 1.07216 0.0601607 1.07216 -0.0601607 
2 1 0 5.14991 20 97.3698 5.97767 3.22021 5.97767 3.22021 1.07409 0.0694063 1.07409 -0.0694063 
2 1 0 5.07422 20 88.0431 6.01034 3.27683 6.01034 3.27683 1.07627 0.0769386 1.07627 -0.0769386 
2 1 0 4.99513 20 81.4523 6.04041 3.33012 6.04041 3.33012 1.07865 0.0833716 1.07865 -0.0833716 
2 1 0 4.91335 20 76.4547 6.06828 3.38048 6.06828 3.38048 1.08117 0.0890529 1.08117 -0.0890529 
2 1 0 4.82943 20 72.4709 6.09423 3.42826 6.09423 3.42826 1.0838 0.094201 1.0838 -0.094201 
2 1 0 4.74373 20 69.1733 6.1185 3.47373 6.1185 3.47373 1.08652 0.0989636 1.08652 -0.0989636 
2 1 0 4.65656 20 66.3614 6.14125 3.51712 6.14125 3.51712 1.0893 0.103446 1.0893 -0.103446 
2 1 0 4.56811 20 63.9055 6.16261 3.55862 6.16261 3.55862 1.09214 0.107727 1.09214 -0.107727 
2 1 0 4.47858 20 61.7173 6.18267 3.59837 6.18267 3.59837 1.09502 0.111866 1.09502 -0.111866 
2 1 0 4.38808 20 59.7352 6.20153 3.6365 6.20153 3.6365 1.09793 0.115913 1.09793 -0.115913 
2 1 0 4.29672 20 57.9143 6.21921 3.67312 6.21921 3.67312 1.10087 0.119906 1.10087 -0.119906 
2 1 0 4.20459 20 56.2216 6.23578 3.70832 6.23578 3.70832 1.10384 0.123878 1.10384 -0.123878 
2 1 0 4.11177 20 54.6323 6.25124 3.74216 6.25124 3.74216 1.10683 0.127859 1.10683 -0.127859 
2 1 0 4.01832 20 53.1273 6.26561 3.77471 6.26561 3.77471 1.10983 0.131872 1.10983 -0.131872 
2 1 0 3.92428 20 51.6918 6.27888 3.80602 6.27888 3.80602 1.11286 0.135939 1.11286 -0.135939 
2 1 0 3.8297 20 50.3145 6.29106 3.83612 6.29106 3.83612 1.11591 0.140082 1.11591 -0.140082 
2 1 0 3.73461 20 48.9861 6.30211 3.86505 6.30211 3.86505 1.11898 0.144318 1.11898 -0.144318 
2 1 0 3.63906 20 47.6996 6.312 3.89283 6.312 3.89283 1.12208 0.148666 1.12208 -0.148666 
2 1 0 3.54307 20 46.4492 6.3207 3.91948 6.3207 3.91948 1.12522 0.153143 1.12522 -0.153143 
2 1 0 3.44667 20 45.2303 6.32815 3.94499 6.32815 3.94499 1.12839 0.157766 1.12839 -0.157766 
2 1 0 3.34988 20 44.0394 6.3343 3.96938 6.3343 3.96938 1.1316 0.162552 1.1316 -0.162552 
2 1 0 3.25274 20 42.8734 6.33905 3.99263 6.33905 3.99263 1.13486 0.167517 1.13486 -0.167517 
2 1 0 3.15526 20 41.73 6.34233 4.01472 6.34233 4.01472 1.13818 0.17268 1.13818 -0.17268 
2 1 0 3.05749 20 40.6073 6.34402 4.03563 6.34402 4.03563 1.14157 0.178059 1.14157 -0.178059 
2 1 0 2.95944 20 39.5037 6.34401 4.05531 6.34401 4.05531 1.14504 0.183674 1.14504 -0.183674 
2 1 0 2.86117 20 38.418 6.34213 4.07373 6.34213 4.07373 1.14861 0.189545 1.14861 -0.189545 
2 1 0 2.76272 20 37.3494 6.33823 4.09081 6.33823 4.09081 1.15227 0.195693 1.15227 -0.195693 
2 1 0 2.66414 20 36.2972 6.33209 4.10647 6.33209 4.10647 1.15607 0.202143 1.15607 -0.202143 
2 1 0 2.56552 20 35.2609 6.3235 4.12062 6.3235 4.12062 1.16 0.208917 1.16 -0.208917 
2 1 0 2.46696 20 34.2405 6.31218 4.13314 6.31218 4.13314 1.16409 0.216042 1.16409 -0.216042 
2 1 0 2.36858 20 33.2362 6.29783 4.14388 6.29783 4.14388 1.16835 0.223542 1.16835 -0.223542 
2 1 0 2.27056 20 32.2487 6.2801 4.15268 6.2801 4.15268 1.17282 0.231443 1.17282 -0.231443 
2 1 0 2.17312 20 31.2789 6.2586 4.15935 6.2586 4.15935 1.17751 0.239767 1.17751 -0.239767 
2 1 0 2.07657 20 30.3286 6.23293 4.16366 6.23293 4.16366 1.18243 0.248529 1.18243 -0.248529 
2 1 0 1.98128 20 29.4004 6.20265 4.16539 6.20265 4.16539 1.1876 0.257738 1.1876 -0.257738 
2 1 0 1.88773 20 28.4975 6.16734 4.16426 6.16734 4.16426 1.19302 0.267386 1.19302 -0.267386 
2 1 0 1.79648 20 27.6242 6.12664 4.16006 6.12664 4.16006 1.19869 0.277446 1.19869 -0.277446 
2 1 0 1.7082 20 26.7853 6.08027 4.15256 6.08027 4.15256 1.20458 0.287866 1.20458 -0.287866 
2 1 0 1.62357 20 25.9864 6.02813 4.14163 6.02813 4.14163 1.21066 0.298562 1.21066 -0.298562 
2 1 0 1.54325 20 25.2327 5.97033 4.12722 5.97033 4.12722 1.21684 0.309428 1.21684 -0.309428 
2 1 0 1.46779 20 24.5287 5.90717 4.1094 5.90717 4.1094 1.22306 0.320333 1.22306 -0.320333 
2 1 0 1.39758 20 23.8778 5.83915 4.08834 5.83915 4.08834 1.22924 0.331139 1.22924 -0.331139 
2 1 0 1.33278 20 23.2814 5.76689 4.0643 5.76689 4.0643 1.23527 0.341712 1.23527 -0.341712 
2 1 0 1.27334 20 22.7396 5.69103 4.03758 5.69103 4.03758 1.24109 0.351929 1.24109 -0.351929 
2 1 0 1.21907 20 22.251 5.61222 4.00852 5.61222 4.00852 1.24664 0.361687 1.24664 -0.361687 
2 1 0 1.16964 20 21.8134 5.53105 3.97742 5.53105 3.97742 1.25186 0.370903 1.25186 -0.370903 
2 1 0 1.12466 20 21.424 5.44801 3.94456 5.44801 3.94456 1.25672 0.379511 1.25672 -0.379511 
2 1 0 1.08372 20 21.08 5.36349 3.91018 5.36349 3.91018 1.2612 0.387461 1.2612 -0.387461 
2 1 0 1.04641 20 20.7788 5.27785 3.87449 5.27785 3.87449 1.2653 0.394713 1.2653 -0.394713 
2 1 0 1.01237 20 20.5178 5.19133 3.83767 5.19133 3.83767 1.26902 0.401236 1.26902 -0.401236 
2 1 0 0.981241 20 20.2949 5.10415 3.79985 5.10415 3.79985 1.27238 0.407007 1.27238 -0.407007 
2 1 0 2.5 20 0 20 19.4158 20 19.4158 1.27238 0.407007 1.27238 -0.407007 
2 1 0 2.59931 20 0 20 19.4041 20 19.4041 1.09892 0 3.50832 0 
2 1 0 2.69873 20 0 20 19.3933 20 19.3933 1.10402 0 3.52182 0 
2 1 0 2.79824 20 0 20 19.3833 20 19.3833 1.10879 0 3.53429 0 
2 1 0 2.89782 20 0 20 19.3741 20 19.3741 1.11327 0 3.54586 0 
2 1 0 2.99745 20 0 20 19.3655 20 19.3655 1.11749 0 3.55661 0 
2 1 0 3.09713 20 0 20 19.3576 20 19.3576 1.12146 0 3.56662 0 
2 1 0 3.19686 20 0 20 19.3501 20 19.3501 1.1252 0 3.57598 0 
2 1 0 3.29662 20 0 20 19.3432 20 19.3432 1.12874 0 3.58473 0 
2 1 0 3.3964 20 0 20 19.3366 20 19.3366 1.13209 0 3.59295 0 
2 1 0 3.49622 20 0 20 19.3305 20 19.3305 1.13526 0 3.60066 0 
2 1 0 3.59605 20 0 20 19.3247 20 19.3247 1.13827 0 3.60793 0 
2 1 0 3.6959 20 0 20 19.3193 20 19.3193 1.14112 0 3.61478 0 
2 1 0 3.79577 20 0 20 19.3141 20 19.3141 1.14384 0 3.62126 0 
2 1 0 3.89565 20 0 20 19.3093 20 19.3093 1.14643 0 3.62738 0 
2 1 0 3.99555 20 0 20 19.3047 20 19.3047 1.1489 0 3.63319 0 
2 1 0 4.09545 20 0 20 19.3003 20 19.3003 1.15125 0 3.63869 0 
2 1 0 4.19537 20 0 20 19.2962 20 19.2962 1.1535 0 3.64393 0 
2 1 0 4.29529 20 0 20 19.2922 20 19.2922 1.15565 0 3.6489 0 
2 1 0 4.39522 20 0 20 19.2885 20 19.2885 1.15771 0 3.65365 0 
2 1 0 4.49515 20 0 20 19.2849 20 19.2849 1.15968 0 3.65817 0 
2 1 0 4.59509 20 0 20 19.2814 20 19.2814 1.16157 0 3.66248 0 
2 1 0 4.69504 20 0 20 19.2782 20 19.2782 1.16339 0 3.66661 0 
2 1 0 4.79499 20 0 20 19.2751 20 19.2751 1.16513 0 3.67056 0 
2 1 0 4.89495 20 0 20 19.2721 20 19.2721 3.67433 0 1.16681 0 
2 1 0 4.99491 20 0 20 19.2692 20 19.2692 1.16842 0 3.67796 0 
2 1 0 5.09487 20 0 20 19.2665 20 19.2665 1.16997 0 3.68143 0 
2 1 0 5.19483 20 0 20 19.2638 20 19.2638 1.17147 0 3.68476 0 
2 1 0 5.2948 20 0 20 19.2613 20 19.2613 1.17291 0 3.68797 0 
2 1 0 5.39477 20 0 20 19.2588 20 19.2588 1.1743 0 3.69105 0 
2 1 0 5.49475 20 0 20 19.2565 20 19.2565 3.69402 0 1.17564 0 
2 1 0 5.59472 20 0 20 19.2542 20 19.2542 1.17693 0 3.69687 0 
2 1 0 5.6947 20 0 20 19.2521 20 19.2521 1.17818 0 3.69962 0 
2 1 0 5.79467 20 0 20 19.25 20 19.25 1.17939 0 3.70228 0 
2 1 0 5.89465 20 0 20 19.2479 20 19.2479 1.18057 0 3.70484 0 
2 1 0 5.99463 20 0 20 19.246 20 19.246 1.1817 0 3.70731 0 
2 1 0 6.09462 20 0 20 19.2441 20 19.2441 3.7097 0 1.1828 0 
2 1 0 6.1946 20 0 20 19.2423 20 19.2423 1.18386 0 3.71201 0 
2 1 0 6.29458 20 0 20 19.2405 20 19.2405 1.18489 0 3.71424 0 
2 1 0 6.39457 20 0 20 19.2388 20 19.2388 1.18589 0 3.7164 0 
2 1 0 6.49456 20 0 20 19.2372 20 19.2372 1.18686 0 3.71849 0 
2 1 0 6.59454 20 0 20 19.2355 20 19.2355 1.1878 0 3.72052 0 
2 1 0 6.69453 20 0 20 19.234 20 19.234 1.18872 0 3.72249 0 
2 1 0 6.79452 20 0 20 19.2325 20 19.2325 1.18961 0 3.72439 0 
2 1 0 6.89451 20 0 20 19.231 20 19.231 1.19047 0 3.72624 0 
2 1 0 6.9945 20 0 20 19.2296 20 19.2296 1.19131 0 3.72804 0 
2 1 0 7.09449 20 0 20 19.2282 20 19.2282 1.19213 0 3.72978 0 
2 1 0 7.19448 20 0 20 19.2269 20 19.2269 1.19292 0 3.73147 0 
2 1 0 7.29447 20 0 20 19.2256 20 19.2256 1.1937 0 3.73312 0 
2 1 0 7.39447 20 0 20 19.2243 20 19.2243 1.19445 0 3.73472 0 
2 1 0 7.49446 20 0 20 19.2231 20 19.2231 3.73627 0 1.19518 0 
2 1 0 7.59445 20 0 20 19.2219 20 19.2219 1.1959 0 3.73779 0 
2 1 0 7.69444 20 0 20 19.2208 20 19.2208 1.1966 0 3.73926 0 
2 1 0 7.79444 20 0 20 19.2196 20 19.2196 1.19728 0 3.74069 0 
2 1 0 7.89443 20 0 20 19.2185 20 19.2185 1.19794 0 3.74209 0 
2 1 0 7.99443 20 0 20 19.2175 20 19.2175 1.19859 0 3.74345 0 
2 1 0 8.09442 20 0 20 19.2164 20 19.2164 1.19922 0 3.74478 0 
2 1 0 8.19441 20 0 20 19.2154 20 19.2154 1.19983 0 3.74607 0 
2 1 0 8.29441 20 0 20 19.2144 20 19.2144 1.20044 0 3.74734 0 
2 1 0 8.39441 20 0 20 19.2134 20 19.2134 1.20102 0 3.74857 0 
2 1 0 8.4944 20 0 20 19.2125 20 19.2125 1.2016 0 3.74977 0 
2 1 0 8.5944 20 0 20 19.2115 20 19.2115 1.20216 0 3.75094 0 
2 1 0 8.69439 20 0 20 19.2106 20 19.2106 1.20271 0 3.75209 0 
2 1 0 8.79439 20 0 20 19.2098 20 19.2098 1.20325 0 3.75321 0 
2 1 0 8.89438 20 0 20 19.2089 20 19.2089 1.20377 0 3.7543 0 
2 1 0 8.99438 20 0 20 19.2081 20 19.2081 1.20428 0 3.75537 0 
2 1 0 9.09438 20 0 20 19.2072 20 19.2072 1.20479 0 3.75641 0 
2 1 0 9.19437 20 0 20 19.2064 20 19.2064 1.20528 0 3.75743 0 
2 1 0 9.29437 20 0 20 19.2056 20 19.2056 1.20576 0 3.75843 0 
2 1 0 9.39437 20 0 20 19.2049 20 19.2049 1.20623 0 3.75941 0 
2 1 0 9.49437 20 0 20 19.2041 20 19.2041 1.20669 0 3.76037 0 
2 1 0 9.59436 20 0 20 19.2034 20 19.2034 1.20715 0 3.7613 0 
2 1 0 9.69436 20 0 20 19.2027 20 19.2027 1.20759 0 3.76222 0 
2 1 0 9.79436 20 0 20 19.2019 20 19.2019 1.20802 0 3.76311 0 
2 1 0 9.89436 20 0 20 19.2013 20 19.2013 1.20845 0 3.76399 0 
2 1 0 9.99435 20 0 20 19.2006 20 19.2006 1.20887 0 3.76485 0 
2 1 0 10.0944 20 0 20 19.1999 20 19.1999 1.20928 0 3.7657 0 
2 1 0 2.5 20 0 20 12.0456 20 12.0456 1.20928 0 3.7657 0 
2 1 0 2.59798 20 0 20 12.0255 20 12.0255 1.18751 0 0.479841 0 
2 1 0 2.69621 20 0 20 12.0068 20 12.0068 0.480665 0 1.19042 0 
2 1 0 2.79468 20 0 20 11.9893 20 11.9893 1.1931 0 0.481438 0 
2 1 0 2.89332 20 0 20 11.9729 20 11.9729 1.19557 0 0.482163 0 
2 1 0 2.99213 20 0 20 11.9574 20 11.9574 1.19786 0 0.482845 0 
2 1 0 3.09108 20 0 20 11.9429 20 11.9429 1.19998 0 0.483488 0 
2 1 0 3.19014 20 0 20 11.9292 20 11.9292 1.20195 0 0.484093 0 
2 1 0 3.2893 20 0 20 11.9163 20 11.9163 1.20379 0 0.484666 0 
2 1 0 3.38856 20 0 20 11.9041 20 11.9041 1.2055 0 0.485207 0 
2 1 0 3.48789 20 0 20 11.8926 20 11.8926 0.48572 0 1.2071 0 
2 1 0 3.58729 20 0 20 11.8816 20 11.8816 1.20859 0 0.486206 0 
2 1 0 3.68675 20 0 20 11.8712 20 11.8712 0.486668 0 1.21 0 
2 1 0 3.78626 20 0 20 11.8613 20 11.8613 1.21132 0 0.487108 0 
2 1 0 3.88582 20 0 20 11.8519 20 11.8519 1.21256 0 0.487526 0 
2 1 0 3.98542 20 0 20 11.843 20 11.843 1.21373 0 0.487924 0 
2 1 0 4.08505 20 0 20 11.8344 20 11.8344 1.21484 0 0.488305 0 
2 1 0 4.18472 20 0 20 11.8263 20 11.8263 1.21589 0 0.488668 0 
2 1 0 4.28442 20 0 20 11.8185 20 11.8185 1.21688 0 0.489015 0 
2 1 0 4.38414 20 0 20 11.811 20 11.811 1.21781 0 0.489347 0 
2 1 0 4.48388 20 0 20 11.8039 20 11.8039 0.489665 0 1.2187 0 
2 1 0 4.58365 20 0 20 11.797 20 11.797 0.48997 0 1.21955 0 
2 1 0 4.68344 20 0 20 11.7905 20 11.7905 1.22035 0 0.490263 0 
2 1 0 4.78324 20 0 20 11.7842 20 11.7842 1.22112 0 0.490544 0 
2 1 0 4.88305 20 0 20 11.7781 20 11.7781 1.22185 0 0.490813 0 
2 1 0 4.98289 20 0 20 11.7723 20 11.7723 1.22255 0 0.491073 0 
2 1 0 5.08273 20 0 20 11.7667 20 11.7667 1.22321 0 0.491323 0 
2 1 0 5.18258 20 0 20 11.7613 20 11.7613 1.22385 0 0.491563 0 
2 1 0 5.28245 20 0 20 11.7561 20 11.7561 1.22446 0 0.491795 0 
2 1 0 5.38232 20 0 20 11.7511 20 11.7511 1.22504 0 0.492019 0 
2 1 0 5.48221 20 0 20 11.7463 20 11.7463 1.2256 0 0.492234 0 
2 1 0 5.5821 20 0 20 11.7416 20 11.7416 1.22614 0 0.492443 0 
2 1 0 5.682 20 0 20 11.7371 20 11.7371 1.22666 0 0.492644 0 
2 1 0 5.7819 20 0 20 11.7328 20 11.7328 1.22715 0 0.492838 0 
2 1 0 5.88181 20 0 20 11.7286 20 11.7286 1.22763 0 0.493026 0 
2 1 0 5.98173 20 0 20 11.7245 20 11.7245 1.22808 0 0.493208 0 
2 1 0 6.08165 20 0 20 11.7205 20 11.7205 1.22853 0 0.493384 0 
2 1 0 6.18158 20 0 20 11.7167 20 11.7167 1.22895 0 0.493555 0 
2 1 0 6.28151 20 0 20 11.713 20 11.713 1.22936 0 0.493721 0 
2 1 0 6.38145 20 0 20 11.7094 20 11.7094 1.22976 0 0.493881 0 
2 1 0 6.48139 20 0 20 11.7059 20 11.7059 1.23014 0 0.494036 0 
2 1 0 6.58133 20 0 20 11.7026 20 11.7026 1.23051 0 0.494187 0 
2 1 0 6.68128 20 0 20 11.6993 20 11.6993 1.23086 0 0.494334 0 
2 1 0 6.78123 20 0 20 11.6961 20 11.6961 0.494476 0 1.23121 0 
2 1 0 6.88118 20 0 20 11.693 20 11.693 1.23154 0 0.494615 0 
2 1 0 6.98113 20 0 20 11.69 20 11.69 0.494749 0 1.23186 0 
2 1 0 7.08109 20 0 20 11.6871 20 11.6871 0.49488 0 1.23217 0 
2 1 0 7.18105 20 0 20 11.6842 20 11.6842 1.23248 0 0.495007 0 
2 1 0 7.28101 20 0 20 11.6814 20 11.6814 1.23277 0 0.495131 0 
2 1 0 7.38097 20 0 20 11.6787 20 11.6787 1.23305 0 0.495252 0 
2 1 0 7.48094 20 0 20 11.6761 20 11.6761 0.495369 0 1.23333 0 
2 1 0 7.58091 20 0 20 11.6736 20 11.6736 1.2336 0 0.495483 0 
2 1 0 7.68088 20 0 20 11.6711 20 11.6711 0.495595 0 1.23386 0 
2 1 0 7.78085 20 0 20 11.6686 20 11.6686 0.495704 0 1.23411 0 
2 1 0 7.88082 20 0 20 11.6663 20 11.6663 1.23435 0 0.49581 0 
2 1 0 7.98079 20 0 20 11.6639 20 11.6639 1.23459 0 0.495913 0 
2 1 0 8.08077 20 0 20 11.6617 20 11.6617 1.23482 0 0.496014 0 
2 1 0 8.18074 20 0 20 11.6595 20 11.6595 1.23505 0 0.496112 0 
2 1 0 8.28072 20 0 20 11.6573 20 11.6573 1.23527 0 0.496208 0 
2 1 0 8.3807 20 0 20 11.6552 20 11.6552 0.496302 0 1.23548 0 
2 1 0 8.48068 20 0 20 11.6532 20 11.6532 0.496394 0 1.23569 0 
2 1 0 8.58066 20 0 20 11.6512 20 11.6512 1.23589 0 0.496483 0 
2 1 0 8.68064 20 0 20 11.6492 20 11.6492 1.23609 0 0.496571 0 
2 1 0 8.78062 20 0 20 11.6473 20 11.6473 1.23628 0 0.496657 0 
2 1 0 8.8806 20 0 20 11.6454 20 11.6454 1.23647 0 0.49674 0 
2 1 0 8.98058 20 0 20 11.6436 20 11.6436 1.23665 0 0.496822 0 
2 1 0 9.08057 20 0 20 11.6418 20 11.6418 1.23683 0 0.496902 0 
2 1 0 9.18055 20 0 20 11.64 20 11.64 1.23701 0 0.496981 0 
2 1 0 9.28054 20 0 20 11.6383 20 11.6383 1.23718 0 0.497058 0 
2 1 0 9.38052 20 0 20 11.6366 20 11.6366 1.23734 0 0.497133 0 
2 1 0 9.48051 20 0 20 11.635 20 11.635 1.2375 0 0.497206 0 
2 1 0 9.5805 20 0 20 11.6334 20 11.6334 0.497278 0 1.23766 0 
2 1 0 9.68048 20 0 20 11.6318 20 11.6318 1.23782 0 0.497349 0 
2 1 0 9.78047 20 0 20 11.6303 20 11.6303 1.23797 0 0.497418 0 
2 1 0 9.88046 20 0 20 11.6287 20 11.6287 1.23812 0 0.497486 0 
2 1 0 9.98045 20 0 20 11.6272 20 11.6272 1.23826 0 0.497552 0 
2 1 0 10.0804 20 0 20 11.6258 20 11.6258 1.2384 0 0.497618 0 
