2 1 0 1 7 0 1 1 1 1 0 0 0 0 
1 1 0 1.02 7 0 1 1 1 1 0.520378 0 3.98211e-05 0 
1 1 0 1.04 7 0 1 1 1 1 0.518147 0 5.1633e-05 0 
1 1 0 1.08 7 0 1 1 1 1 0.513599 0 8.43966e-05 0 
1 1 0 1.13 7 0 1 1 1 1 0.507748 0 0.00014873 0 
1 1 0 1.18 7 0 1 1 1 1 0.501699 0 0.000250188 0 
1 1 0 1.23 7 0 1 1 1 1 0.49544 0 0.000404058 0 
1 1 0 1.28 7 0 1 1 1 1 0.488956 0 0.000629582 0 
1 1 0 1.33 7 0 1 1 1 1 0.482229 0 0.000950395 0 
1 1 0 1.38 7 0 1 1 1 1 0.47524 0 0.00139494 0 
1 1 0 1.43 7 0 1 1 1 1 0.467968 0 0.00199688 0 
1 1 0 1.48 7 0 1 1 1 1 0.460388 0 0.00279557 0 
1 1 0 1.53 7 0 1 1 1 1 0.452472 0 0.00383656 0 
1 1 0 1.58 7 0 1 1 1 1 0.444186 0 0.0051723 0 
1 1 0 1.63 7 0 1 1 1 1 0.435492 0 0.00686305 0 
1 1 0 1.68 7 0 1 1 1 1 0.426343 0 0.00897813 0 
1 1 0 1.73 7 0 1 1 1 1 0.416683 0 0.0115978 0 
1 1 0 1.78 7 0 1 1 1 1 0.406446 0 0.0148159 0 
1 1 0 1.83 7 0 1 1 1 1 0.395544 0 0.018744 0 
1 1 0 1.88 7 0 1 1 1 1 0.383872 0 0.0235178 0 
1 1 0 1.93 7 0 1 1 1 1 0.371285 0 0.0293066 0 
1 1 0 1.98 7 0 1 1 1 1 0.357593 0 0.0363314 0 
1 1 0 2.03 7 0 1 1 1 1 0.342519 0 0.0448941 0 
1 1 0 2.08 7 0 1 1 1 1 0.325647 0 0.0554384 0 
1 1 0 2.13 7 0 1 1 1 1 0.306287 0 0.0686818 0 
1 1 0 2.18 7 0 1 1 1 1 0.283113 0 0.085976 0 
1 1 0 2.23 7 0 1 1 1 1 0.252775 0 0.110695 0 
1 1 0 2.28 7 0 1 1 1 1 0.188875 0 0.169261 0 
1 1 0 2.33 7 16.2806 1 1 1 1 0.176555 0.0717355 0.176555 -0.0717355 
1 1 0 2.38 7 11.7309 1 1 1 1 0.174207 0.103388 0.174207 -0.103388 
1 1 0 2.43 7 9.78728 1 1 1 1 0.172033 0.128615 0.172033 -0.128615 
1 1 0 2.48 7 8.66435 1 1 1 1 0.170044 0.150705 0.170044 -0.150705 
1 1 0 2.53 7 7.9212 1 1 1 1 0.168248 0.170898 0.168248 -0.170898 
1 1 0 2.58 7 7.38948 1 1 1 1 0.166654 0.189817 0.166654 -0.189817 
1 1 0 2.63 7 6.98933 1 1 1 1 0.165268 0.207823 0.165268 -0.207823 
1 1 0 2.68 7 6.6774 1 1 1 1 0.164097 0.225142 0.164097 -0.225142 
1 1 0 2.73 7 6.4279 1 1 1 1 0.163148 0.24193 0.163148 -0.24193 
1 1 0 2.78 7 6.22443 1 1 1 1 0.162426 0.258294 0.162426 -0.258294 
1 1 0 2.83 7 6.05599 1 1 1 1 0.161936 0.274313 0.161936 -0.274313 
1 1 0 2.88 7 5.91492 1 1 1 1 0.161681 0.290043 0.161681 -0.290043 
1 1 0 2.93 7 5.79569 1 1 1 1 0.161666 0.305529 0.161666 -0.305529 
1 1 0 2.98 7 5.6942 1 1 1 1 0.161894 0.320803 0.161894 -0.320803 
1 1 0 3.03 7 5.60735 1 1 1 1 0.162366 0.335891 0.162366 -0.335891 
1 1 0 3.08 7 5.53273 1 1 1 1 0.163085 0.350812 0.163085 -0.350812 
1 1 0 3.13 7 5.46845 1 1 1 1 0.164052 0.365581 0.164052 -0.365581 
1 1 0 3.18 7 5.41301 1 1 1 1 0.165268 0.380208 0.165268 -0.380208 
1 1 0 3.23 7 5.36518 1 1 1 1 0.166734 0.394703 0.166734 -0.394703 
1 1 0 3.28 7 5.32396 1 1 1 1 0.168449 0.409072 0.168449 -0.409072 
1 1 0 3.33 7 5.28852 1 1 1 1 0.170414 0.423318 0.170414 -0.423318 
1 1 0 3.38 7 5.25819 1 1 1 1 0.172627 0.437446 0.172627 -0.437446 
1 1 0 3.43 7 5.23238 1 1 1 1 0.175087 0.451456 0.175087 -0.451456 
1 1 0 3.48 7 5.21059 1 1 1 1 0.177793 0.46535 0.177793 -0.46535 
1 1 0 3.53 7 5.19242 1 1 1 1 0.180743 0.479128 0.180743 -0.479128 
1 1 0 3.58 7 5.17749 1 1 1 1 0.183935 0.49279 0.183935 -0.49279 
1 1 0 3.63 7 5.1655 1 1 1 1 0.187368 0.506334 0.187368 -0.506334 
1 1 0 3.68 7 5.15618 1 1 1 1 0.191038 0.519759 0.191038 -0.519759 
1 1 0 3.73 7 5.1493 1 1 1 1 0.194942 0.533064 0.194942 -0.533064 
1 1 0 3.78 7 5.14463 1 1 1 1 0.199079 0.546247 0.199079 -0.546247 
1 1 0 3.83 7 5.14202 1 1 1 1 0.203444 0.559306 0.203444 -0.559306 
1 1 0 3.88 7 5.14128 1 1 1 1 0.208035 0.572238 0.208035 -0.572238 
1 1 0 3.93 7 5.14228 1 1 1 1 0.212848 0.585042 0.212848 -0.585042 
1 1 0 3.98 7 5.1449 1 1 1 1 0.217879 0.597715 0.217879 -0.597715 
1 1 0 4.03 7 5.14902 1 1 1 1 0.223126 0.610256 0.223126 -0.610256 
1 1 0 4.08 7 5.15454 1 1 1 1 0.228584 0.622661 0.228584 -0.622661 
1 1 0 4.13 7 5.16136 1 1 1 1 0.234249 0.634928 0.234249 -0.634928 
1 1 0 4.18 7 5.16941 1 1 1 1 0.240119 0.647056 0.240119 -0.647056 
1 1 0 4.23 7 5.17862 1 1 1 1 0.246187 0.659042 0.246187 -0.659042 
1 1 0 4.28 7 5.1889 1 1 1 1 0.252452 0.670884 0.252452 -0.670884 
1 1 0 4.33 7 5.20022 1 1 1 1 0.258908 0.68258 0.258908 -0.68258 
1 1 0 4.38 7 5.21251 1 1 1 1 0.265552 0.694128 0.265552 -0.694128 
1 1 0 4.43 7 5.22571 1 1 1 1 0.27238 0.705526 0.27238 -0.705526 
1 1 0 4.48 7 5.2398 1 1 1 1 0.279386 0.716773 0.279386 -0.716773 
1 1 0 4.53 7 5.25472 1 1 1 1 0.286569 0.727866 0.286569 -0.727866 
1 1 0 4.58 7 5.27043 1 1 1 1 0.293922 0.738804 0.293922 -0.738804 
1 1 0 4.63 7 5.28691 1 1 1 1 0.301443 0.749586 0.301443 -0.749586 
1 1 0 4.68 7 5.30412 1 1 1 1 0.309126 0.76021 0.309126 -0.76021 
1 1 0 4.73 7 5.32204 1 1 1 1 0.316969 0.770675 0.316969 -0.770675 
1 1 0 4.78 7 5.34063 1 1 1 1 0.324966 0.78098 0.324966 -0.78098 
1 1 0 4.83 7 5.35988 1 1 1 1 0.333115 0.791123 0.333115 -0.791123 
1 1 0 4.88 7 5.37975 1 1 1 1 0.34141 0.801104 0.34141 -0.801104 
1 1 0 4.93 7 5.40024 1 1 1 1 0.349848 0.810921 0.349848 -0.810921 
1 1 0 4.98 7 5.42133 1 1 1 1 0.358425 0.820574 0.358425 -0.820574 
1 1 0 5.03 7 5.44299 1 1 1 1 0.367137 0.830062 0.367137 -0.830062 
1 1 0 5.08 7 5.46521 1 1 1 1 0.37598 0.839384 0.37598 -0.839384 
1 1 0 5.13 7 5.48798 1 1 1 1 0.384951 0.848539 0.384951 -0.848539 
1 1 0 5.18 7 5.51128 1 1 1 1 0.394046 0.857528 0.394046 -0.857528 
1 1 0 5.23 7 5.53511 1 1 1 1 0.403261 0.866349 0.403261 -0.866349 
1 1 0 5.28 7 5.55945 1 1 1 1 0.412592 0.875003 0.412592 -0.875003 
1 1 0 5.33 7 5.58429 1 1 1 1 0.422035 0.883488 0.422035 -0.883488 
1 1 0 5.38 7 5.60963 1 1 1 1 0.431588 0.891805 0.431588 -0.891805 
2 1 0 5.42007 7 5.63029 1 1 1 1 0.439321 0.898349 0.439321 -0.898349 
2 1 0 5.47007 7 5.6565 1 1 1 1 0.449062 0.906362 0.449062 -0.906362 
2 1 0 5.52007 7 5.68318 1 1 1 1 0.458903 0.914206 0.458903 -0.914206 
2 1 0 5.57007 7 5.71034 1 1 1 1 0.46884 0.921882 0.46884 -0.921882 
2 1 0 5.62007 7 5.73796 1 1 1 1 0.47887 0.929389 0.47887 -0.929389 
2 1 0 5.67007 7 5.76604 1 1 1 1 0.48899 0.936727 0.48899 -0.936727 
2 1 0 5.72007 7 5.79457 1 1 1 1 0.499196 0.943897 0.499196 -0.943897 
2 1 0 5.77007 7 5.82356 1 1 1 1 0.509487 0.950898 0.509487 -0.950898 
2 1 0 5.82007 7 5.85301 1 1 1 1 0.519857 0.957731 0.519857 -0.957731 
2 1 0 5.87007 7 5.8829 1 1 1 1 0.530306 0.964396 0.530306 -0.964396 
2 1 0 5.92007 7 5.91324 1 1 1 1 0.540829 0.970894 0.540829 -0.970894 
2 1 0 5.97007 7 5.94402 1 1 1 1 0.551424 0.977225 0.551424 -0.977225 
2 1 0 6.02007 7 5.97526 1 1 1 1 0.562088 0.983388 0.562088 -0.983388 
2 1 0 6.07007 7 6.00694 1 1 1 1 0.572818 0.989385 0.572818 -0.989385 
2 1 0 6.12007 7 6.03906 1 1 1 1 0.583612 0.995216 0.583612 -0.995216 
2 1 0 6.17007 7 6.07163 1 1 1 1 0.594467 1.00088 0.594467 -1.00088 
2 1 0 6.22007 7 6.10466 1 1 1 1 0.60538 1.00638 0.60538 -1.00638 
2 1 0 6.27007 7 6.13813 1 1 1 1 0.616349 1.01172 0.616349 -1.01172 
2 1 0 6.32007 7 6.17206 1 1 1 1 0.627372 1.01689 0.627372 -1.01689 
2 1 0 6.37007 7 6.20644 1 1 1 1 0.638446 1.0219 0.638446 -1.0219 
2 1 0 6.42007 7 6.24127 1 1 1 1 0.649569 1.02674 0.649569 -1.02674 
2 1 0 6.47007 7 6.27657 1 1 1 1 0.660738 1.03143 0.660738 -1.03143 
2 1 0 6.52007 7 6.31234 1 1 1 1 0.671952 1.03595 0.671952 -1.03595 
2 1 0 6.57007 7 6.34857 1 1 1 1 0.683207 1.04031 0.683207 -1.04031 
2 1 0 6.62007 7 6.38527 1 1 1 1 0.694502 1.04451 0.694502 -1.04451 
2 1 0 6.67007 7 6.42245 1 1 1 1 0.705835 1.04855 0.705835 -1.04855 
2 1 0 6.72007 7 6.46012 1 1 1 1 0.717204 1.05243 0.717204 -1.05243 
2 1 0 6.77007 7 6.49827 1 1 1 1 0.728607 1.05615 0.728607 -1.05615 
2 1 0 6.82007 7 6.53691 1 1 1 1 0.740042 1.05972 0.740042 -1.05972 
2 1 0 6.87007 7 6.57606 1 1 1 1 0.751506 1.06312 0.751506 -1.06312 
2 1 0 6.92007 7 6.61571 1 1 1 1 0.762999 1.06637 0.762999 -1.06637 
2 1 0 6.97007 7 6.65587 1 1 1 1 0.774518 1.06947 0.774518 -1.06947 
2 1 0 7.02007 7 6.69655 1 1 1 1 0.786062 1.07241 0.786062 -1.07241 
2 1 0 7.07007 7 6.73776 1 1 1 1 0.797628 1.07519 0.797628 -1.07519 
2 1 0 7.12007 7 6.7795 1 1 1 1 0.809216 1.07782 0.809216 -1.07782 
2 1 0 7.17007 7 6.82179 1 1 1 1 0.820823 1.0803 0.820823 -1.0803 
2 1 0 7.22007 7 6.86463 1 1 1 1 0.832448 1.08263 0.832448 -1.08263 
2 1 0 7.27007 7 6.90803 1 1 1 1 0.84409 1.0848 0.84409 -1.0848 
2 1 0 7.32007 7 6.952 1 1 1 1 0.855747 1.08682 0.855747 -1.08682 
2 1 0 7.37007 7 6.99655 1 1 1 1 0.867417 1.08869 0.867417 -1.08869 
2 1 0 7.42007 7 7.0417 1 1 1 1 0.879099 1.09041 0.879099 -1.09041 
2 1 0 7.47007 7 7.08744 1 1 1 1 0.890792 1.09199 0.890792 -1.09199 
2 1 0 7.52007 7 7.1338 1 1 1 1 0.902494 1.09341 0.902494 -1.09341 
2 1 0 7.57007 7 7.18079 1 1 1 1 0.914204 1.09469 0.914204 -1.09469 
2 1 0 7.62007 7 7.22841 1 1 1 1 0.925921 1.09581 0.925921 -1.09581 
2 1 0 7.67007 7 7.27669 1 1 1 1 0.937643 1.0968 0.937643 -1.0968 
2 1 0 7.72007 7 7.32562 1 1 1 1 0.94937 1.09763 0.94937 -1.09763 
2 1 0 7.77007 7 7.37524 1 1 1 1 0.9611 1.09832 0.9611 -1.09832 
2 1 0 7.82007 7 7.42554 1 1 1 1 0.972831 1.09886 0.972831 -1.09886 
2 1 0 7.87007 7 7.47656 1 1 1 1 0.984564 1.09926 0.984564 -1.09926 
2 1 0 7.92007 7 7.5283 1 1 1 1 0.996296 1.09952 0.996296 -1.09952 
2 1 0 7.97007 7 7.58077 1 1 1 1 1.00803 1.09963 1.00803 -1.09963 
2 1 0 8.02007 7 7.63401 1 1 1 1 1.01975 1.09959 1.01975 -1.09959 
2 1 0 8.07007 7 7.68801 1 1 1 1 1.03148 1.09942 1.03148 -1.09942 
2 1 0 8.12007 7 7.74281 1 1 1 1 1.0432 1.0991 1.0432 -1.0991 
2 1 0 8.17007 7 7.79842 1 1 1 1 1.05492 1.09864 1.05492 -1.09864 
2 1 0 8.22007 7 7.85486 1 1 1 1 1.06663 1.09804 1.06663 -1.09804 
2 1 0 8.27007 7 7.91216 1 1 1 1 1.07833 1.0973 1.07833 -1.0973 
2 1 0 8.32007 7 7.97032 1 1 1 1 1.09002 1.09642 1.09002 -1.09642 
2 1 0 8.37007 7 8.02938 1 1 1 1 1.10171 1.09539 1.10171 -1.09539 
2 1 0 8.42007 7 8.08937 1 1 1 1 1.11338 1.09423 1.11338 -1.09423 
2 1 0 8.47007 7 8.15029 1 1 1 1 1.12505 1.09292 1.12505 -1.09292 
2 1 0 8.52007 7 8.21218 1 1 1 1 1.1367 1.09148 1.1367 -1.09148 
2 1 0 8.57007 7 8.27507 1 1 1 1 1.14835 1.0899 1.14835 -1.0899 
2 1 0 8.62007 7 8.33898 1 1 1 1 1.15998 1.08817 1.15998 -1.08817 
2 1 0 8.67007 7 8.40395 1 1 1 1 1.17159 1.08631 1.17159 -1.08631 
2 1 0 8.72007 7 8.46999 1 1 1 1 1.18319 1.08431 1.18319 -1.08431 
2 1 0 8.77007 7 8.53715 1 1 1 1 1.19478 1.08217 1.19478 -1.08217 
2 1 0 8.82007 7 8.60545 1 1 1 1 1.20635 1.07989 1.20635 -1.07989 
2 1 0 8.87007 7 8.67493 1 1 1 1 1.21791 1.07748 1.21791 -1.07748 
2 1 0 8.92007 7 8.74563 1 1 1 1 1.22945 1.07492 1.22945 -1.07492 
2 1 0 8.97007 7 8.81758 1 1 1 1 1.24097 1.07222 1.24097 -1.07222 
2 1 0 9.02007 7 8.89082 1 1 1 1 1.25248 1.06939 1.25248 -1.06939 
2 1 0 9.07007 7 8.96539 1 1 1 1 1.26397 1.06641 1.26397 -1.06641 
2 1 0 9.12007 7 9.04134 1 1 1 1 1.27544 1.0633 1.27544 -1.0633 
2 1 0 9.17007 7 9.1187 1 1 1 1 1.28688 1.06005 1.28688 -1.06005 
2 1 0 9.22007 7 9.19754 1 1 1 1 1.29831 1.05665 1.29831 -1.05665 
2 1 0 9.27007 7 9.27789 1 1 1 1 1.30972 1.05312 1.30972 -1.05312 
2 1 0 9.32007 7 9.3598 1 1 1 1 1.32111 1.04944 1.32111 -1.04944 
2 1 0 9.37007 7 9.44334 1 1 1 1 1.33248 1.04563 1.33248 -1.04563 
2 1 0 9.42007 7 9.52856 1 1 1 1 1.34383 1.04167 1.34383 -1.04167 
2 1 0 9.47007 7 9.61552 1 1 1 1 1.35515 1.03757 1.35515 -1.03757 
2 1 0 9.52007 7 9.70428 1 1 1 1 1.36645 1.03333 1.36645 -1.03333 
2 1 0 9.57007 7 9.7949 1 1 1 1 1.37773 1.02894 1.37773 -1.02894 
2 1 0 9.62007 7 9.88747 1 1 1 1 1.38898 1.02441 1.38898 -1.02441 
2 1 0 9.67007 7 9.98204 1 1 1 1 1.40022 1.01974 1.40022 -1.01974 
2 1 0 9.72007 7 10.0787 1 1 1 1 1.41143 1.01492 1.41143 -1.01492 
2 1 0 9.77007 7 10.1775 1 1 1 1 1.42261 1.00995 1.42261 -1.00995 
2 1 0 9.82007 7 10.2786 1 1 1 1 1.43377 1.00483 1.43377 -1.00483 
2 1 0 9.87007 7 10.3821 1 1 1 1 1.4449 0.999571 1.4449 -0.999571 
2 1 0 9.92007 7 10.488 1 1 1 1 1.45601 0.994157 1.45601 -0.994157 
2 1 0 9.97007 7 10.5964 1 1 1 1 1.4671 0.988592 1.4671 -0.988592 
2 1 0 10.0201 7 10.7075 1 1 1 1 1.47816 0.982874 1.47816 -0.982874 
4 -3 0 5.42007 5.42007 5.63029 1 1 1 1 1.47816 0.982874 1.47816 -0.982874 
3 -3 0 5.42393 5.42393 5.6316 1.01106 1.0093 0.989442 0.991093 0.999985 0 0.989799 0 
3 -3 0 5.43733 5.43733 5.63629 1.02367 1.01989 0.97852 0.981856 0.999887 0 0.955272 0 
3 -3 0 5.45243 5.45243 5.64171 1.03276 1.02743 0.971339 0.975775 0.999954 0 0.91722 0 
3 -3 0 5.46945 5.46945 5.64799 1.04078 1.03414 0.965436 0.970777 0.99925 0 0.873767 0 
3 -3 0 5.49553 5.49553 5.65799 1.05082 1.04252 0.958622 0.965007 0.999001 0 0.810364 0 
3 -3 0 5.53528 5.53528 5.67409 1.06328 1.05285 0.951075 0.958526 0.999985 0 0.720145 0 
3 -3 0 5.57938 5.57938 5.69322 1.07477 1.06238 0.94487 0.953273 0.998321 0 0.620931 0 
3 -3 0 5.62872 5.62872 5.71625 1.08582 1.0715 0.939642 0.948856 0.99871 0 0.520944 0 
3 -3 0 5.67821 5.67821 5.74115 1.09566 1.07956 0.935638 0.945416 0.999193 0 0.428721 0 
3 -3 0 5.72779 5.72779 5.768 1.1046 1.08687 0.932453 0.942706 0.999439 0 0.344067 0 
3 -3 0 5.77745 5.77745 5.79688 1.11286 1.09359 0.929905 0.940541 0.99957 0 0.267802 0 
3 -3 0 5.82715 5.82715 5.82791 1.1206 1.09985 0.927838 0.938805 0.999647 0 0.200535 0 
3 -3 0 5.87688 5.87688 5.86119 1.12795 1.10585 0.926152 0.937369 0.999696 0 0.142816 0 
3 -3 0 5.92663 5.92663 5.89687 1.13503 1.11161 0.924749 0.936178 0.999729 0 0.095087 0 
3 -3 0 5.9764 5.9764 5.93505 1.14196 1.11716 0.923706 0.935359 0.999797 0 0.057581 0 
3 -3 0 6.02618 6.02618 5.97587 1.1488 1.12269 0.922681 0.934488 0.999841 0 0.0303828 0 
3 -3 0 6.07596 6.07596 6.01938 1.15564 1.12823 0.921768 0.933715 0.999931 0 0.0128645 0 
3 -3 0 6.12574 6.12574 6.0656 1.16258 1.13379 0.920739 0.932819 1.00021 0 0.00375325 0 
3 -3 0 6.17551 6.17551 6.11443 1.16966 1.13951 0.919905 0.93213 1.00172 0 0.00132737 0 
3 -3 0 6.20039 6.20039 6.13981 1.17327 1.14241 0.919497 0.931793 0.999142 0 -0.000426557 0 
3 -3 0 6.22527 6.22527 6.1657 1.17707 1.14537 0.91909 0.931493 1.00178 0 0.0017984 0 
3 -3 0 6.25263 6.25263 6.19473 1.18117 1.14865 0.918645 0.931128 1.00585 0 0.00599394 0 
3 -3 0 6.30237 6.30237 6.24617 1.18879 1.15473 0.917848 0.930476 1.00571 0 0.000854444 0 
3 -3 0 6.3148 6.3148 6.25757 1.19082 1.15622 0.917995 0.93044 1.04376 0 0.0256037 0 
3 -3 0 6.32412 6.32412 6.26553 1.19228 1.15738 0.917855 0.930321 1.01533 0 -0.0155555 0 
4 -3 0 6.33812 6.33812 6.28002 1.19439 1.15906 0.917636 0.93014 1.47006 0 0.239881 0 
4 -3 0 6.35912 6.35912 6.2869 1.1984 1.16229 0.916803 0.929523 1.43267 0 0.338704 0 
4 -3 0 6.36451 6.36451 6.23545 1.20711 1.16912 0.913743 0.92703 0.425549 0 6.27016 0 
4 -3 0 6.37013 6.37013 6.26399 1.20295 1.16582 0.915613 0.928472 1.15334 0 3.45355 0 
4 -3 0 6.37013 6.37013 6.26399 1.20293 1.16585 0.915624 0.928624 1.15334 0 3.45355 0 
