0 -0.0407321 
0.01 -0.0432444 
0.02 -0.045901 
0.03 -0.0486656 
0.04 -0.05151 
0.05 -0.0544104 
0.06 -0.0573466 
0.07 -0.0602999 
0.08 -0.0632535 
0.09 -0.0661912 
0.1 -0.0690977 
0.11 -0.0719581 
0.12 -0.074758 
0.13 -0.0774831 
0.14 -0.0801195 
0.15 -0.0826533 
0.16 -0.085071 
0.17 -0.0873589 
0.18 -0.0895035 
0.19 -0.0914914 
0.2 -0.0933091 
0.21 -0.094943 
0.22 -0.0963795 
0.23 -0.0976051 
0.24 -0.098606 
0.25 -0.0993684 
0.26 -0.0998784 
0.27 -0.100122 
0.28 -0.100085 
0.29 -0.0997537 
0.3 -0.0991138 
0.31 -0.0981516 
0.32 -0.0968532 
0.33 -0.0952054 
0.34 -0.0931952 
0.35 -0.0908103 
0.36 -0.0880391 
0.37 -0.0848714 
0.38 -0.0812978 
0.39 -0.0773109 
0.4 -0.0729048 
0.41 -0.0680763 
0.42 -0.0628247 
0.43 -0.0571524 
0.44 -0.0510654 
0.45 -0.044574 
0.46 -0.0376925 
0.47 -0.0304404 
0.48 -0.0228421 
0.49 -0.0149271 
0.5 -0.00672951 
0.51 0.00171194 
0.52 0.0103553 
0.53 0.0191562 
0.54 0.0280698 
0.55 0.0370525 
0.56 0.0460636 
0.57 0.0550675 
0.58 0.0640353 
0.59 0.072946 
0.6 0.0817872 
0.61 0.0905549 
0.62 0.0992531 
0.63 0.107893 
0.64 0.116489 
0.65 0.12506 
0.66 0.133627 
0.67 0.142207 
0.68 0.150819 
0.69 0.159476 
0.7 0.16819 
0.71 0.176968 
0.72 0.185812 
0.73 0.194724 
0.74 0.203702 
0.75 0.21274 
0.76 0.221834 
0.77 0.230975 
0.78 0.240155 
0.79 0.249366 
0.8 0.258599 
0.81 0.267845 
0.82 0.277095 
0.83 0.286342 
0.84 0.295576 
0.85 0.30479 
0.86 0.313977 
0.87 0.32313 
0.88 0.332242 
0.89 0.341308 
0.9 0.35032 
0.91 0.359276 
0.92 0.368168 
0.93 0.376993 
0.94 0.385747 
0.95 0.394425 
0.96 0.403024 
0.97 0.41154 
0.98 0.419971 
0.99 0.428314 
1 0.436566 
1.01 0.444726 
1.02 0.45279 
1.03 0.460757 
1.04 0.468626 
1.05 0.476396 
1.06 0.484064 
1.07 0.491631 
1.08 0.499094 
1.09 0.506455 
1.1 0.513711 
1.11 0.520863 
1.12 0.527911 
1.13 0.534854 
1.14 0.541693 
1.15 0.548427 
1.16 0.555057 
1.17 0.561584 
1.18 0.568007 
1.19 0.574328 
1.2 0.580547 
1.21 0.586664 
1.22 0.592682 
1.23 0.598599 
1.24 0.604419 
1.25 0.61014 
1.26 0.615765 
1.27 0.621295 
1.28 0.626731 
1.29 0.632073 
1.3 0.637324 
1.31 0.642484 
1.32 0.647555 
1.33 0.652538 
1.34 0.657434 
1.35 0.662244 
1.36 0.666971 
1.37 0.671616 
1.38 0.676179 
1.39 0.680662 
1.4 0.685067 
1.41 0.689394 
1.42 0.693646 
1.43 0.697824 
1.44 0.701929 
1.45 0.705962 
1.46 0.709926 
1.47 0.71382 
1.48 0.717647 
1.49 0.721408 
1.5 0.725105 
1.51 0.728738 
1.52 0.732308 
1.53 0.735819 
1.54 0.739269 
1.55 0.742661 
1.56 0.745997 
1.57 0.749276 
1.58 0.752501 
1.59 0.755673 
1.6 0.758792 
1.61 0.76186 
1.62 0.764879 
1.63 0.767849 
1.64 0.770771 
1.65 0.773646 
1.66 0.776476 
1.67 0.779262 
1.68 0.782004 
1.69 0.784704 
1.7 0.787362 
1.71 0.78998 
1.72 0.792558 
1.73 0.795098 
1.74 0.7976 
1.75 0.800065 
1.76 0.802494 
1.77 0.804889 
1.78 0.807249 
1.79 0.809575 
1.8 0.811869 
1.81 0.814132 
1.82 0.816363 
1.83 0.818564 
1.84 0.820735 
1.85 0.822878 
1.86 0.824992 
1.87 0.827079 
1.88 0.829139 
1.89 0.831173 
1.9 0.833182 
1.91 0.835166 
1.92 0.837125 
1.93 0.839061 
1.94 0.840973 
1.95 0.842864 
1.96 0.844732 
1.97 0.846579 
1.98 0.848405 
1.99 0.85021 
2 0.851996 
2.01 0.853762 
2.02 0.85551 
2.03 0.857239 
2.04 0.858949 
2.05 0.860643 
2.06 0.862319 
2.07 0.863979 
2.08 0.865622 
2.09 0.86725 
2.1 0.868862 
2.11 0.870458 
2.12 0.872041 
2.13 0.873608 
2.14 0.875162 
2.15 0.876702 
2.16 0.878229 
2.17 0.879743 
2.18 0.881244 
2.19 0.882732 
2.2 0.884209 
2.21 0.885674 
2.22 0.887127 
2.23 0.888569 
2.24 0.89 
2.25 0.891421 
2.26 0.892831 
2.27 0.894231 
2.28 0.895621 
2.29 0.897001 
2.3 0.898372 
2.31 0.899734 
2.32 0.901086 
2.33 0.90243 
2.34 0.903766 
2.35 0.905093 
2.36 0.906411 
2.37 0.907722 
2.38 0.909025 
2.39 0.910321 
2.4 0.911609 
2.41 0.91289 
2.42 0.914164 
2.43 0.915431 
2.44 0.916692 
2.45 0.917945 
2.46 0.919193 
2.47 0.920434 
2.48 0.921669 
2.49 0.922898 
2.5 0.924121 
2.51 0.925339 
2.52 0.926551 
2.53 0.927758 
2.54 0.928959 
2.55 0.930155 
2.56 0.931346 
2.57 0.932533 
2.58 0.933714 
2.59 0.934891 
2.6 0.936063 
2.61 0.937231 
2.62 0.938394 
2.63 0.939553 
2.64 0.940708 
2.65 0.941858 
2.66 0.943005 
2.67 0.944148 
2.68 0.945287 
2.69 0.946422 
2.7 0.947554 
2.71 0.948682 
2.72 0.949807 
2.73 0.950928 
2.74 0.952046 
2.75 0.95316 
2.76 0.954272 
2.77 0.95538 
2.78 0.956486 
2.79 0.957588 
2.8 0.958688 
2.81 0.959784 
2.82 0.960878 
2.83 0.961969 
2.84 0.963058 
2.85 0.964144 
2.86 0.965227 
2.87 0.966308 
2.88 0.967387 
2.89 0.968463 
2.9 0.969536 
2.91 0.970608 
2.92 0.971677 
2.93 0.972744 
2.94 0.973809 
2.95 0.974872 
2.96 0.975933 
2.97 0.976992 
2.98 0.978049 
2.99 0.979104 
3 0.980157 
3.01 0.981208 
3.02 0.982258 
3.03 0.983306 
3.04 0.984352 
3.05 0.985396 
3.06 0.986439 
3.07 0.98748 
3.08 0.988519 
3.09 0.989557 
3.1 0.990594 
3.11 0.991629 
3.12 0.992662 
3.13 0.993694 
3.14 0.994725 
3.15 0.995754 
3.16 0.996782 
3.17 0.997809 
3.18 0.998834 
3.19 0.999858 
3.2 1.00088 
3.21 1.0019 
3.22 1.00292 
3.23 1.00394 
3.24 1.00496 
3.25 1.00598 
3.26 1.00699 
3.27 1.00801 
3.28 1.00902 
3.29 1.01004 
3.3 1.01105 
3.31 1.01206 
3.32 1.01307 
3.33 1.01408 
3.34 1.01508 
3.35 1.01609 
3.36 1.0171 
3.37 1.0181 
3.38 1.01911 
3.39 1.02011 
3.4 1.02111 
3.41 1.02211 
3.42 1.02312 
3.43 1.02412 
3.44 1.02511 
3.45 1.02611 
3.46 1.02711 
3.47 1.02811 
3.48 1.0291 
3.49 1.0301 
3.5 1.03109 
3.51 1.03209 
3.52 1.03308 
3.53 1.03408 
3.54 1.03507 
3.55 1.03606 
3.56 1.03705 
3.57 1.03804 
3.58 1.03903 
3.59 1.04002 
3.6 1.04101 
3.61 1.04199 
3.62 1.04298 
3.63 1.04397 
3.64 1.04495 
3.65 1.04594 
3.66 1.04693 
3.67 1.04791 
3.68 1.04889 
3.69 1.04988 
3.7 1.05086 
3.71 1.05184 
3.72 1.05282 
3.73 1.05381 
3.74 1.05479 
3.75 1.05577 
3.76 1.05675 
3.77 1.05773 
3.78 1.05871 
3.79 1.05968 
3.8 1.06066 
3.81 1.06164 
3.82 1.06262 
3.83 1.06359 
3.84 1.06457 
3.85 1.06555 
3.86 1.06652 
3.87 1.0675 
3.88 1.06847 
3.89 1.06945 
3.9 1.07042 
3.91 1.07139 
3.92 1.07237 
3.93 1.07334 
3.94 1.07431 
3.95 1.07528 
3.96 1.07625 
3.97 1.07723 
3.98 1.0782 
3.99 1.07917 
4 1.08014 
4.01 1.08111 
4.02 1.08208 
4.03 1.08305 
4.04 1.08401 
4.05 1.08498 
4.06 1.08595 
4.07 1.08692 
4.08 1.08789 
4.09 1.08885 
4.1 1.08982 
4.11 1.09078 
4.12 1.09175 
4.13 1.09272 
4.14 1.09368 
4.15 1.09465 
4.16 1.09561 
4.17 1.09658 
4.18 1.09754 
4.19 1.0985 
4.2 1.09947 
4.21 1.10043 
4.22 1.10139 
4.23 1.10236 
4.24 1.10332 
4.25 1.10428 
4.26 1.10524 
4.27 1.1062 
4.28 1.10716 
4.29 1.10812 
4.3 1.10908 
4.31 1.11004 
4.32 1.111 
4.33 1.11196 
4.34 1.11292 
4.35 1.11388 
4.36 1.11484 
4.37 1.1158 
4.38 1.11676 
4.39 1.11771 
4.4 1.11867 
4.41 1.11963 
4.42 1.12059 
4.43 1.12154 
4.44 1.1225 
4.45 1.12345 
4.46 1.12441 
4.47 1.12537 
4.48 1.12632 
4.49 1.12727 
4.5 1.12823 
4.51 1.12918 
4.52 1.13014 
4.53 1.13109 
4.54 1.13204 
4.55 1.133 
4.56 1.13395 
4.57 1.1349 
4.58 1.13585 
4.59 1.13681 
4.6 1.13776 
4.61 1.13871 
4.62 1.13966 
4.63 1.14061 
4.64 1.14156 
4.65 1.14251 
4.66 1.14346 
4.67 1.14441 
4.68 1.14536 
4.69 1.14631 
4.7 1.14726 
4.71 1.14821 
4.72 1.14915 
4.73 1.1501 
4.74 1.15105 
4.75 1.152 
4.76 1.15294 
4.77 1.15389 
4.78 1.15484 
4.79 1.15578 
4.8 1.15673 
4.81 1.15767 
4.82 1.15862 
4.83 1.15956 
4.84 1.16051 
4.85 1.16145 
4.86 1.16239 
4.87 1.16334 
4.88 1.16428 
4.89 1.16522 
4.9 1.16617 
4.91 1.16711 
4.92 1.16805 
4.93 1.16899 
4.94 1.16993 
4.95 1.17087 
4.96 1.17181 
4.97 1.17275 
4.98 1.17369 
4.99 1.17463 
5 1.17557 
5.01 1.17651 
5.02 1.17745 
5.03 1.17839 
5.04 1.17933 
5.05 1.18026 
5.06 1.1812 
5.07 1.18214 
5.08 1.18307 
5.09 1.18401 
5.1 1.18495 
5.11 1.18588 
5.12 1.18682 
5.13 1.18775 
5.14 1.18868 
5.15 1.18962 
5.16 1.19055 
5.17 1.19149 
5.18 1.19242 
5.19 1.19335 
5.2 1.19428 
5.21 1.19522 
5.22 1.19615 
5.23 1.19708 
5.24 1.19801 
5.25 1.19894 
5.26 1.19987 
5.27 1.2008 
5.28 1.20173 
5.29 1.20266 
5.3 1.20359 
5.31 1.20451 
5.32 1.20544 
5.33 1.20637 
5.34 1.2073 
5.35 1.20822 
5.36 1.20915 
5.37 1.21007 
5.38 1.211 
5.39 1.21192 
5.4 1.21285 
5.41 1.21377 
5.42 1.2147 
5.43 1.21562 
5.44 1.21654 
5.45 1.21746 
5.46 1.21839 
5.47 1.21931 
5.48 1.22023 
5.49 1.22115 
5.5 1.22207 
5.51 1.22299 
5.52 1.22391 
5.53 1.22483 
5.54 1.22575 
5.55 1.22667 
5.56 1.22758 
5.57 1.2285 
5.58 1.22942 
5.59 1.23033 
5.6 1.23125 
5.61 1.23216 
5.62 1.23308 
5.63 1.23399 
5.64 1.23491 
5.65 1.23582 
5.66 1.23673 
5.67 1.23765 
5.68 1.23856 
5.69 1.23947 
5.7 1.24038 
5.71 1.24129 
5.72 1.2422 
5.73 1.24311 
5.74 1.24402 
5.75 1.24493 
5.76 1.24584 
5.77 1.24675 
5.78 1.24766 
5.79 1.24856 
5.8 1.24947 
5.81 1.25037 
5.82 1.25128 
5.83 1.25218 
5.84 1.25309 
5.85 1.25399 
5.86 1.2549 
5.87 1.2558 
5.88 1.2567 
5.89 1.2576 
5.9 1.2585 
5.91 1.2594 
5.92 1.2603 
5.93 1.2612 
5.94 1.2621 
5.95 1.263 
5.96 1.2639 
5.97 1.2648 
5.98 1.26569 
5.99 1.26659 
6 1.26748 
6.01 1.26838 
6.02 1.26927 
6.03 1.27017 
6.04 1.27106 
6.05 1.27195 
6.06 1.27285 
6.07 1.27374 
6.08 1.27463 
6.09 1.27552 
6.1 1.27641 
6.11 1.2773 
6.12 1.27819 
6.13 1.27908 
6.14 1.27996 
6.15 1.28085 
6.16 1.28174 
6.17 1.28262 
6.18 1.28351 
6.19 1.28439 
6.2 1.28527 
6.21 1.28616 
6.22 1.28704 
6.23 1.28792 
6.24 1.2888 
6.25 1.28968 
6.26 1.29056 
6.27 1.29144 
6.28 1.29232 
6.29 1.2932 
6.3 1.29408 
6.31 1.29495 
6.32 1.29583 
6.33 1.29671 
6.34 1.29758 
6.35 1.29845 
6.36 1.29933 
6.37 1.3002 
6.38 1.30107 
6.39 1.30194 
6.4 1.30281 
6.41 1.30368 
6.42 1.30455 
6.43 1.30542 
6.44 1.30629 
6.45 1.30716 
6.46 1.30802 
6.47 1.30889 
6.48 1.30976 
6.49 1.31062 
6.5 1.31148 
6.51 1.31235 
6.52 1.31321 
6.53 1.31407 
6.54 1.31493 
6.55 1.31579 
6.56 1.31665 
6.57 1.31751 
6.58 1.31837 
6.59 1.31922 
6.6 1.32008 
6.61 1.32094 
6.62 1.32179 
6.63 1.32264 
6.64 1.3235 
6.65 1.32435 
6.66 1.3252 
6.67 1.32605 
6.68 1.3269 
6.69 1.32775 
6.7 1.3286 
6.71 1.32945 
6.72 1.33029 
6.73 1.33114 
6.74 1.33199 
6.75 1.33283 
6.76 1.33367 
6.77 1.33452 
6.78 1.33536 
6.79 1.3362 
6.8 1.33704 
6.81 1.33788 
6.82 1.33872 
6.83 1.33956 
6.84 1.34039 
6.85 1.34123 
6.86 1.34207 
6.87 1.3429 
6.88 1.34373 
6.89 1.34457 
6.9 1.3454 
6.91 1.34623 
6.92 1.34706 
6.93 1.34789 
6.94 1.34872 
6.95 1.34955 
6.96 1.35037 
6.97 1.3512 
6.98 1.35202 
6.99 1.35285 
7 1.35367 
7.01 1.35449 
7.02 1.35531 
7.03 1.35614 
7.04 1.35695 
7.05 1.35777 
7.06 1.35859 
7.07 1.35941 
7.08 1.36022 
7.09 1.36104 
7.1 1.36185 
7.11 1.36266 
7.12 1.36348 
7.13 1.36429 
7.14 1.3651 
7.15 1.36591 
7.16 1.36672 
7.17 1.36752 
7.18 1.36833 
7.19 1.36913 
7.2 1.36994 
7.21 1.37074 
7.22 1.37154 
7.23 1.37235 
7.24 1.37315 
7.25 1.37395 
7.26 1.37474 
7.27 1.37554 
7.28 1.37634 
7.29 1.37713 
7.3 1.37793 
7.31 1.37872 
7.32 1.37951 
7.33 1.3803 
7.34 1.38109 
7.35 1.38188 
7.36 1.38267 
7.37 1.38346 
7.38 1.38424 
7.39 1.38503 
7.4 1.38581 
7.41 1.3866 
7.42 1.38738 
7.43 1.38816 
7.44 1.38894 
7.45 1.38972 
7.46 1.39049 
7.47 1.39127 
7.48 1.39205 
7.49 1.39282 
7.5 1.39359 
7.51 1.39436 
7.52 1.39513 
7.53 1.3959 
7.54 1.39667 
7.55 1.39744 
7.56 1.39821 
7.57 1.39897 
7.58 1.39974 
7.59 1.4005 
7.6 1.40126 
7.61 1.40202 
7.62 1.40278 
7.63 1.40354 
7.64 1.4043 
7.65 1.40505 
7.66 1.40581 
7.67 1.40656 
7.68 1.40731 
7.69 1.40806 
7.7 1.40881 
7.71 1.40956 
7.72 1.41031 
7.73 1.41106 
7.74 1.4118 
7.75 1.41255 
7.76 1.41329 
7.77 1.41403 
7.78 1.41477 
7.79 1.41551 
7.8 1.41625 
7.81 1.41699 
7.82 1.41772 
7.83 1.41845 
7.84 1.41919 
7.85 1.41992 
7.86 1.42065 
7.87 1.42138 
7.88 1.42211 
7.89 1.42283 
7.9 1.42356 
7.91 1.42428 
7.92 1.42501 
7.93 1.42573 
7.94 1.42645 
7.95 1.42717 
7.96 1.42788 
7.97 1.4286 
7.98 1.42931 
7.99 1.43003 
8 1.43074 
8.01 1.43145 
8.02 1.43216 
8.03 1.43287 
8.04 1.43358 
8.05 1.43428 
8.06 1.43499 
8.07 1.43569 
8.08 1.43639 
8.09 1.43709 
8.1 1.43779 
8.11 1.43849 
8.12 1.43918 
8.13 1.43988 
8.14 1.44057 
8.15 1.44126 
8.16 1.44195 
8.17 1.44264 
8.18 1.44333 
8.19 1.44402 
8.2 1.4447 
8.21 1.44538 
8.22 1.44607 
8.23 1.44675 
8.24 1.44743 
8.25 1.4481 
8.26 1.44878 
8.27 1.44945 
8.28 1.45013 
8.29 1.4508 
8.3 1.45147 
8.31 1.45214 
8.32 1.45281 
8.33 1.45347 
8.34 1.45414 
8.35 1.4548 
8.36 1.45546 
8.37 1.45612 
8.38 1.45678 
8.39 1.45744 
8.4 1.45809 
8.41 1.45874 
8.42 1.4594 
8.43 1.46005 
8.44 1.4607 
8.45 1.46134 
8.46 1.46199 
8.47 1.46264 
8.48 1.46328 
8.49 1.46392 
8.5 1.46456 
8.51 1.4652 
8.52 1.46584 
8.53 1.46647 
8.54 1.4671 
8.55 1.46774 
8.56 1.46837 
8.57 1.469 
8.58 1.46962 
8.59 1.47025 
8.6 1.47087 
8.61 1.47149 
8.62 1.47212 
8.63 1.47273 
8.64 1.47335 
8.65 1.47397 
8.66 1.47458 
8.67 1.47519 
8.68 1.47581 
8.69 1.47642 
8.7 1.47702 
8.71 1.47763 
8.72 1.47823 
8.73 1.47884 
8.74 1.47944 
8.75 1.48004 
8.76 1.48063 
8.77 1.48123 
8.78 1.48182 
8.79 1.48242 
8.8 1.48301 
8.81 1.48359 
8.82 1.48418 
8.83 1.48477 
8.84 1.48535 
8.85 1.48593 
8.86 1.48651 
8.87 1.48709 
8.88 1.48767 
8.89 1.48824 
8.9 1.48882 
8.91 1.48939 
8.92 1.48996 
8.93 1.49053 
8.94 1.49109 
8.95 1.49166 
8.96 1.49222 
8.97 1.49278 
8.98 1.49334 
8.99 1.49389 
9 1.49445 
9.01 1.495 
9.02 1.49555 
9.03 1.4961 
9.04 1.49665 
9.05 1.4972 
9.06 1.49774 
9.07 1.49828 
9.08 1.49882 
9.09 1.49936 
9.1 1.4999 
9.11 1.50043 
9.12 1.50097 
9.13 1.5015 
9.14 1.50203 
9.15 1.50255 
9.16 1.50308 
9.17 1.5036 
9.18 1.50412 
9.19 1.50464 
9.2 1.50516 
9.21 1.50568 
9.22 1.50619 
9.23 1.5067 
9.24 1.50721 
9.25 1.50772 
9.26 1.50823 
9.27 1.50873 
9.28 1.50923 
9.29 1.50973 
9.3 1.51023 
9.31 1.51072 
9.32 1.51122 
9.33 1.51171 
9.34 1.5122 
9.35 1.51269 
9.36 1.51317 
9.37 1.51366 
9.38 1.51414 
9.39 1.51462 
9.4 1.5151 
9.41 1.51557 
9.42 1.51605 
9.43 1.51652 
9.44 1.51699 
9.45 1.51745 
9.46 1.51792 
9.47 1.51838 
9.48 1.51884 
9.49 1.5193 
9.5 1.51976 
9.51 1.52022 
9.52 1.52067 
9.53 1.52112 
9.54 1.52157 
9.55 1.52201 
9.56 1.52246 
9.57 1.5229 
9.58 1.52334 
9.59 1.52378 
9.6 1.52421 
9.61 1.52465 
9.62 1.52508 
9.63 1.52551 
9.64 1.52593 
9.65 1.52636 
9.66 1.52678 
9.67 1.5272 
9.68 1.52762 
9.69 1.52804 
9.7 1.52845 
9.71 1.52886 
9.72 1.52927 
9.73 1.52968 
9.74 1.53008 
9.75 1.53048 
9.76 1.53089 
9.77 1.53128 
9.78 1.53168 
9.79 1.53207 
9.8 1.53246 
9.81 1.53285 
9.82 1.53324 
9.83 1.53362 
9.84 1.53401 
9.85 1.53439 
9.86 1.53476 
9.87 1.53514 
9.88 1.53551 
9.89 1.53588 
9.9 1.53625 
9.91 1.53662 
9.92 1.53698 
9.93 1.53734 
9.94 1.5377 
9.95 1.53806 
9.96 1.53841 
9.97 1.53876 
9.98 1.53911 
9.99 1.53946 
10 1.5398 
10.01 1.54014 
10.02 1.54048 
10.03 1.54082 
10.04 1.54116 
10.05 1.54149 
10.06 1.54182 
10.07 1.54215 
10.08 1.54247 
10.09 1.54279 
10.1 1.54311 
10.11 1.54343 
10.12 1.54375 
10.13 1.54406 
10.14 1.54437 
10.15 1.54468 
10.16 1.54498 
10.17 1.54529 
10.18 1.54559 
10.19 1.54588 
10.2 1.54618 
10.21 1.54647 
10.22 1.54676 
10.23 1.54705 
10.24 1.54734 
10.25 1.54762 
10.26 1.5479 
10.27 1.54818 
10.28 1.54845 
10.29 1.54872 
10.3 1.54899 
10.31 1.54926 
10.32 1.54953 
10.33 1.54979 
10.34 1.55005 
10.35 1.5503 
10.36 1.55056 
10.37 1.55081 
10.38 1.55106 
10.39 1.55131 
10.4 1.55155 
10.41 1.55179 
10.42 1.55203 
10.43 1.55227 
10.44 1.5525 
10.45 1.55273 
10.46 1.55296 
10.47 1.55318 
10.48 1.5534 
10.49 1.55362 
10.5 1.55384 
10.51 1.55406 
10.52 1.55427 
10.53 1.55448 
10.54 1.55468 
10.55 1.55488 
10.56 1.55509 
10.57 1.55528 
10.58 1.55548 
10.59 1.55567 
10.6 1.55586 
10.61 1.55605 
10.62 1.55623 
10.63 1.55641 
10.64 1.55659 
10.65 1.55677 
10.66 1.55694 
10.67 1.55711 
10.68 1.55728 
10.69 1.55744 
10.7 1.5576 
10.71 1.55776 
10.72 1.55792 
10.73 1.55807 
10.74 1.55822 
10.75 1.55837 
10.76 1.55851 
10.77 1.55865 
10.78 1.55879 
10.79 1.55893 
10.8 1.55906 
10.81 1.55919 
10.82 1.55932 
10.83 1.55944 
10.84 1.55956 
10.85 1.55968 
10.86 1.5598 
10.87 1.55991 
10.88 1.56002 
10.89 1.56013 
10.9 1.56023 
10.91 1.56033 
10.92 1.56043 
10.93 1.56052 
10.94 1.56061 
10.95 1.5607 
10.96 1.56079 
10.97 1.56087 
10.98 1.56095 
10.99 1.56103 
11 1.5611 
11.01 1.56117 
11.02 1.56124 
11.03 1.5613 
11.04 1.56136 
11.05 1.56142 
11.06 1.56148 
11.07 1.56153 
11.08 1.56158 
11.09 1.56163 
11.1 1.56167 
11.11 1.56171 
11.12 1.56174 
11.13 1.56178 
11.14 1.56181 
11.15 1.56184 
11.16 1.56186 
11.17 1.56188 
11.18 1.5619 
11.19 1.56191 
11.2 1.56193 
11.21 1.56193 
11.22 1.56194 
11.23 1.56194 
11.24 1.56194 
11.25 1.56194 
11.26 1.56193 
11.27 1.56192 
11.28 1.5619 
11.29 1.56189 
11.3 1.56186 
11.31 1.56184 
11.32 1.56181 
11.33 1.56178 
11.34 1.56175 
11.35 1.56171 
11.36 1.56167 
11.37 1.56163 
11.38 1.56158 
11.39 1.56153 
11.4 1.56148 
11.41 1.56142 
11.42 1.56136 
11.43 1.5613 
11.44 1.56123 
11.45 1.56116 
11.46 1.56109 
11.47 1.56102 
11.48 1.56094 
11.49 1.56085 
11.5 1.56077 
11.51 1.56068 
11.52 1.56058 
11.53 1.56049 
11.54 1.56038 
11.55 1.56028 
11.56 1.56017 
11.57 1.56006 
11.58 1.55995 
11.59 1.55983 
11.6 1.55971 
11.61 1.55959 
11.62 1.55946 
11.63 1.55933 
11.64 1.55919 
11.65 1.55906 
11.66 1.55891 
11.67 1.55877 
11.68 1.55862 
11.69 1.55847 
11.7 1.55831 
11.71 1.55815 
11.72 1.55799 
11.73 1.55783 
11.74 1.55766 
11.75 1.55748 
11.76 1.55731 
11.77 1.55713 
11.78 1.55694 
11.79 1.55675 
11.8 1.55656 
11.81 1.55637 
11.82 1.55617 
11.83 1.55597 
11.84 1.55576 
11.85 1.55555 
11.86 1.55534 
11.87 1.55512 
11.88 1.5549 
11.89 1.55468 
11.9 1.55445 
11.91 1.55422 
11.92 1.55399 
11.93 1.55375 
11.94 1.55351 
11.95 1.55326 
11.96 1.55301 
11.97 1.55276 
11.98 1.5525 
11.99 1.55224 
12 1.55198 
12.01 1.55171 
12.02 1.55144 
12.03 1.55116 
12.04 1.55088 
12.05 1.5506 
12.06 1.55031 
12.07 1.55002 
12.08 1.54973 
12.09 1.54943 
12.1 1.54913 
12.11 1.54882 
12.12 1.54851 
12.13 1.5482 
12.14 1.54788 
12.15 1.54756 
12.16 1.54723 
12.17 1.5469 
12.18 1.54657 
12.19 1.54623 
12.2 1.54589 
12.21 1.54555 
12.22 1.5452 
12.23 1.54485 
12.24 1.54449 
12.25 1.54413 
12.26 1.54377 
12.27 1.5434 
12.28 1.54303 
12.29 1.54265 
12.3 1.54227 
12.31 1.54189 
12.32 1.5415 
12.33 1.54111 
12.34 1.54071 
12.35 1.54031 
12.36 1.53991 
12.37 1.5395 
12.38 1.53909 
12.39 1.53868 
12.4 1.53826 
12.41 1.53783 
12.42 1.5374 
12.43 1.53697 
12.44 1.53654 
12.45 1.5361 
12.46 1.53565 
12.47 1.5352 
12.48 1.53475 
12.49 1.5343 
12.5 1.53383 
12.51 1.53337 
12.52 1.5329 
12.53 1.53243 
12.54 1.53195 
12.55 1.53147 
12.56 1.53099 
12.57 1.5305 
12.58 1.53 
12.59 1.5295 
12.6 1.529 
12.61 1.5285 
12.62 1.52799 
12.63 1.52747 
12.64 1.52695 
12.65 1.52643 
12.66 1.5259 
12.67 1.52537 
12.68 1.52483 
12.69 1.52429 
12.7 1.52375 
12.71 1.5232 
12.72 1.52265 
12.73 1.52209 
12.74 1.52153 
12.75 1.52096 
12.76 1.52039 
12.77 1.51982 
12.78 1.51924 
12.79 1.51866 
12.8 1.51807 
12.81 1.51748 
12.82 1.51688 
12.83 1.51628 
12.84 1.51568 
12.85 1.51507 
12.86 1.51446 
12.87 1.51384 
12.88 1.51321 
12.89 1.51259 
12.9 1.51196 
12.91 1.51132 
12.92 1.51068 
12.93 1.51004 
12.94 1.50939 
12.95 1.50873 
12.96 1.50808 
12.97 1.50741 
12.98 1.50675 
12.99 1.50608 
13 1.5054 
13.01 1.50472 
13.02 1.50403 
13.03 1.50334 
13.04 1.50265 
13.05 1.50195 
13.06 1.50125 
13.07 1.50054 
13.08 1.49983 
13.09 1.49911 
13.1 1.49839 
13.11 1.49767 
13.12 1.49694 
13.13 1.4962 
13.14 1.49546 
13.15 1.49472 
13.16 1.49397 
13.17 1.49321 
13.18 1.49245 
13.19 1.49169 
13.2 1.49092 
13.21 1.49015 
13.22 1.48938 
13.23 1.48859 
13.24 1.48781 
13.25 1.48702 
13.26 1.48622 
13.27 1.48542 
13.28 1.48461 
13.29 1.4838 
13.3 1.48299 
13.31 1.48217 
13.32 1.48135 
13.33 1.48052 
13.34 1.47968 
13.35 1.47885 
13.36 1.478 
13.37 1.47715 
13.38 1.4763 
13.39 1.47544 
13.4 1.47458 
13.41 1.47371 
13.42 1.47284 
13.43 1.47196 
13.44 1.47108 
13.45 1.47019 
13.46 1.4693 
13.47 1.46841 
13.48 1.4675 
13.49 1.4666 
13.5 1.46569 
13.51 1.46477 
13.52 1.46385 
13.53 1.46292 
13.54 1.46199 
13.55 1.46106 
13.56 1.46012 
13.57 1.45917 
13.58 1.45822 
13.59 1.45726 
13.6 1.4563 
13.61 1.45534 
13.62 1.45437 
13.63 1.45339 
13.64 1.45241 
13.65 1.45142 
13.66 1.45043 
13.67 1.44944 
13.68 1.44843 
13.69 1.44743 
13.7 1.44642 
13.71 1.4454 
13.72 1.44438 
13.73 1.44335 
13.74 1.44232 
13.75 1.44128 
13.76 1.44024 
13.77 1.4392 
13.78 1.43814 
13.79 1.43709 
13.8 1.43602 
13.81 1.43496 
13.82 1.43388 
13.83 1.4328 
13.84 1.43172 
13.85 1.43063 
13.86 1.42954 
13.87 1.42844 
13.88 1.42734 
13.89 1.42623 
13.9 1.42511 
13.91 1.42399 
13.92 1.42287 
13.93 1.42174 
13.94 1.4206 
13.95 1.41946 
13.96 1.41831 
13.97 1.41716 
13.98 1.41601 
13.99 1.41484 
14 1.41368 
14.01 1.4125 
14.02 1.41132 
14.03 1.41014 
14.04 1.40895 
14.05 1.40776 
14.06 1.40656 
14.07 1.40535 
14.08 1.40414 
14.09 1.40293 
14.1 1.4017 
14.11 1.40048 
14.12 1.39925 
14.13 1.39801 
14.14 1.39677 
14.15 1.39552 
14.16 1.39426 
14.17 1.393 
14.18 1.39174 
14.19 1.39047 
14.2 1.38919 
14.21 1.38791 
14.22 1.38662 
14.23 1.38533 
14.24 1.38403 
14.25 1.38273 
14.26 1.38142 
14.27 1.3801 
14.28 1.37878 
14.29 1.37746 
14.3 1.37613 
14.31 1.37479 
14.32 1.37345 
14.33 1.3721 
14.34 1.37074 
14.35 1.36938 
14.36 1.36802 
14.37 1.36665 
14.38 1.36527 
14.39 1.36389 
14.4 1.3625 
14.41 1.36111 
14.42 1.35971 
14.43 1.3583 
14.44 1.35689 
14.45 1.35548 
14.46 1.35405 
14.47 1.35263 
14.48 1.35119 
14.49 1.34975 
14.5 1.34831 
14.51 1.34686 
14.52 1.3454 
14.53 1.34394 
14.54 1.34247 
14.55 1.341 
14.56 1.33952 
14.57 1.33803 
14.58 1.33654 
14.59 1.33504 
14.6 1.33354 
14.61 1.33203 
14.62 1.33051 
14.63 1.32899 
14.64 1.32747 
14.65 1.32593 
14.66 1.3244 
14.67 1.32285 
14.68 1.3213 
14.69 1.31974 
14.7 1.31818 
14.71 1.31661 
14.72 1.31504 
14.73 1.31346 
14.74 1.31187 
14.75 1.31028 
14.76 1.30868 
14.77 1.30708 
14.78 1.30547 
14.79 1.30385 
14.8 1.30223 
14.81 1.3006 
14.82 1.29897 
14.83 1.29733 
14.84 1.29568 
14.85 1.29403 
14.86 1.29237 
14.87 1.29071 
14.88 1.28904 
14.89 1.28736 
14.9 1.28568 
14.91 1.28399 
14.92 1.28229 
14.93 1.28059 
14.94 1.27889 
14.95 1.27717 
14.96 1.27545 
14.97 1.27373 
14.98 1.27199 
14.99 1.27026 
15 1.26851 
15.01 1.26676 
15.02 1.26501 
15.03 1.26324 
15.04 1.26147 
15.05 1.2597 
15.06 1.25792 
15.07 1.25613 
15.08 1.25434 
15.09 1.25253 
15.1 1.25073 
15.11 1.24892 
15.12 1.2471 
15.13 1.24527 
15.14 1.24344 
15.15 1.2416 
15.16 1.23976 
15.17 1.23791 
15.18 1.23605 
15.19 1.23419 
15.2 1.23232 
15.21 1.23044 
15.22 1.22856 
15.23 1.22667 
15.24 1.22477 
15.25 1.22287 
15.26 1.22096 
15.27 1.21905 
15.28 1.21713 
15.29 1.2152 
15.3 1.21327 
15.31 1.21133 
15.32 1.20938 
15.33 1.20743 
15.34 1.20547 
15.35 1.2035 
15.36 1.20153 
15.37 1.19955 
15.38 1.19757 
15.39 1.19557 
15.4 1.19358 
15.41 1.19157 
15.42 1.18956 
15.43 1.18754 
15.44 1.18552 
15.45 1.18349 
15.46 1.18145 
15.47 1.1794 
15.48 1.17735 
15.49 1.1753 
15.5 1.17323 
15.51 1.17116 
15.52 1.16908 
15.53 1.167 
15.54 1.16491 
15.55 1.16281 
15.56 1.16071 
15.57 1.1586 
15.58 1.15648 
15.59 1.15436 
15.6 1.15223 
15.61 1.15009 
15.62 1.14795 
15.63 1.1458 
15.64 1.14364 
15.65 1.14148 
15.66 1.13931 
15.67 1.13713 
15.68 1.13495 
15.69 1.13276 
15.7 1.13056 
15.71 1.12836 
15.72 1.12615 
15.73 1.12393 
15.74 1.12171 
15.75 1.11948 
15.76 1.11724 
15.77 1.11499 
15.78 1.11274 
15.79 1.11049 
15.8 1.10822 
15.81 1.10595 
15.82 1.10367 
15.83 1.10139 
15.84 1.0991 
15.85 1.0968 
15.86 1.09449 
15.87 1.09218 
15.88 1.08986 
15.89 1.08754 
15.9 1.0852 
15.91 1.08286 
15.92 1.08052 
15.93 1.07816 
15.94 1.0758 
15.95 1.07344 
15.96 1.07106 
15.97 1.06868 
15.98 1.06629 
15.99 1.0639 
16 1.0615 
16.01 1.05909 
16.02 1.05668 
16.03 1.05425 
16.04 1.05183 
16.05 1.04939 
16.06 1.04695 
16.07 1.0445 
16.08 1.04204 
16.09 1.03958 
16.1 1.03711 
16.11 1.03463 
16.12 1.03214 
16.13 1.02965 
16.14 1.02716 
16.15 1.02465 
16.16 1.02214 
16.17 1.01962 
16.18 1.01709 
16.19 1.01456 
16.2 1.01202 
16.21 1.00947 
16.22 1.00692 
16.23 1.00436 
16.24 1.00179 
16.25 0.999215 
16.26 0.996634 
16.27 0.994045 
16.28 0.991449 
16.29 0.988846 
16.3 0.986236 
16.31 0.983619 
16.32 0.980996 
16.33 0.978365 
16.34 0.975727 
16.35 0.973082 
16.36 0.97043 
16.37 0.967771 
16.38 0.965106 
16.39 0.962433 
16.4 0.959753 
16.41 0.957066 
16.42 0.954372 
16.43 0.951671 
16.44 0.948963 
16.45 0.946248 
16.46 0.943526 
16.47 0.940797 
16.48 0.938061 
16.49 0.935318 
16.5 0.932568 
16.51 0.929811 
16.52 0.927047 
16.53 0.924276 
16.54 0.921498 
16.55 0.918713 
16.56 0.91592 
16.57 0.913121 
16.58 0.910315 
16.59 0.907502 
16.6 0.904682 
16.61 0.901855 
16.62 0.89902 
16.63 0.896179 
16.64 0.893331 
16.65 0.890476 
16.66 0.887614 
16.67 0.884745 
16.68 0.881869 
16.69 0.878985 
16.7 0.876095 
16.71 0.873198 
16.72 0.870294 
16.73 0.867383 
16.74 0.864465 
16.75 0.86154 
16.76 0.858608 
16.77 0.85567 
16.78 0.852724 
16.79 0.849771 
16.8 0.846811 
16.81 0.843845 
16.82 0.840871 
16.83 0.837891 
16.84 0.834904 
16.85 0.831909 
16.86 0.828908 
16.87 0.8259 
16.88 0.822885 
16.89 0.819863 
16.9 0.816835 
16.91 0.813799 
16.92 0.810757 
16.93 0.807708 
16.94 0.804652 
16.95 0.801589 
16.96 0.798519 
16.97 0.795443 
16.98 0.792359 
16.99 0.789269 
17 0.786173 
17.01 0.783069 
17.02 0.779959 
17.03 0.776842 
17.04 0.773718 
17.05 0.770587 
17.06 0.76745 
17.07 0.764306 
17.08 0.761155 
17.09 0.757998 
17.1 0.754834 
17.11 0.751663 
17.12 0.748486 
17.13 0.745302 
17.14 0.742112 
17.15 0.738915 
17.16 0.735711 
17.17 0.732501 
17.18 0.729284 
17.19 0.726061 
17.2 0.722831 
17.21 0.719595 
17.22 0.716352 
17.23 0.713103 
17.24 0.709848 
17.25 0.706585 
17.26 0.703317 
17.27 0.700042 
17.28 0.696761 
17.29 0.693474 
17.3 0.69018 
17.31 0.68688 
17.32 0.683573 
17.33 0.680261 
17.34 0.676942 
17.35 0.673617 
17.36 0.670285 
17.37 0.666948 
17.38 0.663604 
17.39 0.660255 
17.4 0.656899 
17.41 0.653537 
17.42 0.650169 
17.43 0.646795 
17.44 0.643415 
17.45 0.640029 
17.46 0.636638 
17.47 0.63324 
17.48 0.629836 
17.49 0.626427 
17.5 0.623012 
17.51 0.619591 
17.52 0.616164 
17.53 0.612731 
17.54 0.609293 
17.55 0.605849 
17.56 0.6024 
17.57 0.598945 
17.58 0.595484 
17.59 0.592018 
17.6 0.588547 
17.61 0.58507 
17.62 0.581587 
17.63 0.578099 
17.64 0.574606 
17.65 0.571108 
17.66 0.567604 
17.67 0.564095 
17.68 0.560581 
17.69 0.557062 
17.7 0.553538 
17.71 0.550009 
17.72 0.546474 
17.73 0.542935 
17.74 0.539391 
17.75 0.535842 
17.76 0.532288 
17.77 0.528729 
17.78 0.525166 
17.79 0.521598 
17.8 0.518025 
17.81 0.514448 
17.82 0.510867 
17.83 0.50728 
17.84 0.50369 
17.85 0.500095 
17.86 0.496496 
17.87 0.492892 
17.88 0.489285 
17.89 0.485673 
17.9 0.482057 
17.91 0.478438 
17.92 0.474814 
17.93 0.471186 
17.94 0.467555 
17.95 0.46392 
17.96 0.460281 
17.97 0.456638 
17.98 0.452992 
17.99 0.449343 
18 0.44569 
18.01 0.442034 
18.02 0.438374 
18.03 0.434712 
18.04 0.431046 
18.05 0.427377 
18.06 0.423705 
18.07 0.42003 
18.08 0.416353 
18.09 0.412673 
18.1 0.40899 
18.11 0.405304 
18.12 0.401617 
18.13 0.397926 
18.14 0.394234 
18.15 0.390539 
18.16 0.386842 
18.17 0.383143 
18.18 0.379442 
18.19 0.37574 
18.2 0.372035 
18.21 0.368329 
18.22 0.364622 
18.23 0.360913 
18.24 0.357202 
18.25 0.353491 
18.26 0.349778 
18.27 0.346064 
18.28 0.34235 
18.29 0.338634 
18.3 0.334918 
18.31 0.331202 
18.32 0.327485 
18.33 0.323767 
18.34 0.32005 
18.35 0.316332 
18.36 0.312614 
18.37 0.308897 
18.38 0.30518 
18.39 0.301463 
18.4 0.297747 
18.41 0.294032 
18.42 0.290317 
18.43 0.286604 
18.44 0.282892 
18.45 0.27918 
18.46 0.275471 
18.47 0.271763 
18.48 0.268056 
18.49 0.264352 
18.5 0.26065 
18.51 0.25695 
18.52 0.253252 
18.53 0.249557 
18.54 0.245864 
18.55 0.242175 
18.56 0.238488 
18.57 0.234805 
18.58 0.231125 
18.59 0.227449 
18.6 0.223776 
18.61 0.220108 
18.62 0.216444 
18.63 0.212784 
18.64 0.209129 
18.65 0.205478 
18.66 0.201833 
18.67 0.198193 
18.68 0.194558 
18.69 0.190929 
18.7 0.187306 
18.71 0.183689 
18.72 0.180078 
18.73 0.176474 
18.74 0.172877 
18.75 0.169287 
18.76 0.165704 
18.77 0.162129 
18.78 0.158562 
18.79 0.155002 
18.8 0.151452 
18.81 0.14791 
18.82 0.144376 
18.83 0.140852 
18.84 0.137338 
18.85 0.133833 
18.86 0.130339 
18.87 0.126855 
18.88 0.123382 
18.89 0.11992 
18.9 0.116469 
18.91 0.11303 
18.92 0.109603 
18.93 0.106189 
18.94 0.102788 
18.95 0.0993992 
18.96 0.0960244 
18.97 0.0926635 
18.98 0.0893169 
18.99 0.085985 
19 0.0826683 
19.01 0.0793671 
19.02 0.0760818 
19.03 0.072813 
19.04 0.069561 
19.05 0.0663262 
19.06 0.0631093 
19.07 0.0599105 
19.08 0.0567305 
19.09 0.0535696 
19.1 0.0504285 
19.11 0.0473076 
19.12 0.0442074 
19.13 0.0411286 
19.14 0.0380716 
19.15 0.035037 
19.16 0.0320255 
19.17 0.0290376 
19.18 0.0260739 
19.19 0.023135 
19.2 0.0202217 
19.21 0.0173346 
19.22 0.0144743 
19.23 0.0116416 
19.24 0.0088371 
19.25 0.00606165 
19.26 0.00331598 
19.27 0.000600852 
19.28 -0.00208292 
19.29 -0.00473451 
19.3 -0.00735307 
19.31 -0.00993773 
19.32 -0.0124876 
19.33 -0.0150017 
19.34 -0.0174792 
19.35 -0.0199189 
19.36 -0.02232 
19.37 -0.0246813 
19.38 -0.0270018 
19.39 -0.0292804 
19.4 -0.0315159 
19.41 -0.033707 
19.42 -0.0358527 
19.43 -0.0379515 
19.44 -0.0400021 
19.45 -0.0420033 
19.46 -0.0439535 
19.47 -0.0458512 
19.48 -0.047695 
19.49 -0.0494832 
19.5 -0.0512142 
19.51 -0.0528863 
19.52 -0.0544975 
19.53 -0.0560462 
19.54 -0.0575303 
19.55 -0.0589478 
19.56 -0.0602965 
19.57 -0.0615743 
19.58 -0.0627788 
19.59 -0.0639075 
19.6 -0.064958 
19.61 -0.0659275 
19.62 -0.0668133 
19.63 -0.0676124 
19.64 -0.0683217 
19.65 -0.0689379 
19.66 -0.0694577 
19.67 -0.0698773 
19.68 -0.0701931 
19.69 -0.070401 
19.7 -0.0704967 
19.71 -0.0704759 
19.72 -0.0703337 
19.73 -0.0700653 
19.74 -0.0696655 
19.75 -0.0691289 
19.76 -0.0684496 
19.77 -0.0676219 
19.78 -0.0666397 
19.79 -0.0654969 
19.8 -0.0641872 
19.81 -0.062705 
19.82 -0.0610451 
19.83 -0.0592032 
19.84 -0.0571773 
19.85 -0.0549683 
19.86 -0.0525824 
19.87 -0.050034 
19.88 -0.0473503 
19.89 -0.0445784 
19.9 -0.0417952 
19.91 -0.0391197 
19.92 -0.0367225 
19.93 -0.0348188 
19.94 -0.0336254 
19.95 -0.0332776 
19.96 -0.0337641 
19.97 -0.0349474 
19.98 -0.0366503 
19.99 -0.0387236 
20 -0.0410622 
