0.160086 1.20567e-05 1.20567e-05 3.0 5.0 0.0
0.160087 3.22807e-05 3.22807e-05 3.0 5.0 0.0
0.160088 4.57786e-05 4.57786e-05 3.0 5.0 0.0
0.160089 6.1215e-05 6.1215e-05 3.0 5.0 0.0
0.160091 7.85909e-05 7.85909e-05 3.0 5.0 0.0
0.160093 9.79115e-05 9.79115e-05 3.0 5.0 0.0
0.160096 0.000119176 0.000119176 3.0 5.0 0.0
0.1601 0.000142387 0.000142387 3.0 5.0 0.0
0.160105 0.000167546 0.000167546 3.0 5.0 0.0
0.160112 0.000194654 0.000194654 3.0 5.0 0.0
0.16012 0.000223714 0.000223714 3.0 5.0 0.0
0.16013 0.000254725 0.000254725 3.0 5.0 0.0
0.160142 0.000287692 0.000287692 3.0 5.0 0.0
0.160157 0.000322617 0.000322617 3.0 5.0 0.0
0.160174 0.000359501 0.000359501 3.0 5.0 0.0
0.160194 0.000398348 0.000398348 3.0 5.0 0.0
0.160217 0.000439161 0.000439161 3.0 5.0 0.0
0.160243 0.000481943 0.000481943 3.0 5.0 0.0
0.160273 0.000526697 0.000526697 3.0 5.0 0.0
0.160308 0.000573426 0.000573426 3.0 5.0 0.0
0.160347 0.000622133 0.000622133 3.0 5.0 0.0
0.16039 0.000672823 0.000672823 3.0 5.0 0.0
0.160439 0.000725498 0.000725498 3.0 5.0 0.0
0.160494 0.000780163 0.000780163 3.0 5.0 0.0
0.160554 0.000836822 0.000836822 3.0 5.0 0.0
0.160621 0.000895479 0.000895479 3.0 5.0 0.0
0.160695 0.000956136 0.000956136 3.0 5.0 0.0
0.160777 0.0010188 0.0010188 3.0 5.0 0.0
0.160866 0.00108348 0.00108348 3.0 5.0 0.0
0.160963 0.00115017 0.00115017 3.0 5.0 0.0
0.161069 0.00121888 0.00121888 3.0 5.0 0.0
0.161184 0.00128962 0.00128962 3.0 5.0 0.0
0.161309 0.00136239 0.00136239 3.0 5.0 0.0
0.161444 0.00143719 0.00143719 3.0 5.0 0.0
0.16159 0.00151403 0.00151403 3.0 5.0 0.0
0.161747 0.00159292 0.00159292 3.0 5.0 0.0
0.161916 0.00167386 0.00167386 3.0 5.0 0.0
0.162097 0.00175685 0.00175685 3.0 5.0 0.0
0.162291 0.00184191 0.00184191 3.0 5.0 0.0
0.162499 0.00192903 0.00192903 3.0 5.0 0.0
0.16272 0.00201823 0.00201823 3.0 5.0 0.0
0.162956 0.0021095 0.0021095 3.0 5.0 0.0
0.163208 0.00220286 0.00220286 3.0 5.0 0.0
0.163475 0.0022983 0.0022983 3.0 5.0 0.0
0.163758 0.00239584 0.00239584 3.0 5.0 0.0
0.164059 0.00249549 0.00249549 3.0 5.0 0.0
0.164377 0.00259724 0.00259724 3.0 5.0 0.0
0.164713 0.0027011 0.0027011 3.0 5.0 0.0
0.165069 0.00280708 0.00280708 3.0 5.0 0.0
0.165443 0.00291518 0.00291518 3.0 5.0 0.0
0.165838 0.00302542 0.00302542 3.0 5.0 0.0
0.166253 0.00313779 0.00313779 3.0 5.0 0.0
0.16669 0.00325231 0.00325231 3.0 5.0 0.0
0.167149 0.00336897 0.00336897 3.0 5.0 0.0
0.16763 0.00348778 0.00348778 3.0 5.0 0.0
0.168135 0.00360876 0.00360876 3.0 5.0 0.0
0.168663 0.0037319 0.0037319 3.0 5.0 0.0
0.169216 0.00385722 0.00385722 3.0 5.0 0.0
0.169794 0.00398471 0.00398471 3.0 5.0 0.0
0.170398 0.00411438 0.00411438 3.0 5.0 0.0
0.171029 0.00424624 0.00424624 3.0 5.0 0.0
0.171686 0.0043803 0.0043803 3.0 5.0 0.0
0.172371 0.00451655 0.00451655 3.0 5.0 0.0
0.173085 0.00465501 0.00465501 3.0 5.0 0.0
0.173827 0.00479568 0.00479568 3.0 5.0 0.0
0.174599 0.00493856 0.00493856 3.0 5.0 0.0
0.175401 0.00508367 0.00508367 3.0 5.0 0.0
0.176234 0.005231 0.005231 3.0 5.0 0.0
0.177099 0.00538056 0.00538056 3.0 5.0 0.0
0.177995 0.00553236 0.00553236 3.0 5.0 0.0
0.178924 0.0056864 0.0056864 3.0 5.0 0.0
0.179886 0.00584268 0.00584268 3.0 5.0 0.0
0.180883 0.00600121 0.00600121 3.0 5.0 0.0
0.181913 0.006162 0.006162 3.0 5.0 0.0
0.182978 0.00632504 0.00632504 3.0 5.0 0.0
0.184079 0.00649034 0.00649034 3.0 5.0 0.0
0.185216 0.00665791 0.00665791 3.0 5.0 0.0
0.18639 0.00682775 0.00682775 3.0 5.0 0.0
0.1876 0.00699986 0.00699986 3.0 5.0 0.0
0.188849 0.00717425 0.00717425 3.0 5.0 0.0
0.190135 0.00735092 0.00735092 3.0 5.0 0.0
0.191461 0.00752987 0.00752987 3.0 5.0 0.0
0.192825 0.00771111 0.00771111 3.0 5.0 0.0
0.19423 0.00789464 0.00789464 3.0 5.0 0.0
0.195674 0.00808046 0.00808046 3.0 5.0 0.0
0.19716 0.00826858 0.00826858 3.0 5.0 0.0
0.198686 0.00845899 0.00845899 3.0 5.0 0.0
0.200255 0.0086517 0.0086517 3.0 5.0 0.0
0.201865 0.00884672 0.00884672 3.0 5.0 0.0
0.203518 0.00904404 0.00904404 3.0 5.0 0.0
0.205214 0.00924366 0.00924366 3.0 5.0 0.0
0.206953 0.0094456 0.0094456 3.0 5.0 0.0
0.208737 0.00964984 0.00964984 3.0 5.0 0.0
0.210564 0.00985639 0.00985639 3.0 5.0 0.0
0.212436 0.0100653 0.0100653 3.0 5.0 0.0
0.214354 0.0102764 0.0102764 3.0 5.0 0.0
0.216316 0.0104899 0.0104899 3.0 5.0 0.0
0.218325 0.0107057 0.0107057 3.0 5.0 0.0
0.22038 0.0109239 0.0109239 3.0 5.0 0.0
0.222481 0.0111443 0.0111443 3.0 5.0 0.0
0.224629 0.011367 0.011367 3.0 5.0 0.0
0.226825 0.0115921 0.0115921 3.0 5.0 0.0
0.229068 0.0118195 0.0118195 3.0 5.0 0.0
0.231359 0.0120492 0.0120492 3.0 5.0 0.0
0.233698 0.0122813 0.0122813 3.0 5.0 0.0
0.236086 0.0125156 0.0125156 3.0 5.0 0.0
0.238523 0.0127523 0.0127523 3.0 5.0 0.0
0.241008 0.0129912 0.0129912 3.0 5.0 0.0
0.243544 0.0132325 0.0132325 3.0 5.0 0.0
0.246129 0.0134761 0.0134761 3.0 5.0 0.0
0.248764 0.0137221 0.0137221 3.0 5.0 0.0
0.251449 0.0139703 0.0139703 3.0 5.0 0.0
0.254185 0.0142209 0.0142209 3.0 5.0 0.0
0.256971 0.0144737 0.0144737 3.0 5.0 0.0
0.259809 0.0147289 0.0147289 3.0 5.0 0.0
0.262698 0.0149864 0.0149864 3.0 5.0 0.0
0.265639 0.0152462 0.0152462 3.0 5.0 0.0
0.268631 0.0155083 0.0155083 3.0 5.0 0.0
0.271675 0.0157727 0.0157727 3.0 5.0 0.0
0.274772 0.0160395 0.0160395 3.0 5.0 0.0
0.277921 0.0163085 0.0163085 3.0 5.0 0.0
0.281123 0.0165798 0.0165798 3.0 5.0 0.0
0.284378 0.0168534 0.0168534 3.0 5.0 0.0
0.287686 0.0171294 0.0171294 3.0 5.0 0.0
0.291048 0.0174076 0.0174076 3.0 5.0 0.0
0.294463 0.0176881 0.0176881 3.0 5.0 0.0
0.297932 0.0179709 0.0179709 3.0 5.0 0.0
0.301455 0.018256 0.018256 3.0 5.0 0.0
0.305032 0.0185434 0.0185434 3.0 5.0 0.0
0.308664 0.0188331 0.0188331 3.0 5.0 0.0
0.31235 0.0191251 0.0191251 3.0 5.0 0.0
0.316091 0.0194193 0.0194193 3.0 5.0 0.0
0.319887 0.0197159 0.0197159 3.0 5.0 0.0
0.323738 0.0200147 0.0200147 3.0 5.0 0.0
0.327645 0.0203158 0.0203158 3.0 5.0 0.0
0.331607 0.0206191 0.0206191 3.0 5.0 0.0
0.335625 0.0209247 0.0209247 3.0 5.0 0.0
0.339699 0.0212326 0.0212326 3.0 5.0 0.0
0.34383 0.0215428 0.0215428 3.0 5.0 0.0
0.348016 0.0218552 0.0218552 3.0 5.0 0.0
0.352259 0.0221699 0.0221699 3.0 5.0 0.0
0.356559 0.0224868 0.0224868 3.0 5.0 0.0
0.360916 0.022806 0.022806 3.0 5.0 0.0
0.36533 0.0231275 0.0231275 3.0 5.0 0.0
0.369801 0.0234512 0.0234512 3.0 5.0 0.0
0.37433 0.0237771 0.0237771 3.0 5.0 0.0
0.378916 0.0241053 0.0241053 3.0 5.0 0.0
0.383561 0.0244357 0.0244357 3.0 5.0 0.0
0.388263 0.0247684 0.0247684 3.0 5.0 0.0
0.393023 0.0251033 0.0251033 3.0 5.0 0.0
0.397842 0.0254404 0.0254404 3.0 5.0 0.0
0.40272 0.0257798 0.0257798 3.0 5.0 0.0
0.407656 0.0261214 0.0261214 3.0 5.0 0.0
0.412652 0.0264652 0.0264652 3.0 5.0 0.0
0.417706 0.0268112 0.0268112 3.0 5.0 0.0
0.42282 0.0271594 0.0271594 3.0 5.0 0.0
0.427994 0.0275099 0.0275099 3.0 5.0 0.0
0.433227 0.0278626 0.0278626 3.0 5.0 0.0
0.438521 0.0282174 0.0282174 3.0 5.0 0.0
0.443874 0.0285745 0.0285745 3.0 5.0 0.0
0.449288 0.0289337 0.0289337 3.0 5.0 0.0
0.454762 0.0292952 0.0292952 3.0 5.0 0.0
0.460297 0.0296588 0.0296588 3.0 5.0 0.0
0.465893 0.0300247 0.0300247 3.0 5.0 0.0
0.471551 0.0303927 0.0303927 3.0 5.0 0.0
0.477269 0.0307629 0.0307629 3.0 5.0 0.0
0.483049 0.0311353 0.0311353 3.0 5.0 0.0
0.488891 0.0315098 0.0315098 3.0 5.0 0.0
0.494795 0.0318865 0.0318865 3.0 5.0 0.0
0.500761 0.0322654 0.0322654 3.0 5.0 0.0
0.50679 0.0326464 0.0326464 3.0 5.0 0.0
0.512881 0.0330296 0.0330296 3.0 5.0 0.0
0.519035 0.033415 0.033415 3.0 5.0 0.0
0.525252 0.0338025 0.0338025 3.0 5.0 0.0
0.531532 0.0341921 0.0341921 3.0 5.0 0.0
0.537876 0.0345839 0.0345839 3.0 5.0 0.0
0.544283 0.0349778 0.0349778 3.0 5.0 0.0
0.550754 0.0353738 0.0353738 3.0 5.0 0.0
0.55729 0.035772 0.035772 3.0 5.0 0.0
0.563889 0.0361723 0.0361723 3.0 5.0 0.0
0.570554 0.0365747 0.0365747 3.0 5.0 0.0
0.577283 0.0369792 0.0369792 3.0 5.0 0.0
0.584077 0.0373859 0.0373859 3.0 5.0 0.0
0.590936 0.0377946 0.0377946 3.0 5.0 0.0
0.597861 0.0382055 0.0382055 3.0 5.0 0.0
0.604852 0.0386184 0.0386184 3.0 5.0 0.0
0.611908 0.0390334 0.0390334 3.0 5.0 0.0
0.619031 0.0394505 0.0394505 3.0 5.0 0.0
0.62622 0.0398697 0.0398697 3.0 5.0 0.0
0.633476 0.040291 0.040291 3.0 5.0 0.0
0.640799 0.0407143 0.0407143 3.0 5.0 0.0
0.648189 0.0411397 0.0411397 3.0 5.0 0.0
0.655646 0.0415672 0.0415672 3.0 5.0 0.0
0.663171 0.0419967 0.0419967 3.0 5.0 0.0
0.670764 0.0424283 0.0424283 3.0 5.0 0.0
0.678425 0.0428619 0.0428619 3.0 5.0 0.0
0.686155 0.0432976 0.0432976 3.0 5.0 0.0
0.693953 0.0437353 0.0437353 3.0 5.0 0.0
0.701819 0.044175 0.044175 3.0 5.0 0.0
0.709755 0.0446168 0.0446168 3.0 5.0 0.0
0.717761 0.0450606 0.0450606 3.0 5.0 0.0
0.725836 0.0455064 0.0455064 3.0 5.0 0.0
0.73398 0.0459542 0.0459542 3.0 5.0 0.0
0.742195 0.046404 0.046404 3.0 5.0 0.0
0.750481 0.0468558 0.0468558 3.0 5.0 0.0
0.758837 0.0473095 0.0473095 3.0 5.0 0.0
0.767264 0.0477653 0.0477653 3.0 5.0 0.0
0.775762 0.0482231 0.0482231 3.0 5.0 0.0
0.784332 0.0486828 0.0486828 3.0 5.0 0.0
0.792973 0.0491445 0.0491445 3.0 5.0 0.0
0.801686 0.0496082 0.0496082 3.0 5.0 0.0
0.810472 0.0500738 0.0500738 3.0 5.0 0.0
0.819329 0.0505413 0.0505413 3.0 5.0 0.0
0.82826 0.0510108 0.0510108 3.0 5.0 0.0
0.837264 0.0514823 0.0514823 3.0 5.0 0.0
0.846341 0.0519557 0.0519557 3.0 5.0 0.0
0.855491 0.052431 0.052431 3.0 5.0 0.0
0.864716 0.0529082 0.0529082 3.0 5.0 0.0
0.874014 0.0533873 0.0533873 3.0 5.0 0.0
0.883387 0.0538684 0.0538684 3.0 5.0 0.0
0.892834 0.0543513 0.0543513 3.0 5.0 0.0
0.902356 0.0548362 0.0548362 3.0 5.0 0.0
0.911954 0.0553229 0.0553229 3.0 5.0 0.0
0.921626 0.0558115 0.0558115 3.0 5.0 0.0
0.931375 0.056302 0.056302 3.0 5.0 0.0
0.941199 0.0567943 0.0567943 3.0 5.0 0.0
0.9511 0.0572885 0.0572885 3.0 5.0 0.0
0.961077 0.0577846 0.0577846 3.0 5.0 0.0
0.97113 0.0582825 0.0582825 3.0 5.0 0.0
0.981261 0.0587822 0.0587822 3.0 5.0 0.0
0.991469 0.0592838 0.0592838 3.0 5.0 0.0
1.00176 0.0597872 0.0597872 3.0 5.0 0.0
1.01212 0.0602925 0.0602925 3.0 5.0 0.0
1.02256 0.0607995 0.0607995 3.0 5.0 0.0
1.03308 0.0613084 0.0613084 3.0 5.0 0.0
1.04368 0.061819 0.061819 3.0 5.0 0.0
1.05436 0.0623315 0.0623315 3.0 5.0 0.0
1.06511 0.0628457 0.0628457 3.0 5.0 0.0
1.07595 0.0633617 0.0633617 3.0 5.0 0.0
1.08686 0.0638795 0.0638795 3.0 5.0 0.0
1.09786 0.0643991 0.0643991 3.0 5.0 0.0
1.10893 0.0649204 0.0649204 3.0 5.0 0.0
1.12009 0.0654434 0.0654434 3.0 5.0 0.0
1.13133 0.0659682 0.0659682 3.0 5.0 0.0
1.14265 0.0664948 0.0664948 3.0 5.0 0.0
1.15404 0.0670231 0.0670231 3.0 5.0 0.0
1.16552 0.0675531 0.0675531 3.0 5.0 0.0
1.17709 0.0680848 0.0680848 3.0 5.0 0.0
1.18873 0.0686182 0.0686182 3.0 5.0 0.0
1.20046 0.0691534 0.0691534 3.0 5.0 0.0
1.21227 0.0696902 0.0696902 3.0 5.0 0.0
1.22416 0.0702288 0.0702288 3.0 5.0 0.0
1.23613 0.070769 0.070769 3.0 5.0 0.0
1.24819 0.0713109 0.0713109 3.0 5.0 0.0
1.26033 0.0718544 0.0718544 3.0 5.0 0.0
1.27256 0.0723997 0.0723997 3.0 5.0 0.0
1.28487 0.0729466 0.0729466 3.0 5.0 0.0
1.29726 0.0734951 0.0734951 3.0 5.0 0.0
1.30974 0.0740453 0.0740453 3.0 5.0 0.0
1.32231 0.0745971 0.0745971 3.0 5.0 0.0
1.33495 0.0751506 0.0751506 3.0 5.0 0.0
1.34769 0.0757057 0.0757057 3.0 5.0 0.0
1.36051 0.0762624 0.0762624 3.0 5.0 0.0
1.37341 0.0768207 0.0768207 3.0 5.0 0.0
1.38641 0.0773807 0.0773807 3.0 5.0 0.0
1.39948 0.0779422 0.0779422 3.0 5.0 0.0
1.41265 0.0785054 0.0785054 3.0 5.0 0.0
1.4259 0.0790701 0.0790701 3.0 5.0 0.0
1.43924 0.0796364 0.0796364 3.0 5.0 0.0
1.45267 0.0802043 0.0802043 3.0 5.0 0.0
1.46618 0.0807738 0.0807738 3.0 5.0 0.0
1.47978 0.0813448 0.0813448 3.0 5.0 0.0
1.49347 0.0819174 0.0819174 3.0 5.0 0.0
1.50725 0.0824916 0.0824916 3.0 5.0 0.0
1.52112 0.0830673 0.0830673 3.0 5.0 0.0
1.53507 0.0836445 0.0836445 3.0 5.0 0.0
1.54912 0.0842233 0.0842233 3.0 5.0 0.0
1.56326 0.0848037 0.0848037 3.0 5.0 0.0
1.57748 0.0853856 0.0853856 3.0 5.0 0.0
1.5918 0.085969 0.085969 3.0 5.0 0.0
1.6062 0.0865539 0.0865539 3.0 5.0 0.0
1.6207 0.0871403 0.0871403 3.0 5.0 0.0
1.63529 0.0877283 0.0877283 3.0 5.0 0.0
1.64997 0.0883177 0.0883177 3.0 5.0 0.0
1.66474 0.0889087 0.0889087 3.0 5.0 0.0
1.6796 0.0895011 0.0895011 3.0 5.0 0.0
1.69455 0.0900951 0.0900951 3.0 5.0 0.0
1.7096 0.0906905 0.0906905 3.0 5.0 0.0
1.72474 0.0912875 0.0912875 3.0 5.0 0.0
1.73997 0.0918859 0.0918859 3.0 5.0 0.0
1.7553 0.0924858 0.0924858 3.0 5.0 0.0
1.77072 0.0930872 0.0930872 3.0 5.0 0.0
1.78623 0.09369 0.09369 3.0 5.0 0.0
1.80184 0.0942943 0.0942943 3.0 5.0 0.0
1.81754 0.0949001 0.0949001 3.0 5.0 0.0
1.83333 0.0955073 0.0955073 3.0 5.0 0.0
1.84923 0.096116 0.096116 3.0 5.0 0.0
1.86521 0.0967261 0.0967261 3.0 5.0 0.0
1.88129 0.0973377 0.0973377 3.0 5.0 0.0
1.89747 0.0979508 0.0979508 3.0 5.0 0.0
1.91375 0.0985652 0.0985652 3.0 5.0 0.0
1.93012 0.0991812 0.0991812 3.0 5.0 0.0
1.94659 0.0997985 0.0997985 3.0 5.0 0.0
1.96316 0.100417 0.100417 3.0 5.0 0.0
1.97982 0.101038 0.101038 3.0 5.0 0.0
1.99658 0.101659 0.101659 3.0 5.0 0.0
2.01344 0.102282 0.102282 3.0 5.0 0.0
2.0304 0.102907 0.102907 3.0 5.0 0.0
2.04746 0.103533 0.103533 3.0 5.0 0.0
2.06462 0.10416 0.10416 3.0 5.0 0.0
2.08188 0.104789 0.104789 3.0 5.0 0.0
2.09923 0.105419 0.105419 3.0 5.0 0.0
2.11669 0.106051 0.106051 3.0 5.0 0.0
2.13425 0.106684 0.106684 3.0 5.0 0.0
2.15191 0.107318 0.107318 3.0 5.0 0.0
2.16968 0.107954 0.107954 3.0 5.0 0.0
2.18754 0.108591 0.108591 3.0 5.0 0.0
2.20551 0.10923 0.10923 3.0 5.0 0.0
2.22358 0.10987 0.10987 3.0 5.0 0.0
2.24175 0.110511 0.110511 3.0 5.0 0.0
2.26003 0.111154 0.111154 3.0 5.0 0.0
2.27841 0.111799 0.111799 3.0 5.0 0.0
2.2969 0.112444 0.112444 3.0 5.0 0.0
2.31549 0.113091 0.113091 3.0 5.0 0.0
2.33419 0.11374 0.11374 3.0 5.0 0.0
2.35299 0.11439 0.11439 3.0 5.0 0.0
2.3719 0.115041 0.115041 3.0 5.0 0.0
2.39092 0.115694 0.115694 3.0 5.0 0.0
2.41004 0.116348 0.116348 3.0 5.0 0.0
2.42927 0.117003 0.117003 3.0 5.0 0.0
2.44861 0.11766 0.11766 3.0 5.0 0.0
2.46806 0.118318 0.118318 3.0 5.0 0.0
2.48761 0.118978 0.118978 3.0 5.0 0.0
2.50728 0.119639 0.119639 3.0 5.0 0.0
2.52706 0.120301 0.120301 3.0 5.0 0.0
2.54694 0.120965 0.120965 3.0 5.0 0.0
2.56694 0.12163 0.12163 3.0 5.0 0.0
2.58705 0.122297 0.122297 3.0 5.0 0.0
2.60727 0.122965 0.122965 3.0 5.0 0.0
2.62761 0.123634 0.123634 3.0 5.0 0.0
2.64805 0.124305 0.124305 3.0 5.0 0.0
2.66861 0.124977 0.124977 3.0 5.0 0.0
2.68929 0.12565 0.12565 3.0 5.0 0.0
2.71008 0.126325 0.126325 3.0 5.0 0.0
2.73098 0.127001 0.127001 3.0 5.0 0.0
2.752 0.127679 0.127679 3.0 5.0 0.0
2.77314 0.128358 0.128358 3.0 5.0 0.0
2.79439 0.129039 0.129039 3.0 5.0 0.0
2.81576 0.12972 0.12972 3.0 5.0 0.0
2.83725 0.130404 0.130404 3.0 5.0 0.0
2.85886 0.131088 0.131088 3.0 5.0 0.0
2.88059 0.131774 0.131774 3.0 5.0 0.0
2.90243 0.132462 0.132462 3.0 5.0 0.0
2.9244 0.13315 0.13315 3.0 5.0 0.0
2.94648 0.133841 0.133841 3.0 5.0 0.0
2.96869 0.134532 0.134532 3.0 5.0 0.0
2.99102 0.135225 0.135225 3.0 5.0 0.0
3.01348 0.135919 0.135919 3.0 5.0 0.0
3.03605 0.136615 0.136615 3.0 5.0 0.0
3.05875 0.137312 0.137312 3.0 5.0 0.0
3.08158 0.138011 0.138011 3.0 5.0 0.0
3.10453 0.138711 0.138711 3.0 5.0 0.0
3.1276 0.139412 0.139412 3.0 5.0 0.0
3.1508 0.140115 0.140115 3.0 5.0 0.0
3.17413 0.140819 0.140819 3.0 5.0 0.0
3.19759 0.141524 0.141524 3.0 5.0 0.0
3.22117 0.142231 0.142231 3.0 5.0 0.0
3.24489 0.142939 0.142939 3.0 5.0 0.0
3.26873 0.143649 0.143649 3.0 5.0 0.0
3.2927 0.14436 0.14436 3.0 5.0 0.0
3.31681 0.145072 0.145072 3.0 5.0 0.0
3.34104 0.145786 0.145786 3.0 5.0 0.0
3.36541 0.146501 0.146501 3.0 5.0 0.0
3.38991 0.147218 0.147218 3.0 5.0 0.0
3.41455 0.147936 0.147936 3.0 5.0 0.0
3.43932 0.148655 0.148655 3.0 5.0 0.0
3.46422 0.149376 0.149376 3.0 5.0 0.0
3.48926 0.150098 0.150098 3.0 5.0 0.0
3.51444 0.150822 0.150822 3.0 5.0 0.0
3.53976 0.151547 0.151547 3.0 5.0 0.0
3.56521 0.152273 0.152273 3.0 5.0 0.0
3.5908 0.153001 0.153001 3.0 5.0 0.0
3.61653 0.15373 0.15373 3.0 5.0 0.0
3.6424 0.154461 0.154461 3.0 5.0 0.0
3.66841 0.155193 0.155193 3.0 5.0 0.0
3.69456 0.155926 0.155926 3.0 5.0 0.0
3.72086 0.156661 0.156661 3.0 5.0 0.0
3.7473 0.157397 0.157397 3.0 5.0 0.0
3.77388 0.158135 0.158135 3.0 5.0 0.0
3.80061 0.158874 0.158874 3.0 5.0 0.0
3.82748 0.159614 0.159614 3.0 5.0 0.0
3.8545 0.160356 0.160356 3.0 5.0 0.0
3.88166 0.161099 0.161099 3.0 5.0 0.0
3.90897 0.161843 0.161843 3.0 5.0 0.0
3.93643 0.162589 0.162589 3.0 5.0 0.0
3.96404 0.163337 0.163337 3.0 5.0 0.0
3.9918 0.164085 0.164085 3.0 5.0 0.0
4.01971 0.164835 0.164835 3.0 5.0 0.0
4.04778 0.165587 0.165587 3.0 5.0 0.0
4.07599 0.16634 0.16634 3.0 5.0 0.0
4.10436 0.167094 0.167094 3.0 5.0 0.0
4.13288 0.167849 0.167849 3.0 5.0 0.0
4.16156 0.168606 0.168606 3.0 5.0 0.0
4.19039 0.169365 0.169365 3.0 5.0 0.0
4.21937 0.170124 0.170124 3.0 5.0 0.0
4.24852 0.170885 0.170885 3.0 5.0 0.0
4.27782 0.171648 0.171648 3.0 5.0 0.0
4.30728 0.172412 0.172412 3.0 5.0 0.0
4.3369 0.173177 0.173177 3.0 5.0 0.0
4.36668 0.173943 0.173943 3.0 5.0 0.0
4.39662 0.174711 0.174711 3.0 5.0 0.0
4.42673 0.175481 0.175481 3.0 5.0 0.0
4.45699 0.176251 0.176251 3.0 5.0 0.0
4.48742 0.177023 0.177023 3.0 5.0 0.0
4.51801 0.177797 0.177797 3.0 5.0 0.0
4.54877 0.178571 0.178571 3.0 5.0 0.0
4.57969 0.179347 0.179347 3.0 5.0 0.0
4.61078 0.180125 0.180125 3.0 5.0 0.0
4.64204 0.180904 0.180904 3.0 5.0 0.0
4.67347 0.181684 0.181684 3.0 5.0 0.0
4.70506 0.182465 0.182465 3.0 5.0 0.0
4.73682 0.183248 0.183248 3.0 5.0 0.0
4.76876 0.184032 0.184032 3.0 5.0 0.0
4.80086 0.184817 0.184817 3.0 5.0 0.0
4.83314 0.185604 0.185604 3.0 5.0 0.0
4.86559 0.186392 0.186392 3.0 5.0 0.0
4.89821 0.187181 0.187181 3.0 5.0 0.0
4.93101 0.187972 0.187972 3.0 5.0 0.0
4.96399 0.188764 0.188764 3.0 5.0 0.0
4.99713 0.189557 0.189557 3.0 5.0 0.0
5.03046 0.190351 0.190351 3.0 5.0 0.0
5.06396 0.191147 0.191147 3.0 5.0 0.0
5.09764 0.191944 0.191944 3.0 5.0 0.0
5.1315 0.192743 0.192743 3.0 5.0 0.0
5.16554 0.193542 0.193542 3.0 5.0 0.0
5.19976 0.194343 0.194343 3.0 5.0 0.0
5.23416 0.195145 0.195145 3.0 5.0 0.0
5.26875 0.195948 0.195948 3.0 5.0 0.0
5.30351 0.196753 0.196753 3.0 5.0 0.0
5.33846 0.197559 0.197559 3.0 5.0 0.0
5.37359 0.198366 0.198366 3.0 5.0 0.0
5.40891 0.199174 0.199174 3.0 5.0 0.0
5.44441 0.199983 0.199983 3.0 5.0 0.0
5.4801 0.200794 0.200794 3.0 5.0 0.0
5.51597 0.201606 0.201606 3.0 5.0 0.0
5.55203 0.202419 0.202419 3.0 5.0 0.0
5.58828 0.203233 0.203233 3.0 5.0 0.0
5.62472 0.204048 0.204048 3.0 5.0 0.0
5.66135 0.204865 0.204865 3.0 5.0 0.0
5.69817 0.205682 0.205682 3.0 5.0 0.0
5.73518 0.206501 0.206501 3.0 5.0 0.0
5.77237 0.207321 0.207321 3.0 5.0 0.0
5.80976 0.208142 0.208142 3.0 5.0 0.0
5.84735 0.208964 0.208964 3.0 5.0 0.0
5.88512 0.209788 0.209788 3.0 5.0 0.0
5.92309 0.210612 0.210612 3.0 5.0 0.0
5.96126 0.211437 0.211437 3.0 5.0 0.0
5.99961 0.212264 0.212264 3.0 5.0 0.0
6.03817 0.213091 0.213091 3.0 5.0 0.0
6.07691 0.21392 0.21392 3.0 5.0 0.0
6.11586 0.214749 0.214749 3.0 5.0 0.0
6.155 0.21558 0.21558 3.0 5.0 0.0
6.19434 0.216411 0.216411 3.0 5.0 0.0
6.23387 0.217244 0.217244 3.0 5.0 0.0
6.2736 0.218078 0.218078 3.0 5.0 0.0
6.31353 0.218912 0.218912 3.0 5.0 0.0
6.35366 0.219748 0.219748 3.0 5.0 0.0
6.39399 0.220584 0.220584 3.0 5.0 0.0
6.43452 0.221421 0.221421 3.0 5.0 0.0
6.47525 0.22226 0.22226 3.0 5.0 0.0
6.51618 0.223099 0.223099 3.0 5.0 0.0
6.5573 0.223939 0.223939 3.0 5.0 0.0
6.59863 0.22478 0.22478 3.0 5.0 0.0
6.64016 0.225622 0.225622 3.0 5.0 0.0
6.68189 0.226464 0.226464 3.0 5.0 0.0
6.72383 0.227308 0.227308 3.0 5.0 0.0
6.76596 0.228152 0.228152 3.0 5.0 0.0
6.8083 0.228997 0.228997 3.0 5.0 0.0
6.85083 0.229843 0.229843 3.0 5.0 0.0
6.89358 0.230689 0.230689 3.0 5.0 0.0
6.93652 0.231537 0.231537 3.0 5.0 0.0
6.97966 0.232385 0.232385 3.0 5.0 0.0
7.02301 0.233234 0.233234 3.0 5.0 0.0
7.06656 0.234083 0.234083 3.0 5.0 0.0
7.11032 0.234933 0.234933 3.0 5.0 0.0
7.15427 0.235784 0.235784 3.0 5.0 0.0
7.19843 0.236635 0.236635 3.0 5.0 0.0
7.24279 0.237487 0.237487 3.0 5.0 0.0
7.28736 0.23834 0.23834 3.0 5.0 0.0
7.33212 0.239193 0.239193 3.0 5.0 0.0
7.37709 0.240047 0.240047 3.0 5.0 0.0
7.42227 0.240901 0.240901 3.0 5.0 0.0
7.46764 0.241756 0.241756 3.0 5.0 0.0
7.51322 0.242611 0.242611 3.0 5.0 0.0
7.559 0.243467 0.243467 3.0 5.0 0.0
7.60498 0.244324 0.244324 3.0 5.0 0.0
7.65116 0.24518 0.24518 3.0 5.0 0.0
7.69754 0.246037 0.246037 3.0 5.0 0.0
7.74413 0.246895 0.246895 3.0 5.0 0.0
7.79091 0.247753 0.247753 3.0 5.0 0.0
7.8379 0.248611 0.248611 3.0 5.0 0.0
7.88508 0.24947 0.24947 3.0 5.0 0.0
7.93247 0.250329 0.250329 3.0 5.0 0.0
7.98005 0.251188 0.251188 3.0 5.0 0.0
8.02784 0.252048 0.252048 3.0 5.0 0.0
8.07582 0.252907 0.252907 3.0 5.0 0.0
8.124 0.253767 0.253767 3.0 5.0 0.0
8.17237 0.254628 0.254628 3.0 5.0 0.0
8.22094 0.255488 0.255488 3.0 5.0 0.0
8.26971 0.256349 0.256349 3.0 5.0 0.0
8.31868 0.257209 0.257209 3.0 5.0 0.0
8.36784 0.25807 0.25807 3.0 5.0 0.0
8.41719 0.258931 0.258931 3.0 5.0 0.0
8.46674 0.259792 0.259792 3.0 5.0 0.0
8.51648 0.260653 0.260653 3.0 5.0 0.0
8.56641 0.261514 0.261514 3.0 5.0 0.0
8.61653 0.262375 0.262375 3.0 5.0 0.0
8.66684 0.263236 0.263236 3.0 5.0 0.0
8.71735 0.264097 0.264097 3.0 5.0 0.0
8.76804 0.264958 0.264958 3.0 5.0 0.0
8.81892 0.265819 0.265819 3.0 5.0 0.0
8.86999 0.26668 0.26668 3.0 5.0 0.0
8.92124 0.26754 0.26754 3.0 5.0 0.0
8.97268 0.268401 0.268401 3.0 5.0 0.0
9.0243 0.269261 0.269261 3.0 5.0 0.0
9.0761 0.270121 0.270121 3.0 5.0 0.0
9.12809 0.270981 0.270981 3.0 5.0 0.0
9.18026 0.27184 0.27184 3.0 5.0 0.0
9.2326 0.272699 0.272699 3.0 5.0 0.0
9.28513 0.273558 0.273558 3.0 5.0 0.0
9.33784 0.274417 0.274417 3.0 5.0 0.0
9.39072 0.275275 0.275275 3.0 5.0 0.0
9.44377 0.276133 0.276133 3.0 5.0 0.0
9.497 0.27699 0.27699 3.0 5.0 0.0
9.5504 0.277847 0.277847 3.0 5.0 0.0
9.60398 0.278704 0.278704 3.0 5.0 0.0
9.65772 0.27956 0.27956 3.0 5.0 0.0
9.71164 0.280415 0.280415 3.0 5.0 0.0
9.76572 0.28127 0.28127 3.0 5.0 0.0
9.81996 0.282125 0.282125 3.0 5.0 0.0
9.87437 0.282979 0.282979 3.0 5.0 0.0
9.92895 0.283832 0.283832 3.0 5.0 0.0
9.98369 0.284685 0.284685 3.0 5.0 0.0
10.0386 0.285537 0.285537 3.0 5.0 0.0
10.0936 0.286388 0.286388 3.0 5.0 0.0
10.1489 0.287239 0.287239 3.0 5.0 0.0
10.2042 0.288089 0.288089 3.0 5.0 0.0
10.2597 0.288938 0.288938 3.0 5.0 0.0
10.3154 0.289786 0.289786 3.0 5.0 0.0
10.3713 0.290634 0.290634 3.0 5.0 0.0
10.4272 0.291481 0.291481 3.0 5.0 0.0
10.4834 0.292327 0.292327 3.0 5.0 0.0
10.5396 0.293172 0.293172 3.0 5.0 0.0
10.596 0.294016 0.294016 3.0 5.0 0.0
10.6526 0.29486 0.29486 3.0 5.0 0.0
10.7093 0.295702 0.295702 3.0 5.0 0.0
10.7662 0.296544 0.296544 3.0 5.0 0.0
10.8231 0.297384 0.297384 3.0 5.0 0.0
10.8803 0.298224 0.298224 3.0 5.0 0.0
10.9375 0.299063 0.299063 3.0 5.0 0.0
10.9949 0.2999 0.2999 3.0 5.0 0.0
11.0524 0.300737 0.300737 3.0 5.0 0.0
11.11 0.301572 0.301572 3.0 5.0 0.0
11.1678 0.302407 0.302407 3.0 5.0 0.0
11.2257 0.30324 0.30324 3.0 5.0 0.0
11.2837 0.304072 0.304072 3.0 5.0 0.0
11.3419 0.304903 0.304903 3.0 5.0 0.0
11.4001 0.305733 0.305733 3.0 5.0 0.0
11.4585 0.306561 0.306561 3.0 5.0 0.0
11.517 0.307389 0.307389 3.0 5.0 0.0
11.5756 0.308215 0.308215 3.0 5.0 0.0
11.6344 0.30904 0.30904 3.0 5.0 0.0
11.6932 0.309863 0.309863 3.0 5.0 0.0
11.7521 0.310686 0.310686 3.0 5.0 0.0
11.8112 0.311507 0.311507 3.0 5.0 0.0
11.8703 0.312327 0.312327 3.0 5.0 0.0
11.9296 0.313145 0.313145 3.0 5.0 0.0
11.989 0.313962 0.313962 3.0 5.0 0.0
12.0484 0.314778 0.314778 3.0 5.0 0.0
12.108 0.315592 0.315592 3.0 5.0 0.0
12.1676 0.316405 0.316405 3.0 5.0 0.0
12.2274 0.317216 0.317216 3.0 5.0 0.0
12.2872 0.318027 0.318027 3.0 5.0 0.0
12.3471 0.318835 0.318835 3.0 5.0 0.0
12.4071 0.319642 0.319642 3.0 5.0 0.0
12.4672 0.320448 0.320448 3.0 5.0 0.0
12.5274 0.321252 0.321252 3.0 5.0 0.0
12.5877 0.322055 0.322055 3.0 5.0 0.0
12.648 0.322856 0.322856 3.0 5.0 0.0
12.7084 0.323655 0.323655 3.0 5.0 0.0
12.7689 0.324453 0.324453 3.0 5.0 0.0
12.8295 0.32525 0.32525 3.0 5.0 0.0
12.8901 0.326045 0.326045 3.0 5.0 0.0
12.9508 0.326838 0.326838 3.0 5.0 0.0
13.0116 0.32763 0.32763 3.0 5.0 0.0
13.0725 0.32842 0.32842 3.0 5.0 0.0
13.1334 0.329208 0.329208 3.0 5.0 0.0
13.1943 0.329995 0.329995 3.0 5.0 0.0
13.2553 0.33078 0.33078 3.0 5.0 0.0
13.3164 0.331563 0.331563 3.0 5.0 0.0
13.3776 0.332345 0.332345 3.0 5.0 0.0
13.4387 0.333125 0.333125 3.0 5.0 0.0
13.5 0.333904 0.333904 3.0 5.0 0.0
13.5613 0.33468 0.33468 3.0 5.0 0.0
13.6226 0.335455 0.335455 3.0 5.0 0.0
13.684 0.336228 0.336228 3.0 5.0 0.0
13.7454 0.337 0.337 3.0 5.0 0.0
13.8069 0.33777 0.33777 3.0 5.0 0.0
13.8684 0.338538 0.338538 3.0 5.0 0.0
13.9299 0.339304 0.339304 3.0 5.0 0.0
13.9915 0.340068 0.340068 3.0 5.0 0.0
14.0531 0.340831 0.340831 3.0 5.0 0.0
14.1147 0.341592 0.341592 3.0 5.0 0.0
14.1764 0.342351 0.342351 3.0 5.0 0.0
14.2381 0.343108 0.343108 3.0 5.0 0.0
14.2998 0.343864 0.343864 3.0 5.0 0.0
14.3616 0.344617 0.344617 3.0 5.0 0.0
14.4233 0.345369 0.345369 3.0 5.0 0.0
14.4851 0.346119 0.346119 3.0 5.0 0.0
14.5469 0.346867 0.346867 3.0 5.0 0.0
14.6087 0.347613 0.347613 3.0 5.0 0.0
14.6706 0.348358 0.348358 3.0 5.0 0.0
14.7324 0.3491 0.3491 3.0 5.0 0.0
14.7942 0.349841 0.349841 3.0 5.0 0.0
14.8561 0.35058 0.35058 3.0 5.0 0.0
14.918 0.351317 0.351317 3.0 5.0 0.0
14.9798 0.352052 0.352052 3.0 5.0 0.0
15.0417 0.352785 0.352785 3.0 5.0 0.0
15.1036 0.353516 0.353516 3.0 5.0 0.0
15.1654 0.354246 0.354246 3.0 5.0 0.0
15.2273 0.354973 0.354973 3.0 5.0 0.0
15.2891 0.355699 0.355699 3.0 5.0 0.0
15.351 0.356422 0.356422 3.0 5.0 0.0
15.4128 0.357144 0.357144 3.0 5.0 0.0
15.4746 0.357864 0.357864 3.0 5.0 0.0
15.5364 0.358582 0.358582 3.0 5.0 0.0
15.5982 0.359298 0.359298 3.0 5.0 0.0
15.66 0.360012 0.360012 3.0 5.0 0.0
15.7218 0.360724 0.360724 3.0 5.0 0.0
15.7835 0.361435 0.361435 3.0 5.0 0.0
15.8452 0.362143 0.362143 3.0 5.0 0.0
15.9069 0.362849 0.362849 3.0 5.0 0.0
15.9685 0.363554 0.363554 3.0 5.0 0.0
16.0302 0.364256 0.364256 3.0 5.0 0.0
16.0918 0.364957 0.364957 3.0 5.0 0.0
16.1533 0.365656 0.365656 3.0 5.0 0.0
16.2149 0.366353 0.366353 3.0 5.0 0.0
16.2763 0.367047 0.367047 3.0 5.0 0.0
16.3378 0.36774 0.36774 3.0 5.0 0.0
16.3992 0.368431 0.368431 3.0 5.0 0.0
16.4606 0.36912 0.36912 3.0 5.0 0.0
16.5219 0.369807 0.369807 3.0 5.0 0.0
16.5832 0.370493 0.370493 3.0 5.0 0.0
16.6444 0.371176 0.371176 3.0 5.0 0.0
16.7056 0.371857 0.371857 3.0 5.0 0.0
16.7667 0.372536 0.372536 3.0 5.0 0.0
16.8278 0.373214 0.373214 3.0 5.0 0.0
16.8888 0.373889 0.373889 3.0 5.0 0.0
16.9497 0.374563 0.374563 3.0 5.0 0.0
17.0106 0.375234 0.375234 3.0 5.0 0.0
17.0714 0.375904 0.375904 3.0 5.0 0.0
17.1322 0.376572 0.376572 3.0 5.0 0.0
17.1929 0.377237 0.377237 3.0 5.0 0.0
17.2536 0.377901 0.377901 3.0 5.0 0.0
17.3141 0.378563 0.378563 3.0 5.0 0.0
17.3746 0.379223 0.379223 3.0 5.0 0.0
17.435 0.379881 0.379881 3.0 5.0 0.0
17.4954 0.380537 0.380537 3.0 5.0 0.0
17.5556 0.381192 0.381192 3.0 5.0 0.0
17.6158 0.381844 0.381844 3.0 5.0 0.0
17.6759 0.382494 0.382494 3.0 5.0 0.0
17.736 0.383143 0.383143 3.0 5.0 0.0
17.7959 0.383789 0.383789 3.0 5.0 0.0
17.8557 0.384434 0.384434 3.0 5.0 0.0
17.9155 0.385077 0.385077 3.0 5.0 0.0
17.9752 0.385717 0.385717 3.0 5.0 0.0
18.0348 0.386356 0.386356 3.0 5.0 0.0
18.0942 0.386993 0.386993 3.0 5.0 0.0
18.1536 0.387628 0.387628 3.0 5.0 0.0
18.2129 0.388261 0.388261 3.0 5.0 0.0
18.2721 0.388893 0.388893 3.0 5.0 0.0
18.3312 0.389522 0.389522 3.0 5.0 0.0
18.3901 0.39015 0.39015 3.0 5.0 0.0
18.449 0.390775 0.390775 3.0 5.0 0.0
18.5078 0.391399 0.391399 3.0 5.0 0.0
18.5664 0.392021 0.392021 3.0 5.0 0.0
18.625 0.392641 0.392641 3.0 5.0 0.0
18.6834 0.393259 0.393259 3.0 5.0 0.0
18.7417 0.393875 0.393875 3.0 5.0 0.0
18.7999 0.394489 0.394489 3.0 5.0 0.0
18.8579 0.395102 0.395102 3.0 5.0 0.0
18.9159 0.395712 0.395712 3.0 5.0 0.0
18.9737 0.396321 0.396321 3.0 5.0 0.0
19.0314 0.396928 0.396928 3.0 5.0 0.0
19.0889 0.397533 0.397533 3.0 5.0 0.0
19.1463 0.398136 0.398136 3.0 5.0 0.0
19.2036 0.398738 0.398738 3.0 5.0 0.0
19.2608 0.399337 0.399337 3.0 5.0 0.0
19.3178 0.399935 0.399935 3.0 5.0 0.0
19.3746 0.40053 0.40053 3.0 5.0 0.0
19.4314 0.401124 0.401124 3.0 5.0 0.0
19.4879 0.401717 0.401717 3.0 5.0 0.0
19.5444 0.402307 0.402307 3.0 5.0 0.0
19.6007 0.402895 0.402895 3.0 5.0 0.0
19.6568 0.403482 0.403482 3.0 5.0 0.0
19.7128 0.404067 0.404067 3.0 5.0 0.0
19.7686 0.40465 0.40465 3.0 5.0 0.0
19.8242 0.405231 0.405231 3.0 5.0 0.0
19.8797 0.405811 0.405811 3.0 5.0 0.0
19.9351 0.406388 0.406388 3.0 5.0 0.0
19.9902 0.406964 0.406964 3.0 5.0 0.0
20.0452 0.407538 0.407538 3.0 5.0 0.0
20.1 0.408111 0.408111 3.0 5.0 0.0
20.1547 0.408681 0.408681 3.0 5.0 0.0
20.2091 0.40925 0.40925 3.0 5.0 0.0
20.2634 0.409817 0.409817 3.0 5.0 0.0
20.3176 0.410382 0.410382 3.0 5.0 0.0
20.3715 0.410945 0.410945 3.0 5.0 0.0
20.4252 0.411507 0.411507 3.0 5.0 0.0
20.4788 0.412067 0.412067 3.0 5.0 0.0
20.5321 0.412625 0.412625 3.0 5.0 0.0
20.5853 0.413181 0.413181 3.0 5.0 0.0
20.6383 0.413736 0.413736 3.0 5.0 0.0
20.691 0.414289 0.414289 3.0 5.0 0.0
20.7436 0.41484 0.41484 3.0 5.0 0.0
20.796 0.415389 0.415389 3.0 5.0 0.0
20.8481 0.415937 0.415937 3.0 5.0 0.0
20.9 0.416483 0.416483 3.0 5.0 0.0
20.9518 0.417027 0.417027 3.0 5.0 0.0
21.0033 0.417569 0.417569 3.0 5.0 0.0
21.0546 0.41811 0.41811 3.0 5.0 0.0
21.1057 0.418649 0.418649 3.0 5.0 0.0
21.1565 0.419186 0.419186 3.0 5.0 0.0
21.2071 0.419722 0.419722 3.0 5.0 0.0
21.2575 0.420256 0.420256 3.0 5.0 0.0
21.3077 0.420788 0.420788 3.0 5.0 0.0
21.3576 0.421319 0.421319 3.0 5.0 0.0
21.4073 0.421847 0.421847 3.0 5.0 0.0
21.4567 0.422374 0.422374 3.0 5.0 0.0
21.5059 0.4229 0.4229 3.0 5.0 0.0
21.5548 0.423424 0.423424 3.0 5.0 0.0
21.6035 0.423946 0.423946 3.0 5.0 0.0
21.652 0.424466 0.424466 3.0 5.0 0.0
21.7002 0.424985 0.424985 3.0 5.0 0.0
21.7481 0.425502 0.425502 3.0 5.0 0.0
21.7957 0.426017 0.426017 3.0 5.0 0.0
21.8431 0.426531 0.426531 3.0 5.0 0.0
21.8903 0.427042 0.427042 3.0 5.0 0.0
21.9371 0.427553 0.427553 3.0 5.0 0.0
21.9837 0.428061 0.428061 3.0 5.0 0.0
22.03 0.428568 0.428568 3.0 5.0 0.0
22.076 0.429074 0.429074 3.0 5.0 0.0
22.1217 0.429577 0.429577 3.0 5.0 0.0
22.1672 0.430079 0.430079 3.0 5.0 0.0
22.2123 0.43058 0.43058 3.0 5.0 0.0
22.2572 0.431078 0.431078 3.0 5.0 0.0
22.3017 0.431576 0.431576 3.0 5.0 0.0
22.346 0.432071 0.432071 3.0 5.0 0.0
22.3899 0.432565 0.432565 3.0 5.0 0.0
22.4336 0.433057 0.433057 3.0 5.0 0.0
22.4769 0.433547 0.433547 3.0 5.0 0.0
22.52 0.434036 0.434036 3.0 5.0 0.0
22.5627 0.434523 0.434523 3.0 5.0 0.0
22.605 0.435009 0.435009 3.0 5.0 0.0
22.6471 0.435493 0.435493 3.0 5.0 0.0
22.6888 0.435975 0.435975 3.0 5.0 0.0
22.7302 0.436456 0.436456 3.0 5.0 0.0
22.7713 0.436935 0.436935 3.0 5.0 0.0
22.8121 0.437412 0.437412 3.0 5.0 0.0
22.8525 0.437888 0.437888 3.0 5.0 0.0
22.8925 0.438362 0.438362 3.0 5.0 0.0
22.9322 0.438834 0.438834 3.0 5.0 0.0
22.9716 0.439305 0.439305 3.0 5.0 0.0
23.0106 0.439774 0.439774 3.0 5.0 0.0
23.0493 0.440242 0.440242 3.0 5.0 0.0
23.0876 0.440708 0.440708 3.0 5.0 0.0
23.1255 0.441172 0.441172 3.0 5.0 0.0
23.1631 0.441635 0.441635 3.0 5.0 0.0
23.2003 0.442096 0.442096 3.0 5.0 0.0
23.2372 0.442555 0.442555 3.0 5.0 0.0
23.2737 0.443012 0.443012 3.0 5.0 0.0
23.3098 0.443468 0.443468 3.0 5.0 0.0
23.3455 0.443923 0.443923 3.0 5.0 0.0
23.3809 0.444375 0.444375 3.0 5.0 0.0
23.4159 0.444826 0.444826 3.0 5.0 0.0
23.4505 0.445276 0.445276 3.0 5.0 0.0
23.4847 0.445724 0.445724 3.0 5.0 0.0
23.5185 0.44617 0.44617 3.0 5.0 0.0
23.552 0.446614 0.446614 3.0 5.0 0.0
23.585 0.447057 0.447057 3.0 5.0 0.0
23.6177 0.447497 0.447497 3.0 5.0 0.0
23.65 0.447937 0.447937 3.0 5.0 0.0
23.6819 0.448374 0.448374 3.0 5.0 0.0
23.7133 0.44881 0.44881 3.0 5.0 0.0
23.7444 0.449244 0.449244 3.0 5.0 0.0
23.7751 0.449677 0.449677 3.0 5.0 0.0
23.8054 0.450108 0.450108 3.0 5.0 0.0
23.8353 0.450537 0.450537 3.0 5.0 0.0
23.8647 0.450964 0.450964 3.0 5.0 0.0
23.8938 0.451389 0.451389 3.0 5.0 0.0
23.9225 0.451813 0.451813 3.0 5.0 0.0
23.9507 0.452235 0.452235 3.0 5.0 0.0
23.9786 0.452655 0.452655 3.0 5.0 0.0
24.006 0.453074 0.453074 3.0 5.0 0.0
24.0331 0.45349 0.45349 3.0 5.0 0.0
24.0597 0.453905 0.453905 3.0 5.0 0.0
24.086 0.454318 0.454318 3.0 5.0 0.0
24.1118 0.454729 0.454729 3.0 5.0 0.0
24.1372 0.455139 0.455139 3.0 5.0 0.0
24.1622 0.455546 0.455546 3.0 5.0 0.0
24.1868 0.455952 0.455952 3.0 5.0 0.0
24.211 0.456356 0.456356 3.0 5.0 0.0
24.2348 0.456758 0.456758 3.0 5.0 0.0
24.2582 0.457158 0.457158 3.0 5.0 0.0
24.2812 0.457556 0.457556 3.0 5.0 0.0
24.3038 0.457952 0.457952 3.0 5.0 0.0
24.326 0.458346 0.458346 3.0 5.0 0.0
24.3478 0.458738 0.458738 3.0 5.0 0.0
24.3692 0.459129 0.459129 3.0 5.0 0.0
24.3902 0.459517 0.459517 3.0 5.0 0.0
24.4109 0.459903 0.459903 3.0 5.0 0.0
24.4311 0.460287 0.460287 3.0 5.0 0.0
24.4509 0.460669 0.460669 3.0 5.0 0.0
24.4704 0.46105 0.46105 3.0 5.0 0.0
24.4895 0.461427 0.461427 3.0 5.0 0.0
24.5082 0.461803 0.461803 3.0 5.0 0.0
24.5265 0.462177 0.462177 3.0 5.0 0.0
24.5444 0.462548 0.462548 3.0 5.0 0.0
24.562 0.462918 0.462918 3.0 5.0 0.0
24.5792 0.463285 0.463285 3.0 5.0 0.0
24.596 0.46365 0.46365 3.0 5.0 0.0
24.6125 0.464012 0.464012 3.0 5.0 0.0
24.6286 0.464372 0.464372 3.0 5.0 0.0
24.6444 0.46473 0.46473 3.0 5.0 0.0
24.6598 0.465086 0.465086 3.0 5.0 0.0
24.6749 0.465439 0.465439 3.0 5.0 0.0
24.6896 0.46579 0.46579 3.0 5.0 0.0
24.7039 0.466138 0.466138 3.0 5.0 0.0
24.718 0.466484 0.466484 3.0 5.0 0.0
24.7317 0.466827 0.466827 3.0 5.0 0.0
24.7451 0.467168 0.467168 3.0 5.0 0.0
24.7581 0.467506 0.467506 3.0 5.0 0.0
24.7709 0.467841 0.467841 3.0 5.0 0.0
24.7833 0.468174 0.468174 3.0 5.0 0.0
24.7954 0.468504 0.468504 3.0 5.0 0.0
24.8072 0.468832 0.468832 3.0 5.0 0.0
24.8188 0.469156 0.469156 3.0 5.0 0.0
24.83 0.469478 0.469478 3.0 5.0 0.0
24.8409 0.469797 0.469797 3.0 5.0 0.0
24.8515 0.470113 0.470113 3.0 5.0 0.0
24.8619 0.470426 0.470426 3.0 5.0 0.0
24.8719 0.470736 0.470736 3.0 5.0 0.0
24.8817 0.471043 0.471043 3.0 5.0 0.0
24.8913 0.471347 0.471347 3.0 5.0 0.0
24.9005 0.471648 0.471648 3.0 5.0 0.0
24.9096 0.471945 0.471945 3.0 5.0 0.0
24.9183 0.47224 0.47224 3.0 5.0 0.0
24.9268 0.472531 0.472531 3.0 5.0 0.0
24.9351 0.472819 0.472819 3.0 5.0 0.0
24.9431 0.473103 0.473103 3.0 5.0 0.0
24.9509 0.473384 0.473384 3.0 5.0 0.0
24.9584 0.473662 0.473662 3.0 5.0 0.0
24.9658 0.473936 0.473936 3.0 5.0 0.0
24.9729 0.474207 0.474207 3.0 5.0 0.0
24.9797 0.474474 0.474474 3.0 5.0 0.0
24.9864 0.474737 0.474737 3.0 5.0 0.0
24.9929 0.474996 0.474996 3.0 5.0 0.0
24.9991 0.475252 0.475252 3.0 5.0 0.0
25.0052 0.475504 0.475504 3.0 5.0 0.0
25.0111 0.475752 0.475752 3.0 5.0 0.0
25.0167 0.475996 0.475996 3.0 5.0 0.0
25.0222 0.476236 0.476236 3.0 5.0 0.0
25.0275 0.476472 0.476472 3.0 5.0 0.0
25.0327 0.476703 0.476703 3.0 5.0 0.0
25.0376 0.476931 0.476931 3.0 5.0 0.0
25.0424 0.477155 0.477155 3.0 5.0 0.0
25.047 0.477374 0.477374 3.0 5.0 0.0
25.0515 0.477589 0.477589 3.0 5.0 0.0
25.0558 0.477799 0.477799 3.0 5.0 0.0
25.0599 0.478005 0.478005 3.0 5.0 0.0
25.0639 0.478207 0.478207 3.0 5.0 0.0
25.0677 0.478404 0.478404 3.0 5.0 0.0
25.0714 0.478596 0.478596 3.0 5.0 0.0
25.075 0.478784 0.478784 3.0 5.0 0.0
25.0784 0.478967 0.478967 3.0 5.0 0.0
25.0817 0.479145 0.479145 3.0 5.0 0.0
25.0848 0.479318 0.479318 3.0 5.0 0.0
25.0878 0.479487 0.479487 3.0 5.0 0.0
25.0907 0.47965 0.47965 3.0 5.0 0.0
25.0935 0.479809 0.479809 3.0 5.0 0.0
25.0962 0.479963 0.479963 3.0 5.0 0.0
25.0987 0.480111 0.480111 3.0 5.0 0.0
25.1011 0.480255 0.480255 3.0 5.0 0.0
25.1034 0.480393 0.480393 3.0 5.0 0.0
25.1056 0.480526 0.480526 3.0 5.0 0.0
25.1077 0.480654 0.480654 3.0 5.0 0.0
25.1097 0.480777 0.480777 3.0 5.0 0.0
25.1115 0.480894 0.480894 3.0 5.0 0.0
25.1133 0.481006 0.481006 3.0 5.0 0.0
25.115 0.481113 0.481113 3.0 5.0 0.0
25.1165 0.481214 0.481214 3.0 5.0 0.0
25.118 0.48131 0.48131 3.0 5.0 0.0
25.1194 0.4814 0.4814 3.0 5.0 0.0
25.1207 0.481485 0.481485 3.0 5.0 0.0
25.1219 0.481564 0.481564 3.0 5.0 0.0
25.123 0.481638 0.481638 3.0 5.0 0.0
25.124 0.481706 0.481706 3.0 5.0 0.0
25.1249 0.481768 0.481768 3.0 5.0 0.0
25.1257 0.481825 0.481825 3.0 5.0 0.0
25.1265 0.481876 0.481876 3.0 5.0 0.0
25.1271 0.481921 0.481921 3.0 5.0 0.0
25.1277 0.481961 0.481961 3.0 5.0 0.0
25.1282 0.481995 0.481995 3.0 5.0 0.0
25.1286 0.482023 0.482023 3.0 5.0 0.0
25.1289 0.482045 0.482045 3.0 5.0 0.0
25.1292 0.482062 0.482062 3.0 5.0 0.0
25.1293 0.482073 0.482073 3.0 5.0 0.0
25.1294 0.482077 0.482077 3.0 5.0 0.0
