8.750000000000000000e+02
0.000000000000000000e+00
1.748000000000000043e+01
4.090730799999999778e-01
4.133568400000000032e-01
4.168930599999999820e-01
4.199585000000000123e-01
4.228305199999999875e-01
4.256662399999999735e-01
4.285391299999999903e-01
4.314888399999999846e-01
4.345439400000000174e-01
4.377289699999999950e-01
4.410655800000000126e-01
4.445720599999999911e-01
4.482629000000000197e-01
4.521483499999999767e-01
4.562343400000000160e-01
4.605228599999999783e-01
4.650123999999999924e-01
4.696984599999999843e-01
4.745733999999999786e-01
4.796213200000000176e-01
4.847861800000000110e-01
4.898190800000000178e-01
4.938057699999999772e-01
4.954858100000000265e-01
4.957311999999999830e-01
4.956654899999999864e-01
4.955503299999999833e-01
4.954275799999999785e-01
4.953038699999999794e-01
4.951800700000000277e-01
4.950563000000000047e-01
4.949325299999999817e-01
4.948088199999999826e-01
4.946851400000000232e-01
4.945614899999999925e-01
4.944378400000000173e-01
4.943142500000000106e-01
4.941906899999999880e-01
4.940671600000000052e-01
4.939436600000000066e-01
4.938201899999999922e-01
4.936967500000000175e-01
4.935733400000000271e-01
4.934499600000000208e-01
4.933266299999999882e-01
4.932033100000000059e-01
4.930800200000000078e-01
4.929567599999999938e-01
4.928335500000000091e-01
4.927103500000000191e-01
4.925871800000000134e-01
4.924640699999999760e-01
4.923409499999999994e-01
4.922178700000000018e-01
4.920948399999999778e-01
4.919718499999999883e-01
4.918488599999999988e-01
4.917259199999999830e-01
4.916029900000000175e-01
4.914801100000000256e-01
4.913572700000000126e-01
4.912344200000000050e-01
4.911116400000000159e-01
4.909888800000000164e-01
4.908661500000000011e-01
4.907434299999999805e-01
4.906207599999999891e-01
4.904981299999999766e-01
4.903755200000000092e-01
4.902529400000000259e-01
4.901303900000000269e-01
4.900078800000000068e-01
4.898853899999999761e-01
4.897629299999999852e-01
4.896404999999999785e-01
4.895181100000000063e-01
4.893957400000000235e-01
4.892734300000000092e-01
4.891511199999999948e-01
4.890288400000000202e-01
4.889065899999999742e-01
4.887844000000000078e-01
4.886622099999999858e-01
4.885400500000000035e-01
4.884179200000000054e-01
4.882958499999999757e-01
4.881737800000000016e-01
4.880517699999999959e-01
4.879297599999999901e-01
4.878078100000000084e-01
4.876858600000000266e-01
4.875639700000000132e-01
4.874420799999999998e-01
4.873202400000000156e-01
4.871984100000000262e-01
4.870766400000000051e-01
4.869548699999999841e-01
4.868331599999999870e-01
4.867114699999999794e-01
4.865897900000000220e-01
4.864681699999999775e-01
4.863465699999999781e-01
4.862250100000000130e-01
4.861034499999999925e-01
4.859819400000000011e-01
4.858604699999999887e-01
4.857390200000000213e-01
4.856176099999999773e-01
4.854961899999999941e-01
4.853748399999999741e-01
4.852535099999999990e-01
4.851322200000000029e-01
4.850109499999999962e-01
4.848897200000000240e-01
4.847685099999999858e-01
4.846473299999999873e-01
4.845261900000000233e-01
4.844050699999999932e-01
4.842839800000000028e-01
4.841629299999999914e-01
4.840419000000000249e-01
4.839208999999999872e-01
4.837999299999999891e-01
4.836790000000000256e-01
4.835580899999999960e-01
4.834372100000000061e-01
4.833163899999999846e-01
4.831955700000000187e-01
4.830747799999999814e-01
4.829540299999999786e-01
4.828333000000000208e-01
4.827126299999999759e-01
4.825919599999999865e-01
4.824713199999999813e-01
4.823507100000000158e-01
4.822301299999999791e-01
4.821096100000000217e-01
4.819890900000000089e-01
4.818685899999999855e-01
4.817481599999999808e-01
4.816277299999999761e-01
4.815073300000000112e-01
4.813869900000000146e-01
4.812666500000000180e-01
4.811463400000000057e-01
4.810260800000000225e-01
4.809058299999999786e-01
4.807856099999999744e-01
4.806654499999999941e-01
4.805452800000000191e-01
4.804251500000000230e-01
4.803050799999999954e-01
4.801849999999999730e-01
4.800649900000000248e-01
4.799449700000000263e-01
4.798250199999999910e-01
4.797050700000000112e-01
4.795851400000000209e-01
4.794652799999999937e-01
4.793454100000000273e-01
4.792256100000000241e-01
4.791058000000000261e-01
4.789860499999999965e-01
4.788663100000000172e-01
4.787466200000000116e-01
4.786269400000000007e-01
4.785073100000000190e-01
4.783876799999999818e-01
4.782681200000000188e-01
4.781485500000000055e-01
4.780290400000000162e-01
4.779095400000000216e-01
4.777900900000000006e-01
4.776706399999999797e-01
4.775512499999999827e-01
4.774318599999999857e-01
4.773125400000000074e-01
4.771932099999999788e-01
4.770739399999999741e-01
4.769546700000000250e-01
4.768354599999999888e-01
4.767162500000000080e-01
4.765970999999999957e-01
4.764779499999999834e-01
4.763588599999999951e-01
4.762397700000000067e-01
4.761207399999999867e-01
4.760017100000000223e-01
4.758827400000000263e-01
4.757637699999999747e-01
4.756448600000000027e-01
4.755259499999999750e-01
4.754070899999999766e-01
4.752882399999999730e-01
4.751694499999999932e-01
4.750506600000000135e-01
4.749319300000000021e-01
4.748131899999999961e-01
4.746945200000000087e-01
4.745758500000000213e-01
4.744572300000000076e-01
4.743386199999999886e-01
4.742200699999999935e-01
4.741015100000000038e-01
4.739830199999999771e-01
4.738645300000000060e-01
4.737460600000000244e-01
4.736276600000000059e-01
4.735092499999999927e-01
4.733909099999999981e-01
4.732725600000000088e-01
4.731542799999999827e-01
4.730359900000000173e-01
4.729177399999999754e-01
4.727995400000000181e-01
4.726813400000000054e-01
4.725631800000000271e-01
4.724450700000000225e-01
4.723269600000000179e-01
4.722088899999999922e-01
4.720908699999999958e-01
4.719728499999999993e-01
4.718548699999999818e-01
4.717369399999999935e-01
4.716190100000000052e-01
4.715011100000000011e-01
4.713832399999999812e-01
4.712654399999999799e-01
4.711476299999999839e-01
4.710298500000000277e-01
4.709121000000000001e-01
4.707944099999999965e-01
4.706767199999999929e-01
4.705590599999999735e-01
4.704414299999999938e-01
4.703238299999999983e-01
4.702062599999999870e-01
4.700887200000000155e-01
4.699712400000000123e-01
4.698537600000000092e-01
4.697363099999999903e-01
4.696188900000000110e-01
4.695015000000000160e-01
4.693841300000000105e-01
4.692667999999999839e-01
4.691494999999999971e-01
4.690322299999999944e-01
4.689149899999999760e-01
4.687977700000000025e-01
4.686805900000000080e-01
4.685634399999999977e-01
4.684463099999999769e-01
4.683291900000000063e-01
4.682121300000000041e-01
4.680950899999999915e-01
4.679780900000000132e-01
4.678611200000000192e-01
4.677441700000000147e-01
4.676272300000000048e-01
4.675103400000000242e-01
4.673934900000000225e-01
4.672766600000000103e-01
4.671598399999999929e-01
4.670430700000000046e-01
4.669263399999999953e-01
4.668095999999999912e-01
4.666929200000000111e-01
4.665762500000000257e-01
4.664596300000000140e-01
4.663430199999999970e-01
4.662264600000000092e-01
4.661099000000000214e-01
4.659934000000000021e-01
4.658769099999999774e-01
4.657604699999999820e-01
4.656440299999999866e-01
4.655276500000000151e-01
4.654112799999999828e-01
4.652949299999999955e-01
4.651786399999999766e-01
4.650623500000000132e-01
4.649460899999999786e-01
4.648298599999999836e-01
4.647136900000000126e-01
4.645975199999999861e-01
4.644813799999999993e-01
4.643652699999999967e-01
4.642491899999999783e-01
4.641331399999999996e-01
4.640171200000000051e-01
4.639011299999999949e-01
4.637851700000000243e-01
4.636692399999999825e-01
4.635533399999999804e-01
4.634374700000000180e-01
4.633216299999999843e-01
4.632058099999999956e-01
4.630900299999999858e-01
4.629742800000000158e-01
4.628585599999999745e-01
4.627428399999999886e-01
4.626271699999999765e-01
4.625115399999999988e-01
4.623959100000000211e-01
4.622803300000000171e-01
4.621647899999999920e-01
4.620492500000000224e-01
4.619337600000000266e-01
4.618182800000000254e-01
4.617028499999999980e-01
4.615874300000000208e-01
4.614720600000000172e-01
4.613567000000000085e-01
4.612413599999999891e-01
4.611260899999999885e-01
4.610108099999999931e-01
4.608955699999999767e-01
4.607803500000000052e-01
4.606651999999999969e-01
4.605500399999999939e-01
4.604349099999999750e-01
4.603198199999999907e-01
4.602047499999999958e-01
4.600897099999999851e-01
4.599747100000000088e-01
4.598597300000000221e-01
4.597447800000000195e-01
4.596298600000000012e-01
4.595149800000000173e-01
4.594000899999999832e-01
4.592852599999999730e-01
4.591704600000000025e-01
4.590556599999999765e-01
4.589409199999999744e-01
4.588262100000000121e-01
4.587114999999999942e-01
4.585968599999999951e-01
4.584822100000000011e-01
4.583676199999999756e-01
4.582530300000000056e-01
4.581385000000000041e-01
4.580239700000000025e-01
4.579094599999999904e-01
4.577950199999999970e-01
4.576805800000000035e-01
4.575661699999999943e-01
4.574517900000000248e-01
4.573374399999999840e-01
4.572231199999999829e-01
4.571088300000000215e-01
4.569945599999999941e-01
4.568803300000000012e-01
4.567661299999999924e-01
4.566519600000000234e-01
4.565378099999999884e-01
4.564236999999999878e-01
4.563095899999999872e-01
4.561955300000000157e-01
4.560815100000000233e-01
4.559674899999999753e-01
4.558535200000000120e-01
4.557395599999999880e-01
4.556256499999999932e-01
4.555117499999999930e-01
4.553979000000000221e-01
4.552840599999999904e-01
4.551702400000000037e-01
4.550564899999999802e-01
4.549427300000000174e-01
4.548290099999999780e-01
4.547153099999999837e-01
4.546016500000000238e-01
4.544880099999999978e-01
4.543744000000000116e-01
4.542608300000000043e-01
4.541472799999999865e-01
4.540337600000000084e-01
4.539202500000000251e-01
4.538067900000000154e-01
4.536933599999999900e-01
4.535799600000000042e-01
4.534665600000000185e-01
4.533532299999999959e-01
4.532398899999999786e-01
4.531266099999999852e-01
4.530133299999999918e-01
4.529000799999999827e-01
4.527868899999999974e-01
4.526737000000000122e-01
4.525605400000000111e-01
4.524474099999999943e-01
4.523343100000000172e-01
4.522212400000000243e-01
4.521082000000000156e-01
4.519951899999999911e-01
4.518822100000000064e-01
4.517692600000000058e-01
4.516563399999999895e-01
4.515434199999999731e-01
4.514305599999999807e-01
4.513177299999999725e-01
4.512049000000000198e-01
4.510921199999999853e-01
4.509793500000000011e-01
4.508666399999999852e-01
4.507539300000000249e-01
4.506412399999999985e-01
4.505286199999999908e-01
4.504159999999999831e-01
4.503034100000000151e-01
4.501908399999999810e-01
4.500783099999999815e-01
4.499658000000000269e-01
4.498533299999999957e-01
4.497408900000000043e-01
4.496284700000000023e-01
4.495160599999999951e-01
4.494037000000000170e-01
4.492913800000000180e-01
4.491790500000000241e-01
4.490667899999999935e-01
4.489545200000000236e-01
4.488423200000000168e-01
4.487301100000000154e-01
4.486179399999999928e-01
4.485057900000000153e-01
4.483937000000000062e-01
4.482816199999999918e-01
4.481695600000000224e-01
4.480575299999999817e-01
4.479455399999999754e-01
4.478335399999999744e-01
4.477215999999999974e-01
4.476096900000000045e-01
4.474978099999999959e-01
4.473859399999999820e-01
4.472741199999999973e-01
4.471623000000000125e-01
4.470505399999999963e-01
4.469387799999999800e-01
4.468270500000000034e-01
4.467153799999999952e-01
4.466037199999999818e-01
4.464920800000000134e-01
4.463804699999999737e-01
4.462688899999999737e-01
4.461573400000000134e-01
4.460458199999999818e-01
4.459343299999999899e-01
4.458228300000000033e-01
4.457113999999999798e-01
4.455999999999999961e-01
4.454886000000000124e-01
4.453772599999999970e-01
4.452659199999999817e-01
4.451546100000000061e-01
4.450433599999999990e-01
4.449320999999999970e-01
4.448208799999999741e-01
4.447096899999999908e-01
4.445985299999999918e-01
4.444873899999999822e-01
4.443762900000000071e-01
4.442652200000000162e-01
4.441541399999999751e-01
4.440431300000000081e-01
4.439321500000000253e-01
4.438211599999999923e-01
4.437102399999999780e-01
4.435993100000000244e-01
4.434884199999999943e-01
4.433775799999999934e-01
4.432667499999999872e-01
4.431559400000000259e-01
4.430451699999999882e-01
4.429344199999999954e-01
4.428237099999999815e-01
4.427130200000000126e-01
4.426023399999999830e-01
4.424917099999999825e-01
4.423811100000000218e-01
4.422705200000000003e-01
4.421599800000000080e-01
4.420494400000000157e-01
4.419389400000000023e-01
4.418284900000000182e-01
4.417180399999999785e-01
4.416076199999999785e-01
4.414972400000000130e-01
4.413868799999999815e-01
4.412765499999999896e-01
4.411662499999999820e-01
4.410559499999999744e-01
4.409457099999999907e-01
4.408355099999999860e-01
4.407252999999999865e-01
4.406151500000000110e-01
4.405049999999999799e-01
4.403948799999999886e-01
4.402847899999999814e-01
4.401747300000000140e-01
4.400647300000000151e-01
4.399547300000000161e-01
4.398447300000000171e-01
4.397347899999999865e-01
4.396248799999999957e-01
4.395149899999999943e-01
4.394051099999999876e-01
4.392952900000000049e-01
4.391854700000000222e-01
4.390757100000000079e-01
4.389659499999999936e-01
4.388562100000000243e-01
4.387465099999999785e-01
4.386368399999999723e-01
4.385272000000000059e-01
4.384175799999999734e-01
4.383079999999999754e-01
4.381984199999999774e-01
4.380888900000000086e-01
4.379794000000000187e-01
4.378699099999999733e-01
4.377604700000000126e-01
4.376510399999999912e-01
4.375416300000000147e-01
4.374322600000000172e-01
4.373229100000000091e-01
4.372135999999999800e-01
4.371043099999999959e-01
4.369950599999999907e-01
4.368858299999999750e-01
4.367766100000000096e-01
4.366674400000000178e-01
4.365582800000000208e-01
4.364491699999999974e-01
4.363400599999999740e-01
4.362309899999999852e-01
4.361219399999999857e-01
4.360129500000000102e-01
4.359039699999999740e-01
4.357949799999999985e-01
4.356860499999999914e-01
4.355771500000000240e-01
4.354682899999999801e-01
4.353594199999999970e-01
4.352506099999999822e-01
4.351418000000000230e-01
4.350330199999999925e-01
4.349242700000000017e-01
4.348155599999999898e-01
4.347069000000000072e-01
4.345982099999999848e-01
4.344895799999999864e-01
4.343809800000000276e-01
4.342724099999999976e-01
4.341638400000000231e-01
4.340553300000000170e-01
4.339468200000000109e-01
4.338383399999999890e-01
4.337299199999999910e-01
4.336214999999999931e-01
4.335130999999999846e-01
4.334047400000000105e-01
4.332964100000000207e-01
4.331880799999999754e-01
4.330798100000000095e-01
4.329715699999999723e-01
4.328633199999999959e-01
4.327551399999999826e-01
4.326469600000000248e-01
4.325388099999999958e-01
4.324306800000000117e-01
4.323225900000000066e-01
4.322145299999999857e-01
4.321064900000000097e-01
4.319984900000000128e-01
4.318904900000000158e-01
4.317825399999999925e-01
4.316746000000000194e-01
4.315667200000000148e-01
4.314588300000000154e-01
4.313509799999999950e-01
4.312431500000000195e-01
4.311353600000000230e-01
4.310275900000000160e-01
4.309198599999999879e-01
4.308121500000000048e-01
4.307044400000000217e-01
4.305968000000000018e-01
4.304891499999999871e-01
4.303815699999999911e-01
4.302739800000000003e-01
4.301664199999999938e-01
4.300589000000000217e-01
4.299513999999999836e-01
4.298439299999999852e-01
4.297364699999999815e-01
4.296290600000000071e-01
4.295216800000000168e-01
4.294143000000000265e-01
4.293069500000000205e-01
4.291996699999999776e-01
4.290923799999999955e-01
4.289851199999999976e-01
4.288778899999999838e-01
4.287706900000000099e-01
4.286634899999999804e-01
4.285563499999999748e-01
4.284492400000000090e-01
4.283421299999999876e-01
4.282350500000000060e-01
4.281280299999999928e-01
4.280210099999999795e-01
4.279140200000000060e-01
4.278070600000000168e-01
4.277001000000000275e-01
4.275932000000000066e-01
4.274863300000000255e-01
4.273794599999999888e-01
4.272726499999999761e-01
4.271658400000000189e-01
4.270590499999999956e-01
4.269523000000000068e-01
4.268455800000000022e-01
4.267388899999999818e-01
4.266322300000000012e-01
4.265255900000000100e-01
4.264189600000000135e-01
4.263123899999999855e-01
4.262058100000000183e-01
4.260992699999999744e-01
4.259927900000000101e-01
4.258862999999999954e-01
4.257798500000000153e-01
4.256733999999999796e-01
4.255669999999999731e-01
4.254606400000000010e-01
4.253542699999999788e-01
4.252479699999999752e-01
4.251416599999999768e-01
4.250353900000000129e-01
4.249291399999999830e-01
4.248229299999999875e-01
4.247167399999999815e-01
4.246105800000000152e-01
4.245044299999999882e-01
4.243983299999999903e-01
4.242922399999999872e-01
4.241862000000000132e-01
4.240801599999999838e-01
4.239741599999999888e-01
4.238681799999999833e-01
4.237622300000000175e-01
4.236563099999999804e-01
4.235503999999999936e-01
4.234445399999999804e-01
4.233386800000000227e-01
4.232328799999999780e-01
4.231270799999999888e-01
4.230213199999999785e-01
4.229155800000000132e-01
4.228098699999999766e-01
4.227041899999999797e-01
4.225985099999999828e-01
4.224928900000000098e-01
4.223872699999999814e-01
4.222816799999999926e-01
4.221761499999999723e-01
4.220706200000000075e-01
4.219651200000000268e-01
4.218596499999999749e-01
4.217541799999999785e-01
4.216487700000000061e-01
4.215433599999999781e-01
4.214380099999999740e-01
4.213326600000000255e-01
4.212273400000000056e-01
4.211220399999999753e-01
4.210167799999999794e-01
4.209115500000000232e-01
4.208063499999999957e-01
4.207011500000000237e-01
4.205960000000000254e-01
4.204908600000000218e-01
4.203857500000000025e-01
4.202806700000000228e-01
4.201756099999999772e-01
4.200705900000000215e-01
4.199655999999999945e-01
4.198606300000000124e-01
4.197556700000000252e-01
4.196507600000000116e-01
4.195458599999999927e-01
4.194409800000000188e-01
4.193361400000000239e-01
4.192313300000000131e-01
4.191265399999999919e-01
4.190217600000000209e-01
4.189170300000000235e-01
4.188123000000000262e-01
4.187076399999999921e-01
4.186029700000000187e-01
4.184983400000000242e-01
4.183937300000000192e-01
4.182891499999999985e-01
4.181845799999999724e-01
4.180800599999999756e-01
4.179755700000000185e-01
4.178710900000000006e-01
4.177666300000000277e-01
4.176621999999999835e-01
4.175578099999999737e-01
4.174534400000000089e-01
4.173490999999999729e-01
4.172447599999999923e-01
4.171404799999999802e-01
4.170362100000000183e-01
4.169319599999999904e-01
4.168277400000000021e-01
4.167235499999999981e-01
4.166193899999999783e-01
4.165152599999999983e-01
4.164111600000000024e-01
4.163070600000000065e-01
4.162029899999999949e-01
4.160989800000000072e-01
4.159949700000000194e-01
4.158909900000000159e-01
4.157870399999999966e-01
4.156830899999999773e-01
4.155791999999999820e-01
4.154753099999999866e-01
4.153714800000000151e-01
4.152676499999999882e-01
4.151638400000000062e-01
4.150600700000000032e-01
4.149563299999999844e-01
4.148525900000000211e-01
4.147489100000000262e-01
4.146452199999999810e-01
4.145416000000000101e-01
4.144379799999999836e-01
4.143343899999999969e-01
4.142308199999999996e-01
4.141272899999999813e-01
4.140237600000000184e-01
4.139202799999999738e-01
4.138168099999999794e-01
4.137133700000000247e-01
4.136099500000000040e-01
4.135065700000000177e-01
4.134032100000000209e-01
4.132998900000000031e-01
4.131965899999999747e-01
4.130932999999999966e-01
4.129900300000000080e-01
4.128868299999999825e-01
4.127836200000000177e-01
4.126804499999999765e-01
4.125772699999999960e-01
4.124741599999999786e-01
4.123710700000000062e-01
4.122679799999999783e-01
4.121649299999999849e-01
4.120618999999999810e-01
4.119589000000000167e-01
4.118559399999999759e-01
4.117529999999999801e-01
4.116500900000000240e-01
4.115471800000000124e-01
4.114443099999999798e-01
4.113414899999999763e-01
4.112386699999999728e-01
4.111358800000000091e-01
4.110330899999999898e-01
4.109303699999999893e-01
4.108276699999999781e-01
4.107249700000000225e-01
4.106222999999999956e-01
4.105196600000000084e-01
4.104170500000000055e-01
4.103144699999999867e-01
4.102119200000000077e-01
4.101093699999999731e-01
4.100068800000000180e-01
4.099043900000000074e-01
4.098019299999999809e-01
4.096994999999999942e-01
4.095970999999999917e-01
4.094947299999999735e-01
4.093923600000000107e-01
4.092900500000000164e-01
4.091877300000000273e-01
4.090854500000000171e-01
4.089831999999999912e-01
4.088809800000000050e-01
4.087787900000000030e-01
4.086766199999999905e-01
4.085744599999999727e-01
4.084723299999999946e-01
4.083702599999999849e-01
4.082681799999999805e-01
4.081661100000000264e-01
4.080640999999999852e-01
4.079621099999999889e-01
4.078601299999999874e-01
4.077582100000000098e-01
4.076562799999999820e-01
4.075543899999999886e-01
4.074525199999999847e-01
4.073506900000000153e-01
4.072488499999999956e-01
4.071470799999999945e-01
4.070452999999999988e-01
4.069435599999999820e-01
4.068418699999999943e-01
4.067401900000000015e-01
4.066385000000000138e-01
4.065368799999999894e-01
4.064352800000000099e-01
4.063336799999999749e-01
4.062321199999999743e-01
4.061305800000000188e-01
4.060290799999999867e-01
4.059275999999999995e-01
4.058261499999999966e-01
4.057246999999999937e-01
4.056233200000000094e-01
4.055219299999999749e-01
4.054205699999999801e-01
4.053192400000000251e-01
4.052179499999999934e-01
4.051166800000000068e-01
4.050154100000000201e-01
4.049142000000000019e-01
4.048129899999999837e-01
4.047118100000000052e-01
4.046106600000000109e-01
4.045095400000000008e-01
4.044084499999999749e-01
4.043073699999999993e-01
4.042063399999999973e-01
4.041053099999999954e-01
4.040043400000000173e-01
4.039033699999999838e-01
4.038024199999999952e-01
4.037015099999999856e-01
4.036006300000000158e-01
4.034997499999999904e-01
4.033989299999999889e-01
4.032981400000000272e-01
4.031973500000000099e-01
4.030965899999999769e-01
4.029958799999999730e-01
4.028951800000000194e-01
4.027945099999999945e-01
4.026938700000000093e-01
4.025932799999999978e-01
4.024926999999999810e-01
4.023921799999999882e-01
4.022916599999999954e-01
4.021911899999999762e-01
4.020907899999999757e-01
4.019904100000000202e-01
4.018901300000000121e-01
4.017898999999999776e-01
4.016898300000000255e-01
4.015899600000000236e-01
4.014904799999999829e-01
4.013919499999999974e-01
4.012963500000000239e-01
4.012148099999999773e-01
4.012717900000000171e-01
4.035198700000000027e-01
4.085695999999999772e-01
