9.960000000000000000e+02
0.000000000000000000e+00
1.989999999999999858e+01
3.544964800000000027e-01
3.587938199999999855e-01
3.623434899999999903e-01
3.654222799999999882e-01
3.683076800000000262e-01
3.711569900000000199e-01
3.740436699999999948e-01
3.770074500000000217e-01
3.800769199999999848e-01
3.832766100000000176e-01
3.866280899999999798e-01
3.901497099999999829e-01
3.938558699999999968e-01
3.977567599999999870e-01
4.018582700000000174e-01
4.061623500000000053e-01
4.106674499999999894e-01
4.153690299999999724e-01
4.202594199999999947e-01
4.253224999999999922e-01
4.305014899999999867e-01
4.355434499999999987e-01
4.395241100000000234e-01
4.411934299999999975e-01
4.414451400000000136e-01
4.413918000000000008e-01
4.412900200000000051e-01
4.411808300000000238e-01
4.410706500000000085e-01
4.409604100000000249e-01
4.408501699999999857e-01
4.407399900000000259e-01
4.406298100000000106e-01
4.405196599999999796e-01
4.404095399999999882e-01
4.402994499999999811e-01
4.401893900000000137e-01
4.400793599999999750e-01
4.399693599999999760e-01
4.398593900000000168e-01
4.397494200000000020e-01
4.396395100000000111e-01
4.395296000000000203e-01
4.394197499999999978e-01
4.393098999999999754e-01
4.392000699999999980e-01
4.390903099999999837e-01
4.389805500000000249e-01
4.388708199999999948e-01
4.387611200000000045e-01
4.386514100000000194e-01
4.385417699999999974e-01
4.384321600000000152e-01
4.383225700000000224e-01
4.382129900000000244e-01
4.381034699999999948e-01
4.379939400000000260e-01
4.378844499999999806e-01
4.377749899999999750e-01
4.376655799999999985e-01
4.375561800000000168e-01
4.374468000000000245e-01
4.373374600000000112e-01
4.372281100000000031e-01
4.371188300000000138e-01
4.370095700000000138e-01
4.369003200000000087e-01
4.367911199999999772e-01
4.366819299999999959e-01
4.365727600000000042e-01
4.364636499999999808e-01
4.363545500000000077e-01
4.362454700000000241e-01
4.361364200000000246e-01
4.360274100000000042e-01
4.359183899999999889e-01
4.358094299999999977e-01
4.357005099999999853e-01
4.355915799999999782e-01
4.354827099999999951e-01
4.353738400000000119e-01
4.352650000000000130e-01
4.351562299999999772e-01
4.350474500000000022e-01
4.349387000000000114e-01
4.348299800000000048e-01
4.347212599999999982e-01
4.346126000000000156e-01
4.345039700000000171e-01
4.343953400000000187e-01
4.342867699999999886e-01
4.341782000000000141e-01
4.340696900000000080e-01
4.339611800000000019e-01
4.338526999999999800e-01
4.337442499999999979e-01
4.336358299999999999e-01
4.335274399999999861e-01
4.334190800000000121e-01
4.333107199999999826e-01
4.332024199999999770e-01
4.330941099999999766e-01
4.329858699999999949e-01
4.328776300000000132e-01
4.327694200000000158e-01
4.326612400000000025e-01
4.325530799999999787e-01
4.324449599999999894e-01
4.323368699999999842e-01
4.322288000000000241e-01
4.321207699999999874e-01
4.320127400000000062e-01
4.319047599999999987e-01
4.317967899999999859e-01
4.316888500000000128e-01
4.315809299999999737e-01
4.314730800000000088e-01
4.313652199999999937e-01
4.312573699999999732e-01
4.311495699999999820e-01
4.310418100000000252e-01
4.309340700000000024e-01
4.308263399999999743e-01
4.307186299999999912e-01
4.306109799999999765e-01
4.305033400000000121e-01
4.303957199999999816e-01
4.302881399999999856e-01
4.301805799999999791e-01
4.300730500000000123e-01
4.299655600000000244e-01
4.298580599999999863e-01
4.297506200000000276e-01
4.296431800000000134e-01
4.295358100000000179e-01
4.294284300000000276e-01
4.293210800000000216e-01
4.292137599999999997e-01
4.291064700000000176e-01
4.289992200000000144e-01
4.288919900000000007e-01
4.287847599999999870e-01
4.286775899999999973e-01
4.285704200000000075e-01
4.284633099999999861e-01
4.283562000000000203e-01
4.282491199999999831e-01
4.281420699999999857e-01
4.280350499999999725e-01
4.279280599999999990e-01
4.278210700000000255e-01
4.277141400000000204e-01
4.276072399999999996e-01
4.275003399999999787e-01
4.273934699999999975e-01
4.272866499999999901e-01
4.271798399999999774e-01
4.270730600000000043e-01
4.269663100000000155e-01
4.268595600000000267e-01
4.267528700000000064e-01
4.266461999999999755e-01
4.265395399999999948e-01
4.264329099999999984e-01
4.263263299999999756e-01
4.262197600000000031e-01
4.261132200000000148e-01
4.260067000000000159e-01
4.259002199999999960e-01
4.257937700000000159e-01
4.256873099999999854e-01
4.255809199999999737e-01
4.254745200000000227e-01
4.253681599999999952e-01
4.252618599999999915e-01
4.251555499999999932e-01
4.250492799999999738e-01
4.249430299999999994e-01
4.248367800000000249e-01
4.247306000000000137e-01
4.246244100000000077e-01
4.245182900000000203e-01
4.244121599999999828e-01
4.243060599999999849e-01
4.242000300000000057e-01
4.240939899999999763e-01
4.239879500000000023e-01
4.238819799999999915e-01
4.237760300000000258e-01
4.236700800000000044e-01
4.235642000000000018e-01
4.234583100000000044e-01
4.233524499999999913e-01
4.232466500000000020e-01
4.231408500000000128e-01
4.230350600000000183e-01
4.229293199999999975e-01
4.228236100000000164e-01
4.227178999999999798e-01
4.226122500000000226e-01
4.225066000000000099e-01
4.224009799999999815e-01
4.222953899999999927e-01
4.221898299999999882e-01
4.220843000000000234e-01
4.219787999999999872e-01
4.218733299999999908e-01
4.217678599999999944e-01
4.216624500000000220e-01
4.215570399999999940e-01
4.214516600000000057e-01
4.213463100000000017e-01
4.212409899999999818e-01
4.211356900000000070e-01
4.210304000000000268e-01
4.209251700000000151e-01
4.208199699999999877e-01
4.207147700000000157e-01
4.206095899999999776e-01
4.205044499999999741e-01
4.203993400000000102e-01
4.202942599999999751e-01
4.201891999999999849e-01
4.200841799999999737e-01
4.199791600000000180e-01
4.198741599999999963e-01
4.197692299999999932e-01
4.196642899999999954e-01
4.195593899999999765e-01
4.194545100000000026e-01
4.193496700000000077e-01
4.192448300000000128e-01
4.191400399999999915e-01
4.190352600000000205e-01
4.189305300000000232e-01
4.188258100000000206e-01
4.187211100000000075e-01
4.186164399999999786e-01
4.185118099999999841e-01
4.184071699999999949e-01
4.183026000000000244e-01
4.181980200000000036e-01
4.180935000000000068e-01
4.179889900000000047e-01
4.178844999999999921e-01
4.177800400000000192e-01
4.176756099999999750e-01
4.175712200000000207e-01
4.174668200000000162e-01
4.173624799999999802e-01
4.172581399999999996e-01
4.171538399999999980e-01
4.170495599999999858e-01
4.169453100000000134e-01
4.168410900000000252e-01
4.167369000000000212e-01
4.166327400000000014e-01
4.165285799999999816e-01
4.164244500000000015e-01
4.163203799999999899e-01
4.162163099999999782e-01
4.161122700000000063e-01
4.160082299999999789e-01
4.159042499999999754e-01
4.158003000000000116e-01
4.156963499999999923e-01
4.155924300000000127e-01
4.154885700000000015e-01
4.153847099999999903e-01
4.152808800000000189e-01
4.151770799999999761e-01
4.150732799999999889e-01
4.149695299999999754e-01
4.148657900000000120e-01
4.147620799999999774e-01
4.146584300000000223e-01
4.145547700000000169e-01
4.144511499999999904e-01
4.143475300000000194e-01
4.142439700000000169e-01
4.141404000000000196e-01
4.140368999999999855e-01
4.139334000000000069e-01
4.138299200000000178e-01
4.137264800000000076e-01
4.136230599999999868e-01
4.135196800000000006e-01
4.134163000000000143e-01
4.133129700000000017e-01
4.132096499999999839e-01
4.131063500000000110e-01
4.130030900000000171e-01
4.128998500000000127e-01
4.127966499999999872e-01
4.126934700000000067e-01
4.125903000000000209e-01
4.124871800000000088e-01
4.123840599999999967e-01
4.122809800000000191e-01
4.121779199999999754e-01
4.120748900000000270e-01
4.119718700000000178e-01
4.118688999999999822e-01
4.117659300000000022e-01
4.116630299999999854e-01
4.115601199999999737e-01
4.114572400000000019e-01
4.113543900000000142e-01
4.112515700000000107e-01
4.111487600000000020e-01
4.110460000000000225e-01
4.109432399999999874e-01
4.108405099999999921e-01
4.107378099999999810e-01
4.106351400000000096e-01
4.105325000000000224e-01
4.104298900000000194e-01
4.103272900000000112e-01
4.102247099999999924e-01
4.101221899999999976e-01
4.100196700000000027e-01
4.099171799999999921e-01
4.098146899999999815e-01
4.097122599999999948e-01
4.096098499999999976e-01
4.095074499999999951e-01
4.094050799999999768e-01
4.093027399999999982e-01
4.092004300000000039e-01
4.090981499999999937e-01
4.089959000000000233e-01
4.088936400000000027e-01
4.087914500000000007e-01
4.086892599999999987e-01
4.085870999999999809e-01
4.084849700000000028e-01
4.083828600000000142e-01
4.082807600000000203e-01
4.081787199999999949e-01
4.080766699999999747e-01
4.079746899999999732e-01
4.078727100000000272e-01
4.077707500000000151e-01
4.076687999999999978e-01
4.075669100000000045e-01
4.074650400000000006e-01
4.073631799999999914e-01
4.072613400000000272e-01
4.071595399999999865e-01
4.070577599999999907e-01
4.069560199999999739e-01
4.068543000000000021e-01
4.067525900000000250e-01
4.066509300000000215e-01
4.065492700000000181e-01
4.064476499999999937e-01
4.063460500000000142e-01
4.062444599999999739e-01
4.061429200000000184e-01
4.060414099999999915e-01
4.059399100000000149e-01
4.058384299999999723e-01
4.057369800000000248e-01
4.056355700000000009e-01
4.055341800000000219e-01
4.054327899999999874e-01
4.053314599999999768e-01
4.052301300000000217e-01
4.051288399999999901e-01
4.050275700000000034e-01
4.049263300000000010e-01
4.048250899999999985e-01
4.047239100000000200e-01
4.046227299999999860e-01
4.045216099999999759e-01
4.044205000000000161e-01
4.043194099999999902e-01
4.042183200000000198e-01
4.041172900000000179e-01
4.040162600000000159e-01
4.039152899999999824e-01
4.038143200000000044e-01
4.037133800000000106e-01
4.036124600000000062e-01
4.035115499999999966e-01
4.034107000000000109e-01
4.033098500000000253e-01
4.032090300000000238e-01
4.031082699999999908e-01
4.030074799999999735e-01
4.029067499999999802e-01
4.028060399999999763e-01
4.027053400000000227e-01
4.026046999999999820e-01
4.025040599999999968e-01
4.024034400000000011e-01
4.023028599999999844e-01
4.022022800000000231e-01
4.021017599999999748e-01
4.020012299999999872e-01
4.019007399999999786e-01
4.018002700000000149e-01
4.016998399999999747e-01
4.015994399999999742e-01
4.014990600000000187e-01
4.013986900000000024e-01
4.012983399999999756e-01
4.011980299999999833e-01
4.010977399999999804e-01
4.009974900000000120e-01
4.008972599999999775e-01
4.007970399999999933e-01
4.006968399999999986e-01
4.005967100000000225e-01
4.004965699999999962e-01
4.003964400000000201e-01
4.002963600000000177e-01
4.001963099999999995e-01
4.000962699999999761e-01
3.999962499999999976e-01
3.998962600000000034e-01
3.997963099999999881e-01
3.996963800000000178e-01
3.995964499999999919e-01
3.994965899999999848e-01
3.993967199999999829e-01
3.992968800000000207e-01
3.991970699999999872e-01
3.990972899999999934e-01
3.989975199999999944e-01
3.988978000000000246e-01
3.987980799999999992e-01
3.986983900000000136e-01
3.985987300000000122e-01
3.984990999999999950e-01
3.983994699999999778e-01
3.982998999999999845e-01
3.982003299999999912e-01
3.981007899999999822e-01
3.980012800000000128e-01
3.979018000000000277e-01
3.978023199999999870e-01
3.977029000000000258e-01
3.976034800000000091e-01
3.975040899999999766e-01
3.974047299999999838e-01
3.973053999999999752e-01
3.972060700000000222e-01
3.971067999999999820e-01
3.970075200000000026e-01
3.969082800000000022e-01
3.968090699999999860e-01
3.967098900000000095e-01
3.966107099999999774e-01
3.965115799999999746e-01
3.964124600000000220e-01
3.963133699999999982e-01
3.962143100000000140e-01
3.961152700000000193e-01
3.960162400000000194e-01
3.959172699999999878e-01
3.958182900000000171e-01
3.957193500000000252e-01
3.956204400000000176e-01
3.955215499999999995e-01
3.954226699999999761e-01
3.953238399999999819e-01
3.952250199999999825e-01
3.951262199999999725e-01
3.950274599999999969e-01
3.949287200000000109e-01
3.948299900000000195e-01
3.947313100000000019e-01
3.946326399999999790e-01
3.945339900000000011e-01
3.944353800000000021e-01
3.943367600000000084e-01
3.942381999999999831e-01
3.941396500000000080e-01
3.940411200000000225e-01
3.939426200000000211e-01
3.938441599999999987e-01
3.937457200000000213e-01
3.936472799999999883e-01
3.935488799999999898e-01
3.934505300000000205e-01
3.933521799999999957e-01
3.932538300000000264e-01
3.931555400000000255e-01
3.930572600000000194e-01
3.929590299999999869e-01
3.928608000000000100e-01
3.927625699999999775e-01
3.926644000000000245e-01
3.925662600000000002e-01
3.924681199999999759e-01
3.923700199999999860e-01
3.922719399999999856e-01
3.921738900000000250e-01
3.920758699999999930e-01
3.919778500000000165e-01
3.918798900000000085e-01
3.917819300000000005e-01
3.916839999999999766e-01
3.915860700000000083e-01
3.914881900000000137e-01
3.913903200000000138e-01
3.912925099999999823e-01
3.911947000000000063e-01
3.910968899999999748e-01
3.909991400000000228e-01
3.909014199999999994e-01
3.908036899999999814e-01
3.907059999999999977e-01
3.906083399999999983e-01
3.905107099999999831e-01
3.904130800000000234e-01
3.903154999999999819e-01
3.902179299999999906e-01
3.901203899999999836e-01
3.900228700000000215e-01
3.899253899999999828e-01
3.898279099999999997e-01
3.897304799999999902e-01
3.896330599999999755e-01
3.895356700000000005e-01
3.894383000000000150e-01
3.893409400000000242e-01
3.892436300000000071e-01
3.891463299999999848e-01
3.890490500000000074e-01
3.889518100000000089e-01
3.888545600000000158e-01
3.887573799999999857e-01
3.886601900000000165e-01
3.885630400000000262e-01
3.884659100000000254e-01
3.883688200000000035e-01
3.882717500000000266e-01
3.881746799999999942e-01
3.880776499999999962e-01
3.879806399999999877e-01
3.878836600000000190e-01
3.877867199999999737e-01
3.876897699999999891e-01
3.875928499999999888e-01
3.874959599999999726e-01
3.873991099999999910e-01
3.873022799999999988e-01
3.872054799999999908e-01
3.871086799999999828e-01
3.870119200000000093e-01
3.869151800000000252e-01
3.868184700000000253e-01
3.867217600000000255e-01
3.866251099999999941e-01
3.865284600000000181e-01
3.864318400000000264e-01
3.863352500000000189e-01
3.862386600000000114e-01
3.861421299999999723e-01
3.860455999999999888e-01
3.859491099999999841e-01
3.858526299999999742e-01
3.857561899999999988e-01
3.856597500000000234e-01
3.855633700000000164e-01
3.854669900000000093e-01
3.853706399999999865e-01
3.852742900000000192e-01
3.851780000000000204e-01
3.850817100000000215e-01
3.849854500000000068e-01
3.848892199999999764e-01
3.847930099999999909e-01
3.846968399999999844e-01
3.846006699999999778e-01
3.845045300000000110e-01
3.844084099999999782e-01
3.843123299999999798e-01
3.842162800000000211e-01
3.841202300000000069e-01
3.840241999999999822e-01
3.839282099999999920e-01
3.838322499999999859e-01
3.837363100000000249e-01
3.836403800000000031e-01
3.835444700000000262e-01
3.834485999999999728e-01
3.833527600000000146e-01
3.832569399999999904e-01
3.831611300000000164e-01
3.830653700000000161e-01
3.829696200000000106e-01
3.828738899999999945e-01
3.827781699999999732e-01
3.826824999999999810e-01
3.825868399999999836e-01
3.824911999999999757e-01
3.823956000000000022e-01
3.823000200000000182e-01
3.822044399999999786e-01
3.821089300000000133e-01
3.820134099999999977e-01
3.819179200000000218e-01
3.818224399999999852e-01
3.817270099999999777e-01
3.816315800000000258e-01
3.815361899999999973e-01
3.814408200000000138e-01
3.813454800000000144e-01
3.812501400000000151e-01
3.811548699999999790e-01
3.810595900000000036e-01
3.809643099999999727e-01
3.808690900000000212e-01
3.807738999999999985e-01
3.806787099999999757e-01
3.805835499999999927e-01
3.804884299999999886e-01
3.803933299999999740e-01
3.802982300000000149e-01
3.802031599999999845e-01
3.801081499999999780e-01
3.800131099999999873e-01
3.799181300000000205e-01
3.798231799999999825e-01
3.797282299999999999e-01
3.796333100000000016e-01
3.795384199999999875e-01
3.794435299999999733e-01
3.793486999999999831e-01
3.792538599999999982e-01
3.791590599999999922e-01
3.790642900000000259e-01
3.789695499999999884e-01
3.788748100000000063e-01
3.787801000000000085e-01
3.786854100000000001e-01
3.785907600000000262e-01
3.784961399999999809e-01
3.784015199999999912e-01
3.783069299999999857e-01
3.782123600000000252e-01
3.781178299999999881e-01
3.780233299999999907e-01
3.779288199999999986e-01
3.778343499999999855e-01
3.777399100000000121e-01
3.776454899999999726e-01
3.775510799999999834e-01
3.774567200000000233e-01
3.773623700000000025e-01
3.772680500000000214e-01
3.771737499999999743e-01
3.770794599999999774e-01
3.769851900000000255e-01
3.768909599999999971e-01
3.767967500000000136e-01
3.767025800000000091e-01
3.766084000000000098e-01
3.765142899999999737e-01
3.764201699999999984e-01
3.763260800000000073e-01
3.762320000000000109e-01
3.761379699999999882e-01
3.760439500000000157e-01
3.759499499999999772e-01
3.758559499999999942e-01
3.757620199999999744e-01
3.756680800000000153e-01
3.755742000000000247e-01
3.754802899999999943e-01
3.753864499999999826e-01
3.752926300000000159e-01
3.751988099999999937e-01
3.751050200000000112e-01
3.750112700000000077e-01
3.749175100000000094e-01
3.748238099999999795e-01
3.747301100000000051e-01
3.746364400000000150e-01
3.745428000000000091e-01
3.744491899999999873e-01
3.743555800000000211e-01
3.742620099999999783e-01
3.741684599999999805e-01
3.740749400000000224e-01
3.739814200000000088e-01
3.738879299999999795e-01
3.737944999999999740e-01
3.737010399999999843e-01
3.736076400000000186e-01
3.735142399999999974e-01
3.734208900000000053e-01
3.733275500000000080e-01
3.732342100000000107e-01
3.731409299999999818e-01
3.730476500000000084e-01
3.729544000000000192e-01
3.728611800000000143e-01
3.727679799999999988e-01
3.726747899999999780e-01
3.725816599999999812e-01
3.724885299999999844e-01
3.723954300000000273e-01
3.723023200000000199e-01
3.722092799999999757e-01
3.721162399999999870e-01
3.720232199999999878e-01
3.719302099999999833e-01
3.718372600000000028e-01
3.717443000000000275e-01
3.716513799999999756e-01
3.715584900000000190e-01
3.714656199999999964e-01
3.713727600000000240e-01
3.712799299999999803e-01
3.711871199999999815e-01
3.710943500000000173e-01
3.710015700000000027e-01
3.709088600000000069e-01
3.708161400000000163e-01
3.707234600000000047e-01
3.706307699999999983e-01
3.705381500000000106e-01
3.704455199999999726e-01
3.703529199999999744e-01
3.702603300000000264e-01
3.701677899999999966e-01
3.700752600000000170e-01
3.699827500000000269e-01
3.698902700000000210e-01
3.697978299999999940e-01
3.697053799999999724e-01
3.696129599999999904e-01
3.695205699999999926e-01
3.694282199999999738e-01
3.693358600000000158e-01
3.692435600000000262e-01
3.691512599999999811e-01
3.690590000000000259e-01
3.689667300000000205e-01
3.688745199999999835e-01
3.687823100000000021e-01
3.686901300000000048e-01
3.685979500000000075e-01
3.685058399999999734e-01
3.684137200000000001e-01
3.683216300000000110e-01
3.682295700000000060e-01
3.681375100000000011e-01
3.680455100000000201e-01
3.679535099999999836e-01
3.678615399999999869e-01
3.677695699999999901e-01
3.676776600000000172e-01
3.675857499999999889e-01
3.674938700000000003e-01
3.674019900000000116e-01
3.673101699999999914e-01
3.672183500000000267e-01
3.671265499999999959e-01
3.670347899999999997e-01
3.669430599999999876e-01
3.668513299999999755e-01
3.667596300000000031e-01
3.666679600000000150e-01
3.665763100000000163e-01
3.664846700000000124e-01
3.663930599999999926e-01
3.663014800000000126e-01
3.662099200000000221e-01
3.661183700000000263e-01
3.660268799999999989e-01
3.659353900000000270e-01
3.658439199999999891e-01
3.657524600000000015e-01
3.656610499999999875e-01
3.655696500000000237e-01
3.654782500000000045e-01
3.653869000000000145e-01
3.652955900000000034e-01
3.652042699999999975e-01
3.651129900000000261e-01
3.650217099999999992e-01
3.649304800000000015e-01
3.648392599999999986e-01
3.647480599999999851e-01
3.646569000000000060e-01
3.645657299999999768e-01
3.644746200000000269e-01
3.643835200000000163e-01
3.642924399999999951e-01
3.642013700000000243e-01
3.641103199999999873e-01
3.640193299999999743e-01
3.639283500000000116e-01
3.638373599999999985e-01
3.637464300000000095e-01
3.636555100000000151e-01
3.635646100000000103e-01
3.634737100000000054e-01
3.633828800000000192e-01
3.632920399999999828e-01
3.632012299999999860e-01
3.631104499999999735e-01
3.630196800000000112e-01
3.629289600000000227e-01
3.628382399999999786e-01
3.627475199999999900e-01
3.626568600000000253e-01
3.625662000000000051e-01
3.624755700000000247e-01
3.623849699999999729e-01
3.622944100000000112e-01
3.622038399999999991e-01
3.621133000000000268e-01
3.620227899999999832e-01
3.619323099999999793e-01
3.618418299999999754e-01
3.617513800000000113e-01
3.616609599999999758e-01
3.615705699999999800e-01
3.614801799999999843e-01
3.613898500000000125e-01
3.612995099999999904e-01
3.612091800000000186e-01
3.611189100000000152e-01
3.610286400000000118e-01
3.609383999999999926e-01
3.608481900000000131e-01
3.607579799999999781e-01
3.606678199999999723e-01
3.605776700000000168e-01
3.604875200000000057e-01
3.603974300000000186e-01
3.603073399999999760e-01
3.602172699999999783e-01
3.601272400000000151e-01
3.600372399999999806e-01
3.599472300000000069e-01
3.598572600000000121e-01
3.597673200000000016e-01
3.596773699999999963e-01
3.595874900000000096e-01
3.594976100000000230e-01
3.594077500000000258e-01
3.593179000000000234e-01
3.592280999999999946e-01
3.591383100000000161e-01
3.590485500000000219e-01
3.589587799999999773e-01
3.588690800000000070e-01
3.587793699999999864e-01
3.586897000000000002e-01
3.586000200000000193e-01
3.585104000000000068e-01
3.584207899999999891e-01
3.583312000000000164e-01
3.582416199999999828e-01
3.581520899999999785e-01
3.580625700000000244e-01
3.579730700000000043e-01
3.578835699999999842e-01
3.577941399999999827e-01
3.577046999999999866e-01
3.576152899999999746e-01
3.575258900000000128e-01
3.574365400000000248e-01
3.573471899999999812e-01
3.572578699999999774e-01
3.571685900000000080e-01
3.570792999999999884e-01
3.569900400000000085e-01
3.569008100000000128e-01
3.568116100000000013e-01
3.567224099999999898e-01
3.566332500000000127e-01
3.565441100000000252e-01
3.564550000000000218e-01
3.563658900000000185e-01
3.562768099999999993e-01
3.561877600000000199e-01
3.560987400000000247e-01
3.560097199999999740e-01
3.559207300000000185e-01
3.558317699999999917e-01
3.557428400000000046e-01
3.556539100000000175e-01
3.555650399999999989e-01
3.554761399999999960e-01
3.553873000000000171e-01
3.552984599999999826e-01
3.552096800000000276e-01
3.551208699999999774e-01
3.550321200000000066e-01
3.549433599999999855e-01
3.548546699999999832e-01
3.547659499999999966e-01
3.546772899999999784e-01
3.545886300000000158e-01
3.544999999999999818e-01
3.544113899999999928e-01
3.543228199999999828e-01
3.542342499999999728e-01
3.541457100000000024e-01
3.540571900000000216e-01
3.539687100000000197e-01
3.538802300000000178e-01
3.537917700000000054e-01
3.537033500000000275e-01
3.536149299999999940e-01
3.535265599999999897e-01
3.534381999999999802e-01
3.533498299999999759e-01
3.532615299999999903e-01
3.531732300000000047e-01
3.530849500000000085e-01
3.529967099999999913e-01
3.529084900000000191e-01
3.528202799999999861e-01
3.527320899999999981e-01
3.526439100000000049e-01
3.525557799999999853e-01
3.524676600000000160e-01
3.523795599999999806e-01
3.522914899999999849e-01
3.522034299999999840e-01
3.521153899999999726e-01
3.520273899999999956e-01
3.519394100000000081e-01
3.518514300000000206e-01
3.517635199999999962e-01
3.516755699999999929e-01
3.515876800000000135e-01
3.514998300000000131e-01
3.514119700000000179e-01
3.513241400000000070e-01
3.512363099999999960e-01
3.511485200000000195e-01
3.510607800000000167e-01
3.509730099999999742e-01
3.508853000000000111e-01
3.507975899999999925e-01
3.507099200000000083e-01
3.506222700000000136e-01
3.505346500000000032e-01
3.504470299999999927e-01
3.503594400000000220e-01
3.502718799999999799e-01
3.501843499999999776e-01
3.500968199999999753e-01
3.500093200000000127e-01
3.499218499999999787e-01
3.498343800000000003e-01
3.497469400000000062e-01
3.496595599999999804e-01
3.495721500000000259e-01
3.494847999999999844e-01
3.493974499999999983e-01
3.493101299999999965e-01
3.492228399999999788e-01
3.491355800000000009e-01
3.490483200000000230e-01
3.489610899999999738e-01
3.488738800000000251e-01
3.487866800000000156e-01
3.486995399999999745e-01
3.486123999999999890e-01
3.485252899999999876e-01
3.484381999999999757e-01
3.483511200000000141e-01
3.482641000000000209e-01
3.481770800000000277e-01
3.480900800000000239e-01
3.480031199999999991e-01
3.479161599999999743e-01
3.478292499999999787e-01
3.477423800000000176e-01
3.476555000000000062e-01
3.475686900000000135e-01
3.474819100000000049e-01
3.473951499999999859e-01
3.473084300000000013e-01
3.472217899999999746e-01
3.471351899999999824e-01
3.470487300000000275e-01
3.469623900000000094e-01
3.468763200000000158e-01
3.467908499999999838e-01
3.467068999999999845e-01
3.466287000000000118e-01
3.465873899999999952e-01
3.471025200000000255e-01
3.513492300000000124e-01
