1.060000000000000000e+03
0.000000000000000000e+00
2.117999999999999972e+01
3.309877800000000092e-01
3.352910000000000057e-01
3.388464199999999815e-01
3.419308699999999979e-01
3.448219599999999829e-01
3.476769900000000191e-01
3.505694899999999836e-01
3.535391399999999740e-01
3.566146199999999933e-01
3.598203999999999847e-01
3.631781000000000037e-01
3.667059799999999870e-01
3.704184899999999891e-01
3.743258099999999811e-01
3.784337600000000079e-01
3.827443099999999765e-01
3.872559099999999810e-01
3.919639899999999844e-01
3.968608399999999925e-01
4.019303300000000023e-01
4.071153399999999922e-01
4.121615599999999824e-01
4.161410899999999913e-01
4.178076399999999802e-01
4.180626299999999906e-01
4.180146800000000273e-01
4.179186799999999868e-01
4.178153000000000006e-01
4.177109900000000042e-01
4.176065600000000155e-01
4.175021899999999953e-01
4.173978300000000252e-01
4.172934899999999891e-01
4.171891799999999928e-01
4.170848999999999807e-01
4.169806200000000240e-01
4.168764099999999750e-01
4.167721899999999868e-01
4.166680300000000226e-01
4.165638700000000028e-01
4.164597400000000227e-01
4.163556400000000268e-01
4.162515700000000152e-01
4.161475000000000035e-01
4.160434900000000158e-01
4.159394799999999726e-01
4.158355000000000246e-01
4.157315799999999895e-01
4.156276600000000099e-01
4.155237700000000145e-01
4.154198800000000191e-01
4.153160499999999922e-01
4.152122100000000260e-01
4.151084400000000230e-01
4.150046700000000199e-01
4.149009300000000011e-01
4.147972200000000220e-01
4.146935299999999769e-01
4.145898800000000217e-01
4.144862300000000110e-01
4.143826400000000243e-01
4.142790399999999873e-01
4.141754799999999848e-01
4.140719800000000062e-01
4.139684399999999931e-01
4.138649699999999987e-01
4.137615299999999885e-01
4.136581100000000233e-01
4.135546999999999973e-01
4.134513100000000163e-01
4.133479600000000143e-01
4.132446300000000017e-01
4.131413400000000236e-01
4.130380699999999794e-01
4.129348400000000252e-01
4.128316000000000208e-01
4.127283999999999953e-01
4.126252499999999990e-01
4.125221099999999974e-01
4.124189899999999853e-01
4.123159100000000077e-01
4.122128199999999798e-01
4.121097899999999759e-01
4.120067700000000221e-01
4.119037700000000024e-01
4.118008300000000066e-01
4.116978900000000108e-01
4.115949600000000097e-01
4.114920799999999823e-01
4.113892299999999946e-01
4.112863800000000070e-01
4.111835699999999982e-01
4.110808100000000187e-01
4.109780499999999837e-01
4.108753199999999883e-01
4.107725899999999930e-01
4.106699200000000216e-01
4.105672499999999947e-01
4.104646399999999917e-01
4.103620399999999835e-01
4.102594600000000202e-01
4.101569099999999857e-01
4.100543899999999908e-01
4.099518699999999960e-01
4.098494100000000251e-01
4.097469400000000039e-01
4.096445400000000014e-01
4.095421399999999990e-01
4.094397699999999807e-01
4.093374000000000179e-01
4.092350900000000236e-01
4.091328100000000134e-01
4.090305300000000033e-01
4.089282799999999773e-01
4.088260499999999964e-01
4.087238599999999944e-01
4.086216999999999766e-01
4.085195699999999985e-01
4.084174300000000257e-01
4.083153600000000161e-01
4.082132900000000064e-01
4.081112399999999862e-01
4.080092300000000005e-01
4.079072499999999990e-01
4.078052600000000028e-01
4.077033400000000252e-01
4.076014199999999921e-01
4.074995200000000040e-01
4.073976599999999948e-01
4.072958199999999751e-01
4.071940199999999899e-01
4.070922399999999941e-01
4.069904699999999931e-01
4.068887500000000212e-01
4.067870399999999886e-01
4.066853500000000010e-01
4.065836999999999923e-01
4.064820399999999889e-01
4.063804400000000094e-01
4.062788800000000089e-01
4.061773100000000136e-01
4.060757799999999973e-01
4.059742700000000259e-01
4.058727899999999833e-01
4.057713399999999804e-01
4.056699000000000277e-01
4.055685099999999932e-01
4.054671200000000142e-01
4.053657700000000141e-01
4.052644400000000036e-01
4.051631399999999772e-01
4.050618400000000063e-01
4.049606000000000039e-01
4.048593600000000015e-01
4.047581900000000177e-01
4.046570099999999837e-01
4.045558599999999894e-01
4.044547099999999951e-01
4.043536200000000247e-01
4.042525299999999988e-01
4.041514999999999969e-01
4.040504699999999949e-01
4.039494699999999772e-01
4.038484999999999991e-01
4.037475300000000211e-01
4.036466200000000115e-01
4.035457100000000019e-01
4.034448600000000162e-01
4.033440099999999751e-01
4.032431799999999789e-01
4.031423599999999774e-01
4.030415999999999999e-01
4.029408400000000223e-01
4.028401400000000132e-01
4.027394400000000041e-01
4.026387599999999845e-01
4.025381199999999993e-01
4.024374800000000141e-01
4.023368999999999973e-01
4.022363099999999858e-01
4.021357899999999930e-01
4.020352700000000001e-01
4.019347699999999968e-01
4.018342799999999881e-01
4.017338500000000034e-01
4.016334100000000240e-01
4.015330400000000077e-01
4.014326599999999967e-01
4.013323200000000202e-01
4.012319699999999933e-01
4.011316899999999852e-01
4.010314300000000221e-01
4.009311799999999981e-01
4.008309500000000192e-01
4.007307600000000192e-01
4.006305900000000086e-01
4.005304599999999771e-01
4.004303200000000063e-01
4.003302499999999986e-01
4.002301699999999962e-01
4.001301199999999780e-01
4.000301099999999943e-01
3.999300900000000158e-01
3.998301300000000058e-01
3.997301799999999905e-01
3.996302800000000044e-01
3.995303800000000183e-01
3.994305100000000164e-01
3.993306500000000092e-01
3.992308399999999757e-01
3.991310299999999978e-01
3.990312799999999882e-01
3.989315299999999787e-01
3.988318100000000088e-01
3.987320999999999782e-01
3.986324399999999768e-01
3.985327799999999754e-01
3.984331799999999979e-01
3.983335800000000204e-01
3.982340100000000271e-01
3.981344700000000181e-01
3.980349300000000090e-01
3.979354500000000239e-01
3.978359699999999832e-01
3.977365199999999823e-01
3.976371000000000211e-01
3.975377099999999886e-01
3.974383499999999958e-01
3.973389900000000030e-01
3.972396599999999944e-01
3.971403499999999753e-01
3.970410799999999907e-01
3.969418399999999902e-01
3.968426299999999740e-01
3.967434200000000133e-01
3.966442600000000263e-01
3.965451099999999784e-01
3.964459900000000259e-01
3.963468700000000178e-01
3.962477999999999834e-01
3.961487399999999992e-01
3.960497399999999835e-01
3.959507299999999730e-01
3.958517599999999970e-01
3.957528200000000052e-01
3.956538700000000186e-01
3.955549899999999952e-01
3.954561100000000273e-01
3.953572499999999934e-01
3.952584299999999939e-01
3.951596299999999840e-01
3.950608400000000242e-01
3.949620999999999826e-01
3.948633699999999913e-01
3.947646599999999895e-01
3.946659900000000221e-01
3.945673399999999886e-01
3.944686900000000107e-01
3.943700800000000117e-01
3.942715199999999864e-01
3.941729700000000114e-01
3.940744400000000258e-01
3.939759099999999847e-01
3.938774500000000178e-01
3.937789800000000007e-01
3.936805400000000232e-01
3.935821400000000247e-01
3.934837600000000157e-01
3.933854099999999909e-01
3.932870600000000216e-01
3.931887399999999810e-01
3.930904599999999749e-01
3.929922000000000137e-01
3.928939699999999813e-01
3.927957699999999885e-01
3.926975699999999958e-01
3.925993999999999873e-01
3.925012600000000185e-01
3.924031599999999731e-01
3.923050799999999727e-01
3.922069999999999723e-01
3.921089799999999959e-01
3.920109600000000194e-01
3.919129700000000271e-01
3.918150100000000191e-01
3.917170500000000111e-01
3.916191500000000270e-01
3.915212499999999873e-01
3.914233699999999927e-01
3.913255299999999770e-01
3.912277200000000010e-01
3.911299100000000251e-01
3.910321600000000175e-01
3.909344100000000100e-01
3.908366899999999866e-01
3.907389900000000083e-01
3.906413300000000088e-01
3.905436700000000094e-01
3.904460399999999942e-01
3.903484300000000240e-01
3.902508599999999772e-01
3.901533200000000257e-01
3.900558100000000028e-01
3.899582899999999852e-01
3.898608100000000021e-01
3.897633600000000031e-01
3.896659299999999937e-01
3.895685400000000187e-01
3.894711399999999935e-01
3.893738099999999869e-01
3.892764699999999856e-01
3.891791700000000187e-01
3.890818699999999963e-01
3.889846200000000032e-01
3.888873800000000047e-01
3.887901599999999958e-01
3.886929800000000212e-01
3.885958199999999807e-01
3.884986899999999799e-01
3.884015699999999738e-01
3.883044999999999969e-01
3.882074400000000147e-01
3.881104000000000220e-01
3.880133599999999738e-01
3.879163899999999998e-01
3.878194099999999755e-01
3.877224599999999910e-01
3.876255499999999854e-01
3.875286600000000248e-01
3.874317999999999929e-01
3.873349400000000164e-01
3.872381200000000190e-01
3.871413200000000110e-01
3.870445499999999872e-01
3.869478100000000031e-01
3.868510700000000191e-01
3.867543600000000192e-01
3.866577099999999878e-01
3.865610400000000224e-01
3.864644199999999752e-01
3.863678300000000232e-01
3.862712400000000157e-01
3.861746799999999924e-01
3.860781500000000088e-01
3.859816500000000095e-01
3.858851500000000101e-01
3.857887099999999791e-01
3.856922700000000037e-01
3.855958600000000125e-01
3.854994800000000055e-01
3.854030999999999985e-01
3.853067800000000154e-01
3.852104499999999820e-01
3.851141599999999832e-01
3.850179000000000240e-01
3.849216699999999935e-01
3.848254400000000186e-01
3.847292399999999724e-01
3.846330600000000266e-01
3.845369200000000043e-01
3.844408100000000217e-01
3.843446999999999836e-01
3.842486399999999747e-01
3.841525900000000160e-01
3.840565699999999860e-01
3.839605500000000116e-01
3.838645800000000108e-01
3.837686200000000047e-01
3.836726799999999882e-01
3.835767800000000061e-01
3.834809100000000082e-01
3.833850599999999997e-01
3.832892199999999860e-01
3.831934000000000173e-01
3.830976200000000276e-01
3.830018600000000273e-01
3.829061100000000217e-01
3.828104099999999899e-01
3.827147200000000082e-01
3.826190500000000161e-01
3.825234200000000029e-01
3.824277799999999949e-01
3.823322100000000057e-01
3.822366300000000217e-01
3.821410800000000219e-01
3.820455400000000168e-01
3.819500499999999854e-01
3.818545600000000095e-01
3.817591399999999968e-01
3.816637099999999894e-01
3.815682799999999819e-01
3.814729199999999931e-01
3.813775500000000096e-01
3.812822399999999945e-01
3.811869299999999794e-01
3.810916200000000198e-01
3.809963800000000234e-01
3.809011299999999767e-01
3.808059100000000252e-01
3.807107200000000025e-01
3.806155600000000194e-01
3.805204300000000206e-01
3.804253000000000218e-01
3.803302000000000072e-01
3.802351400000000270e-01
3.801400999999999808e-01
3.800450899999999743e-01
3.799500800000000234e-01
3.798551000000000011e-01
3.797601500000000185e-01
3.796652300000000202e-01
3.795703100000000219e-01
3.794754399999999972e-01
3.793805800000000228e-01
3.792857499999999771e-01
3.791909500000000266e-01
3.790961500000000206e-01
3.790013799999999988e-01
3.789066700000000010e-01
3.788119300000000189e-01
3.787172400000000105e-01
3.786225899999999811e-01
3.785279400000000072e-01
3.784333200000000175e-01
3.783387200000000172e-01
3.782441599999999959e-01
3.781495999999999746e-01
3.780550699999999931e-01
3.779605600000000010e-01
3.778660899999999878e-01
3.777716500000000144e-01
3.776771999999999907e-01
3.775828199999999857e-01
3.774884299999999859e-01
3.773940499999999809e-01
3.772997299999999998e-01
3.772054000000000240e-01
3.771111400000000113e-01
3.770168700000000039e-01
3.769226099999999913e-01
3.768284000000000078e-01
3.767342000000000191e-01
3.766400200000000198e-01
3.765458799999999995e-01
3.764517600000000241e-01
3.763576699999999775e-01
3.762635899999999811e-01
3.761695299999999742e-01
3.760755100000000017e-01
3.759814799999999790e-01
3.758875099999999803e-01
3.757935499999999762e-01
3.756996100000000172e-01
3.756056999999999868e-01
3.755118299999999909e-01
3.754179500000000003e-01
3.753240999999999938e-01
3.752302800000000271e-01
3.751364899999999891e-01
3.750427100000000014e-01
3.749489799999999873e-01
3.748552499999999732e-01
3.747615499999999988e-01
3.746678500000000245e-01
3.745742100000000185e-01
3.744805800000000073e-01
3.743869699999999856e-01
3.742933900000000036e-01
3.741998400000000058e-01
3.741062900000000080e-01
3.740127699999999944e-01
3.739192800000000205e-01
3.738258199999999754e-01
3.737323900000000254e-01
3.736389600000000200e-01
3.735455599999999987e-01
3.734521900000000172e-01
3.733588500000000199e-01
3.732654999999999723e-01
3.731721900000000147e-01
3.730789099999999858e-01
3.729856599999999966e-01
3.728924399999999917e-01
3.727992199999999867e-01
3.727060300000000215e-01
3.726128599999999902e-01
3.725197299999999934e-01
3.724265999999999965e-01
3.723335300000000236e-01
3.722404500000000005e-01
3.721473800000000276e-01
3.720543700000000231e-01
3.719613900000000029e-01
3.718683999999999878e-01
3.717754500000000073e-01
3.716824899999999765e-01
3.715896000000000199e-01
3.714967100000000078e-01
3.714038399999999851e-01
3.713110099999999969e-01
3.712181999999999982e-01
3.711253999999999942e-01
3.710326299999999744e-01
3.709398799999999996e-01
3.708471700000000038e-01
3.707544799999999974e-01
3.706617999999999857e-01
3.705691400000000191e-01
3.704765099999999811e-01
3.703839199999999776e-01
3.702913199999999794e-01
3.701987600000000156e-01
3.701062199999999858e-01
3.700137099999999957e-01
3.699212100000000003e-01
3.698287599999999786e-01
3.697363100000000125e-01
3.696439000000000252e-01
3.695514799999999878e-01
3.694591199999999742e-01
3.693667700000000109e-01
3.692744399999999816e-01
3.691821100000000078e-01
3.690898400000000024e-01
3.689975699999999970e-01
3.689053400000000260e-01
3.688131299999999890e-01
3.687209499999999918e-01
3.686287699999999945e-01
3.685366199999999814e-01
3.684445000000000081e-01
3.683524100000000190e-01
3.682603199999999743e-01
3.681682600000000249e-01
3.680762399999999990e-01
3.679842400000000180e-01
3.678922700000000212e-01
3.678003000000000244e-01
3.677083600000000119e-01
3.676164399999999888e-01
3.675245600000000001e-01
3.674326800000000115e-01
3.673408300000000071e-01
3.672490099999999869e-01
3.671572200000000064e-01
3.670654300000000259e-01
3.669737000000000138e-01
3.668819700000000017e-01
3.667902399999999896e-01
3.666985600000000067e-01
3.666068900000000186e-01
3.665152500000000146e-01
3.664236399999999949e-01
3.663320500000000202e-01
3.662404699999999846e-01
3.661489199999999888e-01
3.660573999999999772e-01
3.659659000000000106e-01
3.658744400000000230e-01
3.657829799999999798e-01
3.656915399999999816e-01
3.656001400000000179e-01
3.655087399999999986e-01
3.654173600000000244e-01
3.653260500000000133e-01
3.652347000000000232e-01
3.651434199999999963e-01
3.650521299999999747e-01
3.649609100000000272e-01
3.648696499999999898e-01
3.647784600000000266e-01
3.646872899999999973e-01
3.645961300000000183e-01
3.645049899999999732e-01
3.644138599999999784e-01
3.643227800000000127e-01
3.642317099999999863e-01
3.641406600000000049e-01
3.640496400000000077e-01
3.639586599999999894e-01
3.638676699999999764e-01
3.637767100000000031e-01
3.636857900000000088e-01
3.635948600000000197e-01
3.635039899999999990e-01
3.634131299999999731e-01
3.633222899999999922e-01
3.632314799999999955e-01
3.631406699999999987e-01
3.630498899999999862e-01
3.629591500000000082e-01
3.628684300000000196e-01
3.627777099999999755e-01
3.626870200000000266e-01
3.625963600000000064e-01
3.625057300000000260e-01
3.624151299999999742e-01
3.623245399999999727e-01
3.622339700000000162e-01
3.621434299999999884e-01
3.620528900000000161e-01
3.619624100000000122e-01
3.618719300000000083e-01
3.617814799999999886e-01
3.616910300000000245e-01
3.616006099999999890e-01
3.615102499999999774e-01
3.614198599999999817e-01
3.613295300000000099e-01
3.612391899999999878e-01
3.611489199999999844e-01
3.610586199999999968e-01
3.609683799999999776e-01
3.608781400000000139e-01
3.607879600000000186e-01
3.606977800000000234e-01
3.606075899999999779e-01
3.605174700000000065e-01
3.604273499999999797e-01
3.603372599999999926e-01
3.602471600000000107e-01
3.601571299999999920e-01
3.600670999999999733e-01
3.599770999999999943e-01
3.598871200000000048e-01
3.597971500000000100e-01
3.597072399999999837e-01
3.596173200000000181e-01
3.595274099999999917e-01
3.594375599999999893e-01
3.593476999999999921e-01
3.592578799999999739e-01
3.591680800000000007e-01
3.590782900000000222e-01
3.589885500000000174e-01
3.588988200000000073e-01
3.588090800000000025e-01
3.587194100000000163e-01
3.586297299999999799e-01
3.585400899999999780e-01
3.584504700000000210e-01
3.583608600000000033e-01
3.582713000000000148e-01
3.581817400000000262e-01
3.580922200000000166e-01
3.580026900000000123e-01
3.579131999999999869e-01
3.578237300000000065e-01
3.577342900000000103e-01
3.576448899999999931e-01
3.575554799999999811e-01
3.574661000000000088e-01
3.573767500000000208e-01
3.572874100000000275e-01
3.571981200000000078e-01
3.571088299999999882e-01
3.570195400000000241e-01
3.569303200000000231e-01
3.568410900000000274e-01
3.567518900000000159e-01
3.566627199999999887e-01
3.565735800000000011e-01
3.564844400000000135e-01
3.563953300000000102e-01
3.563062499999999910e-01
3.562171800000000221e-01
3.561281600000000269e-01
3.560391399999999762e-01
3.559501199999999810e-01
3.558611600000000097e-01
3.557721999999999829e-01
3.556832699999999958e-01
3.555943699999999930e-01
3.555054699999999901e-01
3.554166300000000112e-01
3.553277899999999767e-01
3.552389400000000030e-01
3.551501599999999925e-01
3.550613799999999820e-01
3.549726300000000112e-01
3.548839100000000246e-01
3.547951899999999825e-01
3.547064999999999801e-01
3.546178300000000227e-01
3.545291999999999888e-01
3.544405700000000103e-01
3.543519700000000161e-01
3.542634000000000061e-01
3.541748499999999855e-01
3.540863100000000152e-01
3.539978300000000133e-01
3.539093099999999770e-01
3.538208600000000148e-01
3.537324099999999971e-01
3.536440100000000086e-01
3.535555899999999752e-01
3.534672300000000211e-01
3.533788600000000168e-01
3.532905299999999915e-01
3.532022200000000112e-01
3.531139500000000098e-01
3.530256700000000136e-01
3.529374299999999964e-01
3.528492200000000190e-01
3.527610299999999754e-01
3.526728499999999822e-01
3.525846899999999784e-01
3.524965600000000143e-01
3.524084399999999895e-01
3.523203400000000096e-01
3.522322800000000087e-01
3.521442399999999973e-01
3.520562099999999806e-01
3.519682299999999930e-01
3.518802200000000213e-01
3.517922800000000128e-01
3.517043300000000094e-01
3.516164399999999746e-01
3.515285300000000057e-01
3.514406700000000106e-01
3.513528100000000154e-01
3.512649800000000044e-01
3.511771899999999724e-01
3.510894199999999854e-01
3.510016499999999984e-01
3.509139099999999956e-01
3.508261999999999770e-01
3.507385000000000086e-01
3.506508500000000139e-01
3.505632000000000192e-01
3.504755500000000246e-01
3.503879599999999983e-01
3.503003700000000276e-01
3.502128099999999855e-01
3.501252799999999832e-01
3.500377499999999809e-01
3.499502500000000182e-01
3.498627799999999843e-01
3.497753100000000059e-01
3.496878999999999960e-01
3.496004899999999860e-01
3.495131100000000157e-01
3.494257299999999899e-01
3.493383800000000039e-01
3.492510600000000021e-01
3.491637699999999844e-01
3.490764800000000223e-01
3.489892499999999731e-01
3.489020199999999794e-01
3.488147899999999857e-01
3.487276100000000212e-01
3.486404399999999959e-01
3.485533000000000103e-01
3.484661600000000248e-01
3.483790500000000234e-01
3.482919600000000115e-01
3.482049099999999786e-01
3.481178899999999854e-01
3.480308699999999922e-01
3.479438699999999884e-01
3.478569100000000192e-01
3.477699499999999944e-01
3.476830100000000145e-01
3.475961100000000137e-01
3.475092399999999970e-01
3.474223599999999856e-01
3.473355200000000087e-01
3.472487000000000212e-01
3.471618899999999730e-01
3.470751300000000095e-01
3.469883500000000009e-01
3.469016300000000164e-01
3.468149300000000212e-01
3.467282400000000209e-01
3.466415700000000100e-01
3.465549099999999938e-01
3.464683000000000068e-01
3.463816900000000198e-01
3.462950900000000276e-01
3.462085400000000091e-01
3.461219999999999852e-01
3.460354800000000064e-01
3.459489900000000118e-01
3.458625100000000119e-01
3.457760500000000015e-01
3.456896199999999753e-01
3.456032299999999835e-01
3.455168299999999970e-01
3.454304599999999947e-01
3.453441300000000269e-01
3.452578199999999931e-01
3.451715100000000147e-01
3.450852300000000206e-01
3.449989600000000212e-01
3.449127399999999954e-01
3.448265200000000252e-01
3.447403299999999837e-01
3.446541399999999977e-01
3.445680099999999801e-01
3.444818900000000128e-01
3.443957599999999952e-01
3.443096900000000016e-01
3.442236200000000079e-01
3.441375799999999985e-01
3.440515699999999732e-01
3.439655600000000035e-01
3.438795800000000180e-01
3.437936300000000167e-01
3.437076800000000154e-01
3.436217599999999983e-01
3.435358700000000209e-01
3.434500099999999723e-01
3.433641499999999791e-01
3.432783500000000099e-01
3.431925200000000009e-01
3.431067500000000159e-01
3.430209799999999754e-01
3.429352299999999798e-01
3.428495200000000187e-01
3.427638100000000021e-01
3.426781600000000094e-01
3.425924799999999770e-01
3.425068600000000241e-01
3.424212300000000209e-01
3.423356399999999966e-01
3.422500800000000121e-01
3.421645500000000117e-01
3.420790100000000167e-01
3.419935100000000006e-01
3.419080099999999844e-01
3.418225599999999975e-01
3.417371200000000053e-01
3.416516800000000131e-01
3.415662899999999946e-01
3.414809100000000264e-01
3.413955599999999868e-01
3.413102299999999922e-01
3.412249099999999924e-01
3.411396099999999820e-01
3.410543500000000061e-01
3.409690899999999747e-01
3.408838799999999725e-01
3.407986499999999808e-01
3.407134700000000183e-01
3.406282999999999950e-01
3.405431800000000009e-01
3.404580400000000173e-01
3.403729500000000074e-01
3.402878599999999976e-01
3.402028100000000221e-01
3.401177799999999807e-01
3.400327599999999895e-01
3.399477599999999877e-01
3.398627900000000257e-01
3.397778300000000029e-01
3.396929200000000093e-01
3.396079799999999760e-01
3.395231100000000168e-01
3.394382300000000074e-01
3.393534100000000220e-01
3.392685699999999915e-01
3.391837799999999903e-01
3.390989899999999890e-01
3.390142300000000275e-01
3.389294999999999947e-01
3.388447800000000121e-01
3.387600800000000190e-01
3.386754100000000101e-01
3.385907400000000012e-01
3.385060999999999765e-01
3.384214899999999915e-01
3.383369099999999907e-01
3.382523399999999847e-01
3.381677900000000236e-01
3.380832699999999913e-01
3.379987500000000145e-01
3.379142600000000218e-01
3.378298000000000134e-01
3.377453699999999892e-01
3.376609400000000205e-01
3.375765399999999805e-01
3.374921699999999802e-01
3.374077999999999800e-01
3.373234600000000194e-01
3.372391499999999875e-01
3.371548699999999954e-01
3.370705800000000085e-01
3.369863300000000006e-01
3.369020799999999927e-01
3.368178900000000087e-01
3.367337000000000247e-01
3.366495400000000249e-01
3.365653800000000251e-01
3.364812400000000148e-01
3.363971399999999834e-01
3.363130699999999917e-01
3.362290000000000001e-01
3.361449499999999979e-01
3.360609399999999747e-01
3.359769300000000070e-01
3.358929500000000234e-01
3.358089899999999739e-01
3.357250700000000143e-01
3.356411499999999992e-01
3.355572499999999736e-01
3.354733599999999982e-01
3.353895199999999965e-01
3.353056899999999896e-01
3.352218900000000223e-01
3.351380800000000049e-01
3.350543100000000218e-01
3.349705599999999728e-01
3.348868500000000137e-01
3.348031300000000043e-01
3.347194499999999739e-01
3.346357899999999885e-01
3.345521399999999979e-01
3.344685099999999967e-01
3.343849199999999744e-01
3.343013200000000129e-01
3.342177900000000146e-01
3.341342199999999818e-01
3.340507099999999729e-01
3.339672100000000143e-01
3.338837299999999897e-01
3.338002899999999995e-01
3.337168400000000146e-01
3.336334499999999981e-01
3.335500399999999921e-01
3.334666800000000153e-01
3.333833199999999830e-01
3.332999899999999904e-01
3.332166999999999768e-01
3.331334000000000239e-01
3.330501299999999998e-01
3.329668900000000153e-01
3.328836600000000256e-01
3.328004500000000254e-01
3.327172700000000094e-01
3.326340899999999934e-01
3.325509700000000013e-01
3.324678200000000250e-01
3.323847400000000119e-01
3.323016500000000040e-01
3.322185899999999803e-01
3.321355599999999964e-01
3.320525300000000124e-01
3.319695300000000127e-01
3.318865599999999971e-01
3.318036200000000213e-01
3.317206799999999900e-01
3.316377699999999984e-01
3.315548600000000068e-01
3.314720099999999836e-01
3.313891600000000159e-01
3.313063099999999928e-01
3.312235199999999935e-01
3.311407299999999942e-01
3.310579399999999950e-01
3.309752000000000249e-01
3.308924699999999941e-01
3.308097700000000030e-01
3.307270700000000119e-01
3.306444299999999892e-01
3.305617900000000220e-01
3.304791499999999993e-01
3.303965600000000058e-01
3.303139800000000070e-01
3.302314000000000083e-01
3.301488799999999779e-01
3.300663500000000083e-01
3.299838600000000177e-01
3.299013700000000271e-01
3.298189000000000259e-01
3.297364700000000037e-01
3.296540700000000212e-01
3.295716599999999885e-01
3.294892899999999902e-01
3.294069199999999920e-01
3.293246000000000229e-01
3.292422899999999930e-01
3.291600000000000081e-01
3.290777200000000180e-01
3.289954700000000121e-01
3.289132399999999956e-01
3.288310199999999739e-01
3.287488499999999814e-01
3.286666899999999836e-01
3.285845199999999910e-01
3.285023899999999775e-01
3.284202800000000089e-01
3.283382100000000192e-01
3.282561299999999793e-01
3.281740799999999791e-01
3.280920700000000134e-01
3.280100799999999817e-01
3.279281000000000001e-01
3.278461400000000081e-01
3.277641800000000161e-01
3.276822600000000030e-01
3.276003599999999794e-01
3.275184899999999955e-01
3.274366300000000063e-01
3.273547900000000066e-01
3.272729799999999911e-01
3.271911699999999756e-01
3.271093999999999946e-01
3.270276500000000031e-01
3.269459000000000115e-01
3.268641800000000042e-01
3.267824899999999810e-01
3.267008399999999924e-01
3.266191800000000089e-01
3.265375500000000097e-01
3.264559499999999947e-01
3.263743499999999798e-01
3.262927800000000045e-01
3.262112400000000134e-01
3.261297000000000224e-01
3.260482000000000102e-01
3.259667199999999876e-01
3.258852400000000205e-01
3.258038200000000217e-01
3.257224000000000230e-01
3.256409800000000243e-01
3.255595900000000098e-01
3.254782299999999795e-01
3.253968999999999889e-01
3.253155899999999878e-01
3.252342899999999815e-01
3.251530200000000148e-01
3.250717499999999927e-01
3.249905399999999944e-01
3.249093299999999962e-01
3.248281499999999822e-01
3.247469700000000237e-01
3.246658099999999991e-01
3.245846900000000090e-01
3.245036000000000032e-01
3.244225399999999815e-01
3.243414800000000153e-01
3.242604700000000228e-01
3.241794700000000251e-01
3.240985000000000116e-01
3.240175499999999875e-01
3.239366399999999979e-01
3.238557599999999925e-01
3.237749300000000163e-01
3.236941400000000191e-01
3.236134099999999902e-01
3.235327599999999748e-01
3.234522300000000072e-01
3.233718899999999952e-01
3.232919300000000051e-01
3.232128300000000065e-01
3.231364500000000195e-01
3.230725199999999742e-01
3.231243799999999888e-01
3.251031899999999863e-01
3.301671099999999859e-01
