1.077000000000000000e+03
0.000000000000000000e+00
2.151999999999999957e+01
3.251865800000000029e-01
3.294912300000000238e-01
3.330480800000000241e-01
3.361339300000000252e-01
3.390264199999999950e-01
3.418828199999999762e-01
3.447767500000000207e-01
3.477478600000000197e-01
3.508247999999999922e-01
3.540320699999999765e-01
3.573912399999999989e-01
3.609206699999999990e-01
3.646347200000000233e-01
3.685436000000000267e-01
3.726531299999999991e-01
3.769652499999999740e-01
3.814784299999999795e-01
3.861880599999999997e-01
3.910865199999999930e-01
3.961575900000000039e-01
4.013440300000000183e-01
4.063913499999999845e-01
4.103707699999999958e-01
4.120368099999999756e-01
4.122926599999999775e-01
4.122460800000000147e-01
4.121514900000000092e-01
4.120495599999999814e-01
4.119466800000000095e-01
4.118437200000000242e-01
4.117407499999999887e-01
4.116378399999999771e-01
4.115349400000000157e-01
4.114320599999999883e-01
4.113292399999999849e-01
4.112264199999999814e-01
4.111235999999999779e-01
4.110208499999999932e-01
4.109181199999999978e-01
4.108153900000000025e-01
4.107126899999999914e-01
4.106100200000000200e-01
4.105073799999999773e-01
4.104047699999999743e-01
4.103021900000000111e-01
4.101996099999999923e-01
4.100970899999999975e-01
4.099945700000000026e-01
4.098920799999999920e-01
4.097896200000000211e-01
4.096871899999999789e-01
4.095847899999999764e-01
4.094823899999999739e-01
4.093800499999999953e-01
4.092777100000000168e-01
4.091754000000000224e-01
4.090731100000000175e-01
4.089708599999999916e-01
4.088686400000000054e-01
4.087664500000000034e-01
4.086642600000000014e-01
4.085620899999999889e-01
4.084599899999999950e-01
4.083578900000000012e-01
4.082557900000000073e-01
4.081537399999999871e-01
4.080517300000000014e-01
4.079497200000000157e-01
4.078477300000000194e-01
4.077458099999999863e-01
4.076438800000000140e-01
4.075419599999999809e-01
4.074401000000000272e-01
4.073382600000000076e-01
4.072364299999999826e-01
4.071346200000000026e-01
4.070328799999999858e-01
4.069311299999999743e-01
4.068293900000000130e-01
4.067277000000000253e-01
4.066260500000000166e-01
4.065243900000000132e-01
4.064227599999999940e-01
4.063211700000000093e-01
4.062196000000000140e-01
4.061180699999999977e-01
4.060165600000000263e-01
4.059150499999999995e-01
4.058135999999999965e-01
4.057121599999999884e-01
4.056107400000000252e-01
4.055093499999999906e-01
4.054079899999999959e-01
4.053066399999999958e-01
4.052053400000000249e-01
4.051040399999999986e-01
4.050027700000000119e-01
4.049015300000000095e-01
4.048003299999999860e-01
4.046991500000000075e-01
4.045979699999999735e-01
4.044968500000000189e-01
4.043957300000000088e-01
4.042946399999999829e-01
4.041935799999999968e-01
4.040925499999999948e-01
4.039915499999999771e-01
4.038905500000000148e-01
4.037895799999999813e-01
4.036886700000000272e-01
4.035877600000000176e-01
4.034868799999999922e-01
4.033860000000000223e-01
4.032851800000000209e-01
4.031843500000000247e-01
4.030835899999999916e-01
4.029828300000000141e-01
4.028821000000000208e-01
4.027813700000000274e-01
4.026807000000000025e-01
4.025800500000000226e-01
4.024794099999999819e-01
4.023787999999999809e-01
4.022782100000000249e-01
4.021776599999999924e-01
4.020771399999999995e-01
4.019766200000000067e-01
4.018761499999999875e-01
4.017756900000000186e-01
4.016752499999999837e-01
4.015748499999999832e-01
4.014744800000000224e-01
4.013741000000000114e-01
4.012737900000000191e-01
4.011734699999999765e-01
4.010731900000000238e-01
4.009729300000000052e-01
4.008727100000000210e-01
4.007725100000000262e-01
4.006723200000000262e-01
4.005721500000000157e-01
4.004720399999999736e-01
4.003719399999999817e-01
4.002718299999999951e-01
4.001717900000000272e-01
4.000717699999999932e-01
3.999717500000000148e-01
3.998717700000000153e-01
3.997718100000000052e-01
3.996718799999999794e-01
3.995719899999999880e-01
3.994721199999999861e-01
3.993722499999999842e-01
3.992724100000000220e-01
3.991725999999999885e-01
3.990728299999999895e-01
3.989730799999999800e-01
3.988733600000000101e-01
3.987736399999999848e-01
3.986739499999999992e-01
3.985742899999999977e-01
3.984746599999999805e-01
3.983750600000000031e-01
3.982754900000000098e-01
3.981759300000000112e-01
3.980763900000000022e-01
3.979768799999999773e-01
3.978773999999999922e-01
3.977779399999999965e-01
3.976785199999999798e-01
3.975791000000000186e-01
3.974797099999999861e-01
3.973803799999999775e-01
3.972810500000000244e-01
3.971817200000000159e-01
3.970824499999999757e-01
3.969831799999999911e-01
3.968839599999999801e-01
3.967847500000000194e-01
3.966855699999999874e-01
3.965864199999999951e-01
3.964872700000000028e-01
3.963881699999999841e-01
3.962890800000000158e-01
3.961900199999999761e-01
3.960909799999999814e-01
3.959919800000000212e-01
3.958929800000000054e-01
3.957940300000000189e-01
3.956950900000000271e-01
3.955961800000000195e-01
3.954972900000000013e-01
3.953984400000000177e-01
3.952995799999999837e-01
3.952007900000000240e-01
3.951019900000000140e-01
3.950032299999999830e-01
3.949044899999999969e-01
3.948057899999999898e-01
3.947070799999999879e-01
3.946084100000000205e-01
3.945097900000000268e-01
3.944111799999999723e-01
3.943125900000000184e-01
3.942140000000000088e-01
3.941154800000000180e-01
3.940169499999999769e-01
3.939184499999999756e-01
3.938199900000000087e-01
3.937215499999999757e-01
3.936231399999999825e-01
3.935247399999999840e-01
3.934263599999999750e-01
3.933280100000000057e-01
3.932296900000000206e-01
3.931314100000000145e-01
3.930331499999999978e-01
3.929348899999999811e-01
3.928366600000000042e-01
3.927384600000000114e-01
3.926402900000000029e-01
3.925421499999999786e-01
3.924440399999999940e-01
3.923459400000000041e-01
3.922478600000000037e-01
3.921498099999999876e-01
3.920517900000000111e-01
3.919538000000000189e-01
3.918558100000000266e-01
3.917578500000000186e-01
3.916599199999999947e-01
3.915620100000000159e-01
3.914641400000000160e-01
3.913663000000000003e-01
3.912684599999999846e-01
3.911706500000000086e-01
3.910728700000000169e-01
3.909751200000000093e-01
3.908773999999999860e-01
3.907796700000000234e-01
3.906820100000000240e-01
3.905843500000000246e-01
3.904867200000000094e-01
3.903891099999999836e-01
3.902915100000000082e-01
3.901939700000000011e-01
3.900964299999999940e-01
3.899989099999999764e-01
3.899014299999999933e-01
3.898039500000000102e-01
3.897065200000000007e-01
3.896090999999999860e-01
3.895117000000000163e-01
3.894143400000000255e-01
3.893170100000000189e-01
3.892197000000000018e-01
3.891223999999999794e-01
3.890251200000000020e-01
3.889278800000000036e-01
3.888306599999999946e-01
3.887334800000000201e-01
3.886362899999999954e-01
3.885391400000000051e-01
3.884420399999999884e-01
3.883449400000000273e-01
3.882478500000000055e-01
3.881508100000000128e-01
3.880537700000000201e-01
3.879567700000000063e-01
3.878597899999999821e-01
3.877628399999999975e-01
3.876659299999999919e-01
3.875690099999999916e-01
3.874721199999999754e-01
3.873752699999999938e-01
3.872784400000000016e-01
3.871816399999999936e-01
3.870848700000000253e-01
3.869881000000000015e-01
3.868913700000000122e-01
3.867946600000000124e-01
3.866979799999999967e-01
3.866012999999999811e-01
3.865046799999999894e-01
3.864080599999999976e-01
3.863114699999999901e-01
3.862148799999999826e-01
3.861183499999999991e-01
3.860218499999999997e-01
3.859253500000000003e-01
3.858288799999999852e-01
3.857324400000000097e-01
3.856359999999999788e-01
3.855396200000000273e-01
3.854432400000000203e-01
3.853468899999999975e-01
3.852505700000000144e-01
3.851542800000000155e-01
3.850579900000000166e-01
3.849617200000000072e-01
3.848655200000000165e-01
3.847692899999999860e-01
3.846731199999999795e-01
3.845769800000000127e-01
3.844808299999999956e-01
3.843847200000000131e-01
3.842886400000000147e-01
3.841925900000000005e-01
3.840965299999999916e-01
3.840005400000000013e-01
3.839045500000000111e-01
3.838085800000000103e-01
3.837126499999999885e-01
3.836167200000000221e-01
3.835208399999999740e-01
3.834249699999999761e-01
3.833291200000000232e-01
3.832333099999999937e-01
3.831374900000000250e-01
3.830417400000000194e-01
3.829459800000000191e-01
3.828502599999999978e-01
3.827545600000000214e-01
3.826589000000000240e-01
3.825632299999999764e-01
3.824676000000000187e-01
3.823719899999999949e-01
3.822764200000000057e-01
3.821808700000000059e-01
3.820853200000000061e-01
3.819898099999999852e-01
3.818943200000000093e-01
3.817988600000000177e-01
3.817034400000000050e-01
3.816080099999999975e-01
3.815126400000000140e-01
3.814172699999999749e-01
3.813219400000000259e-01
3.812266000000000266e-01
3.811313199999999957e-01
3.810360400000000203e-01
3.809407899999999736e-01
3.808455800000000169e-01
3.807503600000000099e-01
3.806552000000000269e-01
3.805600399999999883e-01
3.804649099999999895e-01
3.803698099999999749e-01
3.802747400000000000e-01
3.801796700000000251e-01
3.800846299999999789e-01
3.799896199999999724e-01
3.798946400000000057e-01
3.797996900000000231e-01
3.797047399999999850e-01
3.796098199999999867e-01
3.795149299999999726e-01
3.794200699999999982e-01
3.793252400000000080e-01
3.792304100000000178e-01
3.791356100000000118e-01
3.790408399999999900e-01
3.789461000000000079e-01
3.788513800000000153e-01
3.787566700000000175e-01
3.786619900000000039e-01
3.785673399999999744e-01
3.784727199999999847e-01
3.783780900000000003e-01
3.782835299999999790e-01
3.781889700000000132e-01
3.780944299999999814e-01
3.779999299999999840e-01
3.779054299999999866e-01
3.778109599999999735e-01
3.777165100000000053e-01
3.776221000000000161e-01
3.775277100000000163e-01
3.774333599999999955e-01
3.773390099999999747e-01
3.772446799999999989e-01
3.771503900000000020e-01
3.770560900000000104e-01
3.769618599999999820e-01
3.768676200000000143e-01
3.767734200000000255e-01
3.766792400000000263e-01
3.765850700000000217e-01
3.764909499999999909e-01
3.763968300000000156e-01
3.763027500000000192e-01
3.762086900000000123e-01
3.761146400000000001e-01
3.760206400000000171e-01
3.759266399999999786e-01
3.758326799999999746e-01
3.757387099999999758e-01
3.756448000000000009e-01
3.755509000000000208e-01
3.754570199999999747e-01
3.753631700000000238e-01
3.752693500000000015e-01
3.751755399999999741e-01
3.750817499999999916e-01
3.749879899999999933e-01
3.748942599999999792e-01
3.748005600000000048e-01
3.747068599999999750e-01
3.746131999999999795e-01
3.745195599999999736e-01
3.744259500000000074e-01
3.743323399999999856e-01
3.742387600000000036e-01
3.741452100000000058e-01
3.740516899999999922e-01
3.739582000000000184e-01
3.738647099999999890e-01
3.737712799999999835e-01
3.736778499999999781e-01
3.735844199999999726e-01
3.734910499999999911e-01
3.733976800000000096e-01
3.733043400000000123e-01
3.732110299999999992e-01
3.731177399999999755e-01
3.730244600000000021e-01
3.729312399999999972e-01
3.728380199999999922e-01
3.727448300000000270e-01
3.726516400000000062e-01
3.725584699999999749e-01
3.724653700000000178e-01
3.723722700000000052e-01
3.722791699999999926e-01
3.721861200000000092e-01
3.720930800000000205e-01
3.720000700000000160e-01
3.719070899999999957e-01
3.718141300000000204e-01
3.717211799999999844e-01
3.716282499999999933e-01
3.715353599999999812e-01
3.714425000000000088e-01
3.713496299999999861e-01
3.712568299999999821e-01
3.711640199999999834e-01
3.710712500000000191e-01
3.709784700000000046e-01
3.708857600000000088e-01
3.707930400000000182e-01
3.707003600000000065e-01
3.706076999999999844e-01
3.705150500000000124e-01
3.704224199999999745e-01
3.703298600000000107e-01
3.702372600000000125e-01
3.701447199999999826e-01
3.700521900000000031e-01
3.699597099999999972e-01
3.698672399999999860e-01
3.697747599999999801e-01
3.696823399999999982e-01
3.695899200000000162e-01
3.694975400000000132e-01
3.694051799999999997e-01
3.693128500000000258e-01
3.692205299999999912e-01
3.691282300000000016e-01
3.690359599999999962e-01
3.689437199999999750e-01
3.688514800000000093e-01
3.687593000000000121e-01
3.686671300000000095e-01
3.685749500000000123e-01
3.684828299999999834e-01
3.683907100000000101e-01
3.682986500000000052e-01
3.682065600000000161e-01
3.681145299999999954e-01
3.680225300000000144e-01
3.679305299999999779e-01
3.678385599999999811e-01
3.677465899999999843e-01
3.676546800000000115e-01
3.675627699999999831e-01
3.674708899999999945e-01
3.673790399999999901e-01
3.672872200000000253e-01
3.671954000000000051e-01
3.671036100000000246e-01
3.670118499999999728e-01
3.669201100000000215e-01
3.668283800000000094e-01
3.667367100000000213e-01
3.666450399999999776e-01
3.665533699999999895e-01
3.664617499999999750e-01
3.663701400000000108e-01
3.662785599999999753e-01
3.661870099999999795e-01
3.660954799999999731e-01
3.660039600000000171e-01
3.659124699999999897e-01
3.658210000000000073e-01
3.657295700000000038e-01
3.656381400000000004e-01
3.655467600000000261e-01
3.654553899999999911e-01
3.653640200000000116e-01
3.652727000000000057e-01
3.651813899999999946e-01
3.650900999999999730e-01
3.649988499999999858e-01
3.649076199999999881e-01
3.648163999999999851e-01
3.647252000000000272e-01
3.646340399999999926e-01
3.645429000000000030e-01
3.644517700000000082e-01
3.643606600000000029e-01
3.642695799999999817e-01
3.641785399999999950e-01
3.640874900000000136e-01
3.639964800000000111e-01
3.639054899999999981e-01
3.638145300000000248e-01
3.637236099999999750e-01
3.636326799999999859e-01
3.635417799999999811e-01
3.634509100000000159e-01
3.633600499999999900e-01
3.632692399999999933e-01
3.631784299999999965e-01
3.630876499999999840e-01
3.629968800000000217e-01
3.629061599999999777e-01
3.628154399999999891e-01
3.627247499999999847e-01
3.626340599999999803e-01
3.625434299999999999e-01
3.624528100000000141e-01
3.623622100000000179e-01
3.622716400000000059e-01
3.621810699999999938e-01
3.620905300000000215e-01
3.620000199999999779e-01
3.619095399999999740e-01
3.618190600000000257e-01
3.617286399999999902e-01
3.616382200000000102e-01
3.615478300000000145e-01
3.614574400000000187e-01
3.613670800000000072e-01
3.612767499999999798e-01
3.611864399999999975e-01
3.610961699999999941e-01
3.610058999999999907e-01
3.609156600000000270e-01
3.608254499999999920e-01
3.607352699999999968e-01
3.606450900000000015e-01
3.605549299999999957e-01
3.604648100000000244e-01
3.603747199999999817e-01
3.602846299999999946e-01
3.601945599999999970e-01
3.601045299999999783e-01
3.600145299999999993e-01
3.599245300000000203e-01
3.598345499999999753e-01
3.597446100000000202e-01
3.596546899999999991e-01
3.595647799999999727e-01
3.594748999999999861e-01
3.593850399999999889e-01
3.592952200000000262e-01
3.592053900000000133e-01
3.591155999999999793e-01
3.590258399999999850e-01
3.589360999999999802e-01
3.588464000000000098e-01
3.587566899999999892e-01
3.586670200000000031e-01
3.585773400000000222e-01
3.584877300000000044e-01
3.583981099999999920e-01
3.583085200000000192e-01
3.582189700000000254e-01
3.581294099999999814e-01
3.580398900000000273e-01
3.579503900000000072e-01
3.578609200000000268e-01
3.577714900000000253e-01
3.576820499999999736e-01
3.575926400000000172e-01
3.575032399999999999e-01
3.574138900000000119e-01
3.573245400000000238e-01
3.572352200000000200e-01
3.571459399999999951e-01
3.570566499999999754e-01
3.569673899999999955e-01
3.568781599999999998e-01
3.567889599999999883e-01
3.566997900000000166e-01
3.566106299999999840e-01
3.565214899999999965e-01
3.564323500000000089e-01
3.563432699999999897e-01
3.562541900000000261e-01
3.561651399999999912e-01
3.560761199999999960e-01
3.559871000000000008e-01
3.558981099999999897e-01
3.558091500000000185e-01
3.557202199999999759e-01
3.556312899999999888e-01
3.555424200000000257e-01
3.554535200000000228e-01
3.553646799999999883e-01
3.552758400000000094e-01
3.551870599999999989e-01
3.550982799999999884e-01
3.550094999999999779e-01
3.549207699999999965e-01
3.548320500000000099e-01
3.547433600000000076e-01
3.546546700000000052e-01
3.545660400000000267e-01
3.544774099999999928e-01
3.543887700000000196e-01
3.543002000000000096e-01
3.542116299999999995e-01
3.541231200000000134e-01
3.540345699999999929e-01
3.539460899999999910e-01
3.538576099999999891e-01
3.537691499999999767e-01
3.536807299999999987e-01
3.535923400000000050e-01
3.535039400000000165e-01
3.534155800000000069e-01
3.533272399999999869e-01
3.532389100000000171e-01
3.531506099999999759e-01
3.530623299999999798e-01
3.529740900000000181e-01
3.528858699999999904e-01
3.527976600000000129e-01
3.527094700000000249e-01
3.526212899999999761e-01
3.525331600000000121e-01
3.524450399999999872e-01
3.523569400000000074e-01
3.522688400000000275e-01
3.521808100000000108e-01
3.520927699999999994e-01
3.520047700000000224e-01
3.519167599999999951e-01
3.518288099999999918e-01
3.517408699999999833e-01
3.516529500000000197e-01
3.515650300000000006e-01
3.514771500000000160e-01
3.513892900000000208e-01
3.513014600000000098e-01
3.512136599999999831e-01
3.511258700000000066e-01
3.510381000000000196e-01
3.509503600000000167e-01
3.508626200000000139e-01
3.507749099999999953e-01
3.506872400000000112e-01
3.505995900000000165e-01
3.505119400000000218e-01
3.504243200000000114e-01
3.503367299999999851e-01
3.502491699999999986e-01
3.501616100000000120e-01
3.500740800000000097e-01
3.499865799999999916e-01
3.498990799999999735e-01
3.498116399999999793e-01
3.497241999999999851e-01
3.496367599999999909e-01
3.495493800000000206e-01
3.494619999999999949e-01
3.493746500000000088e-01
3.492873300000000070e-01
3.492000100000000051e-01
3.491127199999999875e-01
3.490254600000000096e-01
3.489382300000000159e-01
3.488510000000000222e-01
3.487637900000000180e-01
3.486766199999999927e-01
3.485894500000000229e-01
3.485023400000000215e-01
3.484152300000000202e-01
3.483281100000000241e-01
3.482410599999999912e-01
3.481540100000000137e-01
3.480669900000000205e-01
3.479799599999999771e-01
3.478930000000000078e-01
3.478060399999999830e-01
3.477191000000000032e-01
3.476321700000000181e-01
3.475453000000000015e-01
3.474584199999999901e-01
3.473715499999999734e-01
3.472847299999999859e-01
3.471979199999999932e-01
3.471111399999999847e-01
3.470243800000000212e-01
3.469376299999999969e-01
3.468509000000000175e-01
3.467642100000000172e-01
3.466775100000000220e-01
3.465908799999999901e-01
3.465042400000000189e-01
3.464176099999999869e-01
3.463310299999999842e-01
3.462444499999999814e-01
3.461579100000000131e-01
3.460713899999999787e-01
3.459848799999999946e-01
3.458983900000000000e-01
3.458119299999999896e-01
3.457255100000000136e-01
3.456390799999999874e-01
3.455526800000000009e-01
3.454663199999999934e-01
3.453799499999999911e-01
3.452936099999999731e-01
3.452072999999999947e-01
3.451210299999999953e-01
3.450347500000000012e-01
3.449484999999999912e-01
3.448622800000000210e-01
3.447760599999999953e-01
3.446899099999999883e-01
3.446037499999999865e-01
3.445175899999999847e-01
3.444314900000000068e-01
3.443453899999999734e-01
3.442593199999999798e-01
3.441732499999999861e-01
3.440872400000000164e-01
3.440012299999999912e-01
3.439152200000000215e-01
3.438292700000000202e-01
3.437433200000000189e-01
3.436574000000000018e-01
3.435715100000000244e-01
3.434856199999999915e-01
3.433997599999999983e-01
3.433139299999999894e-01
3.432280999999999804e-01
3.431423299999999954e-01
3.430565600000000104e-01
3.429707900000000254e-01
3.428850800000000087e-01
3.427993699999999921e-01
3.427136800000000205e-01
3.426279999999999881e-01
3.425423499999999954e-01
3.424567299999999870e-01
3.423711400000000182e-01
3.422855399999999992e-01
3.422000099999999989e-01
3.421144500000000144e-01
3.420289499999999983e-01
3.419434399999999874e-01
3.418579700000000110e-01
3.417725300000000188e-01
3.416871100000000161e-01
3.416017000000000081e-01
3.415163199999999843e-01
3.414309300000000214e-01
3.413455799999999818e-01
3.412602800000000269e-01
3.411749600000000271e-01
3.410896999999999957e-01
3.410044300000000250e-01
3.409191999999999778e-01
3.408339599999999914e-01
3.407487900000000236e-01
3.406636100000000056e-01
3.405784700000000220e-01
3.404933199999999882e-01
3.404082099999999889e-01
3.403231199999999790e-01
3.402380600000000088e-01
3.401530099999999779e-01
3.400679799999999919e-01
3.399829899999999849e-01
3.398979899999999832e-01
3.398130200000000212e-01
3.397280899999999826e-01
3.396431799999999890e-01
3.395582699999999954e-01
3.394733999999999807e-01
3.393885500000000111e-01
3.393036999999999859e-01
3.392189099999999846e-01
3.391340999999999939e-01
3.390493399999999768e-01
3.389645800000000153e-01
3.388798499999999825e-01
3.387951599999999841e-01
3.387104599999999910e-01
3.386258200000000218e-01
3.385411500000000129e-01
3.384565399999999724e-01
3.383719299999999874e-01
3.382873499999999867e-01
3.382028000000000256e-01
3.381182600000000038e-01
3.380337400000000270e-01
3.379492499999999788e-01
3.378647900000000259e-01
3.377803300000000175e-01
3.376958999999999933e-01
3.376115000000000088e-01
3.375271000000000243e-01
3.374427300000000240e-01
3.373583900000000080e-01
3.372740399999999972e-01
3.371897600000000050e-01
3.371054499999999732e-01
3.370212000000000208e-01
3.369369500000000128e-01
3.368527299999999891e-01
3.367685400000000051e-01
3.366843800000000053e-01
3.366002100000000108e-01
3.365160799999999952e-01
3.364319499999999796e-01
3.363478500000000038e-01
3.362637800000000121e-01
3.361797300000000099e-01
3.360956900000000025e-01
3.360117100000000190e-01
3.359276999999999958e-01
3.358437400000000017e-01
3.357597900000000024e-01
3.356758699999999873e-01
3.355919399999999775e-01
3.355080799999999863e-01
3.354242100000000004e-01
3.353403799999999935e-01
3.352565499999999865e-01
3.351727400000000245e-01
3.350889699999999860e-01
3.350051900000000082e-01
3.349214799999999936e-01
3.348377599999999843e-01
3.347540500000000252e-01
3.346703899999999843e-01
3.345867399999999936e-01
3.345030800000000082e-01
3.344194899999999859e-01
3.343358900000000244e-01
3.342523299999999864e-01
3.341687600000000091e-01
3.340852599999999950e-01
3.340017499999999862e-01
3.339182399999999773e-01
3.338347999999999871e-01
3.337513500000000022e-01
3.336679000000000173e-01
3.335845199999999955e-01
3.335011299999999790e-01
3.334177700000000022e-01
3.333344200000000201e-01
3.332511200000000118e-01
3.331678200000000034e-01
3.330845199999999950e-01
3.330012900000000053e-01
3.329180500000000209e-01
3.328348400000000207e-01
3.327516300000000204e-01
3.326684500000000044e-01
3.325852999999999726e-01
3.325021899999999753e-01
3.324190699999999832e-01
3.323359799999999753e-01
3.322528900000000229e-01
3.321698599999999835e-01
3.320868299999999995e-01
3.320038000000000156e-01
3.319208300000000000e-01
3.318378599999999845e-01
3.317549200000000087e-01
3.316719799999999774e-01
3.315891000000000255e-01
3.315061899999999784e-01
3.314233400000000107e-01
3.313404899999999875e-01
3.312576700000000041e-01
3.311748800000000048e-01
3.310920900000000056e-01
3.310093599999999747e-01
3.309266000000000152e-01
3.308439000000000241e-01
3.307611899999999827e-01
3.306785199999999758e-01
3.305958500000000244e-01
3.305132399999999859e-01
3.304306300000000030e-01
3.303480100000000252e-01
3.302654600000000107e-01
3.301829099999999961e-01
3.301003599999999816e-01
3.300178599999999962e-01
3.299353700000000056e-01
3.298529099999999992e-01
3.297704499999999928e-01
3.296880099999999758e-01
3.296056099999999933e-01
3.295232399999999950e-01
3.294408600000000020e-01
3.293585199999999880e-01
3.292762000000000189e-01
3.291938899999999890e-01
3.291116099999999989e-01
3.290293499999999982e-01
3.289470999999999923e-01
3.288648699999999758e-01
3.287826799999999938e-01
3.287004800000000171e-01
3.286183500000000035e-01
3.285361800000000110e-01
3.284540799999999816e-01
3.283719700000000130e-01
3.282899000000000234e-01
3.282078500000000232e-01
3.281258000000000230e-01
3.280437900000000018e-01
3.279618000000000255e-01
3.278798199999999885e-01
3.277978599999999965e-01
3.277159299999999886e-01
3.276340099999999755e-01
3.275521100000000074e-01
3.274702400000000235e-01
3.273884100000000186e-01
3.273065700000000189e-01
3.272247600000000034e-01
3.271429499999999879e-01
3.270612099999999911e-01
3.269794599999999996e-01
3.268977100000000080e-01
3.268159900000000007e-01
3.267342999999999775e-01
3.266526499999999889e-01
3.265709900000000054e-01
3.264893899999999904e-01
3.264077599999999912e-01
3.263261900000000160e-01
3.262446199999999852e-01
3.261630799999999941e-01
3.260815400000000031e-01
3.260000299999999962e-01
3.259185600000000238e-01
3.258371099999999854e-01
3.257556600000000024e-01
3.256742400000000037e-01
3.255928200000000050e-01
3.255114599999999747e-01
3.254300999999999999e-01
3.253487299999999749e-01
3.252674300000000240e-01
3.251861300000000177e-01
3.251048300000000113e-01
3.250235899999999734e-01
3.249423499999999909e-01
3.248611399999999927e-01
3.247799299999999945e-01
3.246987499999999804e-01
3.246175900000000114e-01
3.245364399999999816e-01
3.244553199999999915e-01
3.243742299999999856e-01
3.242931700000000195e-01
3.242121000000000031e-01
3.241310700000000211e-01
3.240500700000000234e-01
3.239690700000000256e-01
3.238880900000000174e-01
3.238071200000000038e-01
3.237262100000000142e-01
3.236452899999999744e-01
3.235643799999999848e-01
3.234835300000000191e-01
3.234026700000000032e-01
3.233218199999999820e-01
3.232410299999999848e-01
3.231602299999999928e-01
3.230794699999999797e-01
3.229987000000000275e-01
3.229179699999999986e-01
3.228372600000000148e-01
3.227565600000000257e-01
3.226759100000000102e-01
3.225952400000000053e-01
3.225146199999999741e-01
3.224340099999999931e-01
3.223534200000000016e-01
3.222728699999999891e-01
3.221923099999999818e-01
3.221117900000000089e-01
3.220312599999999859e-01
3.219507899999999867e-01
3.218703299999999823e-01
3.217898599999999831e-01
3.217094200000000237e-01
3.216290199999999877e-01
3.215486399999999967e-01
3.214682899999999899e-01
3.213879499999999778e-01
3.213076000000000265e-01
3.212273099999999881e-01
3.211470200000000053e-01
3.210667700000000013e-01
3.209865100000000027e-01
3.209062799999999882e-01
3.208260800000000135e-01
3.207458899999999780e-01
3.206657500000000272e-01
3.205856100000000208e-01
3.205054700000000145e-01
3.204253599999999924e-01
3.203452800000000100e-01
3.202652300000000118e-01
3.201851800000000137e-01
3.201051699999999944e-01
3.200251800000000202e-01
3.199451899999999904e-01
3.198652300000000004e-01
3.197852999999999946e-01
3.197053699999999887e-01
3.196254700000000226e-01
3.195455999999999852e-01
3.194657599999999875e-01
3.193859199999999898e-01
3.193061099999999763e-01
3.192263200000000078e-01
3.191465399999999786e-01
3.190667899999999890e-01
3.189870699999999837e-01
3.189073499999999783e-01
3.188276899999999969e-01
3.187480300000000155e-01
3.186684000000000183e-01
3.185887600000000264e-01
3.185091899999999976e-01
3.184296200000000243e-01
3.183500799999999797e-01
3.182705599999999801e-01
3.181910800000000150e-01
3.181116299999999786e-01
3.180322099999999819e-01
3.179528099999999746e-01
3.178734799999999860e-01
3.177942000000000267e-01
3.177150200000000146e-01
3.176359500000000002e-01
3.175570699999999968e-01
3.174785999999999997e-01
3.174010199999999782e-01
3.173262800000000161e-01
3.172649699999999795e-01
3.173330999999999791e-01
3.194927900000000265e-01
3.245636199999999971e-01
