8.990000000000000000e+02
0.000000000000000000e+00
1.795999899999999982e+01
3.967525700000000266e-01
4.010393899999999956e-01
4.045786599999999789e-01
4.076471300000000242e-01
4.105221900000000090e-01
4.133610099999999732e-01
4.162370599999999921e-01
4.191899900000000123e-01
4.222483899999999735e-01
4.254367900000000091e-01
4.287768000000000135e-01
4.322867699999999869e-01
4.359811499999999840e-01
4.398701500000000153e-01
4.439597100000000074e-01
4.482517799999999886e-01
4.527449000000000057e-01
4.574345100000000164e-01
4.623129999999999740e-01
4.673643699999999734e-01
4.725324200000000086e-01
4.775672899999999776e-01
4.815522400000000203e-01
4.832294300000000153e-01
4.834761000000000197e-01
4.834131600000000084e-01
4.833009799999999911e-01
4.831813300000000200e-01
4.830606599999999751e-01
4.829399300000000173e-01
4.828192000000000039e-01
4.826984999999999748e-01
4.825778600000000251e-01
4.824572200000000199e-01
4.823366099999999990e-01
4.822160600000000019e-01
4.820955100000000049e-01
4.819749899999999920e-01
4.818545300000000031e-01
4.817340700000000142e-01
4.816136699999999937e-01
4.814932599999999785e-01
4.813729199999999819e-01
4.812525799999999854e-01
4.811323000000000127e-01
4.810120199999999846e-01
4.808917600000000014e-01
4.807715699999999814e-01
4.806513800000000169e-01
4.805312500000000209e-01
4.804111099999999746e-01
4.802910400000000024e-01
4.801709900000000197e-01
4.800509499999999763e-01
4.799309700000000123e-01
4.798109799999999980e-01
4.796910600000000025e-01
4.795711300000000121e-01
4.794512699999999850e-01
4.793314000000000186e-01
4.792116000000000153e-01
4.790918200000000016e-01
4.789720499999999825e-01
4.788523299999999927e-01
4.787326199999999976e-01
4.786129599999999762e-01
4.784933299999999945e-01
4.783737100000000075e-01
4.782541399999999943e-01
4.781345699999999810e-01
4.780150699999999864e-01
4.778955899999999812e-01
4.777761099999999761e-01
4.776566899999999949e-01
4.775372999999999979e-01
4.774179199999999956e-01
4.772985900000000226e-01
4.771792599999999940e-01
4.770599899999999893e-01
4.769407500000000244e-01
4.768215100000000040e-01
4.767023300000000074e-01
4.765831799999999951e-01
4.764640299999999828e-01
4.763449399999999945e-01
4.762258500000000061e-01
4.761068199999999861e-01
4.759878200000000059e-01
4.758688200000000257e-01
4.757498800000000139e-01
4.756309699999999863e-01
4.755120600000000142e-01
4.753932100000000105e-01
4.752743500000000121e-01
4.751555599999999768e-01
4.750367999999999813e-01
4.749180399999999858e-01
4.747993400000000142e-01
4.746806299999999923e-01
4.745619899999999891e-01
4.744433800000000256e-01
4.743247600000000119e-01
4.742062100000000169e-01
4.740876600000000218e-01
4.739691600000000005e-01
4.738506699999999738e-01
4.737322299999999764e-01
4.736138300000000134e-01
4.734954200000000002e-01
4.733770800000000056e-01
4.732587300000000163e-01
4.731404499999999902e-01
4.730221600000000248e-01
4.729039400000000226e-01
4.727857100000000257e-01
4.726675499999999919e-01
4.725493800000000189e-01
4.724312700000000143e-01
4.723131700000000044e-01
4.721950899999999840e-01
4.720770699999999875e-01
4.719590499999999911e-01
4.718411000000000133e-01
4.717231399999999852e-01
4.716052399999999811e-01
4.714873399999999770e-01
4.713694800000000074e-01
4.712516700000000114e-01
4.711338600000000154e-01
4.710160800000000036e-01
4.708983600000000158e-01
4.707806399999999725e-01
4.706629500000000244e-01
4.705453199999999891e-01
4.704276900000000095e-01
4.703100900000000140e-01
4.701925200000000027e-01
4.700750100000000153e-01
4.699574999999999725e-01
4.698400200000000249e-01
4.697225700000000059e-01
4.696051500000000267e-01
4.694877599999999762e-01
4.693704200000000104e-01
4.692530899999999838e-01
4.691357899999999970e-01
4.690185199999999943e-01
4.689012799999999759e-01
4.687840600000000024e-01
4.686668800000000079e-01
4.685497299999999976e-01
4.684326100000000270e-01
4.683155099999999904e-01
4.681984499999999882e-01
4.680814099999999756e-01
4.679644099999999973e-01
4.678474400000000033e-01
4.677304899999999988e-01
4.676135799999999731e-01
4.674966899999999925e-01
4.673798100000000066e-01
4.672629799999999944e-01
4.671461900000000167e-01
4.670294199999999729e-01
4.669126900000000191e-01
4.667959500000000150e-01
4.666792799999999741e-01
4.665626299999999782e-01
4.664459799999999823e-01
4.663294000000000050e-01
4.662128400000000172e-01
4.660962799999999739e-01
4.659797800000000101e-01
4.658633200000000252e-01
4.657468499999999900e-01
4.656304399999999788e-01
4.655140300000000231e-01
4.653976899999999750e-01
4.652813399999999877e-01
4.651650199999999846e-01
4.650487600000000055e-01
4.649325000000000263e-01
4.648163000000000156e-01
4.647001000000000048e-01
4.645839299999999783e-01
4.644677899999999915e-01
4.643517099999999731e-01
4.642356300000000102e-01
4.641195799999999760e-01
4.640035599999999816e-01
4.638875700000000268e-01
4.637716399999999850e-01
4.636557099999999987e-01
4.635398099999999966e-01
4.634239399999999787e-01
4.633081000000000005e-01
4.631922800000000118e-01
4.630765000000000020e-01
4.629607499999999765e-01
4.628450299999999906e-01
4.627293100000000048e-01
4.626136399999999926e-01
4.624980100000000149e-01
4.623824100000000215e-01
4.622668300000000174e-01
4.621512600000000082e-01
4.620357500000000228e-01
4.619202600000000269e-01
4.618047800000000258e-01
4.616893499999999984e-01
4.615739300000000211e-01
4.614585600000000176e-01
4.613432000000000088e-01
4.612278899999999737e-01
4.611125899999999889e-01
4.609973399999999777e-01
4.608821000000000168e-01
4.607668799999999898e-01
4.606517299999999815e-01
4.605365699999999785e-01
4.604214400000000151e-01
4.603063499999999753e-01
4.601912799999999804e-01
4.600762700000000094e-01
4.599612699999999776e-01
4.598462899999999909e-01
4.597313399999999883e-01
4.596164200000000255e-01
4.595015299999999914e-01
4.593866500000000075e-01
4.592718199999999973e-01
4.591570200000000268e-01
4.590422499999999850e-01
4.589275099999999830e-01
4.588127699999999809e-01
4.586980900000000028e-01
4.585834400000000088e-01
4.584687900000000149e-01
4.583541999999999894e-01
4.582396100000000194e-01
4.581250800000000178e-01
4.580105500000000163e-01
4.578960799999999831e-01
4.577816100000000055e-01
4.576671999999999962e-01
4.575527899999999870e-01
4.574384100000000175e-01
4.573240599999999767e-01
4.572097399999999756e-01
4.570954700000000037e-01
4.569812100000000266e-01
4.568669799999999781e-01
4.567527800000000249e-01
4.566386000000000056e-01
4.565244600000000208e-01
4.564103199999999805e-01
4.562962400000000196e-01
4.561821799999999927e-01
4.560681600000000002e-01
4.559541599999999972e-01
4.558401699999999890e-01
4.557262400000000047e-01
4.556123000000000256e-01
4.554984300000000097e-01
4.553845499999999991e-01
4.552707400000000071e-01
4.551569200000000204e-01
4.550431699999999968e-01
4.549294099999999785e-01
4.548156899999999947e-01
4.547019900000000003e-01
4.545883499999999744e-01
4.544747199999999987e-01
4.543611100000000125e-01
4.542475300000000105e-01
4.541339899999999874e-01
4.540204700000000093e-01
4.539069499999999757e-01
4.537935000000000163e-01
4.536800699999999908e-01
4.535666700000000051e-01
4.534533000000000036e-01
4.533399300000000021e-01
4.532266300000000192e-01
4.531133199999999861e-01
4.530000699999999769e-01
4.528868200000000233e-01
4.527736299999999825e-01
4.526604399999999973e-01
4.525472799999999962e-01
4.524341499999999794e-01
4.523210799999999865e-01
4.522080099999999936e-01
4.520949699999999849e-01
4.519819600000000159e-01
4.518689799999999757e-01
4.517560299999999751e-01
4.516431100000000143e-01
4.515302199999999822e-01
4.514173300000000055e-01
4.513044999999999973e-01
4.511916899999999786e-01
4.510788900000000101e-01
4.509661500000000101e-01
4.508534100000000100e-01
4.507407199999999836e-01
4.506280400000000075e-01
4.505154199999999998e-01
4.504027999999999921e-01
4.502901999999999738e-01
4.501776399999999900e-01
4.500651099999999905e-01
4.499525999999999804e-01
4.498401300000000047e-01
4.497276800000000185e-01
4.496152700000000113e-01
4.495028899999999883e-01
4.493905300000000103e-01
4.492782100000000112e-01
4.491658800000000173e-01
4.490536199999999867e-01
4.489413500000000168e-01
4.488291400000000153e-01
4.487169400000000086e-01
4.486047899999999755e-01
4.484926499999999927e-01
4.483805299999999994e-01
4.482684399999999902e-01
4.481563900000000156e-01
4.480443900000000146e-01
4.479323900000000136e-01
4.478204299999999916e-01
4.477084599999999748e-01
4.475965499999999819e-01
4.474846699999999733e-01
4.473728200000000044e-01
4.472609799999999747e-01
4.471491899999999742e-01
4.470373999999999737e-01
4.469256699999999971e-01
4.468139400000000205e-01
4.467022700000000124e-01
4.465906000000000042e-01
4.464789599999999803e-01
4.463673499999999961e-01
4.462557699999999961e-01
4.461442199999999803e-01
4.460327000000000042e-01
4.459212100000000123e-01
4.458097500000000046e-01
4.456983199999999812e-01
4.455868900000000132e-01
4.454755200000000137e-01
4.453641799999999984e-01
4.452528399999999831e-01
4.451415499999999970e-01
4.450302700000000056e-01
4.449190199999999984e-01
4.448077999999999754e-01
4.446966399999999764e-01
4.445854699999999826e-01
4.444743400000000233e-01
4.443632399999999927e-01
4.442521600000000070e-01
4.441410900000000161e-01
4.440300799999999937e-01
4.439190900000000162e-01
4.438081099999999779e-01
4.436971800000000243e-01
4.435862600000000100e-01
4.434754000000000196e-01
4.433645299999999789e-01
4.432536999999999727e-01
4.431429199999999957e-01
4.430321500000000134e-01
4.429214000000000206e-01
4.428106800000000121e-01
4.426999999999999824e-01
4.425893399999999978e-01
4.424786900000000078e-01
4.423680899999999916e-01
4.422575200000000151e-01
4.421469599999999778e-01
4.420364500000000252e-01
4.419259400000000171e-01
4.418154699999999879e-01
4.417050499999999880e-01
4.415946299999999880e-01
4.414842399999999722e-01
4.413738799999999962e-01
4.412635599999999991e-01
4.411532599999999915e-01
4.410429900000000236e-01
4.409327499999999844e-01
4.408225100000000007e-01
4.407123299999999855e-01
4.406021500000000257e-01
4.404920299999999789e-01
4.403819099999999875e-01
4.402718199999999804e-01
4.401617899999999972e-01
4.400517600000000140e-01
4.399417600000000150e-01
4.398317900000000003e-01
4.397218500000000252e-01
4.396119399999999788e-01
4.395020299999999880e-01
4.393921800000000211e-01
4.392823599999999828e-01
4.391725400000000001e-01
4.390627699999999911e-01
4.389530099999999768e-01
4.388432800000000023e-01
4.387335800000000119e-01
4.386239100000000057e-01
4.385142599999999891e-01
4.384046500000000068e-01
4.382950700000000088e-01
4.381855100000000003e-01
4.380759900000000262e-01
4.379664699999999966e-01
4.378569999999999962e-01
4.377475699999999748e-01
4.376381300000000141e-01
4.375287299999999768e-01
4.374193499999999846e-01
4.373100400000000110e-01
4.372007299999999819e-01
4.370914399999999977e-01
4.369821799999999978e-01
4.368729299999999927e-01
4.367637300000000167e-01
4.366545700000000196e-01
4.365453999999999724e-01
4.364362999999999992e-01
4.363271899999999759e-01
4.362181099999999923e-01
4.361091000000000273e-01
4.360000800000000121e-01
4.358910899999999811e-01
4.357821299999999898e-01
4.356732099999999774e-01
4.355642800000000259e-01
4.354554099999999872e-01
4.353465699999999883e-01
4.352377399999999841e-01
4.351289600000000091e-01
4.350201799999999785e-01
4.349114299999999877e-01
4.348027400000000209e-01
4.346940499999999985e-01
4.345853900000000158e-01
4.344767600000000174e-01
4.343681300000000189e-01
4.342595599999999889e-01
4.341510199999999986e-01
4.340424800000000083e-01
4.339339999999999864e-01
4.338255200000000200e-01
4.337171000000000221e-01
4.336086800000000241e-01
4.335002900000000103e-01
4.333919299999999808e-01
4.332835999999999910e-01
4.331752999999999854e-01
4.330669899999999850e-01
4.329587500000000033e-01
4.328505400000000058e-01
4.327423300000000084e-01
4.326341699999999846e-01
4.325260200000000110e-01
4.324179000000000217e-01
4.323098100000000166e-01
4.322017400000000009e-01
4.320937100000000197e-01
4.319857100000000227e-01
4.318777300000000152e-01
4.317697600000000024e-01
4.316618400000000189e-01
4.315539299999999745e-01
4.314460800000000096e-01
4.313382199999999944e-01
4.312304000000000137e-01
4.311226000000000225e-01
4.310148400000000102e-01
4.309070999999999874e-01
4.307993900000000043e-01
4.306916900000000159e-01
4.305840400000000012e-01
4.304763999999999813e-01
4.303688099999999905e-01
4.302612199999999998e-01
4.301536699999999880e-01
4.300461400000000212e-01
4.299386399999999830e-01
4.298311799999999794e-01
4.297237400000000207e-01
4.296163299999999907e-01
4.295089200000000162e-01
4.294015800000000049e-01
4.292942299999999989e-01
4.291869400000000168e-01
4.290796499999999791e-01
4.289723899999999812e-01
4.288651600000000230e-01
4.287579699999999883e-01
4.286507999999999985e-01
4.285436300000000087e-01
4.284365199999999874e-01
4.283294400000000057e-01
4.282223600000000241e-01
4.281153100000000267e-01
4.280082900000000135e-01
4.279013300000000242e-01
4.277943699999999794e-01
4.276874099999999901e-01
4.275805100000000247e-01
4.274736299999999933e-01
4.273667899999999964e-01
4.272599499999999995e-01
4.271531399999999867e-01
4.270463899999999979e-01
4.269396400000000091e-01
4.268329100000000098e-01
4.267262199999999894e-01
4.266195600000000088e-01
4.265129300000000123e-01
4.264062900000000211e-01
4.262997199999999931e-01
4.261931500000000206e-01
4.260865999999999820e-01
4.259801200000000176e-01
4.258736399999999978e-01
4.257671800000000228e-01
4.256607600000000269e-01
4.255543600000000204e-01
4.254479700000000086e-01
4.253416400000000208e-01
4.252352999999999827e-01
4.251290300000000189e-01
4.250227500000000047e-01
4.249165100000000250e-01
4.248102899999999793e-01
4.247040999999999733e-01
4.245979500000000018e-01
4.244918200000000197e-01
4.243856999999999768e-01
4.242796300000000187e-01
4.241735600000000050e-01
4.240675300000000258e-01
4.239615199999999806e-01
4.238555399999999751e-01
4.237496000000000040e-01
4.236436800000000225e-01
4.235377900000000251e-01
4.234319300000000119e-01
4.233260799999999935e-01
4.232202500000000200e-01
4.231144800000000150e-01
4.230087100000000100e-01
4.229029699999999892e-01
4.227972600000000081e-01
4.226915800000000112e-01
4.225859000000000143e-01
4.224802899999999806e-01
4.223746700000000076e-01
4.222691100000000031e-01
4.221635499999999985e-01
4.220580199999999782e-01
4.219525199999999976e-01
4.218470500000000012e-01
4.217415999999999943e-01
4.216361900000000218e-01
4.215307799999999938e-01
4.214254299999999898e-01
4.213200799999999857e-01
4.212147600000000214e-01
4.211094699999999857e-01
4.210042099999999898e-01
4.208989699999999834e-01
4.207937700000000114e-01
4.206886000000000236e-01
4.205834299999999804e-01
4.204782799999999821e-01
4.203732000000000024e-01
4.202681200000000228e-01
4.201630700000000274e-01
4.200580400000000214e-01
4.199530499999999944e-01
4.198480499999999727e-01
4.197431200000000251e-01
4.196381900000000220e-01
4.195333099999999926e-01
4.194284400000000135e-01
4.193235900000000238e-01
4.192187800000000131e-01
4.191139899999999918e-01
4.190092400000000050e-01
4.189044800000000235e-01
4.187997900000000051e-01
4.186950899999999920e-01
4.185904300000000133e-01
4.184857900000000241e-01
4.183811800000000192e-01
4.182766099999999931e-01
4.181720600000000121e-01
4.180675400000000153e-01
4.179630300000000132e-01
4.178585400000000005e-01
4.177541100000000118e-01
4.176496900000000179e-01
4.175452900000000134e-01
4.174409199999999931e-01
4.173365800000000125e-01
4.172322500000000267e-01
4.171279700000000146e-01
4.170236900000000024e-01
4.169194399999999745e-01
4.168152199999999863e-01
4.167110600000000220e-01
4.166068700000000180e-01
4.165027399999999824e-01
4.163986399999999866e-01
4.162945399999999907e-01
4.161905100000000135e-01
4.160864699999999861e-01
4.159824599999999983e-01
4.158784700000000001e-01
4.157745199999999808e-01
4.156706000000000012e-01
4.155666800000000216e-01
4.154628200000000104e-01
4.153589599999999993e-01
4.152551299999999723e-01
4.151513600000000248e-01
4.150475599999999821e-01
4.149438100000000240e-01
4.148400999999999894e-01
4.147364199999999945e-01
4.146327399999999996e-01
4.145290899999999890e-01
4.144254900000000075e-01
4.143219000000000207e-01
4.142183400000000182e-01
4.141147700000000209e-01
4.140112699999999868e-01
4.139077999999999924e-01
4.138043200000000033e-01
4.137008799999999931e-01
4.135974599999999723e-01
4.134940799999999861e-01
4.133907299999999840e-01
4.132874000000000270e-01
4.131841099999999933e-01
4.130808100000000205e-01
4.129775800000000108e-01
4.128743400000000063e-01
4.127711399999999808e-01
4.126679600000000003e-01
4.125648100000000040e-01
4.124616700000000025e-01
4.123585799999999746e-01
4.122554999999999970e-01
4.121524699999999930e-01
4.120494399999999890e-01
4.119464500000000196e-01
4.118434799999999840e-01
4.117405100000000040e-01
4.116375999999999924e-01
4.115346999999999755e-01
4.114318499999999879e-01
4.113290000000000002e-01
4.112261799999999967e-01
4.111233899999999775e-01
4.110206399999999927e-01
4.109178800000000131e-01
4.108151800000000020e-01
4.107124799999999909e-01
4.106098100000000195e-01
4.105071699999999768e-01
4.104045599999999738e-01
4.103019800000000106e-01
4.101994299999999760e-01
4.100968799999999970e-01
4.099943899999999863e-01
4.098918999999999757e-01
4.097894400000000048e-01
4.096870100000000181e-01
4.095846100000000156e-01
4.094822399999999973e-01
4.093798699999999791e-01
4.092775599999999847e-01
4.091752499999999904e-01
4.090729699999999802e-01
4.089707100000000151e-01
4.088684899999999733e-01
4.087663000000000268e-01
4.086641100000000248e-01
4.085619699999999965e-01
4.084598400000000185e-01
4.083577400000000246e-01
4.082556700000000149e-01
4.081536199999999948e-01
4.080515800000000248e-01
4.079496000000000233e-01
4.078476100000000271e-01
4.077456899999999940e-01
4.076437700000000164e-01
4.075418699999999728e-01
4.074400100000000191e-01
4.073381400000000152e-01
4.072363399999999745e-01
4.071345299999999945e-01
4.070327899999999777e-01
4.069310400000000216e-01
4.068293299999999890e-01
4.067276100000000172e-01
4.066259600000000085e-01
4.065243299999999893e-01
4.064227000000000256e-01
4.063211099999999854e-01
4.062195399999999901e-01
4.061180099999999737e-01
4.060165000000000024e-01
4.059150200000000153e-01
4.058135399999999726e-01
4.057121300000000041e-01
4.056107099999999854e-01
4.055093200000000064e-01
4.054079700000000064e-01
4.053066100000000116e-01
4.052053099999999852e-01
4.051040100000000144e-01
4.050027700000000119e-01
4.049015300000000095e-01
4.048003299999999860e-01
4.046991500000000075e-01
4.045979699999999735e-01
4.044968500000000189e-01
4.043957300000000088e-01
4.042946700000000226e-01
4.041936099999999810e-01
4.040925799999999790e-01
4.039915499999999771e-01
4.038905799999999990e-01
4.037896400000000052e-01
4.036887000000000114e-01
4.035877900000000018e-01
4.034869099999999764e-01
4.033860599999999907e-01
4.032852399999999893e-01
4.031844099999999931e-01
4.030836500000000155e-01
4.029828899999999825e-01
4.028821599999999892e-01
4.027814599999999801e-01
4.026807800000000159e-01
4.025801399999999752e-01
4.024794999999999900e-01
4.023788899999999891e-01
4.022783300000000173e-01
4.021777799999999847e-01
4.020772300000000077e-01
4.019767300000000043e-01
4.018762699999999799e-01
4.017758100000000110e-01
4.016753699999999760e-01
4.015749699999999756e-01
4.014746000000000148e-01
4.013742499999999880e-01
4.012739399999999956e-01
4.011736200000000085e-01
4.010733699999999846e-01
4.009731100000000215e-01
4.008728899999999817e-01
4.007726600000000028e-01
4.006724999999999870e-01
4.005723600000000162e-01
4.004722199999999899e-01
4.003721199999999980e-01
4.002720399999999956e-01
4.001720000000000277e-01
4.000719799999999937e-01
3.999719600000000153e-01
3.998720000000000052e-01
3.997720499999999899e-01
3.996721200000000196e-01
3.995722199999999780e-01
3.994723600000000263e-01
3.993724900000000244e-01
3.992726799999999909e-01
3.991728700000000130e-01
3.990730900000000192e-01
3.989733500000000044e-01
3.988736299999999790e-01
3.987739399999999934e-01
3.986742500000000078e-01
3.985745900000000064e-01
3.984749599999999892e-01
3.983753600000000117e-01
3.982757900000000184e-01
3.981762500000000093e-01
3.980767100000000003e-01
3.979772300000000151e-01
3.978777499999999745e-01
3.977782999999999736e-01
3.976788800000000124e-01
3.975794599999999956e-01
3.974801000000000029e-01
3.973807400000000101e-01
3.972814100000000015e-01
3.971821099999999771e-01
3.970828399999999925e-01
3.969835899999999973e-01
3.968843799999999811e-01
3.967851700000000204e-01
3.966859899999999883e-01
3.965868399999999960e-01
3.964877099999999932e-01
3.963886200000000248e-01
3.962895300000000010e-01
3.961904900000000063e-01
3.960914600000000063e-01
3.959924599999999906e-01
3.958934800000000198e-01
3.957945099999999883e-01
3.956955999999999807e-01
3.955966799999999783e-01
3.954978000000000105e-01
3.953989700000000163e-01
3.953001199999999771e-01
3.952013300000000173e-01
3.951025599999999915e-01
3.950038000000000160e-01
3.949050599999999744e-01
3.948063600000000228e-01
3.947076800000000052e-01
3.946090300000000273e-01
3.945103899999999886e-01
3.944117999999999791e-01
3.943132200000000198e-01
3.942146599999999945e-01
3.941161300000000089e-01
3.940176100000000181e-01
3.939191400000000010e-01
3.938206699999999838e-01
3.937222699999999853e-01
3.936238599999999921e-01
3.935254499999999989e-01
3.934270999999999741e-01
3.933287899999999837e-01
3.932304699999999986e-01
3.931321799999999977e-01
3.930339199999999811e-01
3.929356900000000041e-01
3.928374900000000114e-01
3.927393000000000134e-01
3.926411599999999891e-01
3.925430200000000203e-01
3.924449099999999802e-01
3.923468299999999798e-01
3.922487800000000191e-01
3.921507300000000029e-01
3.920527400000000107e-01
3.919547500000000184e-01
3.918567900000000104e-01
3.917588599999999865e-01
3.916609600000000024e-01
3.915630900000000025e-01
3.914652200000000026e-01
3.913673799999999869e-01
3.912695900000000004e-01
3.911718100000000087e-01
3.910740600000000011e-01
3.909763399999999778e-01
3.908786200000000099e-01
3.907809600000000105e-01
3.906833200000000006e-01
3.905856899999999854e-01
3.904880900000000099e-01
3.903905500000000028e-01
3.902930000000000010e-01
3.901955200000000179e-01
3.900980399999999793e-01
3.900006100000000253e-01
3.899031900000000106e-01
3.898058200000000251e-01
3.897085200000000027e-01
3.896112700000000095e-01
3.895140599999999953e-01
3.894169599999999787e-01
3.893200199999999889e-01
3.892233099999999890e-01
3.891270800000000141e-01
3.890320700000000076e-01
3.889411999999999869e-01
3.888734300000000199e-01
3.890929799999999772e-01
3.924798700000000085e-01
