9.120000000000000000e+02
0.000000000000000000e+00
1.821999900000000139e+01
3.906325399999999726e-01
3.949209200000000086e-01
3.984616699999999900e-01
4.015316400000000230e-01
4.044082199999999849e-01
4.072485599999999817e-01
4.101261800000000068e-01
4.130806899999999726e-01
4.161407100000000248e-01
4.193307800000000141e-01
4.226724800000000171e-01
4.261841499999999838e-01
4.298802600000000140e-01
4.337710100000000124e-01
4.378623400000000165e-01
4.421561999999999992e-01
4.466510399999999992e-01
4.513423999999999769e-01
4.562226500000000073e-01
4.612757299999999949e-01
4.664453900000000153e-01
4.714812299999999734e-01
4.754654200000000275e-01
4.771412300000000273e-01
4.773885600000000173e-01
4.773270199999999908e-01
4.772163600000000061e-01
4.770981999999999723e-01
4.769790500000000155e-01
4.768598399999999793e-01
4.767406299999999986e-01
4.766214500000000021e-01
4.765023299999999740e-01
4.763832100000000014e-01
4.762641200000000130e-01
4.761450899999999931e-01
4.760260599999999731e-01
4.759070599999999929e-01
4.757881199999999811e-01
4.756691800000000248e-01
4.755502600000000024e-01
4.754314099999999987e-01
4.753125599999999951e-01
4.751937399999999756e-01
4.750749499999999959e-01
4.749562099999999898e-01
4.748374799999999785e-01
4.747187800000000069e-01
4.746001100000000195e-01
4.744814900000000057e-01
4.743628799999999868e-01
4.742443000000000075e-01
4.741257400000000177e-01
4.740072499999999911e-01
4.738887500000000252e-01
4.737702899999999828e-01
4.736518599999999801e-01
4.735334800000000066e-01
4.734151099999999723e-01
4.732967599999999830e-01
4.731784499999999727e-01
4.730601600000000073e-01
4.729419400000000051e-01
4.728237100000000082e-01
4.727055099999999954e-01
4.725873500000000171e-01
4.724692099999999728e-01
4.723511000000000237e-01
4.722330599999999823e-01
4.721150100000000016e-01
4.719969900000000051e-01
4.718790099999999876e-01
4.717610500000000151e-01
4.716431200000000268e-01
4.715252200000000227e-01
4.714073500000000028e-01
4.712895200000000173e-01
4.711717100000000213e-01
4.710539300000000096e-01
4.709361799999999820e-01
4.708184599999999942e-01
4.707007699999999906e-01
4.705831100000000267e-01
4.704654799999999915e-01
4.703478799999999960e-01
4.702303099999999847e-01
4.701127700000000131e-01
4.699952600000000258e-01
4.698777800000000227e-01
4.697603300000000037e-01
4.696428799999999848e-01
4.695254899999999898e-01
4.694081199999999843e-01
4.692907900000000132e-01
4.691734900000000263e-01
4.690561899999999840e-01
4.689389500000000210e-01
4.688217299999999921e-01
4.687045499999999976e-01
4.685873700000000031e-01
4.684702499999999770e-01
4.683531499999999959e-01
4.682360600000000095e-01
4.681190299999999915e-01
4.680020200000000186e-01
4.678850199999999848e-01
4.677680699999999803e-01
4.676511300000000260e-01
4.675342399999999898e-01
4.674173899999999882e-01
4.673005299999999917e-01
4.671837400000000140e-01
4.670669399999999860e-01
4.669501799999999925e-01
4.668334699999999726e-01
4.667167700000000030e-01
4.666001200000000071e-01
4.664834700000000112e-01
4.663668599999999942e-01
4.662503000000000064e-01
4.661337400000000186e-01
4.660172200000000098e-01
4.659007499999999746e-01
4.657842799999999950e-01
4.656678399999999995e-01
4.655514399999999831e-01
4.654350600000000115e-01
4.653187100000000243e-01
4.652024200000000054e-01
4.650861299999999865e-01
4.649698700000000073e-01
4.648536400000000124e-01
4.647374499999999964e-01
4.646212800000000254e-01
4.645051399999999830e-01
4.643890299999999804e-01
4.642729500000000176e-01
4.641568699999999992e-01
4.640408500000000047e-01
4.639248499999999997e-01
4.638088899999999737e-01
4.636929599999999874e-01
4.635770300000000010e-01
4.634611599999999831e-01
4.633453200000000050e-01
4.632295100000000110e-01
4.631137000000000170e-01
4.629979399999999967e-01
4.628821900000000267e-01
4.627665000000000251e-01
4.626508100000000234e-01
4.625351699999999955e-01
4.624195400000000178e-01
4.623039700000000085e-01
4.621883900000000045e-01
4.620728800000000192e-01
4.619573699999999783e-01
4.618418799999999824e-01
4.617264300000000210e-01
4.616110299999999778e-01
4.614956399999999848e-01
4.613802699999999812e-01
4.612649400000000122e-01
4.611496299999999771e-01
4.610343599999999764e-01
4.609191400000000050e-01
4.608039299999999727e-01
4.606887100000000013e-01
4.605735499999999982e-01
4.604584299999999741e-01
4.603433299999999950e-01
4.602282600000000001e-01
4.601132299999999842e-01
4.599982200000000132e-01
4.598832099999999867e-01
4.597682699999999789e-01
4.596533500000000161e-01
4.595384299999999977e-01
4.594235700000000033e-01
4.593087399999999931e-01
4.591939199999999777e-01
4.590791499999999914e-01
4.589643800000000051e-01
4.588496400000000031e-01
4.587349600000000249e-01
4.586202799999999913e-01
4.585056299999999974e-01
4.583910400000000274e-01
4.582764500000000019e-01
4.581618900000000161e-01
4.580473600000000145e-01
4.579328599999999971e-01
4.578183900000000195e-01
4.577039500000000261e-01
4.575895400000000168e-01
4.574751599999999918e-01
4.573608000000000118e-01
4.572464800000000107e-01
4.571321899999999938e-01
4.570179300000000167e-01
4.569036699999999840e-01
4.567894599999999805e-01
4.566752900000000115e-01
4.565611199999999870e-01
4.564470099999999864e-01
4.563328899999999910e-01
4.562188400000000144e-01
4.561047899999999822e-01
4.559907899999999792e-01
4.558768000000000264e-01
4.557628300000000077e-01
4.556489300000000076e-01
4.555350200000000127e-01
4.554211499999999968e-01
4.553073000000000259e-01
4.551934899999999784e-01
4.550796999999999759e-01
4.549659500000000079e-01
4.548522199999999738e-01
4.547385299999999742e-01
4.546248600000000195e-01
4.545112299999999883e-01
4.543976200000000021e-01
4.542840100000000159e-01
4.541704699999999928e-01
4.540569500000000147e-01
4.539434299999999811e-01
4.538299700000000270e-01
4.537165200000000120e-01
4.536031200000000263e-01
4.534897199999999851e-01
4.533763499999999835e-01
4.532630400000000059e-01
4.531497400000000231e-01
4.530364599999999742e-01
4.529232100000000205e-01
4.528099899999999955e-01
4.526968000000000103e-01
4.525836400000000093e-01
4.524705099999999924e-01
4.523574100000000153e-01
4.522443400000000224e-01
4.521313000000000137e-01
4.520182600000000050e-01
4.519052800000000203e-01
4.517923300000000197e-01
4.516793800000000192e-01
4.515664899999999871e-01
4.514536000000000104e-01
4.513407600000000075e-01
4.512279299999999993e-01
4.511151299999999753e-01
4.510023599999999910e-01
4.508896499999999752e-01
4.507769300000000201e-01
4.506642499999999885e-01
4.505515999999999965e-01
4.504389799999999888e-01
4.503263800000000261e-01
4.502138199999999868e-01
4.501012600000000030e-01
4.499887499999999929e-01
4.498762800000000173e-01
4.497638299999999756e-01
4.496513899999999841e-01
4.495390100000000166e-01
4.494266199999999989e-01
4.493142999999999998e-01
4.492019700000000060e-01
4.490896799999999911e-01
4.489774100000000212e-01
4.488652100000000145e-01
4.487530000000000130e-01
4.486408199999999957e-01
4.485286800000000129e-01
4.484165600000000196e-01
4.483044700000000105e-01
4.481923899999999961e-01
4.480803600000000109e-01
4.479683600000000099e-01
4.478563999999999878e-01
4.477444300000000266e-01
4.476325199999999782e-01
4.475206099999999854e-01
4.474087700000000112e-01
4.472969199999999868e-01
4.471851000000000020e-01
4.470733100000000015e-01
4.469615499999999852e-01
4.468498499999999929e-01
4.467381500000000005e-01
4.466264799999999924e-01
4.465148199999999790e-01
4.464032099999999947e-01
4.462916299999999947e-01
4.461800799999999789e-01
4.460685300000000186e-01
4.459570299999999765e-01
4.458455700000000244e-01
4.457341100000000167e-01
4.456226799999999932e-01
4.455113099999999937e-01
4.453999399999999942e-01
4.452885999999999789e-01
4.451772900000000033e-01
4.450660000000000172e-01
4.449547500000000100e-01
4.448435299999999870e-01
4.447323400000000038e-01
4.446211800000000047e-01
4.445100399999999952e-01
4.443989099999999803e-01
4.442878399999999894e-01
4.441767600000000038e-01
4.440657499999999813e-01
4.439547400000000144e-01
4.438437499999999813e-01
4.437328300000000225e-01
4.436219000000000134e-01
4.435110099999999833e-01
4.434001399999999982e-01
4.432893099999999920e-01
4.431784999999999752e-01
4.430677299999999930e-01
4.429569500000000160e-01
4.428462400000000021e-01
4.427355499999999777e-01
4.426248700000000036e-01
4.425142400000000031e-01
4.424036100000000027e-01
4.422930199999999812e-01
4.421824799999999889e-01
4.420719399999999966e-01
4.419614399999999832e-01
4.418509600000000148e-01
4.417405099999999751e-01
4.416301000000000254e-01
4.415197100000000097e-01
4.414093199999999939e-01
4.412989900000000021e-01
4.411886899999999945e-01
4.410783899999999869e-01
4.409681599999999979e-01
4.408579200000000142e-01
4.407477100000000148e-01
4.406375299999999995e-01
4.405274100000000082e-01
4.404172900000000168e-01
4.403072000000000097e-01
4.401971399999999868e-01
4.400870800000000194e-01
4.399770800000000204e-01
4.398671100000000056e-01
4.397571399999999908e-01
4.396472300000000000e-01
4.395373200000000091e-01
4.394274699999999867e-01
4.393176100000000250e-01
4.392077899999999868e-01
4.390979999999999883e-01
4.389882399999999740e-01
4.388785099999999995e-01
4.387688000000000144e-01
4.386591300000000082e-01
4.385494899999999863e-01
4.384398500000000198e-01
4.383302600000000271e-01
4.382207100000000133e-01
4.381111599999999995e-01
4.380016299999999752e-01
4.378921700000000250e-01
4.377827000000000246e-01
4.376732700000000031e-01
4.375638700000000214e-01
4.374544899999999736e-01
4.373451500000000158e-01
4.372358000000000078e-01
4.371265200000000184e-01
4.370172600000000185e-01
4.369080100000000133e-01
4.367988099999999818e-01
4.366896200000000006e-01
4.365804500000000088e-01
4.364713100000000012e-01
4.363622099999999726e-01
4.362531299999999890e-01
4.361440799999999895e-01
4.360350700000000246e-01
4.359260799999999936e-01
4.358171200000000023e-01
4.357081700000000057e-01
4.355992699999999829e-01
4.354903700000000155e-01
4.353814999999999769e-01
4.352726900000000176e-01
4.351638899999999976e-01
4.350551100000000226e-01
4.349463599999999763e-01
4.348376400000000253e-01
4.347289200000000187e-01
4.346202599999999805e-01
4.345116299999999820e-01
4.344029999999999836e-01
4.342944300000000091e-01
4.341858599999999790e-01
4.340773199999999887e-01
4.339688099999999826e-01
4.338603600000000005e-01
4.337519100000000183e-01
4.336434599999999806e-01
4.335350700000000224e-01
4.334267099999999928e-01
4.333183800000000030e-01
4.332100500000000132e-01
4.331017699999999970e-01
4.329934999999999756e-01
4.328852599999999939e-01
4.327770499999999965e-01
4.326688599999999885e-01
4.325607100000000149e-01
4.324525900000000256e-01
4.323445000000000205e-01
4.322364300000000048e-01
4.321283699999999839e-01
4.320203699999999869e-01
4.319123599999999952e-01
4.318044200000000221e-01
4.316964699999999988e-01
4.315885600000000100e-01
4.314806800000000053e-01
4.313728199999999902e-01
4.312650000000000095e-01
4.311572000000000182e-01
4.310494100000000217e-01
4.309416699999999989e-01
4.308339400000000263e-01
4.307262600000000274e-01
4.306185799999999730e-01
4.305109400000000086e-01
4.304033199999999781e-01
4.302957399999999821e-01
4.301881799999999756e-01
4.300806500000000088e-01
4.299731600000000209e-01
4.298656599999999828e-01
4.297582200000000241e-01
4.296507800000000099e-01
4.295434100000000144e-01
4.294360300000000241e-01
4.293286800000000181e-01
4.292213599999999962e-01
4.291140700000000141e-01
4.290068100000000162e-01
4.288995600000000130e-01
4.287923599999999835e-01
4.286851600000000095e-01
4.285780200000000040e-01
4.284708799999999984e-01
4.283637699999999771e-01
4.282567199999999796e-01
4.281496699999999822e-01
4.280426199999999848e-01
4.279356300000000113e-01
4.278286700000000220e-01
4.277217099999999772e-01
4.276148100000000118e-01
4.275079099999999910e-01
4.274010699999999940e-01
4.272942200000000024e-01
4.271874099999999896e-01
4.270806300000000166e-01
4.269738799999999723e-01
4.268671600000000232e-01
4.267604400000000187e-01
4.266537699999999877e-01
4.265471100000000071e-01
4.264405099999999949e-01
4.263338999999999879e-01
4.262273300000000154e-01
4.261207900000000270e-01
4.260142699999999727e-01
4.259077900000000083e-01
4.258013099999999884e-01
4.256948799999999977e-01
4.255884600000000018e-01
4.254820899999999795e-01
4.253757300000000074e-01
4.252694000000000196e-01
4.251630900000000213e-01
4.250568200000000019e-01
4.249505700000000274e-01
4.248443499999999817e-01
4.247381700000000260e-01
4.246319800000000200e-01
4.245258599999999771e-01
4.244197299999999951e-01
4.243136299999999972e-01
4.242075699999999783e-01
4.241015300000000043e-01
4.239955200000000146e-01
4.238895500000000038e-01
4.237835699999999983e-01
4.236776500000000167e-01
4.235717399999999744e-01
4.234658800000000167e-01
4.233600200000000036e-01
4.232541899999999746e-01
4.231483899999999854e-01
4.230426299999999751e-01
4.229368600000000256e-01
4.228311499999999890e-01
4.227254699999999921e-01
4.226197899999999952e-01
4.225141399999999825e-01
4.224085200000000095e-01
4.223029600000000050e-01
4.221974000000000005e-01
4.220918399999999959e-01
4.219863400000000153e-01
4.218808700000000189e-01
4.217754000000000225e-01
4.216699899999999945e-01
4.215645800000000221e-01
4.214591999999999783e-01
4.213538499999999742e-01
4.212485300000000099e-01
4.211432299999999795e-01
4.210379399999999994e-01
4.209327099999999877e-01
4.208274799999999760e-01
4.207223099999999882e-01
4.206171300000000057e-01
4.205119900000000022e-01
4.204068799999999828e-01
4.203018000000000032e-01
4.201967400000000130e-01
4.200916900000000176e-01
4.199866999999999906e-01
4.198817000000000244e-01
4.197767399999999816e-01
4.196718300000000235e-01
4.195669300000000046e-01
4.194620499999999752e-01
4.193571799999999961e-01
4.192523699999999853e-01
4.191475800000000196e-01
4.190427999999999931e-01
4.189380400000000115e-01
4.188333200000000089e-01
4.187286199999999958e-01
4.186239500000000224e-01
4.185193199999999725e-01
4.184147100000000230e-01
4.183101399999999970e-01
4.182055599999999762e-01
4.181010099999999952e-01
4.179965299999999773e-01
4.178920400000000202e-01
4.177875799999999917e-01
4.176831200000000188e-01
4.175787300000000091e-01
4.174743599999999888e-01
4.173699900000000240e-01
4.172656800000000277e-01
4.171613800000000261e-01
4.170571000000000139e-01
4.169528499999999860e-01
4.168486299999999978e-01
4.167444100000000096e-01
4.166402499999999898e-01
4.165360900000000255e-01
4.164319899999999741e-01
4.163278899999999783e-01
4.162238200000000221e-01
4.161197799999999947e-01
4.160157700000000069e-01
4.159117900000000034e-01
4.158078099999999999e-01
4.157038900000000203e-01
4.155999699999999852e-01
4.154960799999999899e-01
4.153922199999999787e-01
4.152883900000000073e-01
4.151845900000000200e-01
4.150808200000000170e-01
4.149770400000000192e-01
4.148733000000000004e-01
4.147696200000000055e-01
4.146659400000000106e-01
4.145622800000000052e-01
4.144586599999999788e-01
4.143550699999999920e-01
4.142514800000000053e-01
4.141479399999999922e-01
4.140444099999999739e-01
4.139409099999999953e-01
4.138374599999999903e-01
4.137339899999999959e-01
4.136305699999999752e-01
4.135271899999999889e-01
4.134238399999999869e-01
4.133204799999999901e-01
4.132171599999999723e-01
4.131138899999999836e-01
4.130106299999999897e-01
4.129073899999999853e-01
4.128041599999999756e-01
4.127009799999999951e-01
4.125978399999999935e-01
4.124946899999999972e-01
4.123915699999999851e-01
4.122884900000000075e-01
4.121854300000000193e-01
4.120824000000000153e-01
4.119794099999999903e-01
4.118764100000000261e-01
4.117734699999999748e-01
4.116705399999999737e-01
4.115676300000000176e-01
4.114647499999999902e-01
4.113619000000000026e-01
4.112590799999999991e-01
4.111562999999999746e-01
4.110535100000000108e-01
4.109507499999999758e-01
4.108480500000000202e-01
4.107453500000000091e-01
4.106426799999999822e-01
4.105400100000000108e-01
4.104374100000000025e-01
4.103347999999999995e-01
4.102322500000000205e-01
4.101296999999999859e-01
4.100271799999999911e-01
4.099246899999999805e-01
4.098222300000000096e-01
4.097197899999999726e-01
4.096173599999999859e-01
4.095149900000000232e-01
4.094126200000000049e-01
4.093102800000000263e-01
4.092079699999999765e-01
4.091056900000000218e-01
4.090034100000000117e-01
4.089011799999999752e-01
4.087989599999999890e-01
4.086968000000000267e-01
4.085946400000000089e-01
4.084925099999999754e-01
4.083903700000000025e-01
4.082882999999999929e-01
4.081862600000000230e-01
4.080842100000000028e-01
4.079822000000000171e-01
4.078802200000000155e-01
4.077782600000000035e-01
4.076763400000000259e-01
4.075744499999999770e-01
4.074725499999999889e-01
4.073707200000000195e-01
4.072688799999999998e-01
4.071670800000000146e-01
4.070653000000000188e-01
4.069635600000000020e-01
4.068618399999999746e-01
4.067601299999999975e-01
4.066584400000000099e-01
4.065568099999999907e-01
4.064551900000000217e-01
4.063535899999999867e-01
4.062520000000000020e-01
4.061504599999999909e-01
4.060489500000000196e-01
4.059474499999999875e-01
4.058459700000000003e-01
4.057445199999999974e-01
4.056431099999999734e-01
4.055417199999999944e-01
4.054403300000000154e-01
4.053390000000000049e-01
4.052376699999999943e-01
4.051363800000000182e-01
4.050351099999999760e-01
4.049338699999999736e-01
4.048326600000000108e-01
4.047314499999999926e-01
4.046302999999999983e-01
4.045291500000000040e-01
4.044280399999999887e-01
4.043269500000000183e-01
4.042258899999999766e-01
4.041248299999999904e-01
4.040238299999999727e-01
4.039228300000000105e-01
4.038218599999999769e-01
4.037209199999999831e-01
4.036199999999999788e-01
4.035191200000000089e-01
4.034182700000000232e-01
4.033174199999999820e-01
4.032165999999999806e-01
4.031158100000000188e-01
4.030150499999999858e-01
4.029143199999999925e-01
4.028136099999999886e-01
4.027129099999999795e-01
4.026122699999999943e-01
4.025116300000000091e-01
4.024110100000000134e-01
4.023104299999999967e-01
4.022098499999999799e-01
4.021093199999999923e-01
4.020087999999999995e-01
4.019083399999999751e-01
4.018078700000000114e-01
4.017074400000000267e-01
4.016070099999999865e-01
4.015066299999999755e-01
4.014062600000000147e-01
4.013059400000000276e-01
4.012056299999999798e-01
4.011053399999999769e-01
4.010050900000000085e-01
4.009048299999999898e-01
4.008046399999999898e-01
4.007044399999999951e-01
4.006042799999999793e-01
4.005041400000000085e-01
4.004040400000000166e-01
4.003039600000000142e-01
4.002038800000000118e-01
4.001038699999999726e-01
4.000038499999999941e-01
3.999038599999999999e-01
3.998039099999999846e-01
3.997039800000000143e-01
3.996040499999999884e-01
3.995041799999999865e-01
3.994043199999999794e-01
3.993044800000000172e-01
3.992046699999999837e-01
3.991048899999999899e-01
3.990051399999999804e-01
3.989054000000000211e-01
3.988056799999999957e-01
3.987059900000000101e-01
3.986063300000000087e-01
3.985066999999999915e-01
3.984071000000000140e-01
3.983074999999999810e-01
3.982079600000000275e-01
3.981084200000000184e-01
3.980089099999999935e-01
3.979094300000000084e-01
3.978099500000000233e-01
3.977105300000000065e-01
3.976111099999999898e-01
3.975117200000000128e-01
3.974123600000000200e-01
3.973130300000000115e-01
3.972137299999999871e-01
3.971144300000000182e-01
3.970151499999999833e-01
3.969159400000000226e-01
3.968167300000000064e-01
3.967175199999999902e-01
3.966183699999999979e-01
3.965192399999999950e-01
3.964201199999999869e-01
3.963210300000000186e-01
3.962219699999999789e-01
3.961229299999999842e-01
3.960239300000000240e-01
3.959249300000000082e-01
3.958259499999999820e-01
3.957270099999999902e-01
3.956280899999999878e-01
3.955292100000000199e-01
3.954303599999999808e-01
3.953315000000000023e-01
3.952327099999999871e-01
3.951339099999999771e-01
3.950351500000000016e-01
3.949364100000000155e-01
3.948376800000000242e-01
3.947390000000000065e-01
3.946403299999999836e-01
3.945416800000000057e-01
3.944430600000000120e-01
3.943444799999999972e-01
3.942458899999999877e-01
3.941473699999999969e-01
3.940488400000000113e-01
3.939503400000000100e-01
3.938518799999999875e-01
3.937534400000000101e-01
3.936549999999999772e-01
3.935566200000000237e-01
3.934582500000000094e-01
3.933598999999999846e-01
3.932615799999999995e-01
3.931632600000000144e-01
3.930650099999999925e-01
3.929667499999999758e-01
3.928685199999999988e-01
3.927703200000000061e-01
3.926721499999999976e-01
3.925740099999999733e-01
3.924758700000000045e-01
3.923777900000000041e-01
3.922797100000000037e-01
3.921816599999999875e-01
3.920836200000000216e-01
3.919856299999999738e-01
3.918876299999999868e-01
3.917897000000000185e-01
3.916917699999999947e-01
3.915938700000000106e-01
3.914959700000000264e-01
3.913981300000000108e-01
3.913002899999999951e-01
3.912024800000000191e-01
3.911047000000000273e-01
3.910069500000000198e-01
3.909092200000000017e-01
3.908114999999999783e-01
3.907138399999999789e-01
3.906161799999999795e-01
3.905185500000000198e-01
3.904209100000000099e-01
3.903233400000000186e-01
3.902257700000000273e-01
3.901282500000000097e-01
3.900307399999999869e-01
3.899332600000000038e-01
3.898357700000000259e-01
3.897383500000000112e-01
3.896409299999999964e-01
3.895435300000000267e-01
3.894461699999999804e-01
3.893488299999999791e-01
3.892515300000000122e-01
3.891542299999999899e-01
3.890569500000000125e-01
3.889597100000000141e-01
3.888624900000000051e-01
3.887653099999999751e-01
3.886681200000000058e-01
3.885709900000000050e-01
3.884738699999999989e-01
3.883767699999999823e-01
3.882797100000000001e-01
3.881826400000000232e-01
3.880856300000000147e-01
3.879886300000000010e-01
3.878916499999999767e-01
3.877946999999999922e-01
3.876977899999999866e-01
3.876008699999999862e-01
3.875040100000000098e-01
3.874071499999999779e-01
3.873103299999999805e-01
3.872135299999999725e-01
3.871167300000000200e-01
3.870199899999999804e-01
3.869232499999999964e-01
3.868265499999999912e-01
3.867298699999999756e-01
3.866332199999999997e-01
3.865366000000000080e-01
3.864399800000000162e-01
3.863433900000000087e-01
3.862468299999999854e-01
3.861503000000000019e-01
3.860538000000000025e-01
3.859573000000000031e-01
3.858608600000000277e-01
3.857644199999999968e-01
3.856680100000000055e-01
3.855716299999999985e-01
3.854752799999999757e-01
3.853789300000000084e-01
3.852826400000000096e-01
3.851863400000000159e-01
3.850900800000000013e-01
3.849938500000000263e-01
3.848976499999999801e-01
3.848014499999999893e-01
3.847053100000000225e-01
3.846091600000000055e-01
3.845130800000000071e-01
3.844170000000000087e-01
3.843209399999999998e-01
3.842249200000000253e-01
3.841289299999999796e-01
3.840329599999999788e-01
3.839370599999999967e-01
3.838411600000000146e-01
3.837452800000000219e-01
3.836494699999999924e-01
3.835537099999999922e-01
3.834579900000000263e-01
3.833623500000000184e-01
3.832668100000000133e-01
3.831714099999999901e-01
3.830762799999999912e-01
3.829817200000000255e-01
3.828886200000000128e-01
3.828009099999999942e-01
3.827466099999999871e-01
3.831787999999999861e-01
3.872624599999999750e-01
