8.870000000000000000e+02
0.000000000000000000e+00
1.771999900000000139e+01
4.028996799999999823e-01
4.071849900000000244e-01
4.107227299999999803e-01
4.137896899999999878e-01
4.166632299999999955e-01
4.195004999999999984e-01
4.223749900000000057e-01
4.253262899999999958e-01
4.283830499999999875e-01
4.315697800000000139e-01
4.349080900000000249e-01
4.384163300000000207e-01
4.421089300000000111e-01
4.459961700000000251e-01
4.500839699999999999e-01
4.543742800000000193e-01
4.588655799999999951e-01
4.635534599999999728e-01
4.684301599999999843e-01
4.734798100000000010e-01
4.786462799999999795e-01
4.836801600000000256e-01
4.876659500000000147e-01
4.893445399999999945e-01
4.895905600000000080e-01
4.895262100000000172e-01
4.894125500000000017e-01
4.892913700000000032e-01
4.891691799999999812e-01
4.890469000000000066e-01
4.889246500000000162e-01
4.888024300000000100e-01
4.886802399999999880e-01
4.885581099999999899e-01
4.884359799999999918e-01
4.883138799999999780e-01
4.881918100000000038e-01
4.880697999999999981e-01
4.879477899999999924e-01
4.878258100000000264e-01
4.877038599999999890e-01
4.875819699999999757e-01
4.874600800000000178e-01
4.873382399999999781e-01
4.872164099999999887e-01
4.870946099999999834e-01
4.869728700000000021e-01
4.868511300000000208e-01
4.867294400000000132e-01
4.866077600000000003e-01
4.864861400000000113e-01
4.863645400000000119e-01
4.862429500000000071e-01
4.861214200000000263e-01
4.859998799999999952e-01
4.858784099999999828e-01
4.857569600000000154e-01
4.856355199999999872e-01
4.855141299999999882e-01
4.853927800000000237e-01
4.852714499999999931e-01
4.851501300000000128e-01
4.850288600000000061e-01
4.849076299999999784e-01
4.847864199999999957e-01
4.846652399999999972e-01
4.845440699999999934e-01
4.844229500000000188e-01
4.843018700000000232e-01
4.841808100000000170e-01
4.840597799999999951e-01
4.839387800000000128e-01
4.838178200000000095e-01
4.836968799999999957e-01
4.835759700000000216e-01
4.834550899999999762e-01
4.833342400000000261e-01
4.832134200000000046e-01
4.830926400000000176e-01
4.829718800000000201e-01
4.828511500000000067e-01
4.827304499999999776e-01
4.826097799999999882e-01
4.824891399999999830e-01
4.823685300000000176e-01
4.822479499999999808e-01
4.821273999999999837e-01
4.820068800000000264e-01
4.818864199999999820e-01
4.817659599999999931e-01
4.816455199999999937e-01
4.815251199999999732e-01
4.814047499999999924e-01
4.812844099999999958e-01
4.811641300000000232e-01
4.810438499999999951e-01
4.809235900000000119e-01
4.808033700000000077e-01
4.806831799999999877e-01
4.805630399999999969e-01
4.804429100000000008e-01
4.803228099999999889e-01
4.802027300000000221e-01
4.800827200000000183e-01
4.799627100000000146e-01
4.798427200000000004e-01
4.797228000000000048e-01
4.796028700000000144e-01
4.794829800000000031e-01
4.793631099999999812e-01
4.792433099999999779e-01
4.791234999999999800e-01
4.790037300000000164e-01
4.788840100000000266e-01
4.787642999999999760e-01
4.786446100000000259e-01
4.785249799999999887e-01
4.784053600000000017e-01
4.782857600000000042e-01
4.781662199999999752e-01
4.780466899999999963e-01
4.779272099999999912e-01
4.778077299999999861e-01
4.776882800000000207e-01
4.775688900000000237e-01
4.774495100000000214e-01
4.773301500000000086e-01
4.772108500000000197e-01
4.770915499999999754e-01
4.769722800000000262e-01
4.768530699999999900e-01
4.767338600000000093e-01
4.766147099999999970e-01
4.764955599999999847e-01
4.763764400000000121e-01
4.762573800000000079e-01
4.761383200000000038e-01
4.760192899999999838e-01
4.759003199999999878e-01
4.757813499999999918e-01
4.756624099999999800e-01
4.755435299999999921e-01
4.754246500000000042e-01
4.753058000000000005e-01
4.751870000000000260e-01
4.750682099999999908e-01
4.749494499999999952e-01
4.748307500000000236e-01
4.747120400000000018e-01
4.745933700000000144e-01
4.744747599999999954e-01
4.743561399999999817e-01
4.742375600000000024e-01
4.741190399999999916e-01
4.740005099999999860e-01
4.738820200000000149e-01
4.737635900000000122e-01
4.736451500000000148e-01
4.735267499999999963e-01
4.734083700000000228e-01
4.732900600000000124e-01
4.731717400000000073e-01
4.730534599999999812e-01
4.729352000000000000e-01
4.728169999999999873e-01
4.726988100000000248e-01
4.725806399999999963e-01
4.724625100000000022e-01
4.723443999999999976e-01
4.722263500000000169e-01
4.721082999999999807e-01
4.719902899999999790e-01
4.718723000000000223e-01
4.717543399999999942e-01
4.716364100000000059e-01
4.715185499999999807e-01
4.714006800000000164e-01
4.712828399999999807e-01
4.711650299999999847e-01
4.710472499999999729e-01
4.709295000000000009e-01
4.708117800000000130e-01
4.706940900000000094e-01
4.705764399999999847e-01
4.704588100000000050e-01
4.703412100000000096e-01
4.702236399999999983e-01
4.701061000000000267e-01
4.699885799999999891e-01
4.698710999999999860e-01
4.697536500000000226e-01
4.696362299999999879e-01
4.695188399999999929e-01
4.694014799999999821e-01
4.692841200000000268e-01
4.691668199999999844e-01
4.690495399999999870e-01
4.689323000000000241e-01
4.688150899999999899e-01
4.686979099999999954e-01
4.685807200000000061e-01
4.684635999999999800e-01
4.683465099999999937e-01
4.682294399999999968e-01
4.681123799999999946e-01
4.679953800000000164e-01
4.678784000000000276e-01
4.677614299999999781e-01
4.676445100000000132e-01
4.675275999999999876e-01
4.674107399999999912e-01
4.672939199999999738e-01
4.671770900000000171e-01
4.670603300000000235e-01
4.669435599999999797e-01
4.668268600000000101e-01
4.667101499999999903e-01
4.665934999999999944e-01
4.664768599999999932e-01
4.663602399999999815e-01
4.662436799999999937e-01
4.661271300000000006e-01
4.660105999999999971e-01
4.658941300000000174e-01
4.657776699999999770e-01
4.656612299999999816e-01
4.655448500000000100e-01
4.654284699999999830e-01
4.653121199999999957e-01
4.651957999999999926e-01
4.650795200000000240e-01
4.649632599999999893e-01
4.648470299999999944e-01
4.647308600000000234e-01
4.646146899999999969e-01
4.644985500000000100e-01
4.643824400000000074e-01
4.642663599999999890e-01
4.641502800000000262e-01
4.640342599999999762e-01
4.639182700000000215e-01
4.638023099999999954e-01
4.636863800000000091e-01
4.635704800000000070e-01
4.634545999999999943e-01
4.633387299999999764e-01
4.632229199999999825e-01
4.631071399999999727e-01
4.629913600000000184e-01
4.628756299999999824e-01
4.627599399999999807e-01
4.626442499999999791e-01
4.625286200000000014e-01
4.624129799999999735e-01
4.622974100000000197e-01
4.621818400000000104e-01
4.620663199999999748e-01
4.619508099999999895e-01
4.618353199999999936e-01
4.617199000000000164e-01
4.616044799999999837e-01
4.614890799999999960e-01
4.613737500000000269e-01
4.612584100000000076e-01
4.611431100000000227e-01
4.610278300000000273e-01
4.609125900000000109e-01
4.607973699999999839e-01
4.606821799999999967e-01
4.605670299999999884e-01
4.604519000000000251e-01
4.603367999999999904e-01
4.602217399999999903e-01
4.601066999999999796e-01
4.599916900000000086e-01
4.598767200000000166e-01
4.597617399999999743e-01
4.596468200000000115e-01
4.595319299999999774e-01
4.594170499999999935e-01
4.593022199999999833e-01
4.591874200000000128e-01
4.590726199999999868e-01
4.589578799999999847e-01
4.588431399999999827e-01
4.587284600000000045e-01
4.586137800000000264e-01
4.584991299999999770e-01
4.583845400000000070e-01
4.582699499999999815e-01
4.581553899999999957e-01
4.580408599999999941e-01
4.579263599999999768e-01
4.578119199999999833e-01
4.576974799999999899e-01
4.575830699999999807e-01
4.574686900000000112e-01
4.573543400000000259e-01
4.572400200000000248e-01
4.571256899999999734e-01
4.570114299999999963e-01
4.568972000000000033e-01
4.567829999999999946e-01
4.566688199999999753e-01
4.565546500000000063e-01
4.564405400000000057e-01
4.563264300000000051e-01
4.562123699999999782e-01
4.560983200000000015e-01
4.559843199999999985e-01
4.558703299999999903e-01
4.557564000000000060e-01
4.556424600000000269e-01
4.555285600000000268e-01
4.554147100000000004e-01
4.553008700000000242e-01
4.551870499999999820e-01
4.550732699999999742e-01
4.549595100000000114e-01
4.548457900000000276e-01
4.547320899999999777e-01
4.546184200000000231e-01
4.545047899999999919e-01
4.543911800000000056e-01
4.542775800000000141e-01
4.541640299999999963e-01
4.540505100000000183e-01
4.539369899999999847e-01
4.538235400000000253e-01
4.537101099999999998e-01
4.535966799999999743e-01
4.534832799999999886e-01
4.533699500000000215e-01
4.532566100000000042e-01
4.531433000000000266e-01
4.530300500000000175e-01
4.529168000000000083e-01
4.528035799999999833e-01
4.526903899999999981e-01
4.525772299999999970e-01
4.524640999999999802e-01
4.523510000000000031e-01
4.522379300000000102e-01
4.521248900000000015e-01
4.520118799999999770e-01
4.518988700000000081e-01
4.517859200000000075e-01
4.516729999999999912e-01
4.515600799999999748e-01
4.514472199999999824e-01
4.513343599999999900e-01
4.512215600000000215e-01
4.511087500000000028e-01
4.509959800000000185e-01
4.508832700000000027e-01
4.507705599999999868e-01
4.506578700000000159e-01
4.505452200000000240e-01
4.504326000000000163e-01
4.503200099999999928e-01
4.502074400000000143e-01
4.500949100000000147e-01
4.499824000000000046e-01
4.498698999999999892e-01
4.497574599999999978e-01
4.496450399999999958e-01
4.495326299999999886e-01
4.494202700000000106e-01
4.493079200000000273e-01
4.491956200000000177e-01
4.490833300000000028e-01
4.489710900000000171e-01
4.488588600000000262e-01
4.487466500000000247e-01
4.486344800000000022e-01
4.485223300000000246e-01
4.484102099999999758e-01
4.482981300000000169e-01
4.481860699999999920e-01
4.480740400000000068e-01
4.479620500000000005e-01
4.478500499999999995e-01
4.477381100000000225e-01
4.476261999999999741e-01
4.475142999999999760e-01
4.474024500000000071e-01
4.472905999999999826e-01
4.471787799999999979e-01
4.470670199999999816e-01
4.469552600000000209e-01
4.468435299999999888e-01
4.467318399999999912e-01
4.466201699999999830e-01
4.465085300000000146e-01
4.463969199999999748e-01
4.462853399999999748e-01
4.461737900000000145e-01
4.460622399999999987e-01
4.459507500000000069e-01
4.458392600000000150e-01
4.457278299999999915e-01
4.456163899999999733e-01
4.455050199999999738e-01
4.453936499999999743e-01
4.452823100000000145e-01
4.451710300000000231e-01
4.450597499999999762e-01
4.449484899999999743e-01
4.448372700000000068e-01
4.447260800000000236e-01
4.446149200000000246e-01
4.445037499999999753e-01
4.443926500000000002e-01
4.442815800000000093e-01
4.441705000000000236e-01
4.440594900000000012e-01
4.439484799999999787e-01
4.438375199999999854e-01
4.437265699999999868e-01
4.436156499999999725e-01
4.435047500000000031e-01
4.433938900000000127e-01
4.432830500000000118e-01
4.431722499999999898e-01
4.430614700000000128e-01
4.429507300000000147e-01
4.428400100000000061e-01
4.427293199999999818e-01
4.426186400000000076e-01
4.425080100000000072e-01
4.423973900000000015e-01
4.422868200000000249e-01
4.421762499999999929e-01
4.420657199999999953e-01
4.419552099999999872e-01
4.418447300000000189e-01
4.417342799999999792e-01
4.416238699999999739e-01
4.415134800000000137e-01
4.414031199999999822e-01
4.412927899999999903e-01
4.411824599999999985e-01
4.410722000000000254e-01
4.409619599999999862e-01
4.408517200000000025e-01
4.407415100000000030e-01
4.406313600000000275e-01
4.405212099999999964e-01
4.404110900000000051e-01
4.403009999999999979e-01
4.401909399999999750e-01
4.400809099999999918e-01
4.399709099999999928e-01
4.398609399999999781e-01
4.397509700000000188e-01
4.396410599999999724e-01
4.395311499999999816e-01
4.394213000000000147e-01
4.393114399999999975e-01
4.392016200000000148e-01
4.390918600000000005e-01
4.389820999999999862e-01
4.388723700000000116e-01
4.387626600000000265e-01
4.386529900000000204e-01
4.385433200000000142e-01
4.384337099999999765e-01
4.383241199999999838e-01
4.382145399999999857e-01
4.381050200000000117e-01
4.379954899999999873e-01
4.378860299999999817e-01
4.377765699999999760e-01
4.376671300000000153e-01
4.375577299999999781e-01
4.374483499999999858e-01
4.373390099999999725e-01
4.372296900000000042e-01
4.371204100000000148e-01
4.370111199999999751e-01
4.369019000000000097e-01
4.367926699999999940e-01
4.366835099999999970e-01
4.365743400000000052e-01
4.364651999999999976e-01
4.363561000000000245e-01
4.362470500000000251e-01
4.361380000000000257e-01
4.360289600000000210e-01
4.359199699999999900e-01
4.358110099999999987e-01
4.357020899999999863e-01
4.355931599999999793e-01
4.354842899999999961e-01
4.353754200000000130e-01
4.352665800000000140e-01
4.351578099999999782e-01
4.350490300000000032e-01
4.349402800000000124e-01
4.348315600000000059e-01
4.347228699999999835e-01
4.346141800000000166e-01
4.345055500000000182e-01
4.343969500000000039e-01
4.342883499999999897e-01
4.341798099999999994e-01
4.340712700000000090e-01
4.339627600000000029e-01
4.338542799999999811e-01
4.337458299999999989e-01
4.336374100000000009e-01
4.335290199999999872e-01
4.334206600000000131e-01
4.333123300000000233e-01
4.332039999999999780e-01
4.330957200000000173e-01
4.329874499999999959e-01
4.328792399999999985e-01
4.327710300000000010e-01
4.326628399999999930e-01
4.325546900000000194e-01
4.324465699999999746e-01
4.323384800000000250e-01
4.322304100000000093e-01
4.321223499999999884e-01
4.320143499999999914e-01
4.319063699999999839e-01
4.317984000000000266e-01
4.316904500000000033e-01
4.315825699999999987e-01
4.314746899999999941e-01
4.313668299999999789e-01
4.312590099999999982e-01
4.311511800000000227e-01
4.310434200000000105e-01
4.309356799999999876e-01
4.308279500000000151e-01
4.307202700000000162e-01
4.306125900000000173e-01
4.305049499999999973e-01
4.303973600000000066e-01
4.302897800000000106e-01
4.301822200000000040e-01
4.300746899999999817e-01
4.299671600000000149e-01
4.298597000000000112e-01
4.297522599999999970e-01
4.296448199999999829e-01
4.295374200000000031e-01
4.294300699999999971e-01
4.293227199999999910e-01
4.292154000000000247e-01
4.291081099999999870e-01
4.290008499999999891e-01
4.288936300000000257e-01
4.287864000000000120e-01
4.286792300000000222e-01
4.285720599999999769e-01
4.284649500000000111e-01
4.283578399999999897e-01
4.282507600000000081e-01
4.281437100000000107e-01
4.280366899999999974e-01
4.279297000000000240e-01
4.278227399999999792e-01
4.277158099999999741e-01
4.276088800000000245e-01
4.275020099999999879e-01
4.273951400000000067e-01
4.272882900000000150e-01
4.271815099999999865e-01
4.270747300000000135e-01
4.269679800000000247e-01
4.268612299999999804e-01
4.267545300000000208e-01
4.266478699999999846e-01
4.265412100000000040e-01
4.264346099999999917e-01
4.263279999999999847e-01
4.262214300000000122e-01
4.261148900000000239e-01
4.260083700000000251e-01
4.259018900000000052e-01
4.257954400000000250e-01
4.256890099999999788e-01
4.255825899999999828e-01
4.254762200000000161e-01
4.253698599999999885e-01
4.252635200000000060e-01
4.251572499999999866e-01
4.250509699999999724e-01
4.249447299999999927e-01
4.248384800000000183e-01
4.247323000000000071e-01
4.246261399999999853e-01
4.245199900000000137e-01
4.244138900000000159e-01
4.243077900000000180e-01
4.242017299999999991e-01
4.240956900000000251e-01
4.239896799999999799e-01
4.238837100000000246e-01
4.237777600000000033e-01
4.236718099999999820e-01
4.235659199999999847e-01
4.234600399999999820e-01
4.233541800000000244e-01
4.232483499999999954e-01
4.231425799999999904e-01
4.230367800000000011e-01
4.229310499999999751e-01
4.228253399999999940e-01
4.227196599999999971e-01
4.226139800000000002e-01
4.225083600000000272e-01
4.224027399999999988e-01
4.222971500000000100e-01
4.221915900000000055e-01
4.220860599999999851e-01
4.219805600000000045e-01
4.218750600000000239e-01
4.217696200000000117e-01
4.216641799999999995e-01
4.215588000000000113e-01
4.214534200000000230e-01
4.213480700000000190e-01
4.212427400000000044e-01
4.211374500000000243e-01
4.210321899999999729e-01
4.209269299999999769e-01
4.208217300000000050e-01
4.207165199999999827e-01
4.206113799999999792e-01
4.205062399999999756e-01
4.204011300000000118e-01
4.202960399999999819e-01
4.201909899999999864e-01
4.200859399999999910e-01
4.199809400000000248e-01
4.198759499999999978e-01
4.197710199999999947e-01
4.196660799999999969e-01
4.195611799999999780e-01
4.194563000000000041e-01
4.193514600000000092e-01
4.192466400000000037e-01
4.191418299999999930e-01
4.190370700000000115e-01
4.189323200000000247e-01
4.188276200000000116e-01
4.187229299999999932e-01
4.186182600000000198e-01
4.185136300000000253e-01
4.184090200000000204e-01
4.183044100000000154e-01
4.181998699999999736e-01
4.180953199999999925e-01
4.179907999999999957e-01
4.178863500000000175e-01
4.177818899999999891e-01
4.176774600000000004e-01
4.175730300000000117e-01
4.174686699999999862e-01
4.173643300000000056e-01
4.172599900000000250e-01
4.171556799999999732e-01
4.170514300000000008e-01
4.169471900000000231e-01
4.168429699999999793e-01
4.167387499999999911e-01
4.166345900000000269e-01
4.165304599999999913e-01
4.164263300000000112e-01
4.163222300000000153e-01
4.162181600000000037e-01
4.161141500000000160e-01
4.160101099999999885e-01
4.159061299999999850e-01
4.158021800000000212e-01
4.156982300000000019e-01
4.155943400000000065e-01
4.154904500000000112e-01
4.153865900000000000e-01
4.152827599999999730e-01
4.151789499999999911e-01
4.150751799999999880e-01
4.149714400000000247e-01
4.148677000000000059e-01
4.147640200000000110e-01
4.146603300000000214e-01
4.145566800000000107e-01
4.144530599999999843e-01
4.143494699999999975e-01
4.142459000000000002e-01
4.141423399999999977e-01
4.140388400000000191e-01
4.139353299999999902e-01
4.138318599999999958e-01
4.137284199999999856e-01
4.136250000000000204e-01
4.135216199999999787e-01
4.134182599999999819e-01
4.133149099999999798e-01
4.132116100000000070e-01
4.131083199999999733e-01
4.130050499999999847e-01
4.129018199999999750e-01
4.127986100000000103e-01
4.126954400000000245e-01
4.125922599999999885e-01
4.124891500000000266e-01
4.123860300000000145e-01
4.122829399999999866e-01
4.121798899999999932e-01
4.120768599999999893e-01
4.119738600000000250e-01
4.118708999999999842e-01
4.117679300000000042e-01
4.116650199999999926e-01
4.115621099999999810e-01
4.114592400000000039e-01
4.113563900000000162e-01
4.112535700000000127e-01
4.111507799999999935e-01
4.110480000000000245e-01
4.109452699999999736e-01
4.108425399999999783e-01
4.107398400000000227e-01
4.106371699999999958e-01
4.105345300000000086e-01
4.104319200000000056e-01
4.103293399999999869e-01
4.102267600000000236e-01
4.101242099999999891e-01
4.100217199999999784e-01
4.099192300000000233e-01
4.098167699999999969e-01
4.097143100000000260e-01
4.096119100000000235e-01
4.095095400000000052e-01
4.094071699999999869e-01
4.093048300000000084e-01
4.092025200000000140e-01
4.091002300000000091e-01
4.089979799999999832e-01
4.088957599999999970e-01
4.087935400000000108e-01
4.086913799999999930e-01
4.085892099999999805e-01
4.084870800000000024e-01
4.083849800000000085e-01
4.082829099999999989e-01
4.081808299999999945e-01
4.080788200000000088e-01
4.079768100000000230e-01
4.078748200000000268e-01
4.077728999999999937e-01
4.076709700000000214e-01
4.075690499999999883e-01
4.074671899999999791e-01
4.073653199999999752e-01
4.072635199999999900e-01
4.071617100000000100e-01
4.070599400000000090e-01
4.069581899999999974e-01
4.068564800000000203e-01
4.067547899999999772e-01
4.066531099999999843e-01
4.065514499999999809e-01
4.064498500000000014e-01
4.063482600000000167e-01
4.062466900000000214e-01
4.061451300000000209e-01
4.060436199999999940e-01
4.059421100000000227e-01
4.058406700000000145e-01
4.057392200000000115e-01
4.056377999999999928e-01
4.055364100000000138e-01
4.054350600000000138e-01
4.053337000000000190e-01
4.052323999999999926e-01
4.051311000000000218e-01
4.050298299999999796e-01
4.049285899999999772e-01
4.048273900000000092e-01
4.047262099999999752e-01
4.046250299999999966e-01
4.045239099999999866e-01
4.044227899999999765e-01
4.043217000000000061e-01
4.042206400000000199e-01
4.041196100000000180e-01
4.040185800000000160e-01
4.039176099999999825e-01
4.038166400000000045e-01
4.037157000000000107e-01
4.036147900000000011e-01
4.035139099999999757e-01
4.034130599999999900e-01
4.033122399999999885e-01
4.032114099999999923e-01
4.031106199999999751e-01
4.030098599999999975e-01
4.029091300000000042e-01
4.028084299999999951e-01
4.027077600000000257e-01
4.026070800000000061e-01
4.025064700000000051e-01
4.024058600000000041e-01
4.023052799999999873e-01
4.022047200000000156e-01
4.021042000000000227e-01
4.020036799999999744e-01
4.019032100000000107e-01
4.018027499999999863e-01
4.017023100000000069e-01
4.016019100000000064e-01
4.015015399999999901e-01
4.014011900000000188e-01
4.013008499999999867e-01
4.012005599999999839e-01
4.011002799999999757e-01
4.010000200000000126e-01
4.008997999999999728e-01
4.007995999999999781e-01
4.006994099999999781e-01
4.005992700000000073e-01
4.004991399999999757e-01
4.003990299999999891e-01
4.002989499999999867e-01
4.001989100000000188e-01
4.000988899999999848e-01
3.999988700000000064e-01
3.998989199999999911e-01
3.997989599999999810e-01
3.996990300000000107e-01
3.995991300000000246e-01
3.994992700000000174e-01
3.993994000000000155e-01
3.992995899999999820e-01
3.991997800000000041e-01
3.991000100000000050e-01
3.990002599999999955e-01
3.989005400000000257e-01
3.988008499999999845e-01
3.987011599999999989e-01
3.986015299999999817e-01
3.985019000000000200e-01
3.984022999999999870e-01
3.983027299999999937e-01
3.982031899999999847e-01
3.981036800000000153e-01
3.980041699999999905e-01
3.979047199999999895e-01
3.978052699999999886e-01
3.977058500000000274e-01
3.976064599999999949e-01
3.975071000000000021e-01
3.974077699999999935e-01
3.973084399999999849e-01
3.972091700000000003e-01
3.971099000000000157e-01
3.970106800000000047e-01
3.969114699999999885e-01
3.968122900000000119e-01
3.967131400000000196e-01
3.966140200000000116e-01
3.965149199999999929e-01
3.964158899999999930e-01
3.963168599999999930e-01
3.962178499999999826e-01
3.961188800000000065e-01
3.960199699999999989e-01
3.959210799999999808e-01
3.958222599999999813e-01
3.957234900000000111e-01
3.956248199999999882e-01
3.955262299999999787e-01
3.954278500000000252e-01
3.953298000000000090e-01
3.952324999999999866e-01
3.951374000000000275e-01
3.950517199999999951e-01
3.950419700000000200e-01
3.963570000000000149e-01
4.012925900000000046e-01
