1.130000000000000000e+03
0.000000000000000000e+00
2.257999999999999829e+01
3.079701400000000033e-01
3.122790500000000025e-01
3.158401000000000125e-01
3.189300899999999994e-01
3.218266699999999814e-01
3.246872399999999881e-01
3.275853100000000184e-01
3.305606500000000114e-01
3.336418899999999965e-01
3.368534999999999724e-01
3.402171399999999735e-01
3.437510400000000077e-01
3.474696299999999738e-01
3.513830299999999851e-01
3.554971800000000237e-01
3.598139599999999882e-01
3.643317500000000098e-01
3.690460600000000091e-01
3.739491400000000132e-01
3.790247999999999950e-01
3.842156500000000197e-01
3.892662800000000201e-01
3.932457300000000155e-01
3.949107499999999771e-01
3.951693199999999906e-01
3.951267299999999816e-01
3.950363700000000255e-01
3.949387100000000261e-01
3.948401200000000166e-01
3.947414200000000095e-01
3.946427399999999919e-01
3.945440900000000140e-01
3.944454800000000150e-01
3.943468600000000213e-01
3.942483099999999907e-01
3.941497500000000209e-01
3.940512199999999798e-01
3.939527299999999732e-01
3.938542600000000116e-01
3.937557899999999944e-01
3.936573899999999959e-01
3.935589800000000027e-01
3.934605999999999937e-01
3.933622500000000244e-01
3.932639099999999943e-01
3.931656199999999934e-01
3.930673299999999926e-01
3.929690699999999759e-01
3.928708399999999989e-01
3.927726400000000062e-01
3.926744500000000082e-01
3.925763099999999839e-01
3.924781700000000151e-01
3.923800599999999750e-01
3.922819799999999746e-01
3.921839300000000139e-01
3.920858799999999977e-01
3.919878900000000055e-01
3.918899000000000132e-01
3.917919400000000052e-01
3.916940099999999814e-01
3.915960800000000130e-01
3.914982100000000131e-01
3.914003400000000132e-01
3.913024999999999975e-01
3.912046800000000268e-01
3.911068999999999796e-01
3.910091199999999878e-01
3.909114000000000200e-01
3.908136799999999966e-01
3.907159900000000130e-01
3.906183200000000189e-01
3.905206900000000036e-01
3.904230599999999884e-01
3.903254600000000130e-01
3.902278800000000269e-01
3.901303400000000199e-01
3.900328299999999970e-01
3.899353400000000192e-01
3.898378599999999805e-01
3.897404099999999816e-01
3.896429800000000276e-01
3.895455899999999971e-01
3.894482300000000063e-01
3.893508600000000208e-01
3.892535599999999985e-01
3.891562499999999813e-01
3.890589799999999987e-01
3.889617000000000213e-01
3.888644900000000071e-01
3.887672699999999981e-01
3.886701200000000078e-01
3.885729600000000228e-01
3.884758099999999770e-01
3.883787100000000159e-01
3.882816099999999992e-01
3.881845800000000013e-01
3.880875400000000086e-01
3.879905300000000001e-01
3.878935299999999864e-01
3.877965800000000018e-01
3.876996300000000173e-01
3.876027200000000117e-01
3.875058299999999956e-01
3.874089700000000192e-01
3.873121400000000270e-01
3.872153199999999740e-01
3.871185200000000215e-01
3.870217499999999977e-01
3.869250100000000137e-01
3.868283000000000138e-01
3.867315900000000140e-01
3.866349499999999773e-01
3.865383000000000013e-01
3.864416800000000096e-01
3.863450600000000179e-01
3.862484999999999946e-01
3.861519400000000268e-01
3.860554099999999877e-01
3.859589099999999884e-01
3.858624399999999732e-01
3.857659700000000136e-01
3.856695600000000224e-01
3.855731499999999756e-01
3.854767700000000241e-01
3.853804200000000013e-01
3.852840699999999785e-01
3.851877699999999849e-01
3.850914799999999860e-01
3.849952200000000269e-01
3.848989899999999964e-01
3.848027600000000215e-01
3.847065900000000149e-01
3.846104100000000137e-01
3.845142699999999913e-01
3.844181600000000087e-01
3.843220800000000104e-01
3.842259900000000172e-01
3.841299400000000031e-01
3.840339500000000128e-01
3.839379299999999828e-01
3.838419599999999821e-01
3.837460300000000157e-01
3.836500899999999992e-01
3.835541900000000171e-01
3.834583200000000192e-01
3.833624700000000107e-01
3.832666299999999970e-01
3.831708400000000125e-01
3.830750600000000228e-01
3.829793000000000225e-01
3.828835500000000169e-01
3.827878499999999851e-01
3.826921600000000034e-01
3.825964900000000113e-01
3.825008599999999981e-01
3.824052499999999744e-01
3.823096799999999851e-01
3.822141000000000011e-01
3.821185500000000013e-01
3.820230399999999804e-01
3.819275500000000045e-01
3.818320599999999732e-01
3.817366400000000159e-01
3.816412100000000085e-01
3.815458099999999853e-01
3.814504400000000017e-01
3.813550800000000129e-01
3.812597699999999978e-01
3.811644599999999827e-01
3.810691800000000073e-01
3.809739100000000267e-01
3.808786900000000197e-01
3.807834700000000128e-01
3.806883099999999742e-01
3.805931499999999912e-01
3.804979900000000081e-01
3.804028899999999935e-01
3.803077899999999789e-01
3.802127200000000040e-01
3.801176800000000133e-01
3.800226700000000069e-01
3.799276899999999846e-01
3.798327100000000178e-01
3.797377599999999798e-01
3.796428399999999814e-01
3.795479500000000228e-01
3.794530600000000087e-01
3.793581999999999788e-01
3.792633999999999728e-01
3.791686000000000223e-01
3.790738000000000163e-01
3.789790599999999787e-01
3.788843199999999967e-01
3.787896000000000041e-01
3.786949199999999904e-01
3.786002700000000165e-01
3.785056199999999871e-01
3.784109999999999974e-01
3.783163999999999971e-01
3.782218399999999758e-01
3.781273099999999943e-01
3.780327700000000180e-01
3.779383000000000048e-01
3.778438299999999916e-01
3.777493499999999838e-01
3.776549399999999945e-01
3.775605300000000053e-01
3.774661699999999898e-01
3.773718200000000245e-01
3.772774600000000089e-01
3.771831700000000120e-01
3.770888700000000204e-01
3.769946100000000078e-01
3.769003699999999846e-01
3.768061699999999958e-01
3.767119899999999966e-01
3.766178199999999920e-01
3.765236699999999770e-01
3.764295599999999964e-01
3.763354700000000053e-01
3.762413900000000089e-01
3.761473300000000020e-01
3.760532999999999793e-01
3.759593099999999910e-01
3.758653399999999922e-01
3.757713699999999934e-01
3.756774399999999736e-01
3.755835299999999988e-01
3.754896500000000081e-01
3.753958000000000017e-01
3.753019599999999900e-01
3.752081400000000233e-01
3.751143499999999853e-01
3.750205899999999870e-01
3.749268399999999835e-01
3.748331400000000091e-01
3.747394399999999792e-01
3.746457400000000049e-01
3.745520999999999989e-01
3.744584899999999772e-01
3.743648800000000110e-01
3.742712999999999735e-01
3.741777499999999756e-01
3.740841999999999778e-01
3.739906800000000198e-01
3.738972199999999746e-01
3.738037300000000007e-01
3.737102999999999953e-01
3.736168999999999740e-01
3.735235000000000083e-01
3.734301300000000268e-01
3.733367899999999739e-01
3.732434499999999766e-01
3.731501700000000032e-01
3.730568899999999743e-01
3.729636399999999852e-01
3.728704199999999802e-01
3.727771899999999805e-01
3.726840299999999995e-01
3.725908700000000184e-01
3.724977400000000216e-01
3.724046100000000248e-01
3.723115300000000016e-01
3.722184599999999732e-01
3.721254199999999845e-01
3.720323999999999853e-01
3.719393899999999809e-01
3.718464400000000003e-01
3.717534800000000250e-01
3.716605599999999732e-01
3.715676399999999768e-01
3.714747700000000097e-01
3.713819099999999818e-01
3.712890699999999988e-01
3.711962699999999948e-01
3.711034699999999908e-01
3.710107200000000161e-01
3.709179799999999805e-01
3.708252599999999899e-01
3.707325499999999940e-01
3.706398900000000274e-01
3.705472399999999999e-01
3.704546100000000175e-01
3.703620100000000193e-01
3.702694200000000158e-01
3.701768799999999859e-01
3.700843500000000064e-01
3.699918400000000163e-01
3.698993300000000262e-01
3.698068899999999992e-01
3.697144399999999775e-01
3.696220199999999956e-01
3.695296299999999978e-01
3.694372499999999948e-01
3.693449200000000210e-01
3.692525899999999917e-01
3.691602900000000020e-01
3.690680000000000072e-01
3.689757599999999860e-01
3.688835200000000203e-01
3.687913099999999833e-01
3.686991299999999860e-01
3.686069499999999888e-01
3.685148400000000102e-01
3.684227199999999813e-01
3.683306000000000080e-01
3.682385400000000031e-01
3.681464799999999982e-01
3.680544800000000172e-01
3.679624799999999807e-01
3.678704799999999997e-01
3.677785399999999871e-01
3.676865999999999746e-01
3.675946900000000017e-01
3.675028100000000131e-01
3.674109300000000244e-01
3.673191100000000042e-01
3.672272899999999840e-01
3.671354900000000088e-01
3.670436999999999728e-01
3.669519700000000162e-01
3.668602400000000041e-01
3.667685399999999762e-01
3.666768400000000039e-01
3.665851999999999999e-01
3.664935500000000013e-01
3.664019399999999815e-01
3.663103600000000015e-01
3.662187800000000215e-01
3.661272500000000152e-01
3.660357300000000036e-01
3.659442399999999762e-01
3.658527400000000096e-01
3.657613100000000061e-01
3.656698800000000027e-01
3.655784699999999887e-01
3.654871000000000092e-01
3.653957199999999794e-01
3.653043799999999841e-01
3.652130699999999730e-01
3.651217800000000069e-01
3.650305300000000197e-01
3.649392699999999823e-01
3.648480499999999793e-01
3.647568500000000213e-01
3.646656600000000026e-01
3.645745200000000130e-01
3.644833900000000182e-01
3.643922800000000128e-01
3.643011700000000075e-01
3.642101300000000208e-01
3.641190799999999839e-01
3.640280699999999814e-01
3.639370800000000239e-01
3.638460900000000109e-01
3.637551399999999768e-01
3.636642099999999878e-01
3.635733099999999829e-01
3.634824199999999728e-01
3.633915799999999918e-01
3.633007400000000109e-01
3.632099300000000142e-01
3.631191300000000122e-01
3.630283499999999997e-01
3.629376300000000111e-01
3.628468799999999828e-01
3.627561899999999784e-01
3.626654999999999740e-01
3.625748500000000041e-01
3.624842200000000236e-01
3.623936200000000274e-01
3.623030199999999756e-01
3.622124800000000033e-01
3.621219399999999755e-01
3.620314000000000032e-01
3.619409199999999993e-01
3.618504399999999954e-01
3.617599899999999757e-01
3.616695699999999958e-01
3.615791500000000158e-01
3.614887600000000201e-01
3.613984000000000085e-01
3.613080699999999812e-01
3.612177699999999936e-01
3.611274700000000060e-01
3.610371900000000078e-01
3.609469499999999886e-01
3.608567100000000250e-01
3.607665299999999742e-01
3.606763499999999789e-01
3.605861699999999836e-01
3.604960400000000176e-01
3.604059199999999907e-01
3.603158300000000036e-01
3.602257700000000007e-01
3.601357299999999872e-01
3.600457000000000241e-01
3.599556999999999896e-01
3.598657299999999948e-01
3.597757799999999895e-01
3.596858399999999789e-01
3.595959200000000133e-01
3.595060400000000267e-01
3.594161900000000243e-01
3.593263300000000271e-01
3.592365100000000089e-01
3.591467099999999801e-01
3.590569499999999858e-01
3.589671899999999916e-01
3.588774499999999867e-01
3.587877500000000164e-01
3.586980699999999800e-01
3.586083899999999991e-01
3.585187799999999814e-01
3.584291299999999847e-01
3.583395500000000067e-01
3.582499900000000181e-01
3.581604400000000243e-01
3.580709100000000200e-01
3.579813800000000157e-01
3.578919199999999745e-01
3.578024499999999941e-01
3.577130099999999979e-01
3.576236099999999807e-01
3.575342000000000242e-01
3.574448199999999964e-01
3.573554800000000031e-01
3.572661599999999993e-01
3.571768399999999954e-01
3.570875499999999758e-01
3.569982899999999959e-01
3.569090699999999949e-01
3.568198399999999992e-01
3.567306700000000275e-01
3.566414700000000160e-01
3.565523299999999729e-01
3.564631899999999853e-01
3.563741100000000217e-01
3.562850399999999973e-01
3.561959599999999782e-01
3.561069399999999829e-01
3.560179199999999877e-01
3.559289299999999767e-01
3.558399400000000212e-01
3.557510099999999786e-01
3.556620799999999916e-01
3.555731799999999887e-01
3.554842799999999858e-01
3.553954400000000069e-01
3.553065999999999725e-01
3.552177799999999830e-01
3.551289699999999883e-01
3.550402200000000175e-01
3.549514699999999912e-01
3.548627500000000046e-01
3.547740300000000180e-01
3.546853699999999998e-01
3.545966999999999869e-01
3.545080400000000242e-01
3.544194399999999745e-01
3.543308399999999803e-01
3.542422700000000257e-01
3.541537200000000052e-01
3.540652100000000191e-01
3.539766999999999775e-01
3.538882099999999808e-01
3.537997600000000187e-01
3.537113100000000010e-01
3.536228799999999728e-01
3.535344899999999790e-01
3.534461300000000250e-01
3.533577900000000049e-01
3.532694599999999796e-01
3.531811499999999993e-01
3.530928500000000136e-01
3.530046000000000017e-01
3.529163599999999845e-01
3.528281500000000070e-01
3.527399600000000190e-01
3.526517699999999755e-01
3.525636200000000220e-01
3.524754900000000024e-01
3.523874000000000173e-01
3.522992999999999819e-01
3.522112399999999810e-01
3.521232000000000251e-01
3.520351899999999978e-01
3.519471900000000208e-01
3.518592099999999778e-01
3.517712700000000248e-01
3.516833200000000215e-01
3.515954000000000024e-01
3.515075100000000230e-01
3.514196600000000226e-01
3.513318300000000116e-01
3.512440000000000007e-01
3.511561999999999739e-01
3.510684099999999974e-01
3.509806699999999946e-01
3.508929299999999918e-01
3.508052199999999732e-01
3.507175399999999943e-01
3.506298700000000101e-01
3.505422200000000155e-01
3.504546000000000050e-01
3.503669799999999945e-01
3.502794200000000080e-01
3.501918600000000215e-01
3.501043300000000191e-01
3.500168000000000168e-01
3.499292999999999987e-01
3.498418300000000203e-01
3.497543900000000261e-01
3.496669499999999764e-01
3.495795700000000061e-01
3.494921599999999962e-01
3.494048100000000101e-01
3.493174600000000241e-01
3.492301700000000064e-01
3.491428500000000046e-01
3.490555900000000267e-01
3.489683299999999933e-01
3.488810999999999996e-01
3.487938899999999953e-01
3.487067200000000255e-01
3.486195500000000003e-01
3.485324100000000147e-01
3.484452699999999736e-01
3.483581800000000173e-01
3.482711000000000001e-01
3.481840500000000227e-01
3.480970299999999740e-01
3.480099999999999860e-01
3.479230099999999770e-01
3.478360500000000077e-01
3.477490799999999882e-01
3.476621799999999873e-01
3.475752799999999865e-01
3.474883699999999909e-01
3.474015300000000139e-01
3.473146899999999815e-01
3.472278699999999940e-01
3.471410600000000013e-01
3.470542999999999823e-01
3.469675500000000135e-01
3.468808199999999786e-01
3.467940999999999940e-01
3.467074299999999831e-01
3.466207700000000225e-01
3.465341000000000116e-01
3.464475000000000193e-01
3.463608899999999768e-01
3.462743200000000243e-01
3.461877700000000058e-01
3.461012199999999872e-01
3.460147100000000031e-01
3.459282200000000085e-01
3.458417400000000086e-01
3.457553099999999824e-01
3.456688800000000117e-01
3.455824599999999802e-01
3.454960899999999779e-01
3.454097199999999757e-01
3.453233800000000131e-01
3.452370499999999898e-01
3.451507699999999956e-01
3.450644900000000015e-01
3.449782399999999916e-01
3.448919999999999764e-01
3.448057800000000062e-01
3.447195900000000202e-01
3.446334300000000184e-01
3.445472700000000166e-01
3.444611399999999990e-01
3.443750400000000211e-01
3.442889800000000222e-01
3.442029099999999731e-01
3.441168700000000191e-01
3.440308599999999939e-01
3.439448500000000242e-01
3.438589000000000229e-01
3.437729199999999818e-01
3.436870000000000203e-01
3.436010800000000032e-01
3.435151900000000258e-01
3.434293299999999771e-01
3.433435000000000237e-01
3.432576700000000147e-01
3.431718599999999952e-01
3.430860900000000102e-01
3.430003200000000252e-01
3.429145800000000244e-01
3.428288700000000078e-01
3.427431599999999912e-01
3.426575099999999985e-01
3.425718500000000111e-01
3.424862000000000184e-01
3.424006099999999941e-01
3.423150200000000254e-01
3.422294599999999853e-01
3.421438900000000061e-01
3.420583899999999899e-01
3.419728899999999738e-01
3.418873800000000185e-01
3.418019400000000263e-01
3.417164999999999786e-01
3.416310799999999759e-01
3.415456700000000234e-01
3.414603199999999839e-01
3.413749600000000051e-01
3.412896400000000052e-01
3.412043200000000054e-01
3.411190199999999950e-01
3.410337600000000191e-01
3.409485199999999772e-01
3.408632899999999855e-01
3.407780799999999832e-01
3.406929100000000155e-01
3.406077299999999974e-01
3.405225900000000139e-01
3.404374700000000198e-01
3.403523900000000046e-01
3.402672999999999948e-01
3.401822400000000246e-01
3.400972199999999779e-01
3.400121899999999919e-01
3.399272300000000246e-01
3.398422300000000229e-01
3.397572899999999896e-01
3.396723600000000065e-01
3.395874500000000129e-01
3.395025700000000035e-01
3.394177299999999731e-01
3.393328800000000034e-01
3.392480600000000179e-01
3.391632399999999770e-01
3.390784600000000260e-01
3.389937000000000089e-01
3.389089699999999761e-01
3.388242699999999830e-01
3.387395699999999898e-01
3.386549099999999757e-01
3.385702400000000223e-01
3.384855999999999976e-01
3.384009900000000126e-01
3.383164100000000118e-01
3.382318599999999953e-01
3.381473099999999787e-01
3.380627600000000177e-01
3.379782700000000251e-01
3.378937799999999769e-01
3.378093200000000240e-01
3.377248899999999998e-01
3.376404599999999756e-01
3.375560599999999911e-01
3.374716899999999908e-01
3.373873199999999906e-01
3.373030100000000142e-01
3.372186999999999824e-01
3.371343900000000060e-01
3.370501399999999981e-01
3.369658899999999901e-01
3.368816399999999822e-01
3.367974499999999982e-01
3.367132500000000195e-01
3.366290900000000197e-01
3.365449300000000199e-01
3.364608000000000043e-01
3.363766999999999729e-01
3.362926199999999866e-01
3.362085799999999791e-01
3.361245400000000272e-01
3.360405000000000197e-01
3.359565099999999860e-01
3.358725300000000025e-01
3.357885800000000032e-01
3.357046499999999933e-01
3.356207299999999782e-01
3.355368400000000029e-01
3.354529700000000170e-01
3.353691100000000258e-01
3.352852800000000189e-01
3.352014700000000014e-01
3.351177000000000183e-01
3.350339199999999851e-01
3.349501799999999863e-01
3.348664299999999927e-01
3.347827500000000178e-01
3.346990599999999927e-01
3.346153800000000178e-01
3.345317500000000166e-01
3.344481300000000101e-01
3.343645299999999931e-01
3.342809400000000264e-01
3.341973999999999778e-01
3.341138699999999795e-01
3.340303299999999864e-01
3.339468500000000173e-01
3.338633799999999874e-01
3.337799300000000025e-01
3.336964800000000175e-01
3.336130700000000116e-01
3.335296799999999950e-01
3.334463200000000183e-01
3.333629699999999807e-01
3.332796399999999881e-01
3.331963099999999955e-01
3.331130400000000269e-01
3.330297799999999975e-01
3.329465400000000130e-01
3.328632999999999731e-01
3.327800899999999729e-01
3.326969100000000124e-01
3.326137699999999753e-01
3.325306199999999990e-01
3.324475000000000069e-01
3.323643800000000148e-01
3.322813199999999911e-01
3.321982600000000230e-01
3.321151999999999993e-01
3.320321999999999996e-01
3.319491999999999998e-01
3.318662299999999843e-01
3.317832600000000243e-01
3.317003499999999772e-01
3.316174100000000013e-01
3.315345299999999940e-01
3.314516499999999866e-01
3.313688000000000189e-01
3.312859799999999799e-01
3.312031599999999965e-01
3.311203999999999814e-01
3.310376099999999822e-01
3.309548800000000068e-01
3.308721499999999760e-01
3.307894499999999849e-01
3.307067499999999938e-01
3.306240999999999763e-01
3.305414300000000249e-01
3.304588199999999865e-01
3.303762100000000035e-01
3.302936300000000047e-01
3.302110699999999954e-01
3.301285500000000206e-01
3.300460299999999902e-01
3.299635100000000154e-01
3.298810400000000143e-01
3.297985800000000078e-01
3.297161499999999856e-01
3.296337100000000242e-01
3.295513400000000259e-01
3.294689700000000276e-01
3.293865899999999791e-01
3.293042800000000048e-01
3.292219599999999802e-01
3.291396500000000058e-01
3.290573999999999999e-01
3.289751399999999992e-01
3.288929199999999775e-01
3.288106900000000166e-01
3.287284999999999791e-01
3.286463299999999865e-01
3.285641999999999729e-01
3.284820600000000201e-01
3.283999599999999908e-01
3.283178500000000222e-01
3.282358100000000167e-01
3.281537600000000166e-01
3.280717100000000164e-01
3.279897299999999793e-01
3.279077400000000031e-01
3.278257500000000269e-01
3.277438300000000138e-01
3.276619000000000059e-01
3.275799999999999823e-01
3.274981100000000089e-01
3.274162400000000250e-01
3.273344000000000253e-01
3.272526000000000046e-01
3.271707899999999891e-01
3.270890100000000134e-01
3.270072299999999821e-01
3.269255200000000250e-01
3.268438000000000176e-01
3.267620800000000103e-01
3.266804200000000269e-01
3.265987599999999880e-01
3.265171099999999993e-01
3.264355099999999843e-01
3.263539100000000248e-01
3.262723399999999940e-01
3.261907700000000188e-01
3.261092300000000277e-01
3.260277200000000208e-01
3.259462100000000140e-01
3.258647599999999755e-01
3.257833099999999926e-01
3.257018600000000097e-01
3.256204400000000110e-01
3.255390499999999965e-01
3.254576900000000217e-01
3.253763299999999914e-01
3.252950000000000008e-01
3.252136999999999944e-01
3.251323999999999881e-01
3.250511300000000214e-01
3.249698899999999835e-01
3.248886500000000011e-01
3.248074400000000028e-01
3.247262499999999941e-01
3.246450699999999800e-01
3.245639200000000057e-01
3.244828000000000157e-01
3.244017100000000098e-01
3.243206100000000092e-01
3.242395499999999875e-01
3.241584900000000213e-01
3.240774599999999839e-01
3.239964499999999914e-01
3.239154799999999779e-01
3.238345100000000198e-01
3.237535699999999905e-01
3.236726200000000220e-01
3.235917400000000166e-01
3.235108600000000112e-01
3.234299700000000111e-01
3.233491499999999741e-01
3.232683199999999979e-01
3.231875000000000164e-01
3.231067400000000034e-01
3.230259699999999956e-01
3.229452099999999826e-01
3.228644999999999987e-01
3.227838000000000096e-01
3.227030900000000257e-01
3.226224500000000051e-01
3.225417999999999896e-01
3.224611900000000086e-01
3.223805699999999774e-01
3.222999899999999807e-01
3.222194299999999734e-01
3.221388800000000163e-01
3.220583499999999932e-01
3.219778500000000099e-01
3.218973900000000055e-01
3.218169200000000063e-01
3.217364799999999914e-01
3.216560500000000267e-01
3.215756399999999959e-01
3.214952600000000049e-01
3.214149199999999929e-01
3.213345699999999860e-01
3.212542500000000190e-01
3.211739399999999911e-01
3.210936799999999924e-01
3.210134199999999938e-01
3.209331599999999951e-01
3.208529399999999754e-01
3.207727400000000006e-01
3.206925700000000101e-01
3.206124000000000196e-01
3.205322600000000133e-01
3.204521499999999912e-01
3.203720500000000193e-01
3.202919699999999814e-01
3.202119199999999832e-01
3.201318699999999851e-01
3.200518500000000266e-01
3.199718599999999968e-01
3.198918700000000226e-01
3.198119099999999770e-01
3.197319499999999870e-01
3.196520500000000209e-01
3.195721499999999993e-01
3.194922499999999776e-01
3.194124099999999800e-01
3.193325699999999823e-01
3.192527600000000243e-01
3.191729500000000108e-01
3.190931699999999815e-01
3.190134199999999920e-01
3.189336700000000024e-01
3.188539400000000024e-01
3.187742499999999812e-01
3.186945600000000156e-01
3.186148999999999787e-01
3.185352699999999815e-01
3.184556399999999843e-01
3.183760299999999765e-01
3.182964600000000033e-01
3.182168899999999745e-01
3.181373499999999854e-01
3.180578399999999806e-01
3.179783199999999810e-01
3.178988400000000158e-01
3.178193899999999794e-01
3.177399599999999880e-01
3.176605399999999912e-01
3.175811199999999945e-01
3.175017500000000270e-01
3.174223899999999987e-01
3.173430300000000259e-01
3.172637200000000268e-01
3.171844200000000225e-01
3.171051400000000076e-01
3.170258699999999874e-01
3.169466300000000070e-01
3.168674100000000160e-01
3.167882000000000198e-01
3.167090100000000130e-01
3.166298599999999852e-01
3.165507000000000182e-01
3.164715799999999746e-01
3.163924799999999760e-01
3.163133900000000276e-01
3.162343200000000132e-01
3.161552799999999830e-01
3.160762500000000030e-01
3.159972400000000126e-01
3.159182700000000010e-01
3.158392899999999948e-01
3.157603399999999727e-01
3.156814299999999851e-01
3.156025100000000028e-01
3.155236200000000046e-01
3.154447699999999855e-01
3.153659100000000270e-01
3.152870799999999973e-01
3.152082900000000021e-01
3.151294900000000121e-01
3.150507200000000063e-01
3.149719799999999847e-01
3.148932500000000134e-01
3.148145399999999761e-01
3.147358299999999942e-01
3.146571799999999808e-01
3.145785300000000229e-01
3.144998800000000094e-01
3.144212699999999749e-01
3.143426799999999854e-01
3.142641199999999801e-01
3.141855599999999749e-01
3.141070300000000093e-01
3.140285299999999724e-01
3.139500299999999910e-01
3.138715599999999939e-01
3.137930899999999967e-01
3.137146499999999838e-01
3.136362400000000106e-01
3.135578600000000216e-01
3.134794799999999770e-01
3.134011300000000277e-01
3.133227800000000229e-01
3.132444600000000023e-01
3.131661700000000215e-01
3.130878799999999851e-01
3.130096499999999726e-01
3.129313899999999760e-01
3.128531900000000032e-01
3.127749899999999750e-01
3.126967800000000075e-01
3.126186400000000032e-01
3.125404999999999989e-01
3.124623899999999788e-01
3.123842800000000142e-01
3.123061999999999783e-01
3.122281399999999874e-01
3.121500899999999912e-01
3.120720699999999792e-01
3.119940500000000227e-01
3.119160799999999845e-01
3.118381199999999964e-01
3.117601600000000084e-01
3.116822499999999940e-01
3.116043199999999902e-01
3.115264500000000103e-01
3.114485699999999802e-01
3.113707299999999845e-01
3.112929199999999730e-01
3.112151000000000223e-01
3.111373199999999950e-01
3.110595299999999730e-01
3.109817799999999854e-01
3.109040599999999821e-01
3.108263299999999840e-01
3.107486400000000204e-01
3.106709699999999907e-01
3.105933399999999955e-01
3.105157000000000056e-01
3.104380700000000104e-01
3.103604899999999889e-01
3.102829200000000176e-01
3.102053399999999961e-01
3.101278199999999985e-01
3.100503099999999956e-01
3.099727899999999980e-01
3.098953099999999794e-01
3.098178500000000057e-01
3.097404200000000163e-01
3.096630000000000216e-01
3.095856000000000163e-01
3.095082299999999953e-01
3.094308700000000245e-01
3.093535000000000035e-01
3.092761900000000064e-01
3.091988900000000040e-01
3.091216099999999911e-01
3.090443299999999782e-01
3.089670800000000050e-01
3.088898700000000108e-01
3.088126500000000219e-01
3.087354600000000171e-01
3.086582999999999966e-01
3.085811399999999760e-01
3.085040199999999899e-01
3.084269199999999933e-01
3.083498199999999967e-01
3.082727499999999843e-01
3.081957100000000116e-01
3.081186699999999834e-01
3.080416599999999949e-01
3.079646500000000064e-01
3.078876700000000022e-01
3.078107199999999821e-01
3.077337700000000176e-01
3.076568499999999817e-01
3.075799599999999856e-01
3.075030999999999737e-01
3.074262400000000173e-01
3.073493800000000054e-01
3.072725800000000174e-01
3.071957799999999739e-01
3.071189799999999859e-01
3.070422099999999821e-01
3.069654700000000180e-01
3.068887599999999827e-01
3.068120500000000028e-01
3.067353700000000072e-01
3.066586900000000115e-01
3.065820300000000054e-01
3.065054099999999782e-01
3.064288199999999907e-01
3.063522300000000032e-01
3.062756400000000157e-01
3.061991000000000018e-01
3.061225699999999827e-01
3.060460400000000192e-01
3.059695700000000240e-01
3.058930899999999786e-01
3.058166199999999835e-01
3.057401799999999725e-01
3.056637600000000066e-01
3.055873800000000196e-01
3.055109999999999770e-01
3.054346399999999795e-01
3.053582899999999767e-01
3.052819700000000136e-01
3.052056699999999845e-01
3.051293800000000056e-01
3.050531100000000162e-01
3.049768800000000057e-01
3.049006499999999953e-01
3.048244399999999743e-01
3.047482699999999878e-01
3.046720900000000065e-01
3.045959500000000042e-01
3.045198000000000071e-01
3.044436899999999890e-01
3.043676000000000159e-01
3.042915500000000217e-01
3.042154899999999773e-01
3.041394700000000229e-01
3.040634400000000181e-01
3.039874399999999977e-01
3.039114800000000116e-01
3.038355099999999753e-01
3.037595699999999788e-01
3.036836399999999769e-01
3.036077600000000043e-01
3.035318900000000264e-01
3.034560099999999983e-01
3.033801600000000098e-01
3.033043400000000056e-01
3.032285599999999803e-01
3.031527700000000158e-01
3.030770099999999800e-01
3.030012499999999998e-01
3.029255299999999984e-01
3.028498299999999865e-01
3.027741299999999747e-01
3.026984600000000025e-01
3.026228200000000146e-01
3.025471900000000214e-01
3.024715800000000177e-01
3.023959999999999981e-01
3.023204199999999786e-01
3.022448699999999988e-01
3.021693500000000032e-01
3.020938300000000076e-01
3.020183399999999962e-01
3.019428599999999796e-01
3.018674299999999922e-01
3.017920000000000047e-01
3.017165700000000172e-01
3.016411999999999982e-01
3.015658299999999792e-01
3.014904899999999999e-01
3.014151500000000206e-01
3.013398299999999752e-01
3.012645500000000198e-01
3.011892999999999931e-01
3.011140500000000220e-01
3.010388600000000192e-01
3.009636700000000165e-01
3.008885099999999979e-01
3.008133800000000191e-01
3.007383000000000139e-01
3.006632599999999877e-01
3.005882500000000013e-01
3.005132999999999832e-01
3.004384600000000183e-01
3.003637499999999849e-01
3.002892699999999970e-01
3.002152699999999785e-01
3.001424999999999788e-01
3.000738600000000256e-01
3.000284999999999758e-01
3.002734200000000131e-01
3.036975599999999775e-01
