1.149000000000000000e+03
0.000000000000000000e+00
2.295999899999999982e+01
3.022947899999999799e-01
3.066051300000000035e-01
3.101675199999999744e-01
3.132588900000000121e-01
3.161568299999999998e-01
3.190187199999999779e-01
3.219181899999999930e-01
3.248949099999999812e-01
3.279775400000000118e-01
3.311905900000000069e-01
3.345556599999999770e-01
3.380910200000000199e-01
3.418110599999999999e-01
3.457259799999999883e-01
3.498416200000000198e-01
3.541598899999999772e-01
3.586792100000000261e-01
3.633950400000000025e-01
3.682996299999999890e-01
3.733768199999999982e-01
3.785690999999999917e-01
3.836208600000000080e-01
3.876004200000000011e-01
3.892652699999999966e-01
3.895247600000000254e-01
3.894835099999999772e-01
3.893945500000000060e-01
3.892983199999999755e-01
3.892011000000000220e-01
3.891038299999999839e-01
3.890065799999999907e-01
3.889093399999999923e-01
3.888121199999999833e-01
3.887149400000000088e-01
3.886177499999999840e-01
3.885206299999999779e-01
3.884234999999999771e-01
3.883264100000000107e-01
3.882293399999999783e-01
3.881322999999999857e-01
3.880352699999999877e-01
3.879382599999999792e-01
3.878413099999999947e-01
3.877443700000000049e-01
3.876474200000000203e-01
3.875505300000000042e-01
3.874536499999999828e-01
3.873567900000000064e-01
3.872599600000000142e-01
3.871631600000000062e-01
3.870663899999999824e-01
3.869696300000000089e-01
3.868729200000000090e-01
3.867762100000000092e-01
3.866795299999999935e-01
3.865828499999999779e-01
3.864862299999999862e-01
3.863896099999999945e-01
3.862930199999999870e-01
3.861964600000000192e-01
3.860999299999999801e-01
3.860034299999999807e-01
3.859069299999999814e-01
3.858104600000000217e-01
3.857140199999999908e-01
3.856176099999999995e-01
3.855212299999999925e-01
3.854248499999999855e-01
3.853285000000000182e-01
3.852321799999999796e-01
3.851358899999999807e-01
3.850396300000000216e-01
3.849433700000000069e-01
3.848471299999999817e-01
3.847509599999999752e-01
3.846547599999999845e-01
3.845586200000000177e-01
3.844625099999999795e-01
3.843663900000000022e-01
3.842703100000000038e-01
3.841742599999999896e-01
3.840782300000000204e-01
3.839822099999999905e-01
3.838862200000000002e-01
3.837902799999999837e-01
3.836943500000000173e-01
3.835984199999999955e-01
3.835025400000000029e-01
3.834066700000000050e-01
3.833108199999999965e-01
3.832150100000000226e-01
3.831192299999999773e-01
3.830234699999999770e-01
3.829277200000000270e-01
3.828319900000000109e-01
3.827362999999999738e-01
3.826406299999999816e-01
3.825449599999999895e-01
3.824493600000000160e-01
3.823537499999999922e-01
3.822581800000000030e-01
3.821626300000000032e-01
3.820670800000000034e-01
3.819716000000000222e-01
3.818761099999999908e-01
3.817806499999999992e-01
3.816852299999999865e-01
3.815897999999999790e-01
3.814944299999999955e-01
3.813990700000000067e-01
3.813037300000000074e-01
3.812084199999999923e-01
3.811131099999999772e-01
3.810178599999999860e-01
3.809226199999999896e-01
3.808273999999999826e-01
3.807322100000000153e-01
3.806370199999999926e-01
3.805418899999999938e-01
3.804467599999999949e-01
3.803516599999999803e-01
3.802565900000000054e-01
3.801615199999999750e-01
3.800665100000000240e-01
3.799715000000000176e-01
3.798765199999999953e-01
3.797815399999999730e-01
3.796866199999999747e-01
3.795916999999999764e-01
3.794968100000000177e-01
3.794019499999999878e-01
3.793071199999999976e-01
3.792123199999999916e-01
3.791175199999999856e-01
3.790227500000000194e-01
3.789280099999999818e-01
3.788332899999999892e-01
3.787385799999999914e-01
3.786439300000000174e-01
3.785492799999999880e-01
3.784546599999999983e-01
3.783600300000000138e-01
3.782654699999999925e-01
3.781709100000000268e-01
3.780763699999999949e-01
3.779818699999999976e-01
3.778873999999999844e-01
3.777929199999999765e-01
3.776984800000000031e-01
3.776040700000000139e-01
3.775096800000000141e-01
3.774153299999999933e-01
3.773209799999999725e-01
3.772266499999999967e-01
3.771323599999999998e-01
3.770380899999999924e-01
3.769438600000000195e-01
3.768496199999999963e-01
3.767554200000000075e-01
3.766612400000000083e-01
3.765670999999999879e-01
3.764729499999999729e-01
3.763788599999999818e-01
3.762847799999999854e-01
3.761907199999999785e-01
3.760966700000000218e-01
3.760026699999999833e-01
3.759086700000000003e-01
3.758147099999999963e-01
3.757207699999999817e-01
3.756268600000000069e-01
3.755329499999999765e-01
3.754390799999999806e-01
3.753452299999999742e-01
3.752514100000000075e-01
3.751576200000000250e-01
3.750638399999999817e-01
3.749700799999999834e-01
3.748763500000000248e-01
3.747826499999999950e-01
3.746889500000000206e-01
3.745952799999999749e-01
3.745016800000000035e-01
3.744080399999999975e-01
3.743144600000000155e-01
3.742208799999999780e-01
3.741273600000000199e-01
3.740338400000000063e-01
3.739403199999999927e-01
3.738468600000000031e-01
3.737534000000000134e-01
3.736599700000000079e-01
3.735665699999999867e-01
3.734732000000000052e-01
3.733798300000000236e-01
3.732865200000000105e-01
3.731932000000000027e-01
3.730999199999999738e-01
3.730066400000000004e-01
3.729134199999999955e-01
3.728201999999999905e-01
3.727270100000000252e-01
3.726338100000000098e-01
3.725406800000000129e-01
3.724475500000000161e-01
3.723544500000000035e-01
3.722613799999999751e-01
3.721683299999999917e-01
3.720752900000000030e-01
3.719822799999999985e-01
3.718892899999999835e-01
3.717963400000000029e-01
3.717034200000000066e-01
3.716104900000000155e-01
3.715176000000000034e-01
3.714247299999999807e-01
3.713318999999999925e-01
3.712390700000000043e-01
3.711462600000000056e-01
3.710534899999999858e-01
3.709607400000000110e-01
3.708680300000000152e-01
3.707753100000000246e-01
3.706826300000000129e-01
3.705899699999999908e-01
3.704973200000000189e-01
3.704047200000000206e-01
3.703121200000000224e-01
3.702195600000000031e-01
3.701270199999999733e-01
3.700344899999999937e-01
3.699420099999999878e-01
3.698495299999999819e-01
3.697570900000000105e-01
3.696646399999999888e-01
3.695722499999999910e-01
3.694798599999999933e-01
3.693875099999999745e-01
3.692951800000000007e-01
3.692028500000000268e-01
3.691105499999999817e-01
3.690182900000000266e-01
3.689260500000000054e-01
3.688338400000000239e-01
3.687416299999999869e-01
3.686494499999999896e-01
3.685572999999999766e-01
3.684651899999999980e-01
3.683731000000000089e-01
3.682810100000000197e-01
3.681889500000000148e-01
3.680969199999999941e-01
3.680048899999999734e-01
3.679129199999999766e-01
3.678209499999999799e-01
3.677290100000000228e-01
3.676370700000000102e-01
3.675451900000000216e-01
3.674533099999999775e-01
3.673614599999999730e-01
3.672696400000000083e-01
3.671778099999999934e-01
3.670860200000000129e-01
3.669942600000000166e-01
3.669025300000000045e-01
3.668108299999999766e-01
3.667191300000000043e-01
3.666274500000000214e-01
3.665358100000000174e-01
3.664441999999999977e-01
3.663525899999999780e-01
3.662610099999999980e-01
3.661694500000000074e-01
3.660779299999999958e-01
3.659864400000000240e-01
3.658949400000000018e-01
3.658034800000000142e-01
3.657120500000000107e-01
3.656206100000000125e-01
3.655292399999999775e-01
3.654378699999999980e-01
3.653465200000000079e-01
3.652551800000000126e-01
3.651638899999999910e-01
3.650726100000000196e-01
3.649813499999999822e-01
3.648900999999999950e-01
3.647988999999999815e-01
3.647077100000000183e-01
3.646165399999999890e-01
3.645254099999999942e-01
3.644342700000000046e-01
3.643431999999999782e-01
3.642521200000000126e-01
3.641610699999999756e-01
3.640700299999999889e-01
3.639790099999999917e-01
3.638880600000000132e-01
3.637970700000000002e-01
3.637061400000000111e-01
3.636152400000000062e-01
3.635243499999999961e-01
3.634334799999999754e-01
3.633426100000000103e-01
3.632518100000000083e-01
3.631610000000000116e-01
3.630702199999999991e-01
3.629794700000000263e-01
3.628887199999999980e-01
3.627980100000000041e-01
3.627073199999999997e-01
3.626166599999999796e-01
3.625260299999999991e-01
3.624354000000000187e-01
3.623448000000000224e-01
3.622542300000000104e-01
3.621636599999999984e-01
3.620731500000000103e-01
3.619826400000000222e-01
3.618921600000000183e-01
3.618016800000000144e-01
3.617112599999999789e-01
3.616208399999999989e-01
3.615304500000000032e-01
3.614400600000000074e-01
3.613497299999999801e-01
3.612594000000000083e-01
3.611691000000000207e-01
3.610788300000000173e-01
3.609885600000000139e-01
3.608983199999999947e-01
3.608081000000000205e-01
3.607179200000000252e-01
3.606277399999999744e-01
3.605375900000000189e-01
3.604474699999999920e-01
3.603573700000000102e-01
3.602673100000000073e-01
3.601772500000000043e-01
3.600872199999999856e-01
3.599972100000000119e-01
3.599072099999999774e-01
3.598172399999999826e-01
3.597272899999999773e-01
3.596373800000000065e-01
3.595475000000000199e-01
3.594576099999999830e-01
3.593677599999999805e-01
3.592779300000000231e-01
3.591881100000000049e-01
3.590983500000000106e-01
3.590085800000000216e-01
3.589188500000000115e-01
3.588291100000000067e-01
3.587394099999999808e-01
3.586497299999999999e-01
3.585600899999999980e-01
3.584704699999999855e-01
3.583808499999999730e-01
3.582912699999999950e-01
3.582017100000000065e-01
3.581121899999999969e-01
3.580226599999999926e-01
3.579331599999999725e-01
3.578436999999999868e-01
3.577542300000000064e-01
3.576648199999999944e-01
3.575754199999999772e-01
3.574860400000000049e-01
3.573966599999999771e-01
3.573073399999999733e-01
3.572180300000000197e-01
3.571287100000000159e-01
3.570394499999999804e-01
3.569501900000000005e-01
3.568609699999999996e-01
3.567717699999999881e-01
3.566826000000000163e-01
3.565934299999999890e-01
3.565042900000000015e-01
3.564151799999999981e-01
3.563260699999999948e-01
3.562370200000000153e-01
3.561479699999999804e-01
3.560589599999999799e-01
3.559699399999999847e-01
3.558809499999999737e-01
3.557919900000000024e-01
3.557030600000000153e-01
3.556141600000000125e-01
3.555252600000000096e-01
3.554363799999999962e-01
3.553475400000000173e-01
3.552586999999999828e-01
3.551699199999999723e-01
3.550811400000000173e-01
3.549923600000000068e-01
3.549036400000000202e-01
3.548149199999999781e-01
3.547262299999999757e-01
3.546375600000000183e-01
3.545489000000000002e-01
3.544602700000000217e-01
3.543716700000000275e-01
3.542830900000000227e-01
3.541945499999999969e-01
3.541060100000000266e-01
3.540174999999999850e-01
3.539289800000000041e-01
3.538405299999999865e-01
3.537520800000000243e-01
3.536636499999999961e-01
3.535752300000000181e-01
3.534868700000000086e-01
3.533985000000000043e-01
3.533101699999999790e-01
3.532218300000000144e-01
3.531335600000000130e-01
3.530452800000000169e-01
3.529570399999999997e-01
3.528687999999999825e-01
3.527806099999999945e-01
3.526924300000000012e-01
3.526042400000000132e-01
3.525161099999999936e-01
3.524279900000000243e-01
3.523398899999999889e-01
3.522518299999999880e-01
3.521637599999999924e-01
3.520757600000000154e-01
3.519877499999999881e-01
3.518997400000000164e-01
3.518118000000000078e-01
3.517238500000000045e-01
3.516359299999999855e-01
3.515480200000000166e-01
3.514601600000000214e-01
3.513723000000000263e-01
3.512844700000000153e-01
3.511966499999999991e-01
3.511088800000000121e-01
3.510211100000000251e-01
3.509333700000000222e-01
3.508456300000000194e-01
3.507579299999999956e-01
3.506702500000000167e-01
3.505826000000000220e-01
3.504949800000000115e-01
3.504073600000000011e-01
3.503197699999999748e-01
3.502322099999999883e-01
3.501446500000000017e-01
3.500571299999999941e-01
3.499696299999999760e-01
3.498821599999999976e-01
3.497946900000000192e-01
3.497072500000000250e-01
3.496198400000000150e-01
3.495324300000000051e-01
3.494450700000000243e-01
3.493577199999999827e-01
3.492703999999999809e-01
3.491830799999999790e-01
3.490957900000000169e-01
3.490085299999999835e-01
3.489212999999999898e-01
3.488340699999999961e-01
3.487469000000000263e-01
3.486596900000000221e-01
3.485725499999999810e-01
3.484854099999999955e-01
3.483982999999999941e-01
3.483112199999999770e-01
3.482241600000000048e-01
3.481371100000000274e-01
3.480500899999999787e-01
3.479630899999999749e-01
3.478761000000000214e-01
3.477891399999999966e-01
3.477022100000000115e-01
3.476153000000000159e-01
3.475284000000000151e-01
3.474415200000000037e-01
3.473546800000000268e-01
3.472678699999999785e-01
3.471810499999999911e-01
3.470942699999999825e-01
3.470075100000000190e-01
3.469207599999999947e-01
3.468340599999999996e-01
3.467473699999999992e-01
3.466606700000000041e-01
3.465740400000000276e-01
3.464874000000000009e-01
3.464008000000000087e-01
3.463141900000000217e-01
3.462276200000000137e-01
3.461410699999999951e-01
3.460545500000000163e-01
3.459680700000000164e-01
3.458815800000000218e-01
3.457951200000000114e-01
3.457086699999999957e-01
3.456222700000000092e-01
3.455358700000000227e-01
3.454495100000000152e-01
3.453631400000000129e-01
3.452768299999999790e-01
3.451905299999999954e-01
3.451042200000000171e-01
3.450179700000000071e-01
3.449317199999999972e-01
3.448455000000000270e-01
3.447592899999999960e-01
3.446731299999999942e-01
3.445869699999999924e-01
3.445008399999999749e-01
3.444147100000000128e-01
3.443286099999999794e-01
3.442425399999999858e-01
3.441564999999999763e-01
3.440704600000000224e-01
3.439844499999999972e-01
3.438984800000000064e-01
3.438125300000000051e-01
3.437265800000000038e-01
3.436406599999999867e-01
3.435547600000000146e-01
3.434688699999999817e-01
3.433830099999999885e-01
3.432971799999999796e-01
3.432113800000000103e-01
3.431255799999999856e-01
3.430398100000000006e-01
3.429540699999999998e-01
3.428683299999999989e-01
3.427826500000000221e-01
3.426969599999999949e-01
3.426112800000000180e-01
3.425256600000000096e-01
3.424400400000000011e-01
3.423544199999999926e-01
3.422688500000000134e-01
3.421832899999999733e-01
3.420977599999999730e-01
3.420122600000000124e-01
3.419267500000000015e-01
3.418412800000000251e-01
3.417558399999999774e-01
3.416704199999999747e-01
3.415850100000000222e-01
3.414996299999999985e-01
3.414142700000000197e-01
3.413289199999999801e-01
3.412435899999999855e-01
3.411583000000000254e-01
3.410730100000000098e-01
3.409877700000000234e-01
3.409025399999999761e-01
3.408172999999999897e-01
3.407321300000000219e-01
3.406469500000000039e-01
3.405618100000000203e-01
3.404766599999999865e-01
3.403915800000000269e-01
3.403064900000000170e-01
3.402214100000000019e-01
3.401363800000000159e-01
3.400513499999999745e-01
3.399663600000000230e-01
3.398813600000000212e-01
3.397963900000000037e-01
3.397114600000000206e-01
3.396265500000000270e-01
3.395416399999999779e-01
3.394568000000000030e-01
3.393719199999999936e-01
3.392871000000000081e-01
3.392022800000000227e-01
3.391175000000000161e-01
3.390327399999999991e-01
3.389479799999999821e-01
3.388632500000000047e-01
3.387785600000000064e-01
3.386938899999999975e-01
3.386092199999999885e-01
3.385245800000000194e-01
3.384399399999999947e-01
3.383553599999999939e-01
3.382707799999999931e-01
3.381862299999999766e-01
3.381016900000000103e-01
3.380171699999999779e-01
3.379326799999999853e-01
3.378482199999999769e-01
3.377637600000000240e-01
3.376793299999999998e-01
3.375949300000000153e-01
3.375105299999999753e-01
3.374261599999999750e-01
3.373418200000000144e-01
3.372574999999999878e-01
3.371731900000000115e-01
3.370889100000000194e-01
3.370046600000000114e-01
3.369204100000000035e-01
3.368361899999999798e-01
3.367519999999999958e-01
3.366678399999999960e-01
3.365836700000000015e-01
3.364995399999999859e-01
3.364154100000000258e-01
3.363313399999999787e-01
3.362472699999999870e-01
3.361631900000000006e-01
3.360791799999999774e-01
3.359951700000000097e-01
3.359111799999999759e-01
3.358271999999999924e-01
3.357432799999999773e-01
3.356593500000000230e-01
3.355754300000000079e-01
3.354915700000000167e-01
3.354076999999999753e-01
3.353238700000000239e-01
3.352400400000000169e-01
3.351562299999999994e-01
3.350724600000000164e-01
3.349887100000000228e-01
3.349049700000000240e-01
3.348212500000000147e-01
3.347375699999999843e-01
3.346538800000000147e-01
3.345702300000000240e-01
3.344866000000000228e-01
3.344030100000000005e-01
3.343194099999999835e-01
3.342358500000000010e-01
3.341522800000000237e-01
3.340687800000000096e-01
3.339852700000000008e-01
3.339017899999999761e-01
3.338183200000000017e-01
3.337348700000000168e-01
3.336514500000000161e-01
3.335680400000000101e-01
3.334846799999999778e-01
3.334013200000000010e-01
3.333179700000000190e-01
3.332346700000000106e-01
3.331513700000000022e-01
3.330680699999999939e-01
3.329848300000000094e-01
3.329016000000000197e-01
3.328183900000000195e-01
3.327351800000000193e-01
3.326520000000000032e-01
3.325688500000000269e-01
3.324857399999999741e-01
3.324026199999999820e-01
3.323195299999999741e-01
3.322364700000000060e-01
3.321534099999999823e-01
3.320703799999999983e-01
3.319873799999999986e-01
3.319044099999999831e-01
3.318214400000000230e-01
3.317384999999999917e-01
3.316555600000000159e-01
3.315726800000000085e-01
3.314897700000000169e-01
3.314069199999999937e-01
3.313240700000000261e-01
3.312412800000000268e-01
3.311584599999999878e-01
3.310756999999999728e-01
3.309929400000000133e-01
3.309102099999999824e-01
3.308274700000000124e-01
3.307447700000000212e-01
3.306621000000000143e-01
3.305794599999999916e-01
3.304968200000000245e-01
3.304142099999999860e-01
3.303316199999999925e-01
3.302490399999999937e-01
3.301664899999999792e-01
3.300839700000000043e-01
3.300014700000000190e-01
3.299189799999999728e-01
3.298365200000000219e-01
3.297540500000000208e-01
3.296716199999999986e-01
3.295892200000000161e-01
3.295068400000000230e-01
3.294244700000000248e-01
3.293421300000000107e-01
3.292598099999999861e-01
3.291775000000000118e-01
3.290952100000000269e-01
3.290129600000000210e-01
3.289307100000000150e-01
3.288485099999999828e-01
3.287662900000000166e-01
3.286841200000000240e-01
3.286019600000000263e-01
3.285198200000000179e-01
3.284377199999999886e-01
3.283556100000000200e-01
3.282735299999999801e-01
3.281914599999999904e-01
3.281094399999999744e-01
3.280274300000000087e-01
3.279454099999999928e-01
3.278634500000000007e-01
3.277815000000000034e-01
3.276995699999999956e-01
3.276176499999999825e-01
3.275357500000000144e-01
3.274538799999999750e-01
3.273720399999999753e-01
3.272902100000000258e-01
3.272084000000000104e-01
3.271265899999999949e-01
3.270448400000000033e-01
3.269631000000000065e-01
3.268813500000000150e-01
3.267996300000000076e-01
3.267179399999999845e-01
3.266362800000000011e-01
3.265546599999999966e-01
3.264730299999999974e-01
3.263913999999999982e-01
3.263098300000000229e-01
3.262282599999999921e-01
3.261467200000000011e-01
3.260651800000000100e-01
3.259836700000000032e-01
3.259021899999999805e-01
3.258207399999999976e-01
3.257392900000000147e-01
3.256578700000000159e-01
3.255764500000000172e-01
3.254950899999999869e-01
3.254137300000000121e-01
3.253323699999999818e-01
3.252510699999999755e-01
3.251697700000000246e-01
3.250884700000000183e-01
3.250072299999999803e-01
3.249259899999999979e-01
3.248447500000000154e-01
3.247635700000000014e-01
3.246823799999999927e-01
3.246012300000000184e-01
3.245200799999999886e-01
3.244389599999999985e-01
3.243578699999999926e-01
3.242767999999999762e-01
3.241957400000000100e-01
3.241147099999999726e-01
3.240336799999999906e-01
3.239526699999999981e-01
3.238716999999999846e-01
3.237907600000000108e-01
3.237098199999999815e-01
3.236288999999999971e-01
3.235480199999999917e-01
3.234671399999999863e-01
3.233862800000000259e-01
3.233054599999999890e-01
3.232246300000000128e-01
3.231438400000000155e-01
3.230630800000000025e-01
3.229823099999999947e-01
3.229015800000000214e-01
3.228208699999999820e-01
3.227401699999999929e-01
3.226594899999999932e-01
3.225788499999999726e-01
3.224982000000000126e-01
3.224175899999999761e-01
3.223369999999999846e-01
3.222564500000000276e-01
3.221758900000000203e-01
3.220953599999999972e-01
3.220148400000000244e-01
3.219343399999999855e-01
3.218538799999999811e-01
3.217734400000000217e-01
3.216930000000000067e-01
3.216126000000000262e-01
3.215321899999999955e-01
3.214518100000000045e-01
3.213714699999999924e-01
3.212911500000000253e-01
3.212108300000000027e-01
3.211305400000000199e-01
3.210502599999999762e-01
3.209700300000000173e-01
3.208898000000000028e-01
3.208095699999999884e-01
3.207293700000000136e-01
3.206492100000000178e-01
3.205690700000000115e-01
3.204889300000000052e-01
3.204088199999999831e-01
3.203287400000000007e-01
3.202486600000000183e-01
3.201686100000000201e-01
3.200886000000000009e-01
3.200085799999999869e-01
3.199285900000000127e-01
3.198486300000000226e-01
3.197686699999999771e-01
3.196887400000000268e-01
3.196088400000000052e-01
3.195289399999999835e-01
3.194490700000000016e-01
3.193692300000000039e-01
3.192893900000000063e-01
3.192095799999999928e-01
3.191297900000000243e-01
3.190500099999999950e-01
3.189702600000000055e-01
3.188905400000000001e-01
3.188108199999999948e-01
3.187311299999999736e-01
3.186514699999999922e-01
3.185718100000000108e-01
3.184921700000000189e-01
3.184125700000000059e-01
3.183329999999999771e-01
3.182534300000000038e-01
3.181738599999999750e-01
3.180943399999999754e-01
3.180148300000000261e-01
3.179353200000000212e-01
3.178558599999999901e-01
3.177764100000000091e-01
3.176969900000000124e-01
3.176175700000000157e-01
3.175381700000000085e-01
3.174588099999999802e-01
3.173794400000000127e-01
3.173001100000000241e-01
3.172208100000000197e-01
3.171415000000000206e-01
3.170622300000000005e-01
3.169829800000000253e-01
3.169037399999999893e-01
3.168245299999999931e-01
3.167453399999999863e-01
3.166661599999999743e-01
3.165870299999999915e-01
3.165078800000000192e-01
3.164287800000000206e-01
3.163496900000000167e-01
3.162705900000000181e-01
3.161915499999999879e-01
3.161125200000000079e-01
3.160334799999999777e-01
3.159545100000000217e-01
3.158755300000000155e-01
3.157965500000000092e-01
3.157176400000000216e-01
3.156387199999999837e-01
3.155598000000000014e-01
3.154809499999999822e-01
3.154020900000000238e-01
3.153232300000000099e-01
3.152444400000000146e-01
3.151656400000000247e-01
3.150868399999999792e-01
3.150080699999999734e-01
3.149293400000000021e-01
3.148506300000000202e-01
3.147719199999999828e-01
3.146932399999999852e-01
3.146145900000000273e-01
3.145359500000000086e-01
3.144573299999999794e-01
3.143787100000000057e-01
3.143001500000000004e-01
3.142215899999999951e-01
3.141430299999999898e-01
3.140645000000000242e-01
3.139859999999999873e-01
3.139075299999999902e-01
3.138290599999999930e-01
3.137506199999999801e-01
3.136721800000000226e-01
3.135937799999999887e-01
3.135153900000000049e-01
3.134370400000000001e-01
3.133586899999999953e-01
3.132803699999999747e-01
3.132020500000000096e-01
3.131237599999999732e-01
3.130454999999999766e-01
3.129672399999999799e-01
3.128890100000000229e-01
3.128108099999999947e-01
3.127326100000000220e-01
3.126544700000000176e-01
3.125762899999999789e-01
3.124981800000000143e-01
3.124200699999999942e-01
3.123419599999999741e-01
3.122639099999999779e-01
3.121858499999999870e-01
3.121077999999999908e-01
3.120297799999999788e-01
3.119517900000000066e-01
3.118738200000000238e-01
3.117958599999999802e-01
3.117179299999999764e-01
3.116400200000000176e-01
3.115621199999999980e-01
3.114842500000000181e-01
3.114063699999999879e-01
3.113285299999999922e-01
3.112507199999999807e-01
3.111729300000000142e-01
3.110951499999999870e-01
3.110173900000000047e-01
3.109396400000000171e-01
3.108619200000000138e-01
3.107842199999999999e-01
3.107065299999999808e-01
3.106288600000000066e-01
3.105512300000000114e-01
3.104735900000000215e-01
3.103959900000000105e-01
3.103184099999999890e-01
3.102408300000000230e-01
3.101632899999999804e-01
3.100857699999999828e-01
3.100082599999999800e-01
3.099307700000000221e-01
3.098533199999999876e-01
3.097758600000000140e-01
3.096984300000000245e-01
3.096210099999999743e-01
3.095436100000000246e-01
3.094662400000000035e-01
3.093889100000000170e-01
3.093115699999999801e-01
3.092342599999999830e-01
3.091569499999999859e-01
3.090796800000000233e-01
3.090024299999999946e-01
3.089251800000000214e-01
3.088479599999999770e-01
3.087707800000000224e-01
3.086935900000000177e-01
3.086164299999999971e-01
3.085392699999999766e-01
3.084621699999999800e-01
3.083850699999999834e-01
3.083079799999999815e-01
3.082309100000000246e-01
3.081538699999999964e-01
3.080768600000000079e-01
3.079998500000000194e-01
3.079228700000000152e-01
3.078458900000000109e-01
3.077689399999999909e-01
3.076920200000000105e-01
3.076150999999999747e-01
3.075382099999999785e-01
3.074613500000000221e-01
3.073844900000000102e-01
3.073076599999999825e-01
3.072308300000000103e-01
3.071540600000000065e-01
3.070772900000000027e-01
3.070005199999999990e-01
3.069237799999999794e-01
3.068470699999999995e-01
3.067703500000000250e-01
3.066937000000000135e-01
3.066170200000000179e-01
3.065403999999999907e-01
3.064637800000000190e-01
3.063871599999999917e-01
3.063105899999999937e-01
3.062340299999999904e-01
3.061574699999999871e-01
3.060809400000000235e-01
3.060044299999999939e-01
3.059279599999999988e-01
3.058514900000000036e-01
3.057750499999999927e-01
3.056985999999999870e-01
3.056221900000000158e-01
3.055458099999999733e-01
3.054694199999999915e-01
3.053930699999999887e-01
3.053167500000000256e-01
3.052404200000000123e-01
3.051641299999999779e-01
3.050878599999999885e-01
3.050115999999999938e-01
3.049353699999999834e-01
3.048591299999999782e-01
3.047829599999999917e-01
3.047067500000000262e-01
3.046306100000000239e-01
3.045544600000000268e-01
3.044783500000000087e-01
3.044022299999999959e-01
3.043261500000000175e-01
3.042500599999999888e-01
3.041740399999999789e-01
3.040980099999999742e-01
3.040219800000000250e-01
3.039459899999999992e-01
3.038700200000000184e-01
3.037940900000000166e-01
3.037181500000000201e-01
3.036422100000000235e-01
3.035663399999999901e-01
3.034904600000000174e-01
3.034145799999999893e-01
3.033387699999999798e-01
3.032629499999999756e-01
3.031871300000000269e-01
3.031113400000000069e-01
3.030355900000000213e-01
3.029598600000000252e-01
3.028841299999999737e-01
3.028083999999999776e-01
3.027327400000000002e-01
3.026570699999999725e-01
3.025814000000000004e-01
3.025057899999999966e-01
3.024301799999999929e-01
3.023545699999999892e-01
3.022790000000000199e-01
3.022034499999999846e-01
3.021279299999999890e-01
3.020524099999999934e-01
3.019768899999999978e-01
3.019014300000000262e-01
3.018259699999999990e-01
3.017505100000000273e-01
3.016751100000000241e-01
3.015997100000000208e-01
3.015243100000000176e-01
3.014489399999999986e-01
3.013736000000000193e-01
3.012982900000000241e-01
3.012229799999999735e-01
3.011476699999999784e-01
3.010724200000000073e-01
3.009971699999999806e-01
3.009219200000000094e-01
3.008467000000000224e-01
3.007715000000000249e-01
3.006963400000000064e-01
3.006211799999999879e-01
3.005460500000000090e-01
3.004709199999999747e-01
3.003958199999999801e-01
3.003207399999999749e-01
3.002456700000000200e-01
3.001706299999999938e-01
3.000956200000000074e-01
3.000206100000000209e-01
2.999456200000000239e-01
2.998706400000000216e-01
2.997956900000000036e-01
2.997207599999999750e-01
2.996458399999999966e-01
2.995709500000000025e-01
2.994960799999999979e-01
2.994212199999999879e-01
2.993463900000000177e-01
2.992715799999999815e-01
2.991967799999999955e-01
2.991219800000000095e-01
2.990472299999999972e-01
2.989724899999999796e-01
2.988977700000000071e-01
2.988230599999999737e-01
2.987483699999999853e-01
2.986736899999999917e-01
2.985990600000000272e-01
2.985244100000000178e-01
2.984498099999999821e-01
2.983752199999999966e-01
2.983006500000000005e-01
2.982260899999999992e-01
2.981515499999999874e-01
2.980770500000000101e-01
2.980025399999999824e-01
2.979280699999999893e-01
2.978535900000000014e-01
2.977791699999999819e-01
2.977047299999999730e-01
2.976303399999999932e-01
2.975559500000000135e-01
2.974816000000000127e-01
2.974072400000000171e-01
2.973329100000000058e-01
2.972585899999999892e-01
2.971843200000000018e-01
2.971100500000000144e-01
2.970357800000000270e-01
2.969615500000000186e-01
2.968873399999999996e-01
2.968131299999999806e-01
2.967389500000000013e-01
2.966648000000000063e-01
2.965906899999999902e-01
2.965165699999999793e-01
2.964424500000000240e-01
2.963683899999999816e-01
2.962943299999999947e-01
2.962202700000000077e-01
2.961462400000000050e-01
2.960722399999999865e-01
2.959982800000000025e-01
2.959243100000000237e-01
2.958503699999999736e-01
2.957764600000000188e-01
2.957025799999999927e-01
2.956287000000000220e-01
2.955548499999999801e-01
2.954809999999999937e-01
2.954072099999999756e-01
2.953334200000000132e-01
2.952596499999999846e-01
2.951859199999999905e-01
2.951122199999999807e-01
2.950385500000000105e-01
2.949649400000000088e-01
2.948913599999999913e-01
2.948178599999999872e-01
2.947444300000000017e-01
2.946711499999999928e-01
2.945981300000000136e-01
2.945256199999999880e-01
2.944544299999999892e-01
2.943879699999999988e-01
2.943492799999999909e-01
2.946859600000000246e-01
2.984665300000000077e-01
