9.390000000000000000e+02
0.000000000000000000e+00
1.876000000000000156e+01
3.784743799999999991e-01
3.827657700000000052e-01
3.863095300000000121e-01
3.893824799999999753e-01
3.922620399999999785e-01
3.951054199999999850e-01
3.979861100000000040e-01
4.009437599999999824e-01
4.040069900000000103e-01
4.072003399999999940e-01
4.105453499999999756e-01
4.140604099999999899e-01
4.177599499999999910e-01
4.216541300000000159e-01
4.257489099999999804e-01
4.300462600000000135e-01
4.345445900000000083e-01
4.392394399999999810e-01
4.441231199999999824e-01
4.491795900000000175e-01
4.543523800000000001e-01
4.593902200000000158e-01
4.633730099999999741e-01
4.650463799999999814e-01
4.652950800000000275e-01
4.652362800000000020e-01
4.651286000000000032e-01
4.650134400000000001e-01
4.648973299999999975e-01
4.647811399999999815e-01
4.646649700000000105e-01
4.645487999999999840e-01
4.644326899999999814e-01
4.643165799999999788e-01
4.642005300000000001e-01
4.640844800000000214e-01
4.639684900000000112e-01
4.638524900000000062e-01
4.637365600000000199e-01
4.636206299999999780e-01
4.635047299999999759e-01
4.633888899999999977e-01
4.632730500000000196e-01
4.631572400000000256e-01
4.630414800000000053e-01
4.629257299999999797e-01
4.628100099999999939e-01
4.626943199999999923e-01
4.625786499999999801e-01
4.624630200000000024e-01
4.623474200000000089e-01
4.622318400000000049e-01
4.621162999999999799e-01
4.620007899999999945e-01
4.618852999999999986e-01
4.617698499999999817e-01
4.616544200000000098e-01
4.615390300000000168e-01
4.614236700000000080e-01
4.613083299999999887e-01
4.611930000000000196e-01
4.610777200000000242e-01
4.609624700000000130e-01
4.608472299999999966e-01
4.607320400000000093e-01
4.606168900000000010e-01
4.605017299999999980e-01
4.603866300000000189e-01
4.602715399999999790e-01
4.601565000000000238e-01
4.600414600000000132e-01
4.599264599999999814e-01
4.598115099999999789e-01
4.596965599999999763e-01
4.595816400000000135e-01
4.594667900000000138e-01
4.593519300000000194e-01
4.592371000000000092e-01
4.591222999999999832e-01
4.590075299999999969e-01
4.588927899999999949e-01
4.587780799999999770e-01
4.586633999999999989e-01
4.585487500000000050e-01
4.584341299999999952e-01
4.583195400000000252e-01
4.582049799999999840e-01
4.580904199999999982e-01
4.579759199999999808e-01
4.578614500000000032e-01
4.577469800000000255e-01
4.576325700000000163e-01
4.575181899999999913e-01
4.574038100000000218e-01
4.572894900000000207e-01
4.571751700000000196e-01
4.570608999999999922e-01
4.569466400000000150e-01
4.568324100000000221e-01
4.567182399999999975e-01
4.566040599999999783e-01
4.564899199999999935e-01
4.563758099999999929e-01
4.562617199999999817e-01
4.561476700000000051e-01
4.560336500000000126e-01
4.559196500000000096e-01
4.558056899999999856e-01
4.556917500000000065e-01
4.555778500000000064e-01
4.554639799999999905e-01
4.553501300000000196e-01
4.552362899999999879e-01
4.551224999999999854e-01
4.550087500000000174e-01
4.548949899999999991e-01
4.547812900000000047e-01
4.546676000000000051e-01
4.545539599999999791e-01
4.544403300000000034e-01
4.543267500000000014e-01
4.542131699999999994e-01
4.540996299999999763e-01
4.539861099999999983e-01
4.538726499999999886e-01
4.537591899999999789e-01
4.536457700000000037e-01
4.535323700000000180e-01
4.534190000000000165e-01
4.533056599999999992e-01
4.531923500000000216e-01
4.530790399999999885e-01
4.529657999999999740e-01
4.528525800000000046e-01
4.527393599999999796e-01
4.526261999999999786e-01
4.525130700000000172e-01
4.523999400000000004e-01
4.522868700000000075e-01
4.521738000000000146e-01
4.520607600000000059e-01
4.519477800000000212e-01
4.518347999999999809e-01
4.517218499999999803e-01
4.516089300000000195e-01
4.514960599999999769e-01
4.513831999999999844e-01
4.512703699999999762e-01
4.511575400000000236e-01
4.510447699999999838e-01
4.509320299999999837e-01
4.508193099999999731e-01
4.507066299999999970e-01
4.505939500000000209e-01
4.504813300000000131e-01
4.503687299999999949e-01
4.502561400000000269e-01
4.501436100000000273e-01
4.500310699999999775e-01
4.499185700000000177e-01
4.498061199999999760e-01
4.496936799999999845e-01
4.495812699999999773e-01
4.494688800000000151e-01
4.493565299999999763e-01
4.492441999999999824e-01
4.491319100000000231e-01
4.490196399999999977e-01
4.489074100000000067e-01
4.487951700000000210e-01
4.486829900000000038e-01
4.485708500000000210e-01
4.484586999999999879e-01
4.483466099999999788e-01
4.482345300000000199e-01
4.481224999999999792e-01
4.480104699999999940e-01
4.478984799999999877e-01
4.477865400000000107e-01
4.476745999999999781e-01
4.475626899999999853e-01
4.474508200000000269e-01
4.473389700000000024e-01
4.472271500000000177e-01
4.471153600000000172e-01
4.470036000000000009e-01
4.468918399999999846e-01
4.467801499999999870e-01
4.466684799999999789e-01
4.465568100000000262e-01
4.464451999999999865e-01
4.463335900000000023e-01
4.462220100000000023e-01
4.461104900000000262e-01
4.459989699999999946e-01
4.458874800000000027e-01
4.457760199999999950e-01
4.456645799999999769e-01
4.455531799999999931e-01
4.454418099999999936e-01
4.453304699999999783e-01
4.452191600000000027e-01
4.451078500000000271e-01
4.449966000000000199e-01
4.448853400000000180e-01
4.447741499999999792e-01
4.446629599999999960e-01
4.445518299999999812e-01
4.444406900000000271e-01
4.443295899999999965e-01
4.442185200000000056e-01
4.441074999999999884e-01
4.439964900000000214e-01
4.438855099999999831e-01
4.437745200000000056e-01
4.436635999999999913e-01
4.435527000000000220e-01
4.434418399999999760e-01
4.433309699999999909e-01
4.432201700000000244e-01
4.431093600000000077e-01
4.429986200000000096e-01
4.428878700000000168e-01
4.427771600000000030e-01
4.426664699999999786e-01
4.425558099999999939e-01
4.424452199999999724e-01
4.423346200000000117e-01
4.422240299999999902e-01
4.421134899999999979e-01
4.420029799999999898e-01
4.418925000000000214e-01
4.417820299999999922e-01
4.416716099999999923e-01
4.415611899999999923e-01
4.414508300000000163e-01
4.413404799999999795e-01
4.412301499999999876e-01
4.411198499999999800e-01
4.410095800000000121e-01
4.408993399999999729e-01
4.407891299999999735e-01
4.406789500000000137e-01
4.405687999999999827e-01
4.404586899999999861e-01
4.403485699999999947e-01
4.402385100000000273e-01
4.401284500000000044e-01
4.400184500000000054e-01
4.399084400000000117e-01
4.397984699999999969e-01
4.396885300000000218e-01
4.395786500000000152e-01
4.394687700000000086e-01
4.393588900000000019e-01
4.392490700000000192e-01
4.391392800000000207e-01
4.390295100000000117e-01
4.389197499999999974e-01
4.388100500000000070e-01
4.387003500000000167e-01
4.385907099999999947e-01
4.384810599999999781e-01
4.383714499999999958e-01
4.382618699999999978e-01
4.381523099999999893e-01
4.380427900000000152e-01
4.379333000000000253e-01
4.378238300000000249e-01
4.377144000000000035e-01
4.376049900000000270e-01
4.374955899999999898e-01
4.373862399999999817e-01
4.372769000000000239e-01
4.371675800000000001e-01
4.370583299999999949e-01
4.369490699999999950e-01
4.368398499999999740e-01
4.367306499999999980e-01
4.366214900000000010e-01
4.365123200000000092e-01
4.364032099999999859e-01
4.362941399999999970e-01
4.361850600000000133e-01
4.360760499999999928e-01
4.359670299999999776e-01
4.358580699999999863e-01
4.357491099999999951e-01
4.356401899999999827e-01
4.355312900000000154e-01
4.354224199999999767e-01
4.353135799999999778e-01
4.352047700000000185e-01
4.350959699999999986e-01
4.349872200000000078e-01
4.348784700000000170e-01
4.347697799999999946e-01
4.346610900000000277e-01
4.345524299999999895e-01
4.344438299999999753e-01
4.343352300000000166e-01
4.342266599999999865e-01
4.341181199999999962e-01
4.340095800000000059e-01
4.339010999999999840e-01
4.337926500000000019e-01
4.336842000000000197e-01
4.335758100000000059e-01
4.334674199999999922e-01
4.333590600000000181e-01
4.332507600000000125e-01
4.331424500000000122e-01
4.330341799999999908e-01
4.329259400000000091e-01
4.328177000000000274e-01
4.327095200000000141e-01
4.326013599999999903e-01
4.324932100000000168e-01
4.323851200000000117e-01
4.322770200000000118e-01
4.321689599999999909e-01
4.320609300000000097e-01
4.319529500000000022e-01
4.318449799999999894e-01
4.317370099999999766e-01
4.316290899999999930e-01
4.315212099999999884e-01
4.314133499999999732e-01
4.313055000000000083e-01
4.311976699999999774e-01
4.310899100000000206e-01
4.309821400000000136e-01
4.308744099999999855e-01
4.307667000000000024e-01
4.306590299999999982e-01
4.305513799999999835e-01
4.304437600000000086e-01
4.303361499999999729e-01
4.302285900000000218e-01
4.301210300000000153e-01
4.300135400000000274e-01
4.299060399999999893e-01
4.297985699999999909e-01
4.296911400000000270e-01
4.295837299999999970e-01
4.294763500000000067e-01
4.293690000000000007e-01
4.292616499999999946e-01
4.291543700000000072e-01
4.290470800000000251e-01
4.289398500000000114e-01
4.288326199999999977e-01
4.287254200000000237e-01
4.286182499999999784e-01
4.285111099999999729e-01
4.284040000000000070e-01
4.282969200000000254e-01
4.281898399999999882e-01
4.280828199999999750e-01
4.279758000000000173e-01
4.278688399999999725e-01
4.277618799999999832e-01
4.276549499999999782e-01
4.275480500000000128e-01
4.274411799999999761e-01
4.273343399999999792e-01
4.272274999999999823e-01
4.271207200000000093e-01
4.270139600000000257e-01
4.269072099999999814e-01
4.268004899999999768e-01
4.266938000000000120e-01
4.265871600000000208e-01
4.264805300000000243e-01
4.263738999999999724e-01
4.262673299999999998e-01
4.261607800000000168e-01
4.260542399999999730e-01
4.259477600000000086e-01
4.258412699999999940e-01
4.257348200000000138e-01
4.256284200000000073e-01
4.255220299999999956e-01
4.254156599999999733e-01
4.253093000000000012e-01
4.252029999999999976e-01
4.250967199999999835e-01
4.249904500000000196e-01
4.248842299999999739e-01
4.247780099999999837e-01
4.246718299999999724e-01
4.245656700000000061e-01
4.244595500000000188e-01
4.243534500000000209e-01
4.242473800000000073e-01
4.241413199999999883e-01
4.240353099999999986e-01
4.239293000000000089e-01
4.238233299999999981e-01
4.237174100000000165e-01
4.236114899999999794e-01
4.235055999999999821e-01
4.233997199999999794e-01
4.232938900000000060e-01
4.231880900000000167e-01
4.230822900000000275e-01
4.229765500000000067e-01
4.228708099999999859e-01
4.227651099999999995e-01
4.226594300000000026e-01
4.225537799999999899e-01
4.224481600000000170e-01
4.223425699999999727e-01
4.222369799999999840e-01
4.221314500000000192e-01
4.220259199999999988e-01
4.219204200000000182e-01
4.218149500000000218e-01
4.217095100000000096e-01
4.216040999999999817e-01
4.214987199999999934e-01
4.213933599999999946e-01
4.212880099999999906e-01
4.211827200000000104e-01
4.210774299999999748e-01
4.209721699999999789e-01
4.208669400000000227e-01
4.207617300000000005e-01
4.206565600000000127e-01
4.205514200000000091e-01
4.204463099999999898e-01
4.203411899999999757e-01
4.202361399999999803e-01
4.201310899999999848e-01
4.200260599999999789e-01
4.199210700000000074e-01
4.198161100000000201e-01
4.197111700000000223e-01
4.196062400000000192e-01
4.195013599999999898e-01
4.193964900000000107e-01
4.192916799999999999e-01
4.191868599999999945e-01
4.190820800000000235e-01
4.189773199999999864e-01
4.188725899999999891e-01
4.187678699999999865e-01
4.186632000000000131e-01
4.185585399999999789e-01
4.184539299999999740e-01
4.183493300000000192e-01
4.182447499999999985e-01
4.181402000000000174e-01
4.180356900000000153e-01
4.179312000000000027e-01
4.178267099999999901e-01
4.177222800000000014e-01
4.176178600000000074e-01
4.175134600000000029e-01
4.174090899999999826e-01
4.173047500000000021e-01
4.172004500000000005e-01
4.170961699999999883e-01
4.169919200000000159e-01
4.168876699999999880e-01
4.167834799999999840e-01
4.166792899999999800e-01
4.165751300000000157e-01
4.164709999999999801e-01
4.163668999999999842e-01
4.162628099999999831e-01
4.161587700000000112e-01
4.160547600000000235e-01
4.159507499999999802e-01
4.158467699999999767e-01
4.157428100000000182e-01
4.156388899999999831e-01
4.155349999999999877e-01
4.154311399999999765e-01
4.153272800000000209e-01
4.152234799999999781e-01
4.151196799999999909e-01
4.150159099999999879e-01
4.149121599999999743e-01
4.148084499999999952e-01
4.147047700000000003e-01
4.146011199999999897e-01
4.144974599999999842e-01
4.143938699999999975e-01
4.142902800000000108e-01
4.141867200000000082e-01
4.140831799999999951e-01
4.139796800000000165e-01
4.138762100000000221e-01
4.137727299999999775e-01
4.136693200000000070e-01
4.135658999999999863e-01
4.134625200000000000e-01
4.133591899999999875e-01
4.132558700000000251e-01
4.131525500000000073e-01
4.130492800000000186e-01
4.129460500000000089e-01
4.128428100000000045e-01
4.127395999999999843e-01
4.126364599999999827e-01
4.125333099999999864e-01
4.124301699999999848e-01
4.123270800000000125e-01
4.122240200000000243e-01
4.121209699999999754e-01
4.120179700000000111e-01
4.119149699999999914e-01
4.118120100000000061e-01
4.117090700000000103e-01
4.116061599999999987e-01
4.115032599999999818e-01
4.114004099999999942e-01
4.112975600000000065e-01
4.111947699999999872e-01
4.110919800000000235e-01
4.109892199999999884e-01
4.108864700000000036e-01
4.107837699999999925e-01
4.106811000000000211e-01
4.105784299999999942e-01
4.104757900000000070e-01
4.103732099999999883e-01
4.102706300000000250e-01
4.101680799999999905e-01
4.100655300000000114e-01
4.099630400000000008e-01
4.098605499999999902e-01
4.097581200000000035e-01
4.096556900000000168e-01
4.095532900000000143e-01
4.094509199999999960e-01
4.093485499999999777e-01
4.092462399999999834e-01
4.091439499999999785e-01
4.090416700000000239e-01
4.089394199999999979e-01
4.088372000000000117e-01
4.087350100000000097e-01
4.086328399999999972e-01
4.085306799999999794e-01
4.084285799999999855e-01
4.083264799999999917e-01
4.082243999999999873e-01
4.081223600000000173e-01
4.080203499999999761e-01
4.079183599999999799e-01
4.078164100000000181e-01
4.077144600000000008e-01
4.076125299999999729e-01
4.075106700000000193e-01
4.074088000000000154e-01
4.073069699999999904e-01
4.072051300000000262e-01
4.071033600000000252e-01
4.070015799999999739e-01
4.068998699999999968e-01
4.067981500000000250e-01
4.066964699999999766e-01
4.065948099999999732e-01
4.064931600000000200e-01
4.063915599999999850e-01
4.062899600000000055e-01
4.061884299999999892e-01
4.060868899999999782e-01
4.059853900000000015e-01
4.058839100000000144e-01
4.057824300000000273e-01
4.056810100000000086e-01
4.055795999999999846e-01
4.054782100000000056e-01
4.053768500000000108e-01
4.052755200000000002e-01
4.051742300000000241e-01
4.050729599999999819e-01
4.049716899999999953e-01
4.048704799999999770e-01
4.047692700000000143e-01
4.046680899999999803e-01
4.045669399999999860e-01
4.044657899999999917e-01
4.043647100000000161e-01
4.042636199999999902e-01
4.041625899999999882e-01
4.040615599999999863e-01
4.039605600000000241e-01
4.038595899999999905e-01
4.037586200000000125e-01
4.036577000000000082e-01
4.035567899999999986e-01
4.034559099999999732e-01
4.033550599999999875e-01
4.032542399999999860e-01
4.031534500000000243e-01
4.030526899999999912e-01
4.029519300000000137e-01
4.028511900000000256e-01
4.027505200000000007e-01
4.026498199999999916e-01
4.025491800000000064e-01
4.024485600000000107e-01
4.023479500000000098e-01
4.022473999999999772e-01
4.021468500000000001e-01
4.020463200000000126e-01
4.019458300000000039e-01
4.018453699999999795e-01
4.017449000000000159e-01
4.016445000000000154e-01
4.015440900000000202e-01
4.014437200000000039e-01
4.013433800000000273e-01
4.012430599999999847e-01
4.011427499999999924e-01
4.010424899999999737e-01
4.009422400000000053e-01
4.008420100000000263e-01
4.007418200000000263e-01
4.006416500000000158e-01
4.005415099999999895e-01
4.004413800000000134e-01
4.003412700000000268e-01
4.002412300000000034e-01
4.001411799999999852e-01
4.000411600000000067e-01
3.999411500000000230e-01
3.998411900000000130e-01
3.997412300000000029e-01
3.996413100000000274e-01
3.995414099999999857e-01
3.994415399999999838e-01
3.993417000000000217e-01
3.992418899999999882e-01
3.991420900000000049e-01
3.990423100000000112e-01
3.989425600000000016e-01
3.988428399999999763e-01
3.987431499999999907e-01
3.986434899999999892e-01
3.985438299999999878e-01
3.984442100000000209e-01
3.983446099999999879e-01
3.982450399999999946e-01
3.981454999999999855e-01
3.980459900000000162e-01
3.979464799999999913e-01
3.978470299999999904e-01
3.977475799999999895e-01
3.976481599999999728e-01
3.975487400000000116e-01
3.974493700000000240e-01
3.973500099999999757e-01
3.972507100000000069e-01
3.971514099999999825e-01
3.970521399999999979e-01
3.969528999999999974e-01
3.968536599999999970e-01
3.967544700000000257e-01
3.966552899999999937e-01
3.965561400000000014e-01
3.964570199999999933e-01
3.963579199999999747e-01
3.962588300000000063e-01
3.961598000000000064e-01
3.960607600000000117e-01
3.959617599999999960e-01
3.958627900000000199e-01
3.957638399999999779e-01
3.956648999999999861e-01
3.955660200000000182e-01
3.954671300000000000e-01
3.953682800000000164e-01
3.952694500000000222e-01
3.951706600000000069e-01
3.950718599999999969e-01
3.949731300000000056e-01
3.948743900000000195e-01
3.947756900000000124e-01
3.946770099999999948e-01
3.945783700000000116e-01
3.944797199999999782e-01
3.943811400000000189e-01
3.942825500000000094e-01
3.941839899999999841e-01
3.940854699999999933e-01
3.939869400000000077e-01
3.938884699999999905e-01
3.937900100000000236e-01
3.936915699999999907e-01
3.935931599999999975e-01
3.934947799999999885e-01
3.933964400000000139e-01
3.932980899999999891e-01
3.931997999999999882e-01
3.931015099999999873e-01
3.930032600000000209e-01
3.929050000000000042e-01
3.928068000000000115e-01
3.927086000000000188e-01
3.926104599999999945e-01
3.925123200000000256e-01
3.924141800000000013e-01
3.923161000000000009e-01
3.922180499999999848e-01
3.921200000000000241e-01
3.920219799999999921e-01
3.919239899999999999e-01
3.918260299999999918e-01
3.917281000000000235e-01
3.916301699999999997e-01
3.915322700000000156e-01
3.914344299999999999e-01
3.913365600000000000e-01
3.912387500000000240e-01
3.911409699999999767e-01
3.910431899999999850e-01
3.909454299999999827e-01
3.908477100000000148e-01
3.907500199999999757e-01
3.906523599999999763e-01
3.905546999999999769e-01
3.904570900000000067e-01
3.903594899999999757e-01
3.902619199999999844e-01
3.901643799999999773e-01
3.900668299999999755e-01
3.899693499999999924e-01
3.898718700000000092e-01
3.897744100000000156e-01
3.896769900000000009e-01
3.895795599999999914e-01
3.894822000000000006e-01
3.893848400000000098e-01
3.892875000000000085e-01
3.891901999999999862e-01
3.890929200000000088e-01
3.889956500000000261e-01
3.888984300000000172e-01
3.888012200000000029e-01
3.887040299999999782e-01
3.886068799999999879e-01
3.885097499999999870e-01
3.884126199999999862e-01
3.883155300000000199e-01
3.882184599999999874e-01
3.881214299999999895e-01
3.880244199999999810e-01
3.879274400000000123e-01
3.878304699999999827e-01
3.877335199999999982e-01
3.876365999999999978e-01
3.875397099999999817e-01
3.874428600000000000e-01
3.873460000000000236e-01
3.872491699999999759e-01
3.871523700000000234e-01
3.870556099999999944e-01
3.869588700000000103e-01
3.868621300000000263e-01
3.867654500000000106e-01
3.866687699999999950e-01
3.865721200000000191e-01
3.864754699999999876e-01
3.863788799999999801e-01
3.862822899999999726e-01
3.861857699999999838e-01
3.860892100000000160e-01
3.859927100000000166e-01
3.858962400000000015e-01
3.857997699999999863e-01
3.857033599999999951e-01
3.856069400000000091e-01
3.855105300000000179e-01
3.854141799999999951e-01
3.853178299999999723e-01
3.852215399999999734e-01
3.851252499999999745e-01
3.850289900000000154e-01
3.849327300000000007e-01
3.848365200000000153e-01
3.847403200000000245e-01
3.846441500000000180e-01
3.845480099999999957e-01
3.844519000000000131e-01
3.843557799999999802e-01
3.842597300000000216e-01
3.841636800000000074e-01
3.840676499999999827e-01
3.839716599999999924e-01
3.838756700000000022e-01
3.837797299999999856e-01
3.836838000000000193e-01
3.835878999999999817e-01
3.834920199999999890e-01
3.833961499999999911e-01
3.833003300000000224e-01
3.832045199999999929e-01
3.831087400000000032e-01
3.830129800000000029e-01
3.829172299999999973e-01
3.828215300000000210e-01
3.827258299999999891e-01
3.826301699999999917e-01
3.825345299999999837e-01
3.824389000000000260e-01
3.823433199999999865e-01
3.822477499999999973e-01
3.821521999999999974e-01
3.820566799999999819e-01
3.819612000000000007e-01
3.818657100000000248e-01
3.817702499999999777e-01
3.816748300000000205e-01
3.815794299999999972e-01
3.814840600000000137e-01
3.813886899999999747e-01
3.812933900000000098e-01
3.811980799999999947e-01
3.811028000000000193e-01
3.810075199999999884e-01
3.809122999999999815e-01
3.808170900000000247e-01
3.807219000000000020e-01
3.806267400000000189e-01
3.805316100000000201e-01
3.804364800000000213e-01
3.803413800000000067e-01
3.802463099999999763e-01
3.801512699999999856e-01
3.800562599999999791e-01
3.799612499999999726e-01
3.798662999999999901e-01
3.797713500000000075e-01
3.796764300000000092e-01
3.795815100000000109e-01
3.794866499999999809e-01
3.793917900000000065e-01
3.792969600000000163e-01
3.792021600000000103e-01
3.791073899999999886e-01
3.790126100000000275e-01
3.789178699999999900e-01
3.788231599999999921e-01
3.787284799999999785e-01
3.786338300000000046e-01
3.785391699999999804e-01
3.784445499999999907e-01
3.783499599999999852e-01
3.782554000000000194e-01
3.781608599999999876e-01
3.780663300000000060e-01
3.779718300000000086e-01
3.778773500000000007e-01
3.777829100000000273e-01
3.776884999999999826e-01
3.775940799999999986e-01
3.774996999999999936e-01
3.774053499999999728e-01
3.773110199999999970e-01
3.772167300000000001e-01
3.771224300000000085e-01
3.770281699999999958e-01
3.769339299999999726e-01
3.768397299999999839e-01
3.767455200000000004e-01
3.766513799999999801e-01
3.765572300000000205e-01
3.764631199999999844e-01
3.763690000000000091e-01
3.762749400000000022e-01
3.761808899999999900e-01
3.760868600000000228e-01
3.759928599999999843e-01
3.758988999999999803e-01
3.758049299999999815e-01
3.757110200000000066e-01
3.756171200000000265e-01
3.755232399999999804e-01
3.754293599999999897e-01
3.753355400000000230e-01
3.752417299999999956e-01
3.751479400000000131e-01
3.750541800000000148e-01
3.749604200000000165e-01
3.748667199999999866e-01
3.747730300000000070e-01
3.746793600000000168e-01
3.745857200000000109e-01
3.744920800000000050e-01
3.743985000000000229e-01
3.743049199999999854e-01
3.742113699999999876e-01
3.741178499999999740e-01
3.740243300000000159e-01
3.739308700000000263e-01
3.738374099999999811e-01
3.737439799999999757e-01
3.736505800000000099e-01
3.735571799999999887e-01
3.734638399999999914e-01
3.733704999999999941e-01
3.732771899999999810e-01
3.731839100000000076e-01
3.730906500000000237e-01
3.729973999999999790e-01
3.729041799999999740e-01
3.728110199999999930e-01
3.727178600000000119e-01
3.726246999999999754e-01
3.725315900000000235e-01
3.724384900000000109e-01
3.723454500000000222e-01
3.722523999999999833e-01
3.721593899999999788e-01
3.720664100000000141e-01
3.719734499999999833e-01
3.718805299999999869e-01
3.717876399999999748e-01
3.716947700000000077e-01
3.716019400000000195e-01
3.715091300000000207e-01
3.714163899999999852e-01
3.713236999999999788e-01
3.712310500000000069e-01
3.711384799999999928e-01
3.710460400000000214e-01
3.709538000000000002e-01
3.708618900000000274e-01
3.707707499999999823e-01
3.706819700000000273e-01
3.706033200000000138e-01
3.706102700000000194e-01
3.721048499999999870e-01
3.770949499999999843e-01
