9.250000000000000000e+02
0.000000000000000000e+00
1.848000000000000043e+01
3.845395999999999814e-01
3.888294700000000104e-01
3.923717400000000244e-01
3.954431999999999947e-01
3.983212700000000051e-01
4.011631600000000186e-01
4.040423000000000209e-01
4.069983999999999824e-01
4.100600500000000093e-01
4.132517600000000235e-01
4.165951299999999802e-01
4.201084999999999958e-01
4.238063100000000194e-01
4.276987899999999954e-01
4.317918700000000221e-01
4.360874599999999823e-01
4.405840599999999996e-01
4.452771799999999947e-01
4.501591300000000184e-01
4.552139299999999889e-01
4.603851400000000260e-01
4.654220000000000024e-01
4.694054400000000071e-01
4.710800099999999935e-01
4.713280200000000142e-01
4.712678499999999882e-01
4.711586799999999964e-01
4.710420399999999952e-01
4.709244100000000155e-01
4.708066900000000277e-01
4.706890000000000240e-01
4.705713699999999888e-01
4.704537400000000091e-01
4.703361400000000137e-01
4.702185700000000024e-01
4.701010299999999753e-01
4.699835199999999880e-01
4.698660399999999848e-01
4.697485900000000214e-01
4.696311699999999867e-01
4.695137699999999970e-01
4.693963800000000020e-01
4.692790499999999754e-01
4.691617499999999885e-01
4.690444799999999859e-01
4.689272299999999727e-01
4.688100199999999940e-01
4.686928399999999995e-01
4.685756600000000049e-01
4.684585299999999841e-01
4.683414399999999977e-01
4.682243799999999956e-01
4.681073399999999829e-01
4.679903100000000205e-01
4.678733299999999762e-01
4.677563900000000219e-01
4.676394500000000121e-01
4.675225599999999759e-01
4.674057099999999743e-01
4.672888499999999778e-01
4.671720600000000001e-01
4.670552600000000276e-01
4.669385300000000183e-01
4.668217900000000142e-01
4.667051099999999786e-01
4.665884399999999932e-01
4.664718199999999815e-01
4.663552000000000253e-01
4.662386499999999767e-01
4.661220899999999889e-01
4.660055599999999854e-01
4.658891000000000004e-01
4.657726300000000208e-01
4.656561900000000254e-01
4.655398099999999983e-01
4.654234300000000268e-01
4.653070899999999788e-01
4.651907699999999757e-01
4.650745099999999965e-01
4.649582500000000174e-01
4.648420200000000224e-01
4.647258200000000117e-01
4.646096499999999851e-01
4.644935099999999983e-01
4.643773999999999957e-01
4.642613199999999773e-01
4.641452699999999987e-01
4.640292500000000042e-01
4.639132599999999940e-01
4.637973000000000234e-01
4.636813699999999816e-01
4.635654699999999795e-01
4.634496000000000171e-01
4.633337299999999992e-01
4.632179100000000105e-01
4.631021300000000007e-01
4.629863499999999910e-01
4.628706300000000051e-01
4.627549400000000035e-01
4.626392400000000071e-01
4.625236099999999739e-01
4.624080099999999804e-01
4.622923999999999922e-01
4.621768600000000227e-01
4.620613199999999976e-01
4.619458000000000175e-01
4.618303500000000006e-01
4.617148899999999889e-01
4.615994999999999959e-01
4.614841000000000082e-01
4.613687399999999994e-01
4.612533999999999801e-01
4.611381299999999794e-01
4.610228499999999840e-01
4.609076100000000231e-01
4.607923899999999962e-01
4.606772100000000036e-01
4.605620500000000006e-01
4.604469199999999818e-01
4.603318299999999974e-01
4.602167600000000025e-01
4.601017199999999918e-01
4.599867200000000156e-01
4.598717399999999733e-01
4.597567900000000263e-01
4.596418400000000237e-01
4.595269599999999843e-01
4.594120999999999899e-01
4.592972399999999955e-01
4.591824400000000250e-01
4.590676699999999832e-01
4.589528999999999970e-01
4.588381899999999791e-01
4.587234900000000115e-01
4.586088099999999779e-01
4.584941900000000237e-01
4.583795700000000140e-01
4.582650099999999727e-01
4.581504499999999869e-01
4.580359199999999853e-01
4.579214200000000234e-01
4.578069399999999955e-01
4.576925299999999863e-01
4.575781199999999771e-01
4.574637400000000076e-01
4.573493900000000223e-01
4.572350700000000212e-01
4.571207800000000043e-01
4.570064799999999927e-01
4.568922499999999998e-01
4.567780499999999910e-01
4.566638800000000220e-01
4.565497000000000027e-01
4.564355900000000021e-01
4.563215099999999858e-01
4.562074199999999746e-01
4.560933999999999822e-01
4.559793799999999897e-01
4.558654100000000264e-01
4.557514500000000024e-01
4.556375400000000075e-01
4.555236400000000074e-01
4.554097699999999915e-01
4.552959200000000206e-01
4.551821400000000128e-01
4.550683500000000103e-01
4.549545899999999921e-01
4.548408700000000082e-01
4.547271700000000139e-01
4.546135099999999984e-01
4.544998699999999725e-01
4.543862300000000021e-01
4.542726599999999948e-01
4.541591099999999770e-01
4.540455899999999989e-01
4.539320800000000156e-01
4.538186200000000059e-01
4.537051899999999804e-01
4.535917600000000105e-01
4.534784000000000037e-01
4.533650300000000022e-01
4.532516899999999849e-01
4.531384099999999915e-01
4.530251299999999981e-01
4.529118799999999889e-01
4.527986600000000195e-01
4.526855100000000132e-01
4.525723500000000121e-01
4.524592199999999953e-01
4.523461200000000182e-01
4.522330500000000253e-01
4.521199799999999769e-01
4.520069700000000079e-01
4.518939900000000232e-01
4.517810299999999724e-01
4.516680800000000273e-01
4.515551899999999952e-01
4.514423300000000028e-01
4.513294700000000104e-01
4.512166400000000022e-01
4.511038700000000179e-01
4.509910899999999834e-01
4.508783499999999833e-01
4.507656700000000072e-01
4.506529899999999755e-01
4.505403299999999889e-01
4.504277099999999812e-01
4.503151200000000132e-01
4.502025499999999791e-01
4.500900199999999796e-01
4.499775200000000197e-01
4.498650399999999938e-01
4.497525700000000182e-01
4.496401500000000162e-01
4.495277699999999932e-01
4.494153900000000257e-01
4.493030599999999763e-01
4.491907399999999773e-01
4.490784400000000232e-01
4.489662099999999767e-01
4.488539699999999910e-01
4.487417599999999895e-01
4.486295900000000225e-01
4.485174699999999737e-01
4.484053599999999751e-01
4.482932700000000215e-01
4.481811800000000123e-01
4.480691600000000219e-01
4.479571600000000209e-01
4.478451900000000041e-01
4.477332500000000270e-01
4.476213199999999892e-01
4.475094399999999806e-01
4.473975600000000274e-01
4.472857399999999872e-01
4.471739200000000025e-01
4.470621300000000020e-01
4.469504100000000202e-01
4.468386799999999881e-01
4.467269799999999957e-01
4.466153099999999876e-01
4.465036700000000192e-01
4.463920599999999794e-01
4.462804799999999794e-01
4.461688999999999794e-01
4.460573800000000033e-01
4.459458900000000114e-01
4.458344000000000196e-01
4.457229699999999961e-01
4.456115399999999727e-01
4.455001699999999731e-01
4.453887899999999789e-01
4.452774500000000191e-01
4.451661700000000277e-01
4.450548899999999808e-01
4.449436399999999736e-01
4.448324100000000114e-01
4.447212199999999727e-01
4.446100599999999736e-01
4.444989300000000143e-01
4.443877900000000047e-01
4.442767200000000138e-01
4.441656800000000072e-01
4.440546300000000057e-01
4.439436500000000230e-01
4.438326699999999847e-01
4.437217099999999914e-01
4.436108200000000168e-01
4.434999199999999919e-01
4.433890600000000015e-01
4.432782200000000006e-01
4.431674199999999786e-01
4.430566400000000016e-01
4.429459000000000035e-01
4.428351500000000107e-01
4.427244699999999811e-01
4.426138099999999964e-01
4.425031500000000118e-01
4.423925599999999903e-01
4.422819599999999740e-01
4.421714199999999817e-01
4.420608899999999841e-01
4.419503799999999760e-01
4.418399000000000076e-01
4.417294600000000182e-01
4.416190400000000182e-01
4.415086500000000025e-01
4.413982900000000265e-01
4.412879599999999791e-01
4.411776399999999820e-01
4.410673700000000141e-01
4.409570999999999907e-01
4.408468899999999913e-01
4.407366799999999918e-01
4.406265300000000162e-01
4.405163799999999852e-01
4.404062599999999938e-01
4.402961699999999867e-01
4.401861100000000193e-01
4.400760799999999806e-01
4.399660799999999816e-01
4.398560799999999826e-01
4.397461400000000076e-01
4.396362300000000167e-01
4.395263200000000259e-01
4.394164700000000034e-01
4.393066199999999810e-01
4.391967999999999983e-01
4.390870299999999893e-01
4.389772699999999750e-01
4.388675400000000004e-01
4.387578400000000101e-01
4.386481600000000092e-01
4.385385199999999872e-01
4.384288800000000208e-01
4.383193000000000228e-01
4.382097400000000142e-01
4.381001900000000004e-01
4.379906700000000264e-01
4.378812000000000260e-01
4.377717400000000203e-01
4.376623000000000041e-01
4.375529000000000224e-01
4.374435199999999746e-01
4.373341800000000168e-01
4.372248599999999930e-01
4.371155800000000036e-01
4.370062900000000194e-01
4.368970699999999985e-01
4.367878700000000225e-01
4.366786799999999857e-01
4.365695099999999940e-01
4.364604100000000209e-01
4.363512999999999975e-01
4.362422200000000139e-01
4.361331800000000092e-01
4.360241599999999940e-01
4.359151700000000185e-01
4.358061899999999822e-01
4.356972599999999751e-01
4.355883600000000078e-01
4.354794599999999849e-01
4.353705900000000018e-01
4.352617899999999818e-01
4.351529800000000225e-01
4.350441999999999920e-01
4.349354500000000012e-01
4.348267299999999946e-01
4.347180399999999723e-01
4.346093799999999896e-01
4.345007499999999911e-01
4.343921199999999927e-01
4.342835500000000182e-01
4.341749799999999881e-01
4.340664399999999978e-01
4.339579599999999759e-01
4.338494800000000096e-01
4.337410300000000274e-01
4.336326099999999739e-01
4.335242200000000157e-01
4.334158599999999861e-01
4.333075000000000121e-01
4.331992000000000065e-01
4.330909000000000009e-01
4.329826500000000244e-01
4.328744099999999873e-01
4.327661999999999898e-01
4.326580500000000162e-01
4.325498899999999924e-01
4.324417700000000031e-01
4.323336799999999980e-01
4.322255799999999981e-01
4.321175500000000169e-01
4.320095500000000199e-01
4.319015399999999727e-01
4.317935999999999996e-01
4.316856600000000266e-01
4.315777399999999875e-01
4.314698599999999828e-01
4.313620000000000232e-01
4.312541799999999870e-01
4.311463799999999957e-01
4.310386199999999834e-01
4.309308499999999764e-01
4.308231499999999881e-01
4.307154699999999892e-01
4.306077999999999850e-01
4.305001500000000259e-01
4.303925299999999954e-01
4.302849499999999994e-01
4.301773899999999928e-01
4.300698600000000260e-01
4.299623699999999826e-01
4.298548999999999842e-01
4.297474299999999858e-01
4.296400200000000114e-01
4.295326199999999761e-01
4.294252399999999859e-01
4.293179200000000195e-01
4.292105999999999977e-01
4.291033100000000156e-01
4.289960600000000124e-01
4.288888000000000145e-01
4.287815999999999850e-01
4.286744299999999952e-01
4.285672600000000054e-01
4.284601499999999841e-01
4.283530400000000182e-01
4.282459599999999811e-01
4.281389099999999837e-01
4.280318900000000260e-01
4.279248999999999969e-01
4.278179400000000077e-01
4.277109800000000184e-01
4.276040799999999975e-01
4.274971799999999766e-01
4.273903399999999797e-01
4.272834999999999828e-01
4.271766799999999753e-01
4.270699000000000023e-01
4.269631500000000135e-01
4.268564300000000089e-01
4.267497399999999885e-01
4.266430399999999734e-01
4.265364099999999770e-01
4.264297799999999805e-01
4.263232100000000080e-01
4.262166299999999852e-01
4.261100899999999969e-01
4.260035799999999928e-01
4.258970899999999782e-01
4.257906399999999980e-01
4.256841800000000231e-01
4.255777900000000114e-01
4.254713999999999996e-01
4.253650600000000170e-01
4.252587299999999737e-01
4.251524199999999754e-01
4.250461500000000115e-01
4.249398999999999815e-01
4.248336899999999861e-01
4.247274999999999801e-01
4.246213099999999740e-01
4.245151899999999867e-01
4.244090600000000046e-01
4.243029700000000015e-01
4.241969300000000276e-01
4.240908899999999981e-01
4.239848900000000032e-01
4.238788800000000134e-01
4.237729299999999921e-01
4.236670100000000105e-01
4.235611000000000237e-01
4.234552400000000105e-01
4.233493799999999974e-01
4.232435500000000239e-01
4.231377499999999792e-01
4.230319900000000244e-01
4.229262500000000036e-01
4.228205400000000225e-01
4.227148299999999859e-01
4.226091799999999732e-01
4.225035300000000160e-01
4.223979099999999876e-01
4.222923199999999988e-01
4.221867599999999943e-01
4.220812299999999739e-01
4.219757299999999933e-01
4.218702599999999969e-01
4.217647900000000005e-01
4.216593799999999725e-01
4.215539700000000001e-01
4.214485900000000118e-01
4.213432699999999920e-01
4.212379500000000276e-01
4.211326200000000131e-01
4.210273600000000171e-01
4.209221300000000054e-01
4.208168999999999937e-01
4.207117300000000060e-01
4.206065500000000235e-01
4.205014100000000199e-01
4.203963000000000005e-01
4.202912200000000209e-01
4.201861599999999752e-01
4.200811400000000195e-01
4.199761200000000083e-01
4.198711500000000263e-01
4.197661899999999835e-01
4.196612499999999857e-01
4.195563500000000223e-01
4.194514799999999877e-01
4.193466299999999980e-01
4.192418199999999873e-01
4.191370300000000215e-01
4.190322499999999950e-01
4.189274900000000135e-01
4.188227999999999951e-01
4.187180999999999820e-01
4.186134300000000086e-01
4.185088000000000141e-01
4.184041900000000092e-01
4.182995899999999989e-01
4.181950400000000179e-01
4.180904899999999813e-01
4.179859799999999792e-01
4.178815200000000063e-01
4.177770599999999779e-01
4.176726299999999892e-01
4.175682099999999952e-01
4.174638399999999749e-01
4.173594999999999944e-01
4.172551600000000138e-01
4.171508600000000122e-01
4.170465800000000001e-01
4.169423300000000276e-01
4.168381099999999839e-01
4.167339199999999799e-01
4.166297600000000156e-01
4.165255999999999958e-01
4.164215000000000000e-01
4.163174000000000041e-01
4.162133299999999925e-01
4.161092900000000205e-01
4.160052799999999773e-01
4.159012999999999738e-01
4.157973500000000100e-01
4.156933999999999907e-01
4.155894800000000111e-01
4.154856199999999999e-01
4.153817599999999888e-01
4.152779300000000173e-01
4.151741299999999746e-01
4.150703299999999873e-01
4.149665799999999738e-01
4.148628699999999947e-01
4.147591600000000156e-01
4.146554800000000207e-01
4.145518200000000153e-01
4.144481999999999888e-01
4.143446100000000021e-01
4.142410499999999995e-01
4.141374800000000023e-01
4.140339800000000237e-01
4.139304799999999895e-01
4.138270000000000004e-01
4.137235599999999902e-01
4.136201400000000250e-01
4.135167599999999832e-01
4.134134099999999812e-01
4.133100499999999844e-01
4.132067600000000063e-01
4.131034599999999779e-01
4.130001999999999840e-01
4.128969599999999796e-01
4.127937600000000096e-01
4.126905799999999735e-01
4.125873999999999930e-01
4.124842899999999757e-01
4.123811700000000191e-01
4.122780899999999860e-01
4.121750299999999978e-01
4.120719999999999938e-01
4.119690100000000244e-01
4.118660399999999888e-01
4.117630700000000088e-01
4.116601300000000130e-01
4.115572599999999803e-01
4.114543800000000084e-01
4.113515300000000208e-01
4.112486799999999776e-01
4.111459000000000086e-01
4.110431399999999735e-01
4.109403799999999940e-01
4.108376499999999987e-01
4.107349800000000273e-01
4.106323100000000004e-01
4.105296399999999735e-01
4.104270300000000260e-01
4.103244500000000072e-01
4.102218699999999885e-01
4.101193200000000094e-01
4.100168299999999988e-01
4.099143399999999882e-01
4.098118499999999775e-01
4.097094199999999908e-01
4.096070199999999883e-01
4.095046199999999859e-01
4.094022800000000073e-01
4.092999399999999732e-01
4.091976299999999789e-01
4.090953500000000242e-01
4.089930700000000141e-01
4.088908399999999776e-01
4.087886499999999756e-01
4.086864599999999736e-01
4.085843000000000114e-01
4.084821599999999830e-01
4.083800599999999892e-01
4.082779899999999795e-01
4.081759200000000254e-01
4.080738999999999894e-01
4.079718900000000037e-01
4.078699100000000022e-01
4.077679499999999901e-01
4.076660300000000126e-01
4.075641300000000244e-01
4.074622700000000153e-01
4.073604000000000114e-01
4.072585699999999864e-01
4.071567700000000012e-01
4.070549900000000054e-01
4.069532499999999886e-01
4.068515300000000168e-01
4.067498399999999736e-01
4.066481599999999808e-01
4.065464999999999773e-01
4.064449099999999926e-01
4.063432799999999734e-01
4.062417099999999781e-01
4.061401800000000173e-01
4.060386699999999904e-01
4.059371700000000138e-01
4.058356900000000267e-01
4.057342400000000238e-01
4.056328200000000050e-01
4.055314400000000208e-01
4.054300800000000260e-01
4.053287199999999757e-01
4.052274200000000048e-01
4.051261199999999785e-01
4.050248599999999866e-01
4.049236199999999841e-01
4.048224100000000214e-01
4.047212000000000032e-01
4.046200500000000089e-01
4.045189000000000146e-01
4.044177800000000045e-01
4.043166899999999786e-01
4.042156299999999924e-01
4.041145999999999905e-01
4.040135699999999885e-01
4.039125700000000263e-01
4.038116299999999770e-01
4.037106899999999832e-01
4.036097799999999736e-01
4.035089000000000037e-01
4.034080199999999783e-01
4.033071999999999768e-01
4.032063799999999754e-01
4.031055900000000136e-01
4.030048299999999806e-01
4.029040899999999925e-01
4.028033899999999834e-01
4.027026899999999743e-01
4.026020499999999891e-01
4.025014000000000092e-01
4.024007900000000082e-01
4.023002099999999914e-01
4.021996600000000144e-01
4.020990999999999871e-01
4.019986099999999785e-01
4.018981200000000253e-01
4.017976500000000062e-01
4.016972200000000215e-01
4.015968100000000263e-01
4.014964400000000100e-01
4.013960699999999937e-01
4.012957200000000224e-01
4.011954400000000143e-01
4.010951500000000114e-01
4.009948999999999875e-01
4.008946400000000243e-01
4.007944500000000243e-01
4.006942499999999741e-01
4.005941199999999980e-01
4.004939800000000272e-01
4.003938699999999851e-01
4.002937699999999932e-01
4.001937199999999750e-01
4.000936700000000124e-01
3.999936900000000128e-01
3.998937000000000186e-01
3.997937400000000085e-01
3.996937899999999932e-01
3.995938900000000071e-01
3.994940200000000052e-01
3.993941500000000033e-01
3.992943199999999804e-01
3.991945100000000024e-01
3.990947300000000086e-01
3.989949799999999991e-01
3.988952299999999895e-01
3.987955200000000144e-01
3.986958600000000130e-01
3.985962000000000116e-01
3.984965400000000102e-01
3.983969399999999772e-01
3.982973699999999839e-01
3.981977999999999906e-01
3.980982599999999816e-01
3.979987500000000122e-01
3.978992700000000271e-01
3.977998200000000262e-01
3.977003700000000253e-01
3.976009799999999927e-01
3.975015900000000157e-01
3.974022300000000230e-01
3.973029000000000144e-01
3.972035899999999953e-01
3.971042900000000264e-01
3.970050199999999863e-01
3.969058100000000255e-01
3.968066000000000093e-01
3.967074199999999773e-01
3.966082300000000060e-01
3.965091099999999980e-01
3.964099899999999899e-01
3.963109000000000215e-01
3.962118299999999871e-01
3.961127999999999871e-01
3.960138000000000269e-01
3.959147900000000164e-01
3.958158500000000246e-01
3.957169099999999773e-01
3.956179899999999749e-01
3.955191100000000071e-01
3.954202499999999731e-01
3.953213999999999895e-01
3.952225699999999953e-01
3.951238100000000197e-01
3.950250399999999940e-01
3.949262800000000184e-01
3.948275700000000166e-01
3.947288700000000095e-01
3.946302199999999760e-01
3.945315799999999928e-01
3.944329599999999991e-01
3.943343799999999844e-01
3.942357899999999749e-01
3.941372599999999893e-01
3.940387399999999984e-01
3.939402399999999971e-01
3.938417699999999799e-01
3.937433399999999972e-01
3.936449000000000198e-01
3.935465200000000108e-01
3.934481400000000018e-01
3.933498000000000272e-01
3.932514799999999866e-01
3.931531899999999857e-01
3.930548999999999848e-01
3.929566700000000079e-01
3.928584500000000257e-01
3.927602499999999774e-01
3.926620800000000244e-01
3.925639100000000159e-01
3.924657999999999758e-01
3.923676899999999912e-01
3.922696099999999908e-01
3.921715599999999746e-01
3.920735399999999982e-01
3.919755200000000217e-01
3.918775600000000137e-01
3.917796000000000056e-01
3.916816699999999818e-01
3.915837699999999977e-01
3.914858999999999978e-01
3.913880299999999979e-01
3.912902200000000219e-01
3.911924099999999904e-01
3.910946200000000039e-01
3.909968699999999964e-01
3.908991199999999888e-01
3.908014300000000052e-01
3.907037400000000216e-01
3.906060800000000222e-01
3.905084400000000122e-01
3.904108399999999812e-01
3.903132400000000057e-01
3.902156900000000039e-01
3.901181499999999969e-01
3.900206399999999740e-01
3.899231599999999909e-01
3.898256700000000130e-01
3.897282499999999983e-01
3.896308199999999888e-01
3.895334300000000138e-01
3.894360700000000231e-01
3.893387300000000217e-01
3.892414299999999994e-01
3.891441199999999823e-01
3.890468499999999996e-01
3.889496000000000064e-01
3.888523899999999922e-01
3.887552000000000230e-01
3.886580199999999929e-01
3.885608600000000079e-01
3.884637400000000018e-01
3.883666399999999852e-01
3.882695700000000083e-01
3.881725400000000104e-01
3.880755000000000177e-01
3.879784900000000092e-01
3.878815199999999797e-01
3.877845699999999951e-01
3.876876499999999948e-01
3.875907399999999892e-01
3.874938499999999730e-01
3.873969899999999966e-01
3.873001600000000044e-01
3.872033699999999912e-01
3.871065699999999832e-01
3.870098299999999991e-01
3.869130900000000151e-01
3.868163800000000152e-01
3.867196700000000154e-01
3.866230199999999839e-01
3.865263800000000027e-01
3.864297899999999952e-01
3.863331999999999877e-01
3.862366099999999802e-01
3.861400799999999967e-01
3.860435500000000131e-01
3.859470799999999979e-01
3.858506099999999828e-01
3.857541700000000073e-01
3.856577299999999764e-01
3.855613500000000249e-01
3.854649700000000179e-01
3.853686199999999951e-01
3.852722900000000172e-01
3.851760000000000184e-01
3.850797100000000195e-01
3.849834799999999890e-01
3.848872500000000141e-01
3.847910500000000233e-01
3.846948700000000221e-01
3.845987000000000156e-01
3.845025899999999774e-01
3.844064799999999948e-01
3.843103900000000017e-01
3.842143399999999875e-01
3.841182899999999734e-01
3.840222999999999831e-01
3.839262999999999981e-01
3.838303399999999921e-01
3.837344100000000258e-01
3.836384999999999934e-01
3.835426000000000113e-01
3.834467200000000187e-01
3.833509099999999892e-01
3.832550599999999807e-01
3.831592799999999910e-01
3.830635199999999907e-01
3.829677699999999851e-01
3.828720500000000193e-01
3.827763499999999874e-01
3.826806799999999953e-01
3.825850199999999979e-01
3.824894099999999741e-01
3.823938100000000007e-01
3.822982300000000166e-01
3.822026800000000168e-01
3.821071400000000118e-01
3.820116499999999804e-01
3.819161699999999993e-01
3.818207100000000076e-01
3.817252800000000001e-01
3.816298499999999927e-01
3.815344900000000039e-01
3.814391200000000204e-01
3.813437800000000211e-01
3.812484700000000060e-01
3.811532000000000253e-01
3.810579199999999944e-01
3.809626700000000032e-01
3.808674499999999963e-01
3.807722599999999735e-01
3.806770999999999905e-01
3.805819699999999917e-01
3.804868499999999876e-01
3.803917499999999730e-01
3.802966799999999981e-01
3.802016400000000074e-01
3.801066000000000167e-01
3.800116199999999944e-01
3.799166400000000277e-01
3.798216899999999896e-01
3.797267699999999913e-01
3.796318499999999929e-01
3.795369900000000185e-01
3.794421299999999886e-01
3.793472900000000037e-01
3.792524899999999977e-01
3.791577199999999759e-01
3.790629799999999938e-01
3.789682400000000118e-01
3.788735300000000139e-01
3.787788699999999897e-01
3.786842200000000158e-01
3.785895699999999864e-01
3.784949799999999809e-01
3.784004200000000151e-01
3.783058499999999991e-01
3.782113500000000017e-01
3.781168500000000043e-01
3.780223699999999964e-01
3.779279600000000072e-01
3.778335500000000180e-01
3.777391600000000182e-01
3.776448399999999817e-01
3.775505399999999900e-01
3.774562799999999774e-01
3.773620999999999781e-01
3.772679600000000133e-01
3.771739299999999906e-01
3.770800500000000000e-01
3.769863800000000098e-01
3.768932500000000130e-01
3.768013700000000243e-01
3.767138099999999823e-01
3.766510499999999873e-01
3.769059200000000054e-01
3.804385399999999917e-01
