9.810000000000000000e+02
0.000000000000000000e+00
1.960000000000000142e+01
3.604478500000000141e-01
3.647437399999999830e-01
3.682919100000000001e-01
3.713692699999999736e-01
3.742532399999999870e-01
3.771010599999999879e-01
3.799862600000000201e-01
3.829485499999999987e-01
3.860164899999999899e-01
3.892146100000000164e-01
3.925645099999999776e-01
3.960844900000000113e-01
3.997890100000000002e-01
4.036882500000000262e-01
4.077881300000000264e-01
4.120905400000000052e-01
4.165939699999999801e-01
4.212938800000000095e-01
4.261826300000000067e-01
4.312440799999999741e-01
4.364215100000000125e-01
4.414624600000000010e-01
4.454435400000000267e-01
4.471137499999999765e-01
4.473646900000000093e-01
4.473099700000000012e-01
4.472067399999999915e-01
4.470960500000000226e-01
4.469844099999999987e-01
4.468726800000000221e-01
4.467609799999999742e-01
4.466493100000000216e-01
4.465376699999999976e-01
4.464260299999999737e-01
4.463144499999999737e-01
4.462028699999999737e-01
4.460913499999999976e-01
4.459798300000000215e-01
4.458683700000000139e-01
4.457569100000000062e-01
4.456454799999999827e-01
4.455340799999999990e-01
4.454227099999999995e-01
4.453113699999999842e-01
4.452000600000000086e-01
4.450887700000000224e-01
4.449775200000000153e-01
4.448662700000000081e-01
4.447550800000000248e-01
4.446439099999999756e-01
4.445327499999999765e-01
4.444216500000000014e-01
4.443105500000000263e-01
4.441994699999999852e-01
4.440884600000000182e-01
4.439774499999999957e-01
4.438664600000000182e-01
4.437555100000000197e-01
4.436445800000000106e-01
4.435336899999999805e-01
4.434228199999999953e-01
4.433119600000000049e-01
4.432011499999999882e-01
4.430903800000000059e-01
4.429795999999999734e-01
4.428688900000000150e-01
4.427581700000000064e-01
4.426475200000000165e-01
4.425368599999999764e-01
4.424262299999999759e-01
4.423156400000000099e-01
4.422050699999999779e-01
4.420945299999999856e-01
4.419840300000000277e-01
4.418735500000000038e-01
4.417631000000000197e-01
4.416526599999999747e-01
4.415422700000000145e-01
4.414319099999999829e-01
4.413215500000000069e-01
4.412112200000000151e-01
4.411009599999999864e-01
4.409906900000000185e-01
4.408804499999999793e-01
4.407702399999999798e-01
4.406600600000000201e-01
4.405499099999999890e-01
4.404397899999999977e-01
4.403296999999999906e-01
4.402196400000000232e-01
4.401095800000000002e-01
4.399995800000000012e-01
4.398895800000000023e-01
4.397796400000000272e-01
4.396696999999999966e-01
4.395597900000000058e-01
4.394499099999999991e-01
4.393400499999999820e-01
4.392302299999999993e-01
4.391204400000000008e-01
4.390106799999999865e-01
4.389009500000000119e-01
4.387912500000000215e-01
4.386815399999999809e-01
4.385719000000000145e-01
4.384622599999999926e-01
4.383526699999999998e-01
4.382430900000000018e-01
4.381335399999999880e-01
4.380240100000000192e-01
4.379145199999999738e-01
4.378050600000000236e-01
4.376956200000000075e-01
4.375862200000000257e-01
4.374768399999999779e-01
4.373674699999999804e-01
4.372581500000000121e-01
4.371488399999999830e-01
4.370395799999999831e-01
4.369303299999999779e-01
4.368211000000000177e-01
4.367119099999999809e-01
4.366027399999999892e-01
4.364936099999999763e-01
4.363845000000000085e-01
4.362754200000000249e-01
4.361663800000000202e-01
4.360573300000000208e-01
4.359483399999999897e-01
4.358393500000000143e-01
4.357304300000000019e-01
4.356214999999999948e-01
4.355126000000000275e-01
4.354037299999999888e-01
4.352948999999999846e-01
4.351860900000000254e-01
4.350773099999999949e-01
4.349685600000000041e-01
4.348598399999999975e-01
4.347511199999999909e-01
4.346424600000000082e-01
4.345338000000000256e-01
4.344251800000000219e-01
4.343166099999999918e-01
4.342080400000000173e-01
4.340995000000000270e-01
4.339909900000000209e-01
4.338825000000000043e-01
4.337740500000000221e-01
4.336655999999999844e-01
4.335572100000000262e-01
4.334488200000000124e-01
4.333404900000000226e-01
4.332321599999999773e-01
4.331238600000000272e-01
4.330155800000000110e-01
4.329073700000000136e-01
4.327991299999999764e-01
4.326909500000000186e-01
4.325827999999999895e-01
4.324746700000000055e-01
4.323665500000000161e-01
4.322584899999999952e-01
4.321504199999999796e-01
4.320424199999999826e-01
4.319344199999999856e-01
4.318264399999999781e-01
4.317185000000000050e-01
4.316105800000000214e-01
4.315027000000000168e-01
4.313948499999999964e-01
4.312869899999999812e-01
4.311791999999999847e-01
4.310713999999999935e-01
4.309636700000000209e-01
4.308559299999999981e-01
4.307482200000000150e-01
4.306405500000000108e-01
4.305328999999999962e-01
4.304252900000000159e-01
4.303177000000000252e-01
4.302101099999999789e-01
4.301025900000000068e-01
4.299950599999999845e-01
4.298875899999999861e-01
4.297801299999999824e-01
4.296726900000000238e-01
4.295652799999999938e-01
4.294579000000000035e-01
4.293505499999999975e-01
4.292432400000000259e-01
4.291359499999999882e-01
4.290286600000000061e-01
4.289214299999999924e-01
4.288141999999999787e-01
4.287070299999999889e-01
4.285998599999999992e-01
4.284927199999999936e-01
4.283856200000000225e-01
4.282785399999999854e-01
4.281714899999999879e-01
4.280644399999999905e-01
4.279574500000000170e-01
4.278504599999999880e-01
4.277435199999999882e-01
4.276365899999999831e-01
4.275296900000000178e-01
4.274228199999999811e-01
4.273159799999999842e-01
4.272091700000000269e-01
4.271023899999999984e-01
4.269956100000000254e-01
4.268888800000000261e-01
4.267821600000000215e-01
4.266754999999999853e-01
4.265688400000000047e-01
4.264622000000000135e-01
4.263556000000000012e-01
4.262490299999999732e-01
4.261424799999999902e-01
4.260359699999999861e-01
4.259294599999999820e-01
4.258230000000000071e-01
4.257165500000000269e-01
4.256101299999999754e-01
4.255037600000000086e-01
4.253973999999999811e-01
4.252910599999999985e-01
4.251847300000000107e-01
4.250784499999999966e-01
4.249722100000000169e-01
4.248659599999999870e-01
4.247597799999999757e-01
4.246535900000000252e-01
4.245474300000000034e-01
4.244413100000000161e-01
4.243352100000000182e-01
4.242291499999999993e-01
4.241231100000000254e-01
4.240170999999999801e-01
4.239110899999999904e-01
4.238051199999999796e-01
4.236991999999999980e-01
4.235932800000000165e-01
4.234874000000000138e-01
4.233815400000000007e-01
4.232757100000000272e-01
4.231699099999999825e-01
4.230641099999999932e-01
4.229583699999999724e-01
4.228526400000000018e-01
4.227469600000000050e-01
4.226412800000000081e-01
4.225356299999999954e-01
4.224300100000000224e-01
4.223244199999999782e-01
4.222188299999999894e-01
4.221133000000000246e-01
4.220077700000000043e-01
4.219023000000000079e-01
4.217968300000000115e-01
4.216913899999999993e-01
4.215859800000000268e-01
4.214805999999999830e-01
4.213752399999999843e-01
4.212699200000000199e-01
4.211646000000000001e-01
4.210593400000000042e-01
4.209540800000000083e-01
4.208488499999999966e-01
4.207436399999999743e-01
4.206384699999999865e-01
4.205333299999999830e-01
4.204282200000000191e-01
4.203231299999999893e-01
4.202180500000000096e-01
4.201130299999999984e-01
4.200079999999999925e-01
4.199030100000000210e-01
4.197980499999999782e-01
4.196931099999999804e-01
4.195882100000000170e-01
4.194833299999999876e-01
4.193784600000000085e-01
4.192736400000000030e-01
4.191688299999999923e-01
4.190640400000000265e-01
4.189592899999999842e-01
4.188545599999999869e-01
4.187498700000000240e-01
4.186451999999999951e-01
4.185405400000000165e-01
4.184359300000000115e-01
4.183313300000000012e-01
4.182267499999999805e-01
4.181221999999999994e-01
4.180176899999999973e-01
4.179131999999999847e-01
4.178087400000000118e-01
4.177043100000000231e-01
4.175998899999999736e-01
4.174954900000000246e-01
4.173911499999999886e-01
4.172868100000000080e-01
4.171825100000000064e-01
4.170782299999999942e-01
4.169739499999999821e-01
4.168697299999999939e-01
4.167655100000000057e-01
4.166613499999999859e-01
4.165571900000000216e-01
4.164530599999999860e-01
4.163489599999999902e-01
4.162448899999999785e-01
4.161408500000000066e-01
4.160368099999999791e-01
4.159328299999999756e-01
4.158288500000000276e-01
4.157249000000000083e-01
4.156209799999999732e-01
4.155170899999999778e-01
4.154132300000000222e-01
4.153093999999999952e-01
4.152055700000000238e-01
4.151018000000000208e-01
4.149980200000000230e-01
4.148942800000000042e-01
4.147905700000000251e-01
4.146868899999999747e-01
4.145832400000000195e-01
4.144796099999999983e-01
4.143759900000000274e-01
4.142724300000000248e-01
4.141688600000000275e-01
4.140653300000000092e-01
4.139618299999999751e-01
4.138583499999999860e-01
4.137549099999999758e-01
4.136514700000000211e-01
4.135480799999999846e-01
4.134446999999999983e-01
4.133413400000000015e-01
4.132380500000000234e-01
4.131347499999999950e-01
4.130314600000000169e-01
4.129282200000000125e-01
4.128250199999999870e-01
4.127218100000000223e-01
4.126186399999999810e-01
4.125154899999999847e-01
4.124123800000000228e-01
4.123092899999999950e-01
4.122062300000000068e-01
4.121032099999999976e-01
4.120001799999999936e-01
4.118971799999999739e-01
4.117942499999999728e-01
4.116913099999999770e-01
4.115884000000000209e-01
4.114854900000000093e-01
4.113826500000000164e-01
4.112798300000000129e-01
4.111770100000000094e-01
4.110742199999999902e-01
4.109714600000000106e-01
4.108687300000000153e-01
4.107660399999999989e-01
4.106633700000000275e-01
4.105607000000000006e-01
4.104580899999999977e-01
4.103554799999999947e-01
4.102528999999999759e-01
4.101503499999999969e-01
4.100478300000000020e-01
4.099453399999999914e-01
4.098428499999999808e-01
4.097404199999999941e-01
4.096379900000000074e-01
4.095355900000000049e-01
4.094332199999999866e-01
4.093308700000000133e-01
4.092285600000000190e-01
4.091262500000000246e-01
4.090239999999999987e-01
4.089217499999999728e-01
4.088195299999999865e-01
4.087173299999999898e-01
4.086151700000000275e-01
4.085130399999999939e-01
4.084109100000000159e-01
4.083088300000000115e-01
4.082067600000000018e-01
4.081047199999999764e-01
4.080026999999999959e-01
4.079007199999999944e-01
4.077987699999999771e-01
4.076968400000000048e-01
4.075949200000000272e-01
4.074930299999999783e-01
4.073911599999999744e-01
4.072893300000000050e-01
4.071875200000000250e-01
4.070857500000000240e-01
4.069840000000000124e-01
4.068822599999999956e-01
4.067805400000000238e-01
4.066788599999999754e-01
4.065772000000000275e-01
4.064755700000000083e-01
4.063739800000000235e-01
4.062723799999999885e-01
4.061708500000000277e-01
4.060693100000000166e-01
4.059677999999999898e-01
4.058663200000000026e-01
4.057648799999999945e-01
4.056634299999999915e-01
4.055620400000000125e-01
4.054606599999999728e-01
4.053592999999999780e-01
4.052579700000000229e-01
4.051566699999999965e-01
4.050554000000000099e-01
4.049541700000000022e-01
4.048529299999999997e-01
4.047517199999999815e-01
4.046505699999999872e-01
4.045494199999999929e-01
4.044482699999999986e-01
4.043471799999999727e-01
4.042461199999999866e-01
4.041450600000000004e-01
4.040440299999999985e-01
4.039430299999999807e-01
4.038420600000000027e-01
4.037411200000000089e-01
4.036402099999999993e-01
4.035392999999999897e-01
4.034384200000000198e-01
4.033376000000000183e-01
4.032367800000000169e-01
4.031359600000000154e-01
4.030351899999999876e-01
4.029344599999999943e-01
4.028337300000000010e-01
4.027330299999999919e-01
4.026323600000000225e-01
4.025317099999999870e-01
4.024310999999999860e-01
4.023305200000000248e-01
4.022299300000000133e-01
4.021293799999999807e-01
4.020288900000000276e-01
4.019284000000000190e-01
4.018279000000000156e-01
4.017274699999999754e-01
4.016270599999999802e-01
4.015266599999999797e-01
4.014262900000000189e-01
4.013259399999999921e-01
4.012256299999999998e-01
4.011253399999999969e-01
4.010250599999999888e-01
4.009248300000000098e-01
4.008246100000000256e-01
4.007244099999999754e-01
4.006242500000000151e-01
4.005241099999999888e-01
4.004239700000000179e-01
4.003239000000000103e-01
4.002238200000000079e-01
4.001237799999999845e-01
4.000237600000000060e-01
3.999237700000000117e-01
3.998238100000000017e-01
3.997238599999999864e-01
3.996239300000000161e-01
3.995240600000000142e-01
3.994242000000000070e-01
3.993243300000000051e-01
3.992245200000000271e-01
3.991247399999999779e-01
3.990249599999999841e-01
3.989252200000000248e-01
3.988254999999999995e-01
3.987258100000000138e-01
3.986261500000000124e-01
3.985264900000000110e-01
3.984268899999999780e-01
3.983272900000000005e-01
3.982277200000000072e-01
3.981281799999999982e-01
3.980286399999999891e-01
3.979291600000000040e-01
3.978296800000000188e-01
3.977302600000000021e-01
3.976308399999999854e-01
3.975314500000000084e-01
3.974320599999999759e-01
3.973327300000000228e-01
3.972334000000000143e-01
3.971340999999999899e-01
3.970348200000000105e-01
3.969355800000000101e-01
3.968363699999999938e-01
3.967371900000000173e-01
3.966380099999999853e-01
3.965388499999999983e-01
3.964397299999999902e-01
3.963406400000000218e-01
3.962415799999999821e-01
3.961425100000000032e-01
3.960435099999999875e-01
3.959445100000000273e-01
3.958455300000000010e-01
3.957465900000000092e-01
3.956476400000000226e-01
3.955487599999999992e-01
3.954498799999999759e-01
3.953510199999999974e-01
3.952521999999999980e-01
3.951533999999999880e-01
3.950546400000000125e-01
3.949558699999999867e-01
3.948571699999999796e-01
3.947584599999999777e-01
3.946597900000000103e-01
3.945611399999999769e-01
3.944624999999999937e-01
3.943639099999999842e-01
3.942653199999999747e-01
3.941667699999999996e-01
3.940682400000000141e-01
3.939697400000000127e-01
3.938712799999999903e-01
3.937728099999999731e-01
3.936743699999999957e-01
3.935759699999999972e-01
3.934775899999999882e-01
3.933792400000000189e-01
3.932808899999999941e-01
3.931826099999999879e-01
3.930843199999999871e-01
3.929860600000000259e-01
3.928878299999999935e-01
3.927896300000000007e-01
3.926914300000000080e-01
3.925932599999999995e-01
3.924951600000000096e-01
3.923970500000000250e-01
3.922989399999999849e-01
3.922008900000000242e-01
3.921028400000000080e-01
3.920048500000000158e-01
3.919068600000000235e-01
3.918089000000000155e-01
3.917109400000000075e-01
3.916130400000000233e-01
3.915151399999999837e-01
3.914172599999999891e-01
3.913194199999999734e-01
3.912216099999999974e-01
3.911238300000000057e-01
3.910260500000000139e-01
3.909283299999999906e-01
3.908306100000000227e-01
3.907329099999999888e-01
3.906352499999999894e-01
3.905375899999999900e-01
3.904399599999999748e-01
3.903423799999999888e-01
3.902448099999999975e-01
3.901472699999999905e-01
3.900497299999999834e-01
3.899522400000000055e-01
3.898547600000000224e-01
3.897573100000000235e-01
3.896598800000000140e-01
3.895624899999999835e-01
3.894650900000000138e-01
3.893677600000000072e-01
3.892704200000000059e-01
3.891731199999999835e-01
3.890758500000000009e-01
3.889786000000000077e-01
3.888813600000000092e-01
3.887841400000000003e-01
3.886869499999999755e-01
3.885897999999999852e-01
3.884926699999999844e-01
3.883955800000000180e-01
3.882984800000000014e-01
3.882014200000000193e-01
3.881043800000000266e-01
3.880073700000000181e-01
3.879103999999999886e-01
3.878134200000000198e-01
3.877164699999999797e-01
3.876195499999999794e-01
3.875226700000000135e-01
3.874258099999999816e-01
3.873289500000000052e-01
3.872321499999999972e-01
3.871353599999999839e-01
3.870385900000000157e-01
3.869418199999999919e-01
3.868451099999999920e-01
3.867483999999999922e-01
3.866517500000000163e-01
3.865551099999999796e-01
3.864584600000000036e-01
3.863618699999999961e-01
3.862652799999999886e-01
3.861687500000000051e-01
3.860722200000000215e-01
3.859757200000000221e-01
3.858792200000000228e-01
3.857827799999999918e-01
3.856863400000000164e-01
3.855899300000000252e-01
3.854935500000000181e-01
3.853971999999999953e-01
3.853008399999999778e-01
3.852045199999999947e-01
3.851082599999999800e-01
3.850120000000000209e-01
3.849157400000000062e-01
3.848195400000000155e-01
3.847233400000000247e-01
3.846271600000000235e-01
3.845310200000000012e-01
3.844349100000000186e-01
3.843388300000000202e-01
3.842427400000000270e-01
3.841466900000000129e-01
3.840506699999999829e-01
3.839546699999999979e-01
3.838587099999999919e-01
3.837627499999999858e-01
3.836668100000000248e-01
3.835709400000000269e-01
3.834750399999999892e-01
3.833791899999999808e-01
3.832833500000000226e-01
3.831875599999999826e-01
3.830917799999999929e-01
3.829960199999999926e-01
3.829002699999999870e-01
3.828045700000000107e-01
3.827088799999999735e-01
3.826132099999999814e-01
3.825175800000000237e-01
3.824219700000000000e-01
3.823263599999999762e-01
3.822307899999999870e-01
3.821352700000000269e-01
3.820397300000000218e-01
3.819442399999999904e-01
3.818487799999999988e-01
3.817533300000000018e-01
3.816578999999999944e-01
3.815625000000000266e-01
3.814671299999999876e-01
3.813717699999999988e-01
3.812764299999999995e-01
3.811811199999999844e-01
3.810858400000000090e-01
3.809905900000000178e-01
3.808953800000000056e-01
3.808001599999999987e-01
3.807049699999999759e-01
3.806098099999999929e-01
3.805146500000000098e-01
3.804195499999999952e-01
3.803244499999999806e-01
3.802293800000000057e-01
3.801343400000000150e-01
3.800393300000000085e-01
3.799443200000000020e-01
3.798493700000000195e-01
3.797544199999999814e-01
3.796594999999999831e-01
3.795645799999999848e-01
3.794697200000000104e-01
3.793748599999999804e-01
3.792800299999999902e-01
3.791852299999999842e-01
3.790904299999999783e-01
3.789956899999999962e-01
3.789009500000000141e-01
3.788062300000000215e-01
3.787115500000000079e-01
3.786168999999999785e-01
3.785222500000000045e-01
3.784276200000000201e-01
3.783330300000000146e-01
3.782384699999999933e-01
3.781439400000000117e-01
3.780493999999999799e-01
3.779548999999999825e-01
3.778604300000000249e-01
3.777659800000000012e-01
3.776715399999999723e-01
3.775771600000000228e-01
3.774827700000000230e-01
3.773884200000000022e-01
3.772940900000000264e-01
3.771997699999999898e-01
3.771054699999999982e-01
3.770112099999999855e-01
3.769169700000000178e-01
3.768227699999999736e-01
3.767285599999999901e-01
3.766344200000000253e-01
3.765402700000000102e-01
3.764461599999999741e-01
3.763520399999999988e-01
3.762579899999999866e-01
3.761639299999999797e-01
3.760699000000000125e-01
3.759759100000000243e-01
3.758819099999999858e-01
3.757879700000000267e-01
3.756940400000000069e-01
3.756001299999999765e-01
3.755062200000000017e-01
3.754123699999999952e-01
3.753185299999999835e-01
3.752247100000000168e-01
3.751309199999999788e-01
3.750371599999999805e-01
3.749434099999999770e-01
3.748496800000000184e-01
3.747559799999999886e-01
3.746623099999999984e-01
3.745686699999999925e-01
3.744750299999999865e-01
3.743814200000000203e-01
3.742878399999999828e-01
3.741942899999999850e-01
3.741007700000000269e-01
3.740072500000000133e-01
3.739137599999999839e-01
3.738202999999999943e-01
3.737268699999999888e-01
3.736334399999999833e-01
3.735400400000000176e-01
3.734466699999999806e-01
3.733533299999999833e-01
3.732600200000000257e-01
3.731667100000000126e-01
3.730734299999999837e-01
3.729801799999999945e-01
3.728869599999999895e-01
3.727937299999999898e-01
3.727005700000000088e-01
3.726074099999999722e-01
3.725142499999999912e-01
3.724211499999999786e-01
3.723280400000000268e-01
3.722349999999999826e-01
3.721419599999999939e-01
3.720489100000000104e-01
3.719559299999999902e-01
3.718629500000000254e-01
3.717699899999999946e-01
3.716770699999999983e-01
3.715841799999999862e-01
3.714912799999999793e-01
3.713984200000000069e-01
3.713055800000000239e-01
3.712127800000000200e-01
3.711200100000000002e-01
3.710272299999999857e-01
3.709344900000000056e-01
3.708417700000000150e-01
3.707490900000000034e-01
3.706563999999999970e-01
3.705637500000000251e-01
3.704711199999999871e-01
3.703785199999999889e-01
3.702859600000000251e-01
3.701933900000000111e-01
3.701008599999999760e-01
3.700083499999999859e-01
3.699158699999999800e-01
3.698234000000000243e-01
3.697309500000000027e-01
3.696385300000000207e-01
3.695461500000000177e-01
3.694537600000000199e-01
3.693614299999999906e-01
3.692691000000000168e-01
3.691768100000000219e-01
3.690845099999999768e-01
3.689922700000000111e-01
3.689000299999999899e-01
3.688078200000000084e-01
3.687156400000000112e-01
3.686234700000000086e-01
3.685313199999999956e-01
3.684392000000000222e-01
3.683471099999999776e-01
3.682550499999999727e-01
3.681629900000000233e-01
3.680709600000000026e-01
3.679789600000000216e-01
3.678869900000000248e-01
3.677950199999999725e-01
3.677031099999999997e-01
3.676112000000000268e-01
3.675192899999999985e-01
3.674274399999999940e-01
3.673355899999999896e-01
3.672437700000000249e-01
3.671519799999999889e-01
3.670602099999999979e-01
3.669684500000000016e-01
3.668767199999999895e-01
3.667850200000000171e-01
3.666933499999999735e-01
3.666017100000000251e-01
3.665100600000000264e-01
3.664184500000000066e-01
3.663268700000000266e-01
3.662352899999999911e-01
3.661437599999999848e-01
3.660522399999999732e-01
3.659607500000000013e-01
3.658692499999999792e-01
3.657778199999999758e-01
3.656863899999999723e-01
3.655949800000000138e-01
3.655035799999999946e-01
3.654122399999999993e-01
3.653208900000000092e-01
3.652295799999999981e-01
3.651382899999999765e-01
3.650470100000000051e-01
3.649557800000000074e-01
3.648645600000000044e-01
3.647733599999999909e-01
3.646821700000000277e-01
3.645910299999999826e-01
3.644998999999999878e-01
3.644087899999999824e-01
3.643176900000000273e-01
3.642266399999999904e-01
3.641355900000000090e-01
3.640445800000000065e-01
3.639535899999999935e-01
3.638625999999999805e-01
3.637716500000000019e-01
3.636807200000000129e-01
3.635898200000000080e-01
3.634989599999999821e-01
3.634080900000000169e-01
3.633172499999999805e-01
3.632264399999999838e-01
3.631356399999999818e-01
3.630448900000000090e-01
3.629541399999999807e-01
3.628634199999999921e-01
3.627727299999999877e-01
3.626820399999999833e-01
3.625913900000000134e-01
3.625007599999999774e-01
3.624101599999999812e-01
3.623195599999999850e-01
3.622289899999999729e-01
3.621384500000000006e-01
3.620479400000000125e-01
3.619574600000000086e-01
3.618669800000000047e-01
3.617765299999999851e-01
3.616861100000000051e-01
3.615956900000000251e-01
3.615053300000000136e-01
3.614149700000000021e-01
3.613246099999999905e-01
3.612343100000000029e-01
3.611440100000000153e-01
3.610537400000000119e-01
3.609634899999999980e-01
3.608732800000000185e-01
3.607830699999999835e-01
3.606928899999999882e-01
3.606027399999999772e-01
3.605126100000000111e-01
3.604224899999999843e-01
3.603324299999999814e-01
3.602423399999999942e-01
3.601522999999999808e-01
3.600623000000000018e-01
3.599723000000000228e-01
3.598823199999999778e-01
3.597923499999999830e-01
3.597024400000000122e-01
3.596125199999999911e-01
3.595226400000000044e-01
3.594327900000000020e-01
3.593429300000000048e-01
3.592531400000000263e-01
3.591633399999999976e-01
3.590735500000000191e-01
3.589838100000000143e-01
3.588940800000000042e-01
3.588043699999999836e-01
3.587146999999999974e-01
3.586250500000000008e-01
3.585354099999999988e-01
3.584457899999999864e-01
3.583562100000000084e-01
3.582666199999999801e-01
3.581771000000000260e-01
3.580875700000000217e-01
3.579980700000000016e-01
3.579085799999999762e-01
3.578191399999999800e-01
3.577296999999999838e-01
3.576403000000000221e-01
3.575508900000000101e-01
3.574615400000000220e-01
3.573721899999999785e-01
3.572828800000000249e-01
3.571935600000000210e-01
3.571042999999999856e-01
3.570150400000000057e-01
3.569258200000000048e-01
3.568365900000000090e-01
3.567474199999999818e-01
3.566582500000000100e-01
3.565691100000000224e-01
3.564800000000000191e-01
3.563908900000000157e-01
3.563018099999999966e-01
3.562127600000000172e-01
3.561237500000000167e-01
3.560347300000000215e-01
3.559457699999999947e-01
3.558568100000000234e-01
3.557678499999999966e-01
3.556789499999999937e-01
3.555900499999999909e-01
3.555011699999999775e-01
3.554123299999999985e-01
3.553235200000000038e-01
3.552347100000000091e-01
3.551459299999999986e-01
3.550571799999999723e-01
3.549684599999999857e-01
3.548797399999999991e-01
3.547910699999999862e-01
3.547024100000000235e-01
3.546137500000000053e-01
3.545251500000000111e-01
3.544365500000000169e-01
3.543479999999999963e-01
3.542594600000000260e-01
3.541709499999999844e-01
3.540824399999999983e-01
3.539939799999999859e-01
3.539055300000000237e-01
3.538171399999999744e-01
3.537287399999999860e-01
3.536403799999999764e-01
3.535520699999999961e-01
3.534637700000000105e-01
3.533755199999999985e-01
3.532873400000000053e-01
3.531991800000000015e-01
3.531110900000000163e-01
3.530231099999999733e-01
3.529352499999999782e-01
3.528476700000000021e-01
3.527606099999999745e-01
3.526749000000000134e-01
3.525939900000000238e-01
3.525416900000000187e-01
3.528799400000000031e-01
3.566980100000000098e-01
