8.630000000000000000e+02
0.000000000000000000e+00
1.723999999999999844e+01
4.152724999999999889e-01
4.195547399999999816e-01
4.230894099999999991e-01
4.261533000000000126e-01
4.290238000000000107e-01
4.318579699999999799e-01
4.347292500000000115e-01
4.376773199999999808e-01
4.407307799999999887e-01
4.439141200000000231e-01
4.472489700000000235e-01
4.507536600000000004e-01
4.544427400000000117e-01
4.583264000000000227e-01
4.624105700000000208e-01
4.666973099999999763e-01
4.711850300000000047e-01
4.758692700000000109e-01
4.807424499999999878e-01
4.857885800000000254e-01
4.909518399999999727e-01
4.959837799999999852e-01
4.999713900000000155e-01
5.016530200000000050e-01
5.018977500000000314e-01
5.018306999999999629e-01
5.017139900000000541e-01
5.015897200000000167e-01
5.014644299999999610e-01
5.013391400000000164e-01
5.012137899999999924e-01
5.010885000000000478e-01
5.009632699999999605e-01
5.008380399999999844e-01
5.007128100000000082e-01
5.005876400000000004e-01
5.004625299999999610e-01
5.003374200000000327e-01
5.002123699999999618e-01
5.000873200000000018e-01
4.999623300000000103e-01
4.998373400000000188e-01
4.997124099999999958e-01
4.995875100000000124e-01
4.994625999999999788e-01
4.993377600000000194e-01
4.992129499999999886e-01
4.990881699999999976e-01
4.989634199999999908e-01
4.988386599999999893e-01
4.987139700000000064e-01
4.985893100000000078e-01
4.984646699999999986e-01
4.983401000000000081e-01
4.982155300000000175e-01
4.980909800000000165e-01
4.979664699999999944e-01
4.978419800000000173e-01
4.977175600000000033e-01
4.975931299999999946e-01
4.974687400000000204e-01
4.973444000000000198e-01
4.972200700000000140e-01
4.970957899999999818e-01
4.969715499999999841e-01
4.968472999999999917e-01
4.967231200000000180e-01
4.965989599999999782e-01
4.964747999999999939e-01
4.963507099999999728e-01
4.962266399999999966e-01
4.961026000000000047e-01
4.959785899999999970e-01
4.958546200000000237e-01
4.957306699999999844e-01
4.956067499999999848e-01
4.954828600000000249e-01
4.953589999999999938e-01
4.952351700000000023e-01
4.951113799999999898e-01
4.949876100000000223e-01
4.948639000000000232e-01
4.947401900000000241e-01
4.946165100000000092e-01
4.944928900000000183e-01
4.943692700000000273e-01
4.942457100000000048e-01
4.941221499999999822e-01
4.939986499999999836e-01
4.938751499999999850e-01
4.937517000000000156e-01
4.936282599999999854e-01
4.935048799999999791e-01
4.933815300000000126e-01
4.932581799999999905e-01
4.931348899999999924e-01
4.930116199999999838e-01
4.928883900000000096e-01
4.927651900000000196e-01
4.926420200000000138e-01
4.925188699999999975e-01
4.923957299999999759e-01
4.922726499999999783e-01
4.921496200000000099e-01
4.920265999999999806e-01
4.919035999999999964e-01
4.917806399999999911e-01
4.916576999999999753e-01
4.915347999999999939e-01
4.914119200000000021e-01
4.912891099999999733e-01
4.911662900000000054e-01
4.910435100000000164e-01
4.909207800000000010e-01
4.907980599999999805e-01
4.906753600000000048e-01
4.905527199999999977e-01
4.904300899999999852e-01
4.903075100000000019e-01
4.901849300000000187e-01
4.900624199999999986e-01
4.899398999999999837e-01
4.898174399999999928e-01
4.896950099999999861e-01
4.895725799999999794e-01
4.894502199999999914e-01
4.893278799999999928e-01
4.892055399999999943e-01
4.890832600000000197e-01
4.889610099999999737e-01
4.888387900000000230e-01
4.887166000000000010e-01
4.885944099999999790e-01
4.884722799999999809e-01
4.883501800000000226e-01
4.882281099999999929e-01
4.881060700000000030e-01
4.879840599999999973e-01
4.878620799999999758e-01
4.877401299999999940e-01
4.876182099999999964e-01
4.874963199999999830e-01
4.873744500000000146e-01
4.872526200000000252e-01
4.871308500000000041e-01
4.870090799999999831e-01
4.868873400000000018e-01
4.867656200000000100e-01
4.866439399999999971e-01
4.865223200000000081e-01
4.864006900000000244e-01
4.862791000000000197e-01
4.861575399999999991e-01
4.860360300000000078e-01
4.859145300000000112e-01
4.857930799999999882e-01
4.856716400000000156e-01
4.855502199999999768e-01
4.854288700000000123e-01
4.853075099999999975e-01
4.851862200000000014e-01
4.850649200000000105e-01
4.849436899999999828e-01
4.848224500000000159e-01
4.847012800000000121e-01
4.845801000000000136e-01
4.844589799999999835e-01
4.843378700000000037e-01
4.842168099999999975e-01
4.840957499999999913e-01
4.839747500000000091e-01
4.838537900000000058e-01
4.837328200000000078e-01
4.836119099999999782e-01
4.834910299999999883e-01
4.833701599999999932e-01
4.832493400000000272e-01
4.831285499999999900e-01
4.830077899999999924e-01
4.828870299999999949e-01
4.827663300000000213e-01
4.826456599999999764e-01
4.825250200000000267e-01
4.824043800000000215e-01
4.822837999999999847e-01
4.821632499999999877e-01
4.820427299999999748e-01
4.819222400000000017e-01
4.818017800000000128e-01
4.816813200000000239e-01
4.815609200000000034e-01
4.814405399999999724e-01
4.813201999999999758e-01
4.811998900000000190e-01
4.810796099999999909e-01
4.809593600000000024e-01
4.808391300000000035e-01
4.807189399999999835e-01
4.805987800000000032e-01
4.804786099999999727e-01
4.803585100000000163e-01
4.802384399999999887e-01
4.801183900000000060e-01
4.799983800000000023e-01
4.798783999999999828e-01
4.797584400000000082e-01
4.796385200000000126e-01
4.795186200000000065e-01
4.793987599999999794e-01
4.792789199999999972e-01
4.791591199999999939e-01
4.790393399999999802e-01
4.789196000000000009e-01
4.787998800000000110e-01
4.786801900000000054e-01
4.785605700000000184e-01
4.784409399999999812e-01
4.783213399999999837e-01
4.782017800000000207e-01
4.780822399999999917e-01
4.779627300000000023e-01
4.778432499999999972e-01
4.777238100000000265e-01
4.776043899999999898e-01
4.774849999999999928e-01
4.773656399999999800e-01
4.772463100000000069e-01
4.771270200000000128e-01
4.770077500000000081e-01
4.768885099999999877e-01
4.767693000000000070e-01
4.766501499999999947e-01
4.765309999999999824e-01
4.764118800000000098e-01
4.762927900000000214e-01
4.761737300000000173e-01
4.760546999999999973e-01
4.759357000000000171e-01
4.758167300000000211e-01
4.756977900000000092e-01
4.755788699999999869e-01
4.754599899999999990e-01
4.753411399999999953e-01
4.752223199999999759e-01
4.751035299999999961e-01
4.749847700000000006e-01
4.748660299999999945e-01
4.747473300000000229e-01
4.746286599999999800e-01
4.745100400000000218e-01
4.743914300000000028e-01
4.742728500000000236e-01
4.741542899999999783e-01
4.740357700000000230e-01
4.739172799999999963e-01
4.737988100000000147e-01
4.736803800000000120e-01
4.735619699999999987e-01
4.734435699999999803e-01
4.733252199999999910e-01
4.732069099999999806e-01
4.730886200000000152e-01
4.729703699999999733e-01
4.728521399999999764e-01
4.727339400000000191e-01
4.726157799999999853e-01
4.724976399999999965e-01
4.723795399999999867e-01
4.722614600000000218e-01
4.721434099999999856e-01
4.720253899999999891e-01
4.719073799999999874e-01
4.717894200000000149e-01
4.716714900000000266e-01
4.715535900000000225e-01
4.714357299999999973e-01
4.713178900000000171e-01
4.712000499999999814e-01
4.710822700000000252e-01
4.709645199999999976e-01
4.708468000000000098e-01
4.707290800000000219e-01
4.706114200000000025e-01
4.704937900000000228e-01
4.703761900000000273e-01
4.702585899999999763e-01
4.701410500000000048e-01
4.700235400000000174e-01
4.699060299999999746e-01
4.697885800000000112e-01
4.696711599999999764e-01
4.695537399999999972e-01
4.694363799999999864e-01
4.693190199999999757e-01
4.692017099999999941e-01
4.690844100000000072e-01
4.689671699999999888e-01
4.688499600000000100e-01
4.687327399999999811e-01
4.686155900000000263e-01
4.684984400000000160e-01
4.683813199999999899e-01
4.682642499999999930e-01
4.681471899999999908e-01
4.680301800000000179e-01
4.679131799999999841e-01
4.677962099999999901e-01
4.676792900000000253e-01
4.675623799999999997e-01
4.674454900000000190e-01
4.673286700000000016e-01
4.672118399999999894e-01
4.670950500000000116e-01
4.669782800000000234e-01
4.668615799999999982e-01
4.667448699999999784e-01
4.666281899999999982e-01
4.665115499999999971e-01
4.663949299999999853e-01
4.662783400000000134e-01
4.661617900000000203e-01
4.660452600000000167e-01
4.659287599999999974e-01
4.658123000000000125e-01
4.656958600000000170e-01
4.655794500000000058e-01
4.654630699999999788e-01
4.653467199999999915e-01
4.652304099999999831e-01
4.651141200000000198e-01
4.649978599999999851e-01
4.648816299999999901e-01
4.647653999999999952e-01
4.646492300000000242e-01
4.645330899999999819e-01
4.644169799999999793e-01
4.643008699999999767e-01
4.641848199999999980e-01
4.640688000000000035e-01
4.639527800000000091e-01
4.638368199999999830e-01
4.637208600000000125e-01
4.636049600000000104e-01
4.634890600000000083e-01
4.633732099999999798e-01
4.632573700000000017e-01
4.631415899999999919e-01
4.630258099999999821e-01
4.629100600000000121e-01
4.627943600000000157e-01
4.626786700000000141e-01
4.625630099999999967e-01
4.624473800000000190e-01
4.623318000000000150e-01
4.622162300000000057e-01
4.621006799999999859e-01
4.619851700000000005e-01
4.618696899999999994e-01
4.617542299999999877e-01
4.616388100000000105e-01
4.615234100000000228e-01
4.614080500000000140e-01
4.612927099999999947e-01
4.611774100000000098e-01
4.610621300000000145e-01
4.609468899999999980e-01
4.608316700000000266e-01
4.607164599999999943e-01
4.606012999999999913e-01
4.604861699999999725e-01
4.603710500000000039e-01
4.602559800000000090e-01
4.601409399999999983e-01
4.600259099999999823e-01
4.599109299999999956e-01
4.597959500000000088e-01
4.596810299999999905e-01
4.595661200000000224e-01
4.594512299999999883e-01
4.593363999999999780e-01
4.592215700000000234e-01
4.591067699999999974e-01
4.589920299999999953e-01
4.588772999999999880e-01
4.587625900000000256e-01
4.586479099999999920e-01
4.585332599999999981e-01
4.584186399999999884e-01
4.583040500000000184e-01
4.581894899999999771e-01
4.580749599999999755e-01
4.579604600000000136e-01
4.578459899999999805e-01
4.577315399999999923e-01
4.576170999999999989e-01
4.575027199999999739e-01
4.573883699999999886e-01
4.572740200000000033e-01
4.571597299999999864e-01
4.570454700000000092e-01
4.569311999999999818e-01
4.568169999999999731e-01
4.567028000000000199e-01
4.565886599999999795e-01
4.564745100000000000e-01
4.563603999999999994e-01
4.562463199999999830e-01
4.561322899999999958e-01
4.560182700000000033e-01
4.559042799999999951e-01
4.557903099999999763e-01
4.556763799999999920e-01
4.555624699999999971e-01
4.554485999999999812e-01
4.553347500000000103e-01
4.552209400000000183e-01
4.551071500000000158e-01
4.549933999999999923e-01
4.548796399999999740e-01
4.547659499999999744e-01
4.546522800000000197e-01
4.545386100000000096e-01
4.544250100000000181e-01
4.543113999999999764e-01
4.541978500000000141e-01
4.540843099999999910e-01
4.539708199999999971e-01
4.538573300000000033e-01
4.537438799999999883e-01
4.536304500000000184e-01
4.535170800000000169e-01
4.534037100000000153e-01
4.532903699999999980e-01
4.531770600000000204e-01
4.530637900000000218e-01
4.529505400000000126e-01
4.528373199999999876e-01
4.527241000000000182e-01
4.526109400000000171e-01
4.524978100000000003e-01
4.523847100000000232e-01
4.522716099999999906e-01
4.521585699999999819e-01
4.520455299999999732e-01
4.519325499999999884e-01
4.518195700000000037e-01
4.517066499999999873e-01
4.515937300000000265e-01
4.514808399999999944e-01
4.513679700000000072e-01
4.512551699999999832e-01
4.511423700000000148e-01
4.510295999999999750e-01
4.509168599999999749e-01
4.508041400000000198e-01
4.506914599999999882e-01
4.505787800000000121e-01
4.504661600000000043e-01
4.503535599999999861e-01
4.502410000000000023e-01
4.501284400000000185e-01
4.500159300000000084e-01
4.499034299999999931e-01
4.497909800000000069e-01
4.496785400000000155e-01
4.495661300000000082e-01
4.494537699999999747e-01
4.493414199999999914e-01
4.492290899999999976e-01
4.491167999999999827e-01
4.490045300000000128e-01
4.488923000000000219e-01
4.487800900000000204e-01
4.486679100000000031e-01
4.485557700000000203e-01
4.484436500000000270e-01
4.483315299999999781e-01
4.482194800000000035e-01
4.481074199999999785e-01
4.479954199999999775e-01
4.478834300000000268e-01
4.477714899999999942e-01
4.476595500000000172e-01
4.475476400000000243e-01
4.474357999999999946e-01
4.473239500000000257e-01
4.472121299999999855e-01
4.471003399999999850e-01
4.469885800000000242e-01
4.468768499999999921e-01
4.467651499999999998e-01
4.466534600000000022e-01
4.465418199999999782e-01
4.464302099999999940e-01
4.463186000000000098e-01
4.462070499999999940e-01
4.460954999999999782e-01
4.459840099999999863e-01
4.458725199999999944e-01
4.457610499999999920e-01
4.456496200000000241e-01
4.455382500000000245e-01
4.454268800000000250e-01
4.453155400000000097e-01
4.452042299999999786e-01
4.450929200000000030e-01
4.449816600000000011e-01
4.448704399999999781e-01
4.447592499999999949e-01
4.446480600000000116e-01
4.445369200000000021e-01
4.444257899999999872e-01
4.443147199999999963e-01
4.442036400000000107e-01
4.440926000000000040e-01
4.439816200000000213e-01
4.438706299999999882e-01
4.437596799999999897e-01
4.436487599999999754e-01
4.435378600000000060e-01
4.434269699999999759e-01
4.433161299999999749e-01
4.432053300000000085e-01
4.430945499999999759e-01
4.429837799999999937e-01
4.428730599999999851e-01
4.427623500000000267e-01
4.426516600000000023e-01
4.425410300000000019e-01
4.424304099999999962e-01
4.423198099999999799e-01
4.422092400000000034e-01
4.420987100000000058e-01
4.419881999999999977e-01
4.418777199999999739e-01
4.417672799999999844e-01
4.416568300000000002e-01
4.415464399999999845e-01
4.414360800000000085e-01
4.413257199999999769e-01
4.412154300000000196e-01
4.411051300000000119e-01
4.409948599999999885e-01
4.408846200000000048e-01
4.407744100000000054e-01
4.406642299999999901e-01
4.405540800000000146e-01
4.404439600000000232e-01
4.403338700000000161e-01
4.402238099999999932e-01
4.401137800000000100e-01
4.400037500000000268e-01
4.398937800000000120e-01
4.397838099999999972e-01
4.396738700000000222e-01
4.395639900000000155e-01
4.394541100000000089e-01
4.393442599999999865e-01
4.392344400000000038e-01
4.391246400000000105e-01
4.390148799999999962e-01
4.389051500000000217e-01
4.387954199999999916e-01
4.386857499999999854e-01
4.385761000000000243e-01
4.384664600000000023e-01
4.383568500000000201e-01
4.382472900000000116e-01
4.381377399999999978e-01
4.380282200000000237e-01
4.379187199999999835e-01
4.378092599999999779e-01
4.376998200000000172e-01
4.375904199999999800e-01
4.374810499999999824e-01
4.373716699999999902e-01
4.372623600000000166e-01
4.371530699999999769e-01
4.370437899999999876e-01
4.369345299999999876e-01
4.368253400000000064e-01
4.367161399999999749e-01
4.366069699999999831e-01
4.364978400000000258e-01
4.363887300000000025e-01
4.362796500000000188e-01
4.361705799999999744e-01
4.360615600000000147e-01
4.359525699999999837e-01
4.358435900000000029e-01
4.357346599999999959e-01
4.356257299999999888e-01
4.355168300000000214e-01
4.354079699999999775e-01
4.352991299999999786e-01
4.351903200000000194e-01
4.350815399999999888e-01
4.349727899999999980e-01
4.348640699999999915e-01
4.347553599999999796e-01
4.346466999999999969e-01
4.345380400000000143e-01
4.344294400000000000e-01
4.343208399999999858e-01
4.342122700000000113e-01
4.341037300000000210e-01
4.339952200000000149e-01
4.338867399999999930e-01
4.337782900000000108e-01
4.336698700000000128e-01
4.335614400000000201e-01
4.334530799999999906e-01
4.333447200000000166e-01
4.332364200000000110e-01
4.331281200000000053e-01
4.330198499999999839e-01
4.329116000000000075e-01
4.328033900000000100e-01
4.326952099999999968e-01
4.325870600000000232e-01
4.324789299999999836e-01
4.323708399999999785e-01
4.322627499999999734e-01
4.321547199999999922e-01
4.320466800000000163e-01
4.319386800000000193e-01
4.318307000000000118e-01
4.317227900000000229e-01
4.316148799999999786e-01
4.315069599999999950e-01
4.313991099999999745e-01
4.312912799999999991e-01
4.311834900000000026e-01
4.310756900000000114e-01
4.309679299999999991e-01
4.308602200000000160e-01
4.307525200000000276e-01
4.306448399999999732e-01
4.305371900000000140e-01
4.304295799999999783e-01
4.303219899999999876e-01
4.302144299999999810e-01
4.301068800000000247e-01
4.299993799999999866e-01
4.298918800000000040e-01
4.297844499999999845e-01
4.296770100000000259e-01
4.295695999999999959e-01
4.294622200000000056e-01
4.293548799999999943e-01
4.292475599999999725e-01
4.291402699999999903e-01
4.290329800000000082e-01
4.289257499999999945e-01
4.288185199999999808e-01
4.287113499999999910e-01
4.286041899999999960e-01
4.284970499999999904e-01
4.283899400000000246e-01
4.282828599999999875e-01
4.281758099999999900e-01
4.280687899999999768e-01
4.279618000000000033e-01
4.278548099999999743e-01
4.277478800000000247e-01
4.276409400000000249e-01
4.275340400000000041e-01
4.274271700000000229e-01
4.273203300000000260e-01
4.272135200000000133e-01
4.271067399999999847e-01
4.269999899999999959e-01
4.268932599999999966e-01
4.267865399999999920e-01
4.266798500000000272e-01
4.265732199999999752e-01
4.264665799999999840e-01
4.263599800000000273e-01
4.262534099999999992e-01
4.261468600000000162e-01
4.260403500000000121e-01
4.259338400000000080e-01
4.258273799999999776e-01
4.257209299999999974e-01
4.256145399999999857e-01
4.255081399999999792e-01
4.254017800000000071e-01
4.252954400000000246e-01
4.251891400000000210e-01
4.250828600000000068e-01
4.249766200000000271e-01
4.248703699999999972e-01
4.247641899999999859e-01
4.246579999999999799e-01
4.245518699999999979e-01
4.244457500000000105e-01
4.243396500000000127e-01
4.242335899999999937e-01
4.241275500000000198e-01
4.240215099999999904e-01
4.239155399999999796e-01
4.238095900000000138e-01
4.237036399999999925e-01
4.235977200000000109e-01
4.234918400000000083e-01
4.233859799999999951e-01
4.232801500000000217e-01
4.231743499999999769e-01
4.230685800000000274e-01
4.229628400000000066e-01
4.228571099999999805e-01
4.227514299999999836e-01
4.226457499999999867e-01
4.225400999999999740e-01
4.224344800000000011e-01
4.223288900000000123e-01
4.222233300000000078e-01
4.221177999999999875e-01
4.220122700000000227e-01
4.219068000000000263e-01
4.218013299999999743e-01
4.216958900000000177e-01
4.215905099999999739e-01
4.214851299999999856e-01
4.213797699999999868e-01
4.212744199999999828e-01
4.211691300000000027e-01
4.210638700000000068e-01
4.209586100000000108e-01
4.208533799999999991e-01
4.207482000000000166e-01
4.206430299999999733e-01
4.205378900000000253e-01
4.204327800000000059e-01
4.203276599999999918e-01
4.202226099999999964e-01
4.201175899999999852e-01
4.200125599999999793e-01
4.199075700000000078e-01
4.198026100000000205e-01
4.196976700000000227e-01
4.195927700000000038e-01
4.194878899999999744e-01
4.193830499999999795e-01
4.192782299999999740e-01
4.191734200000000188e-01
4.190686299999999975e-01
4.189639099999999949e-01
4.188591799999999976e-01
4.187544899999999792e-01
4.186497900000000216e-01
4.185451600000000272e-01
4.184405500000000222e-01
4.183359400000000172e-01
4.182313999999999754e-01
4.181268499999999944e-01
4.180223299999999975e-01
4.179178499999999796e-01
4.178133900000000067e-01
4.177089600000000180e-01
4.176045400000000241e-01
4.175001700000000038e-01
4.173957999999999835e-01
4.172914899999999871e-01
4.171871799999999908e-01
4.170829099999999734e-01
4.169786600000000010e-01
4.168744400000000128e-01
4.167702200000000246e-01
4.166660600000000048e-01
4.165618999999999850e-01
4.164577700000000049e-01
4.163536999999999932e-01
4.162496299999999816e-01
4.161455900000000097e-01
4.160415499999999822e-01
4.159375699999999787e-01
4.158336200000000149e-01
4.157296699999999956e-01
4.156257500000000160e-01
4.155218600000000206e-01
4.154180000000000095e-01
4.153141699999999825e-01
4.152103699999999953e-01
4.151065899999999975e-01
4.150028199999999945e-01
4.148991100000000154e-01
4.147953999999999808e-01
4.146917199999999859e-01
4.145880599999999805e-01
4.144844400000000095e-01
4.143808500000000228e-01
4.142772900000000202e-01
4.141737200000000230e-01
4.140702199999999888e-01
4.139667200000000102e-01
4.138632400000000211e-01
4.137598000000000109e-01
4.136563799999999902e-01
4.135530000000000039e-01
4.134496200000000177e-01
4.133462900000000051e-01
4.132429699999999873e-01
4.131396700000000144e-01
4.130364100000000205e-01
4.129331700000000160e-01
4.128299699999999905e-01
4.127267900000000100e-01
4.126236400000000137e-01
4.125205000000000122e-01
4.124173800000000001e-01
4.123143300000000067e-01
4.122112700000000185e-01
4.121082400000000145e-01
4.120052499999999895e-01
4.119022500000000253e-01
4.117993099999999740e-01
4.116963699999999782e-01
4.115935000000000010e-01
4.114906199999999736e-01
4.113877699999999860e-01
4.112849499999999825e-01
4.111821700000000135e-01
4.110794099999999784e-01
4.109766499999999989e-01
4.108739499999999878e-01
4.107712499999999767e-01
4.106685800000000053e-01
4.105659700000000023e-01
4.104633599999999993e-01
4.103607799999999806e-01
4.102582000000000173e-01
4.101556800000000225e-01
4.100531900000000118e-01
4.099507000000000012e-01
4.098482700000000145e-01
4.097458399999999723e-01
4.096434400000000253e-01
4.095410700000000070e-01
4.094387299999999730e-01
4.093364199999999786e-01
4.092341400000000240e-01
4.091318800000000033e-01
4.090296600000000171e-01
4.089274700000000151e-01
4.088253099999999973e-01
4.087231800000000193e-01
4.086210699999999751e-01
4.085190300000000052e-01
4.084170200000000195e-01
4.083150300000000232e-01
4.082131099999999901e-01
4.081112399999999862e-01
4.080094699999999852e-01
4.079078400000000215e-01
4.078064000000000133e-01
4.077053400000000272e-01
4.076051399999999769e-01
4.075076899999999780e-01
4.074228699999999925e-01
4.074559200000000270e-01
4.094419200000000147e-01
4.144861699999999871e-01
