544
0
11.25
0.3428803682
0.3507572114
0.3567128181
0.3620838821
0.3675909638
0.3734703958
0.3798749149
0.3869149685
0.3946509063
0.4030938447
0.412214011
0.4218626618
0.4301638007
0.4319924116
0.4318675995
0.4316671789
0.4314649105
0.4312627017
0.4310605824
0.4308585823
0.4306566715
0.4304548502
0.4302531183
0.4300514758
0.4298499525
0.4296484888
0.4294471443
0.4292458892
0.4290447235
0.4288436472
0.4286426902
0.4284417927
0.4282410145
0.4280403256
0.4278397262
0.4276392162
0.4274388254
0.4272384942
0.4270382822
0.4268381596
0.4266381264
0.4264381826
0.4262383282
0.4260385931
0.4258389473
0.4256393611
0.4254398942
0.4252405167
0.4250412285
0.4248420596
0.4246429503
0.4244439602
0.4242450297
0.4240462184
0.4238474965
0.423648864
0.423450321
0.4232518971
0.4230535328
0.422855258
0.4226571023
0.4224590361
0.4222610593
0.4220631719
0.4218653738
0.4216676652
0.421470046
0.4212725461
0.4210751057
0.4208777845
0.4206805229
0.4204833806
0.4202863276
0.4200893641
0.4198924899
0.4196957052
0.4194990396
0.4193024337
0.419105947
0.4189095199
0.418713212
0.4185169935
0.4183208644
0.418124795
0.4179288447
0.4177330136
0.4175372422
0.4173415601
0.4171459675
0.4169504941
0.4167550802
0.4165597856
0.4163645506
0.4161694348
0.4159744084
0.4157794714
0.415584594
0.4153898358
0.4151951671
0.4150006175
0.4148061275
0.414611727
0.4144174159
0.4142231941
0.4140290916
0.4138350487
0.413641125
0.4134472609
0.413253516
0.4130598307
0.4128662646
0.4126727879
0.4124793708
0.412286073
0.4120928645
0.4118997455
0.4117067158
0.4115137756
0.4113209248
0.4111281633
0.4109354913
0.4107429087
0.4105504155
0.4103580117
0.4101656973
0.4099734724
0.4097813368
0.4095893204
0.4093973637
0.4092054963
0.4090137184
0.4088220596
0.4086304605
0.4084389508
0.4082475603
0.4080562294
0.4078649879
0.4076738656
0.4074828029
0.4072918296
0.4071009755
0.406910181
0.406719476
0.4065288901
0.4063383639
0.406147927
0.4059576094
0.4057673514
0.4055771828
0.4053871334
0.4051971436
0.4050072432
0.404817462
0.4046277404
0.4044381082
0.4042485654
0.4040591419
0.4038697779
0.4036805034
0.403491348
0.4033022523
0.403113246
0.402924329
0.4027355015
0.4025467634
0.4023581147
0.4021695554
0.4019810855
0.4017927051
0.4016043842
0.4014161825
0.4012280703
0.4010400474
0.4008520842
0.4006642401
0.4004764855
0.4002887905
0.4001012146
0.3999136984
0.3997262716
0.399538964
0.399351716
0.3991645575
0.3989774883
0.3987905383
0.3986036479
0.398416847
0.3982301354
0.3980434835
0.3978569508
0.3976705074
0.3974841535
0.3972978592
0.3971116841
0.3969255686
0.3967395723
0.3965536356
0.3963677883
0.3961820304
0.395996362
0.3958107829
0.3956252933
0.395439893
0.3952545822
0.3950693607
0.3948841989
0.3946991563
0.3945141733
0.3943292797
0.3941445053
0.3939597905
0.3937751651
0.3935906291
0.3934061527
0.3932217956
0.3930375278
0.3928533196
0.3926692307
0.3924852014
0.3923012614
0.3921174109
0.3919336498
0.3917499781
0.3915663958
0.3913829029
0.3911994696
0.3910161555
0.390832901
0.3906497359
0.3904666603
0.390283674
0.3901007771
0.3899179697
0.3897352517
0.3895525932
0.3893700242
0.3891875744
0.3890051842
0.3888228834
0.3886406422
0.3884585202
0.3882764876
0.3880945146
0.387912631
0.3877308369
0.3875491321
0.3873675168
0.3871859908
0.3870045543
0.3868231773
0.3866418898
0.3864606917
0.386279583
0.3860985637
0.3859176338
0.3857367635
0.3855560124
0.3853753209
0.3851947188
0.3850142062
0.3848337829
0.3846534193
0.3844731748
0.38429299
0.3841128945
0.3839328885
0.3837529421
0.3835731149
0.3833933473
0.3832136989
0.3830341101
0.3828546107
0.3826751709
0.3824958503
0.3823165894
0.3821374178
0.3819583356
0.3817793429
0.3816004395
0.3814215958
0.3812428415
0.3810641766
0.380885601
0.3807071149
0.3805286884
0.3803503811
0.3801721334
0.3799939454
0.3798158765
0.379637897
0.3794599771
0.3792821467
0.3791044056
0.378926754
0.378749162
0.3785716593
0.3783942461
0.3782169223
0.3780396879
0.3778625131
0.3776854277
0.3775084317
0.3773315251
0.3771547079
0.3769779503
0.3768012822
0.3766247034
0.3764482141
0.3762717843
0.3760954738
0.3759192228
0.3757430315
0.3755669594
0.3753909469
0.3752150238
0.3750391901
0.3748634458
0.3746877611
0.3745121658
0.3743366599
0.3741612434
0.3739858866
0.3738106191
0.3736354411
0.3734603524
0.3732853532
0.3731104136
0.3729355633
0.3727607727
0.3725861013
0.3724114895
0.3722369671
0.3720625341
0.3718881607
0.3717138767
0.3715396821
0.371365577
0.3711915314
0.3710175753
0.3708437085
0.3706699312
0.3704962134
0.3703225851
0.3701490462
0.3699755967
0.3698022068
0.3696289062
0.3694556952
0.3692825437
0.3691094816
0.3689365089
0.3687636256
0.368590802
0.3684180677
0.3682454228
0.3680728376
0.3679003716
0.3677279353
0.3675556183
0.3673833609
0.3672111928
0.3670391142
0.366867125
0.3666951954
0.3665233552
0.3663515747
0.3661799133
0.3660083115
0.3658367693
0.3656653464
0.365493983
0.3653226793
0.3651514947
0.3649803698
0.3648093343
0.3646383584
0.3644675016
0.3642966747
0.364125967
0.3639553189
0.3637847602
0.363614291
0.3634438813
0.363273561
0.3631033301
0.3629331589
0.362763077
0.3625930846
0.3624231815
0.3622533381
0.3620835543
0.3619138896
0.3617442846
0.361574769
0.361405313
0.3612359464
0.3610666692
0.3608974516
0.3607283235
0.3605592847
0.3603903055
0.3602214158
0.3600526154
0.3598839045
0.3597152531
0.3595466614
0.3593781888
0.3592097759
0.3590414226
0.3588731587
0.3587049842
0.3585368991
0.3583688736
0.3582009375
0.358033061
0.3578653038
0.3576975763
0.357529968
0.3573624194
0.3571949601
0.3570275605
0.3568602502
0.3566929996
0.3565258682
0.3563587666
0.3561917841
0.3560248613
0.3558580279
0.3556912541
0.3555245697
0.3553579748
0.3551914394
0.3550249934
0.3548586071
0.3546923101
0.3545261025
0.3543599546
0.3541938961
0.3540279269
0.3538620174
0.3536961973
0.3535304368
0.3533647656
0.3531991839
0.3530336618
0.3528682292
0.3527028561
0.3525375724
0.3523723781
0.3522072434
0.3520421982
0.3518772125
0.3517123163
0.3515475094
0.3513827622
0.3512181044
0.3510535061
0.3508889973
0.3507245779
0.3505602181
0.3503959179
0.3502317369
0.3500676155
0.3499035537
0.3497395813
0.3495756984
0.349411875
0.3492481411
0.3490844667
0.3489208817
0.3487573862
0.3485939503
0.3484306037
0.3482673168
0.3481041193
0.3479409814
0.3477779329
0.3476149738
0.3474520743
0.3472892344
0.3471265137
0.3469638526
0.3468012512
0.3466387391
0.3464762866
0.3463139236
0.34615165
0.3459894359
0.3458273113
0.3456652462
0.3455032706
0.3453413546
0.345179528
0.3450177908
0.3448561132
0.3446944952
0.3445329964
0.3443715274
0.3442101777
0.3440488577
0.3438876569
0.3437265158
0.3435654342
0.3434044421
0.3432435095
0.3430826962
0.3429219127
0.3427612185
0.3426006138
0.3424400687
0.342279613
0.3421192169
0.3419589102
0.3417986929
0.3416385055
0.3414784372
0.3413184285
0.3411585093
0.3409986496
0.3408388495
0.3406791687
0.3405195177
0.3403599858
0.3402005136
0.340041101
0.3398817778
0.339722544
0.3395633698
0.339404285
0.3392452896
0.3390863538
0.3389275074
0.3387687504
0.3386100829
0.3384515047
0.338293016
0.3381346464
0.3379764259
0.337818414
0.3376607895
0.3375043571
0.3373551369
0.3374784589
0.3449781537
