4.520000000000000000e+02
0.000000000000000000e+00
2.254999899999999968e+01
2.199230500000000088e-01
1.730100199999999866e-01
1.353513899999999881e-01
1.057853099999999935e-01
8.270350099999999871e-02
6.474788500000000502e-02
5.085044700000000001e-02
4.020231999999999972e-02
3.222174900000000092e-02
2.652670600000000059e-02
2.290239900000000037e-02
2.125388900000000150e-02
2.155421100000000020e-02
2.381048399999999982e-02
2.804054699999999900e-02
3.424099800000000166e-02
4.235946399999999945e-02
5.228662099999999840e-02
6.386429100000000358e-02
7.690055699999999439e-02
9.118594200000000594e-02
1.065072900000000045e-01
1.226582600000000051e-01
1.394462999999999953e-01
1.566967499999999958e-01
1.742545799999999923e-01
1.919847100000000029e-01
2.097711399999999948e-01
2.275156500000000137e-01
2.451360700000000115e-01
2.625644799999999890e-01
2.797454600000000013e-01
2.966343799999999753e-01
3.131958799999999821e-01
3.294025700000000056e-01
3.452336200000000188e-01
3.606739299999999759e-01
3.757131100000000168e-01
3.903446199999999755e-01
4.045652399999999926e-01
4.183743899999999849e-01
4.317737200000000275e-01
4.447666100000000067e-01
4.573579700000000026e-01
4.695537399999999972e-01
4.813608799999999910e-01
4.927869999999999751e-01
5.038402699999999790e-01
5.145292900000000280e-01
5.248628899999999708e-01
5.348500600000000160e-01
5.444999900000000448e-01
5.538218599999999991e-01
5.628247899999999637e-01
5.715179400000000021e-01
5.799102800000000002e-01
5.880107300000000370e-01
5.958280000000000243e-01
6.033706699999999978e-01
6.106471399999999772e-01
6.176656499999999550e-01
6.244342299999999790e-01
6.309606399999999615e-01
6.372525100000000498e-01
6.433172799999999913e-01
6.491621100000000144e-01
6.547940399999999661e-01
6.602198500000000525e-01
6.654460399999999609e-01
6.704791799999999524e-01
6.753253299999999459e-01
6.799905299999999819e-01
6.844806100000000448e-01
6.888011699999999626e-01
6.929577599999999782e-01
6.969556199999999979e-01
7.007998199999999622e-01
7.044953699999999541e-01
7.080470300000000217e-01
7.114594600000000435e-01
7.147371200000000036e-01
7.178844199999999676e-01
7.209054799999999874e-01
7.238043499999999852e-01
7.265850900000000445e-01
7.292513800000000046e-01
7.318069299999999666e-01
7.342553099999999944e-01
7.365999800000000430e-01
7.388442200000000515e-01
7.409912300000000007e-01
7.430442000000000435e-01
7.450060800000000150e-01
7.468798800000000515e-01
7.486682500000000351e-01
7.503740199999999749e-01
7.519998599999999644e-01
7.535482000000000014e-01
7.550216299999999991e-01
7.564224600000000187e-01
7.577530099999999491e-01
7.590154999999999541e-01
7.602121200000000467e-01
7.613449700000000098e-01
7.624160100000000329e-01
7.634271999999999725e-01
7.643805099999999575e-01
7.652776799999999602e-01
7.661205500000000113e-01
7.669107899999999534e-01
7.676501300000000416e-01
7.683400500000000521e-01
7.689821700000000204e-01
7.695779799999999948e-01
7.701289700000000238e-01
7.706364999999999466e-01
7.711018899999999565e-01
7.715265799999999619e-01
7.719118000000000368e-01
7.722586999999999646e-01
7.725685799999999492e-01
7.728425899999999960e-01
7.730817800000000517e-01
7.732872400000000424e-01
7.734600900000000445e-01
7.736012899999999970e-01
7.737117999999999496e-01
7.737926800000000105e-01
7.738447200000000414e-01
7.738689199999999602e-01
7.738660600000000223e-01
7.738370300000000368e-01
7.737826100000000373e-01
7.737035799999999464e-01
7.736007599999999984e-01
7.734748099999999571e-01
7.733264600000000488e-01
7.731564600000000453e-01
7.729653699999999850e-01
7.727539500000000228e-01
7.725227500000000358e-01
7.722724100000000202e-01
7.720035299999999934e-01
7.717166500000000040e-01
7.714123099999999900e-01
7.710910399999999498e-01
7.707534400000000119e-01
7.703999299999999550e-01
7.700309800000000315e-01
7.696471200000000179e-01
7.692487799999999654e-01
7.688363799999999859e-01
7.684103799999999485e-01
7.679712199999999545e-01
7.675192400000000470e-01
7.670548600000000050e-01
7.665784399999999721e-01
7.660903300000000415e-01
7.655909100000000134e-01
7.650805099999999914e-01
7.645595099999999977e-01
7.640281300000000275e-01
7.634868000000000210e-01
7.629356999999999944e-01
7.623752400000000096e-01
7.618055900000000324e-01
7.612270700000000057e-01
7.606399700000000541e-01
7.600445200000000012e-01
7.594410200000000222e-01
7.588295900000000538e-01
7.582105999999999568e-01
7.575841500000000117e-01
7.569506200000000185e-01
7.563100499999999560e-01
7.556627399999999994e-01
7.550088200000000249e-01
7.543485800000000463e-01
7.536821400000000004e-01
7.530096800000000146e-01
7.523313799999999940e-01
7.516474100000000158e-01
7.509579699999999747e-01
7.502632099999999582e-01
7.495632199999999745e-01
7.488581500000000002e-01
7.481482600000000094e-01
7.474335399999999519e-01
7.467142300000000343e-01
7.459904000000000535e-01
7.452622100000000360e-01
7.445297800000000299e-01
7.437931899999999930e-01
7.430525399999999836e-01
7.423080199999999573e-01
7.415596800000000544e-01
7.408076500000000397e-01
7.400519800000000536e-01
7.392927999999999722e-01
7.385302200000000150e-01
7.377643000000000395e-01
7.369951000000000141e-01
7.362227399999999866e-01
7.354473500000000552e-01
7.346689100000000083e-01
7.338874899999999757e-01
7.331032800000000238e-01
7.323161999999999727e-01
7.315264299999999498e-01
7.307339900000000554e-01
7.299389200000000466e-01
7.291412900000000530e-01
7.283412200000000114e-01
7.275386499999999534e-01
7.267337400000000169e-01
7.259264600000000511e-01
7.251169100000000034e-01
7.243050899999999848e-01
7.234911299999999823e-01
7.226749700000000276e-01
7.218566499999999886e-01
7.210363100000000136e-01
7.202139499999999916e-01
7.193895000000000151e-01
7.185631399999999891e-01
7.177348099999999453e-01
7.169045800000000135e-01
7.160724400000000323e-01
7.152384499999999701e-01
7.144026199999999882e-01
7.135649299999999862e-01
7.127255200000000013e-01
7.118843200000000149e-01
7.110413899999999954e-01
7.101967300000000538e-01
7.093502900000000500e-01
7.085022300000000106e-01
7.076524499999999884e-01
7.068010000000000126e-01
7.059478799999999721e-01
7.050931499999999463e-01
7.042367499999999669e-01
7.033787400000000023e-01
7.025191200000000524e-01
7.016578300000000379e-01
7.007949399999999773e-01
6.999304899999999607e-01
6.990643699999999905e-01
6.981967100000000537e-01
6.973273800000000522e-01
6.964564899999999836e-01
6.955839999999999801e-01
6.947098999999999913e-01
6.938341900000000173e-01
6.929568600000000078e-01
6.920779299999999523e-01
6.911973399999999934e-01
6.903151299999999990e-01
6.894313100000000194e-01
6.885458199999999751e-01
6.876586700000000274e-01
6.867699000000000442e-01
6.858794099999999672e-01
6.849872500000000475e-01
6.840933599999999837e-01
6.831977399999999978e-01
6.823004499999999473e-01
6.814013700000000062e-01
6.805005699999999713e-01
6.795979699999999957e-01
6.786935299999999893e-01
6.777872999999999815e-01
6.768792900000000223e-01
6.759693599999999636e-01
6.750575899999999852e-01
6.741438499999999889e-01
6.732282600000000228e-01
6.723107099999999781e-01
6.713911900000000266e-01
6.704696399999999779e-01
6.695461299999999616e-01
6.686205299999999907e-01
6.676928399999999542e-01
6.667630700000000132e-01
6.658310899999999588e-01
6.648970199999999497e-01
6.639607499999999884e-01
6.630222199999999955e-01
6.620814200000000316e-01
6.611383600000000360e-01
6.601929100000000217e-01
6.592451299999999570e-01
6.582949200000000056e-01
6.573423099999999852e-01
6.563871500000000303e-01
6.554295399999999772e-01
6.544693099999999708e-01
6.535064600000000112e-01
6.525409800000000482e-01
6.515728200000000525e-01
6.506019199999999447e-01
6.496282199999999785e-01
6.486517200000000427e-01
6.476723599999999470e-01
6.466900100000000373e-01
6.457046899999999701e-01
6.447163799999999778e-01
6.437249200000000338e-01
6.427303599999999451e-01
6.417326300000000261e-01
6.407316299999999964e-01
6.397272899999999485e-01
6.387196800000000119e-01
6.377085399999999904e-01
6.366939499999999530e-01
6.356758500000000423e-01
6.346540999999999988e-01
6.336286700000000049e-01
6.325994700000000526e-01
6.315664600000000517e-01
6.305295800000000339e-01
6.294887099999999513e-01
6.284438399999999758e-01
6.273948599999999987e-01
6.263416400000000328e-01
6.252841900000000175e-01
6.242223999999999551e-01
6.231561899999999987e-01
6.220854500000000398e-01
6.210100699999999696e-01
6.199300300000000208e-01
6.188452199999999737e-01
6.177555300000000527e-01
6.166608300000000487e-01
6.155611300000000119e-01
6.144561800000000185e-01
6.133460400000000368e-01
6.122304800000000213e-01
6.111094400000000038e-01
6.099827899999999969e-01
6.088504200000000033e-01
6.077122700000000544e-01
6.065681600000000229e-01
6.054179699999999720e-01
6.042616400000000443e-01
6.030989300000000330e-01
6.019297799999999699e-01
6.007540199999999997e-01
5.995715900000000431e-01
5.983822899999999834e-01
5.971859099999999865e-01
5.959824299999999520e-01
5.947715599999999769e-01
5.935532999999999504e-01
5.923273000000000010e-01
5.910935400000000284e-01
5.898518000000000372e-01
5.886018899999999610e-01
5.873435700000000370e-01
5.860767999999999534e-01
5.848012599999999894e-01
5.835167799999999572e-01
5.822231199999999829e-01
5.809201600000000187e-01
5.796076100000000508e-01
5.782852800000000126e-01
5.769528699999999510e-01
5.756102199999999502e-01
5.742570200000000069e-01
5.728930199999999751e-01
5.715179999999999705e-01
5.701316600000000401e-01
5.687336899999999584e-01
5.673238600000000131e-01
5.659017600000000314e-01
5.644671300000000391e-01
5.630196899999999616e-01
5.615590200000000198e-01
5.600848200000000388e-01
5.585967299999999858e-01
5.570943400000000212e-01
5.555772799999999512e-01
5.540450799999999676e-01
5.524973899999999771e-01
5.509337800000000396e-01
5.493537200000000453e-01
5.477567899999999934e-01
5.461424000000000278e-01
5.445101900000000050e-01
5.428594399999999709e-01
5.411897300000000355e-01
5.395004199999999805e-01
5.377908300000000530e-01
5.360603900000000532e-01
5.343083699999999769e-01
5.325341199999999997e-01
5.307368599999999770e-01
5.289158200000000365e-01
5.270701599999999543e-01
5.251990600000000509e-01
5.233016000000000334e-01
5.213768500000000028e-01
5.194237200000000332e-01
5.174412099999999848e-01
5.154282500000000322e-01
5.133835700000000113e-01
5.113059300000000196e-01
5.091940200000000250e-01
5.070464599999999766e-01
5.048617100000000191e-01
5.026382200000000244e-01
5.003742599999999596e-01
4.980679800000000212e-01
4.957174999999999776e-01
4.933207000000000009e-01
4.908753599999999828e-01
4.883791199999999999e-01
4.858293499999999931e-01
4.832232900000000275e-01
4.805579500000000115e-01
4.778299899999999822e-01
4.750359399999999899e-01
4.721718699999999935e-01
4.692335699999999887e-01
4.662164200000000203e-01
4.631152499999999783e-01
4.599244599999999794e-01
4.566377999999999826e-01
4.532482600000000139e-01
4.497480999999999840e-01
4.461285500000000126e-01
4.423797099999999816e-01
4.384902999999999995e-01
4.344474999999999865e-01
4.302363399999999949e-01
4.258396300000000245e-01
4.212370500000000018e-01
4.164044599999999763e-01
4.113129700000000000e-01
4.059272400000000225e-01
4.002036500000000219e-01
3.940869000000000177e-01
3.875055600000000267e-01
3.803643899999999967e-01
3.725319200000000164e-01
3.638177499999999953e-01
3.539285099999999740e-01
3.423711700000000024e-01
3.282041299999999828e-01
3.092415299999999867e-01
2.791706600000000149e-01
2.309343199999999985e-01
