4.290000000000000000e+02
0.000000000000000000e+00
2.139999999999999858e+01
2.218357499999999982e-01
1.745013099999999928e-01
1.365082099999999909e-01
1.066823900000000019e-01
8.339866999999999420e-02
6.528570499999999943e-02
5.126524300000000200e-02
4.052051500000000001e-02
3.246376699999999754e-02
2.670867700000000011e-02
2.303771500000000028e-02
2.135437700000000077e-02
2.163058500000000078e-02
2.387232300000000085e-02
2.809633099999999870e-02
3.429821899999999785e-02
4.242464900000000178e-02
5.236528399999999805e-02
6.396081300000000525e-02
7.701817199999999586e-02
9.132672799999999591e-02
1.066722900000000029e-01
1.228475900000000065e-01
1.396593200000000035e-01
1.569321800000000044e-01
1.745106899999999961e-01
1.922594199999999864e-01
2.100621300000000136e-01
2.278204600000000024e-01
2.454521500000000078e-01
2.628892700000000082e-01
2.800763800000000137e-01
2.969689400000000146e-01
3.135317000000000243e-01
3.297372499999999818e-01
3.455649599999999766e-01
3.609997899999999871e-01
3.760314900000000238e-01
3.906536400000000242e-01
4.048631200000000208e-01
4.186594200000000043e-01
4.320443299999999764e-01
4.450213599999999770e-01
4.575954400000000200e-01
4.697726700000000033e-01
4.815600500000000173e-01
4.929653099999999899e-01
5.039966700000000355e-01
5.146627999999999759e-01
5.249726200000000009e-01
5.349351799999999546e-01
5.445597199999999694e-01
5.538554199999999872e-01
5.628315799999999980e-01
5.714972600000000069e-01
5.798615200000000192e-01
5.879333599999999604e-01
5.957215399999999939e-01
6.032345900000000150e-01
6.104810200000000409e-01
6.174690099999999848e-01
6.242067199999999927e-01
6.307018399999999581e-01
6.369621199999999650e-01
6.429949400000000148e-01
6.488075300000000212e-01
6.544069099999999528e-01
6.597998099999999866e-01
6.649929300000000376e-01
6.699926899999999463e-01
6.748052199999999834e-01
6.794365599999999672e-01
6.838925500000000435e-01
6.881788399999999584e-01
6.923008600000000179e-01
6.962639699999999543e-01
7.000733000000000095e-01
7.037336800000000281e-01
7.072500600000000137e-01
7.106269600000000297e-01
7.138689799999999863e-01
7.169803999999999622e-01
7.199653999999999776e-01
7.228281500000000026e-01
7.255724700000000249e-01
7.282021600000000427e-01
7.307209999999999539e-01
7.331324799999999753e-01
7.354400800000000515e-01
7.376470600000000211e-01
7.397567000000000448e-01
7.417720599999999553e-01
7.436962099999999687e-01
7.455320399999999514e-01
7.472823299999999946e-01
7.489498300000000386e-01
7.505372200000000049e-01
7.520469400000000526e-01
7.534815700000000449e-01
7.548434699999999609e-01
7.561348700000000145e-01
7.573580699999999943e-01
7.585151799999999556e-01
7.596083300000000538e-01
7.606395500000000531e-01
7.616106900000000346e-01
7.625237700000000451e-01
7.633805900000000255e-01
7.641828699999999586e-01
7.649323300000000492e-01
7.656306600000000184e-01
7.662794600000000234e-01
7.668802099999999511e-01
7.674345399999999984e-01
7.679437999999999542e-01
7.684094299999999489e-01
7.688327400000000145e-01
7.692151699999999481e-01
7.695578299999999983e-01
7.698621199999999831e-01
7.701290800000000214e-01
7.703599899999999945e-01
7.705559100000000106e-01
7.707179199999999453e-01
7.708470200000000494e-01
7.709443599999999952e-01
7.710108199999999856e-01
7.710473500000000202e-01
7.710549199999999770e-01
7.710344199999999981e-01
7.709866800000000353e-01
7.709125300000000403e-01
7.708128100000000149e-01
7.706882400000000244e-01
7.705397000000000496e-01
7.703678000000000470e-01
7.701733099999999999e-01
7.699569499999999733e-01
7.697192999999999952e-01
7.694611000000000089e-01
7.691829199999999922e-01
7.688853700000000124e-01
7.685690499999999759e-01
7.682344899999999921e-01
7.678822899999999674e-01
7.675129800000000113e-01
7.671270999999999507e-01
7.667250599999999583e-01
7.663074100000000222e-01
7.658746199999999504e-01
7.654271099999999661e-01
7.649653600000000386e-01
7.644897699999999574e-01
7.640007699999999957e-01
7.634987199999999641e-01
7.629841000000000539e-01
7.624571900000000069e-01
7.619183699999999559e-01
7.613680400000000237e-01
7.608065000000000522e-01
7.602340600000000448e-01
7.596510600000000446e-01
7.590578799999999626e-01
7.584547400000000161e-01
7.578418900000000180e-01
7.572197299999999798e-01
7.565884600000000182e-01
7.559483599999999859e-01
7.552996899999999680e-01
7.546426699999999599e-01
7.539775399999999461e-01
7.533045999999999909e-01
7.526239799999999702e-01
7.519359599999999588e-01
7.512406700000000548e-01
7.505384699999999576e-01
7.498294100000000295e-01
7.491137399999999724e-01
7.483916299999999744e-01
7.476632600000000517e-01
7.469288099999999986e-01
7.461883999999999739e-01
7.454422699999999624e-01
7.446905400000000119e-01
7.439333799999999774e-01
7.431709199999999571e-01
7.424032699999999485e-01
7.416306099999999679e-01
7.408530100000000340e-01
7.400706999999999702e-01
7.392836799999999986e-01
7.384921899999999928e-01
7.376962900000000323e-01
7.368960399999999744e-01
7.360916100000000073e-01
7.352831399999999462e-01
7.344706100000000237e-01
7.336542000000000341e-01
7.328339799999999959e-01
7.320100699999999572e-01
7.311825199999999469e-01
7.303513900000000447e-01
7.295168600000000447e-01
7.286788800000000288e-01
7.278376199999999629e-01
7.269930799999999582e-01
7.261453300000000333e-01
7.252945299999999929e-01
7.244406300000000298e-01
7.235837600000000203e-01
7.227239600000000541e-01
7.218613000000000390e-01
7.209957799999999750e-01
7.201274600000000525e-01
7.192564599999999864e-01
7.183827200000000301e-01
7.175063499999999594e-01
7.166274200000000150e-01
7.157459299999999747e-01
7.148618700000000104e-01
7.139753699999999981e-01
7.130863699999999694e-01
7.121949800000000330e-01
7.113012100000000171e-01
7.104050499999999824e-01
7.095065699999999476e-01
7.086057700000000237e-01
7.077027000000000179e-01
7.067972999999999617e-01
7.058896999999999533e-01
7.049798999999999927e-01
7.040678299999999501e-01
7.031535500000000161e-01
7.022371299999999872e-01
7.013184999999999558e-01
7.003977300000000517e-01
6.994748100000000024e-01
6.985497499999999693e-01
6.976225400000000132e-01
6.966931800000000230e-01
6.957616800000000490e-01
6.948280900000000093e-01
6.938923599999999858e-01
6.929544800000000393e-01
6.920144599999999979e-01
6.910723399999999517e-01
6.901280899999999718e-01
6.891816899999999579e-01
6.882331400000000210e-01
6.872824400000000500e-01
6.863295400000000157e-01
6.853744999999999976e-01
6.844172499999999770e-01
6.834578500000000334e-01
6.824961899999999471e-01
6.815323199999999693e-01
6.805662500000000392e-01
6.795978499999999478e-01
6.786272500000000152e-01
6.776543299999999714e-01
6.766790700000000491e-01
6.757014999999999549e-01
6.747215399999999530e-01
6.737391900000000433e-01
6.727544699999999933e-01
6.717672900000000169e-01
6.707776800000000428e-01
6.697855600000000020e-01
6.687909399999999449e-01
6.677937499999999638e-01
6.667939999999999978e-01
6.657916299999999676e-01
6.647866399999999842e-01
6.637789600000000290e-01
6.627685399999999616e-01
6.617553800000000042e-01
6.607394199999999662e-01
6.597205999999999904e-01
6.586989800000000450e-01
6.576743699999999526e-01
6.566468500000000041e-01
6.556162800000000512e-01
6.545827400000000518e-01
6.535460400000000503e-01
6.525061699999999965e-01
6.514631499999999908e-01
6.504169100000000148e-01
6.493673300000000204e-01
6.483143599999999784e-01
6.472580399999999790e-01
6.461982099999999951e-01
6.451349299999999953e-01
6.440679999999999739e-01
6.429974400000000312e-01
6.419231300000000084e-01
6.408451200000000458e-01
6.397631799999999869e-01
6.386774200000000512e-01
6.375876099999999713e-01
6.364937999999999985e-01
6.353958199999999445e-01
6.342936799999999709e-01
6.331872299999999898e-01
6.320764399999999616e-01
6.309612399999999788e-01
6.298415099999999933e-01
6.287171200000000182e-01
6.275880900000000429e-01
6.264542899999999692e-01
6.253156100000000217e-01
6.241719100000000520e-01
6.230232100000000495e-01
6.218693299999999979e-01
6.207101299999999711e-01
6.195456400000000086e-01
6.183756000000000252e-01
6.172000199999999603e-01
6.160187700000000488e-01
6.148316299999999623e-01
6.136386400000000130e-01
6.124395700000000442e-01
6.112343099999999474e-01
6.100227200000000183e-01
6.088046999999999764e-01
6.075801299999999960e-01
6.063488700000000398e-01
6.051107000000000014e-01
6.038655600000000234e-01
6.026132699999999787e-01
6.013536999999999910e-01
6.000866299999999542e-01
5.988119200000000530e-01
5.975294100000000386e-01
5.962389700000000348e-01
5.949402999999999775e-01
5.936333499999999486e-01
5.923178799999999633e-01
5.909936999999999552e-01
5.896605299999999605e-01
5.883182900000000215e-01
5.869666900000000131e-01
5.856055000000000010e-01
5.842345399999999689e-01
5.828535599999999928e-01
5.814623199999999770e-01
5.800605399999999578e-01
5.786479700000000115e-01
5.772243700000000421e-01
5.757893899999999565e-01
5.743428499999999604e-01
5.728843799999999709e-01
5.714137599999999928e-01
5.699305500000000357e-01
5.684344799999999642e-01
5.669251699999999783e-01
5.654023299999999530e-01
5.638655999999999668e-01
5.623145099999999896e-01
5.607487599999999572e-01
5.591678599999999610e-01
5.575714699999999580e-01
5.559590500000000102e-01
5.543301699999999554e-01
5.526844300000000043e-01
5.510211600000000098e-01
5.493400099999999897e-01
5.476403199999999583e-01
5.459215600000000279e-01
5.441831400000000096e-01
5.424243800000000393e-01
5.406447599999999465e-01
5.388434500000000016e-01
5.370198499999999653e-01
5.351731199999999466e-01
5.333024899999999624e-01
5.314072399999999474e-01
5.294863600000000448e-01
5.275390100000000304e-01
5.255642499999999551e-01
5.235610000000000541e-01
5.215282399999999763e-01
5.194647900000000096e-01
5.173695099999999769e-01
5.152411500000000366e-01
5.130782699999999474e-01
5.108795799999999998e-01
5.086434499999999970e-01
5.063683399999999724e-01
5.040524600000000355e-01
5.016940800000000422e-01
4.992911199999999772e-01
4.968415800000000049e-01
4.943431600000000037e-01
4.917934199999999811e-01
4.891898000000000080e-01
4.865294399999999797e-01
4.838092900000000030e-01
4.810260800000000225e-01
4.781761800000000062e-01
4.752556399999999792e-01
4.722602100000000136e-01
4.691851699999999847e-01
4.660253200000000207e-01
4.627749600000000130e-01
4.594277099999999892e-01
4.559765199999999963e-01
4.524134400000000000e-01
4.487295700000000220e-01
4.449148199999999886e-01
4.409577299999999922e-01
4.368451500000000154e-01
4.325618999999999992e-01
4.280902999999999792e-01
4.234095500000000234e-01
4.184950000000000059e-01
4.133168500000000134e-01
4.078387900000000066e-01
4.020157799999999892e-01
3.957905800000000029e-01
3.890889900000000234e-01
3.818117100000000264e-01
3.738207199999999952e-01
3.649148300000000233e-01
3.547807900000000125e-01
3.428844200000000231e-01
3.281826099999999857e-01
3.081684399999999879e-01
2.755504300000000129e-01
2.254799299999999951e-01
