3.540000000000000000e+02
0.000000000000000000e+00
1.764999999999999858e+01
2.301896800000000076e-01
1.810143300000000011e-01
1.415609100000000120e-01
1.106012900000000049e-01
8.643623400000000068e-02
6.763651199999999586e-02
5.307921000000000167e-02
4.191306200000000093e-02
3.352410699999999744e-02
2.750721000000000069e-02
2.363279800000000000e-02
2.179745799999999872e-02
2.196820799999999949e-02
2.414600199999999974e-02
2.834263999999999881e-02
3.454931800000000247e-02
4.270848599999999690e-02
5.270534799999999909e-02
6.437578100000000692e-02
7.752172599999999913e-02
9.192767000000000299e-02
1.073749100000000040e-01
1.236522800000000033e-01
1.405631800000000098e-01
1.579297199999999957e-01
1.755944000000000116e-01
1.934203499999999909e-01
2.112903100000000089e-01
2.291053200000000012e-01
2.467827599999999899e-01
2.642546599999999746e-01
2.814656200000000275e-01
2.983713700000000246e-01
3.149369399999999986e-01
3.311353599999999897e-01
3.469464800000000015e-01
3.623556800000000133e-01
3.773531299999999811e-01
3.919329899999999811e-01
4.060925499999999966e-01
4.198318699999999959e-01
4.331530599999999787e-01
4.460601200000000044e-01
4.585583799999999877e-01
4.706543100000000202e-01
4.823553300000000266e-01
4.936694500000000096e-01
5.046052899999999841e-01
5.151717099999999494e-01
5.253779299999999930e-01
5.352333200000000124e-01
5.447473499999999635e-01
5.539294500000000454e-01
5.627889600000000048e-01
5.713353799999999483e-01
5.795778000000000318e-01
5.875253700000000467e-01
5.951870099999999608e-01
6.025714899999999874e-01
6.096872700000000034e-01
6.165428800000000154e-01
6.231463000000000418e-01
6.295055699999999588e-01
6.356283999999999823e-01
6.415222299999999711e-01
6.471944499999999767e-01
6.526520300000000496e-01
6.579019400000000184e-01
6.629508100000000015e-01
6.678050199999999714e-01
6.724709300000000223e-01
6.769545099999999538e-01
6.812617199999999595e-01
6.853981000000000101e-01
6.893693199999999521e-01
6.931804999999999772e-01
6.968369500000000105e-01
7.003435500000000369e-01
7.037051300000000120e-01
7.069264100000000051e-01
7.100118399999999497e-01
7.129657299999999642e-01
7.157923600000000164e-01
7.184957299999999991e-01
7.210798899999999456e-01
7.235485299999999675e-01
7.259054200000000234e-01
7.281540600000000474e-01
7.302978599999999654e-01
7.323402799999999546e-01
7.342843999999999482e-01
7.361334000000000488e-01
7.378902400000000306e-01
7.395578600000000113e-01
7.411391099999999899e-01
7.426366199999999695e-01
7.440530699999999831e-01
7.453910099999999650e-01
7.466528999999999527e-01
7.478411200000000258e-01
7.489579299999999940e-01
7.500055399999999706e-01
7.509862200000000376e-01
7.519019200000000014e-01
7.527546899999999486e-01
7.535465399999999869e-01
7.542792600000000069e-01
7.549547599999999470e-01
7.555747000000000435e-01
7.561408899999999544e-01
7.566549200000000086e-01
7.571183999999999692e-01
7.575328900000000143e-01
7.578998200000000018e-01
7.582207300000000094e-01
7.584969400000000084e-01
7.587298799999999677e-01
7.589207900000000118e-01
7.590709900000000010e-01
7.591816200000000014e-01
7.592539799999999950e-01
7.592891499999999683e-01
7.592882499999999979e-01
7.592524299999999782e-01
7.591826299999999694e-01
7.590798699999999899e-01
7.589452300000000262e-01
7.587795299999999799e-01
7.585837199999999614e-01
7.583587200000000417e-01
7.581053399999999609e-01
7.578244800000000225e-01
7.575169200000000380e-01
7.571833700000000222e-01
7.568246699999999771e-01
7.564414699999999492e-01
7.560345499999999719e-01
7.556045700000000309e-01
7.551521700000000115e-01
7.546780100000000102e-01
7.541826999999999837e-01
7.536668199999999596e-01
7.531309699999999552e-01
7.525757600000000380e-01
7.520016400000000267e-01
7.514092300000000391e-01
7.507989999999999942e-01
7.501713599999999538e-01
7.495269199999999854e-01
7.488660799999999895e-01
7.481893299999999858e-01
7.474970199999999565e-01
7.467896299999999821e-01
7.460675799999999525e-01
7.453312300000000112e-01
7.445809199999999795e-01
7.438170899999999586e-01
7.430400799999999917e-01
7.422501999999999711e-01
7.414478100000000405e-01
7.406331900000000523e-01
7.398067099999999785e-01
7.389686100000000257e-01
7.381192399999999543e-01
7.372588500000000211e-01
7.363877300000000181e-01
7.355060599999999615e-01
7.346141899999999447e-01
7.337123800000000529e-01
7.328007199999999610e-01
7.318795900000000243e-01
7.309491599999999867e-01
7.300096200000000257e-01
7.290611299999999462e-01
7.281039999999999734e-01
7.271383399999999941e-01
7.261644000000000432e-01
7.251822399999999780e-01
7.241921399999999842e-01
7.231941800000000198e-01
7.221885900000000191e-01
7.211754900000000301e-01
7.201549999999999896e-01
7.191273000000000248e-01
7.180925000000000225e-01
7.170506700000000011e-01
7.160020499999999455e-01
7.149466899999999958e-01
7.138847099999999779e-01
7.128162399999999899e-01
7.117413299999999499e-01
7.106601000000000168e-01
7.095726700000000164e-01
7.084790499999999991e-01
7.073794599999999599e-01
7.062738499999999808e-01
7.051623500000000488e-01
7.040450000000000319e-01
7.029218699999999487e-01
7.017930700000000188e-01
7.006586200000000098e-01
6.995186199999999799e-01
6.983730799999999794e-01
6.972219899999999582e-01
6.960654899999999534e-01
6.949035500000000365e-01
6.937362599999999935e-01
6.925636499999999751e-01
6.913856900000000527e-01
6.902024700000000124e-01
6.890139600000000364e-01
6.878201999999999927e-01
6.866212499999999608e-01
6.854170000000000540e-01
6.842076200000000163e-01
6.829929900000000220e-01
6.817731299999999495e-01
6.805480699999999494e-01
6.793178300000000114e-01
6.780823499999999449e-01
6.768416200000000327e-01
6.755957000000000212e-01
6.743444800000000239e-01
6.730879499999999904e-01
6.718261199999999711e-01
6.705589899999999659e-01
6.692864899999999562e-01
6.680085700000000237e-01
6.667252200000000073e-01
6.654363899999999887e-01
6.641420700000000288e-01
6.628422099999999872e-01
6.615366900000000383e-01
6.602255099999999599e-01
6.589086699999999741e-01
6.575859800000000144e-01
6.562575099999999884e-01
6.549230799999999908e-01
6.535826900000000217e-01
6.522362800000000016e-01
6.508837299999999937e-01
6.495249899999999688e-01
6.481599200000000005e-01
6.467885399999999674e-01
6.454106600000000249e-01
6.440262199999999826e-01
6.426351099999999539e-01
6.412372600000000311e-01
6.398325599999999946e-01
6.384208200000000000e-01
6.370020499999999863e-01
6.355760099999999690e-01
6.341426999999999481e-01
6.327018699999999995e-01
6.312534199999999540e-01
6.297972200000000464e-01
6.283332099999999754e-01
6.268610999999999489e-01
6.253808100000000092e-01
6.238921299999999892e-01
6.223949800000000421e-01
6.208891300000000113e-01
6.193743900000000524e-01
6.178506000000000276e-01
6.163176299999999497e-01
6.147751200000000082e-01
6.132230199999999520e-01
6.116610199999999997e-01
6.100889999999999924e-01
6.085066199999999981e-01
6.069136899999999502e-01
6.053100200000000042e-01
6.036952700000000060e-01
6.020691999999999711e-01
6.004315599999999753e-01
5.987820600000000049e-01
5.971203999999999956e-01
5.954462900000000447e-01
5.937593599999999583e-01
5.920593699999999737e-01
5.903459199999999685e-01
5.886186399999999708e-01
5.868772300000000275e-01
5.851212099999999472e-01
5.833502999999999883e-01
5.815640100000000201e-01
5.797618599999999622e-01
5.779435600000000228e-01
5.761084600000000444e-01
5.742562399999999734e-01
5.723862600000000356e-01
5.704979900000000104e-01
5.685909999999999576e-01
5.666645799999999733e-01
5.647181900000000088e-01
5.627511699999999673e-01
5.607628799999999636e-01
5.587526000000000437e-01
5.567195999999999811e-01
5.546631199999999540e-01
5.525823800000000396e-01
5.504764899999999850e-01
5.483445500000000417e-01
5.461856699999999565e-01
5.439988999999999519e-01
5.417830900000000227e-01
5.395371899999999998e-01
5.372600600000000393e-01
5.349504899999999452e-01
5.326070800000000105e-01
5.302284999999999915e-01
5.278133200000000302e-01
5.253599300000000305e-01
5.228666699999999778e-01
5.203318000000000110e-01
5.177533600000000513e-01
5.151293900000000203e-01
5.124576100000000078e-01
5.097358199999999506e-01
5.069614099999999457e-01
5.041316700000000317e-01
5.012437100000000090e-01
4.982942899999999731e-01
4.952799999999999980e-01
4.921971299999999827e-01
4.890414799999999729e-01
4.858086400000000138e-01
4.824936400000000014e-01
4.790910800000000025e-01
4.755948799999999976e-01
4.719983899999999899e-01
4.682941400000000254e-01
4.644737500000000185e-01
4.605277799999999977e-01
4.564455399999999829e-01
4.522148400000000068e-01
4.478215600000000074e-01
4.432494900000000237e-01
4.384796000000000249e-01
4.334894100000000194e-01
4.282521000000000244e-01
4.227351500000000040e-01
4.168986700000000267e-01
4.106925399999999948e-01
4.040528199999999792e-01
3.968953199999999959e-01
3.891057399999999777e-01
3.805222200000000221e-01
3.709026000000000267e-01
3.598561000000000121e-01
3.466804600000000236e-01
3.298865599999999954e-01
3.054259999999999753e-01
2.630266499999999730e-01
