3.500000000000000000e+02
0.000000000000000000e+00
1.745000100000000032e+01
2.308484899999999895e-01
1.815279099999999868e-01
1.419593700000000014e-01
1.109103599999999995e-01
8.667582299999999906e-02
6.782195700000000216e-02
5.322231699999999815e-02
4.202291699999999991e-02
3.360771800000000170e-02
2.757007399999999997e-02
2.367945600000000150e-02
2.183189199999999858e-02
2.199402099999999902e-02
2.416640100000000055e-02
2.836045400000000022e-02
3.456703600000000237e-02
4.272827500000000306e-02
5.272904800000000058e-02
6.440487500000000032e-02
7.755730299999999411e-02
9.197045900000000440e-02
1.074252900000000066e-01
1.237102999999999953e-01
1.406286800000000059e-01
1.580023000000000122e-01
1.756735299999999944e-01
1.935053499999999926e-01
2.113804400000000028e-01
2.291997799999999919e-01
2.468807399999999874e-01
2.643553000000000153e-01
2.815681099999999826e-01
2.984749099999999822e-01
3.150407399999999858e-01
3.312386600000000181e-01
3.470485200000000270e-01
3.624558199999999841e-01
3.774507300000000121e-01
3.920273799999999809e-01
4.061831799999999770e-01
4.199181799999999742e-01
4.332345400000000013e-01
4.461362999999999857e-01
4.586287700000000189e-01
4.707185600000000081e-01
4.824129899999999860e-01
4.937201999999999980e-01
5.046487499999999793e-01
5.152075900000000486e-01
5.254059399999999602e-01
5.352531699999999448e-01
5.447587400000000191e-01
5.539321299999999670e-01
5.627827600000000485e-01
5.713200600000000184e-01
5.795531900000000514e-01
5.874912100000000414e-01
5.951431999999999833e-01
6.025177800000000028e-01
6.096236099999999825e-01
6.164690299999999734e-01
6.230621899999999602e-01
6.294110400000000327e-01
6.355232600000000343e-01
6.414064800000000011e-01
6.470678399999999497e-01
6.525145799999999552e-01
6.577534699999999512e-01
6.627911899999999745e-01
6.676341900000000162e-01
6.722887800000000302e-01
6.767609700000000172e-01
6.810566799999999699e-01
6.851814999999999989e-01
6.891410399999999825e-01
6.929404700000000306e-01
6.965850599999999782e-01
7.000797399999999504e-01
7.034293400000000140e-01
7.066385099999999975e-01
7.097117899999999535e-01
7.126534599999999608e-01
7.154677499999999579e-01
7.181587200000000282e-01
7.207303600000000143e-01
7.231864900000000151e-01
7.255306799999999834e-01
7.277666299999999699e-01
7.298976799999999932e-01
7.319271600000000211e-01
7.338583499999999926e-01
7.356942899999999730e-01
7.374380799999999958e-01
7.390925299999999698e-01
7.406604300000000363e-01
7.421446400000000221e-01
7.435476800000000441e-01
7.448720899999999867e-01
7.461203299999999983e-01
7.472948400000000158e-01
7.483978900000000101e-01
7.494316699999999942e-01
7.503984000000000210e-01
7.513001000000000262e-01
7.521387899999999460e-01
7.529164000000000412e-01
7.536348699999999567e-01
7.542959500000000483e-01
7.549014699999999634e-01
7.554530499999999593e-01
7.559524800000000377e-01
7.564011800000000063e-01
7.568008299999999799e-01
7.571528600000000386e-01
7.574587499999999585e-01
7.577198699999999620e-01
7.579376100000000394e-01
7.581132099999999818e-01
7.582479699999999934e-01
7.583431600000000161e-01
7.583999599999999841e-01
7.584194499999999950e-01
7.584027599999999536e-01
7.583510300000000370e-01
7.582652600000000520e-01
7.581464599999999665e-01
7.579956100000000419e-01
7.578136300000000158e-01
7.576014399999999593e-01
7.573599800000000437e-01
7.570900299999999694e-01
7.567924900000000399e-01
7.564680599999999977e-01
7.561176400000000353e-01
7.557419499999999957e-01
7.553416499999999756e-01
7.549175000000000191e-01
7.544701700000000510e-01
7.540003699999999753e-01
7.535086300000000126e-01
7.529956700000000058e-01
7.524620300000000039e-01
7.519082999999999739e-01
7.513350800000000440e-01
7.507429100000000410e-01
7.501322599999999952e-01
7.495036699999999552e-01
7.488576200000000016e-01
7.481945800000000535e-01
7.475150799999999984e-01
7.468194999999999695e-01
7.461082900000000073e-01
7.453818899999999914e-01
7.446406500000000150e-01
7.438849800000000290e-01
7.431153099999999734e-01
7.423319200000000340e-01
7.415352499999999791e-01
7.407255799999999946e-01
7.399032700000000018e-01
7.390686300000000042e-01
7.382219399999999654e-01
7.373635800000000184e-01
7.364937700000000476e-01
7.356128100000000059e-01
7.347209500000000393e-01
7.338184700000000005e-01
7.329056299999999746e-01
7.319826499999999569e-01
7.310497799999999824e-01
7.301071900000000170e-01
7.291551800000000139e-01
7.281939400000000395e-01
7.272236300000000098e-01
7.262445100000000098e-01
7.252566799999999869e-01
7.242603899999999761e-01
7.232558100000000545e-01
7.222430699999999870e-01
7.212223399999999618e-01
7.201937999999999951e-01
7.191575799999999630e-01
7.181138400000000033e-01
7.170626500000000236e-01
7.160042500000000087e-01
7.149386399999999586e-01
7.138660599999999690e-01
7.127865599999999580e-01
7.117002599999999735e-01
7.106072300000000341e-01
7.095076399999999950e-01
7.084015599999999857e-01
7.072889799999999560e-01
7.061701400000000017e-01
7.050450400000000117e-01
7.039137500000000047e-01
7.027763700000000391e-01
7.016329199999999933e-01
7.004835000000000367e-01
6.993281799999999659e-01
6.981670300000000218e-01
6.970000299999999926e-01
6.958272500000000083e-01
6.946487999999999552e-01
6.934645799999999971e-01
6.922748100000000182e-01
6.910793200000000525e-01
6.898782799999999549e-01
6.886717100000000480e-01
6.874595900000000093e-01
6.862418700000000316e-01
6.850186600000000015e-01
6.837899699999999692e-01
6.825557899999999956e-01
6.813160799999999906e-01
6.800708800000000442e-01
6.788201299999999661e-01
6.775639700000000154e-01
6.763021900000000253e-01
6.750349399999999722e-01
6.737620800000000409e-01
6.724836800000000281e-01
6.711996799999999652e-01
6.699100099999999447e-01
6.686147500000000354e-01
6.673137500000000388e-01
6.660069800000000262e-01
6.646944900000000267e-01
6.633762100000000217e-01
6.620520399999999528e-01
6.607219600000000526e-01
6.593858599999999903e-01
6.580437999999999565e-01
6.566956000000000460e-01
6.553412699999999758e-01
6.539806700000000417e-01
6.526138200000000111e-01
6.512405300000000397e-01
6.498608599999999846e-01
6.484745699999999724e-01
6.470816700000000532e-01
6.456821000000000366e-01
6.442756699999999670e-01
6.428623199999999871e-01
6.414418800000000198e-01
6.400144100000000336e-01
6.385796099999999642e-01
6.371374699999999835e-01
6.356878299999999538e-01
6.342305499999999485e-01
6.327655300000000205e-01
6.312925799999999921e-01
6.298116400000000059e-01
6.283224800000000165e-01
6.268249799999999761e-01
6.253189999999999582e-01
6.238043300000000180e-01
6.222807799999999778e-01
6.207482800000000411e-01
6.192064900000000538e-01
6.176553999999999656e-01
6.160946499999999659e-01
6.145240699999999778e-01
6.129435300000000142e-01
6.113527399999999501e-01
6.097514600000000229e-01
6.081394599999999651e-01
6.065164800000000245e-01
6.048823599999999523e-01
6.032366799999999696e-01
6.015793099999999782e-01
5.999098999999999959e-01
5.982281000000000404e-01
5.965336599999999656e-01
5.948262800000000405e-01
5.931056099999999498e-01
5.913712399999999647e-01
5.896229100000000001e-01
5.878601700000000152e-01
5.860826999999999565e-01
5.842900300000000158e-01
5.824817399999999701e-01
5.806574799999999481e-01
5.788167100000000120e-01
5.769589499999999704e-01
5.750837300000000152e-01
5.731905099999999864e-01
5.712787499999999463e-01
5.693479799999999758e-01
5.673974800000000096e-01
5.654266500000000306e-01
5.634348999999999608e-01
5.614215099999999570e-01
5.593857800000000546e-01
5.573269699999999771e-01
5.552442699999999842e-01
5.531368899999999922e-01
5.510039300000000306e-01
5.488445800000000263e-01
5.466577400000000031e-01
5.444424199999999825e-01
5.421976400000000362e-01
5.399222399999999977e-01
5.376149399999999856e-01
5.352746200000000343e-01
5.328998000000000346e-01
5.304891499999999649e-01
5.280411799999999989e-01
5.255541799999999819e-01
5.230264700000000211e-01
5.204562499999999536e-01
5.178415200000000551e-01
5.151802300000000168e-01
5.124700699999999998e-01
5.097087000000000145e-01
5.068934600000000179e-01
5.040215300000000509e-01
5.010898700000000483e-01
4.980952100000000105e-01
4.950339200000000162e-01
4.919021399999999877e-01
4.886955299999999891e-01
4.854094400000000253e-01
4.820387099999999814e-01
4.785776099999999866e-01
4.750198099999999868e-01
4.713583299999999920e-01
4.675852400000000131e-01
4.636917400000000189e-01
4.596677699999999755e-01
4.555019699999999783e-01
4.511813499999999810e-01
4.466908600000000229e-01
4.420129700000000050e-01
4.371271999999999935e-01
4.320091300000000190e-01
4.266295099999999896e-01
4.209526199999999996e-01
4.149341599999999963e-01
4.085181399999999741e-01
4.016321299999999761e-01
3.941794299999999973e-01
3.860264400000000262e-01
3.769792599999999827e-01
3.667384399999999989e-01
3.547985300000000009e-01
3.401871599999999884e-01
3.206101700000000276e-01
2.891997399999999829e-01
2.383935899999999886e-01
