4.220000000000000000e+02
0.000000000000000000e+00
2.104999899999999968e+01
2.224809700000000001e-01
1.750043799999999872e-01
1.368984400000000101e-01
1.069850100000000054e-01
8.363317700000000299e-02
6.546714200000000594e-02
5.140517299999999845e-02
4.062784800000000113e-02
3.254537999999999875e-02
2.676999000000000045e-02
2.308322100000000099e-02
2.138804100000000000e-02
2.165599699999999975e-02
2.389269100000000062e-02
2.811449599999999924e-02
3.431668899999999744e-02
4.244562600000000019e-02
5.239061999999999886e-02
6.399200100000000668e-02
7.705630400000000602e-02
9.137253500000000472e-02
1.067261199999999938e-01
1.229095199999999943e-01
1.397291300000000069e-01
1.570094800000000068e-01
1.745949099999999921e-01
1.923498700000000061e-01
2.101580399999999904e-01
2.279210200000000019e-01
2.455565200000000003e-01
2.629965799999999798e-01
2.801858199999999743e-01
2.970796499999999729e-01
3.136428299999999836e-01
3.298480799999999880e-01
3.456747199999999909e-01
3.611078300000000185e-01
3.761370800000000125e-01
3.907561600000000190e-01
4.049619400000000202e-01
4.187540399999999940e-01
4.321341799999999789e-01
4.451059700000000174e-01
4.576743200000000233e-01
4.698454100000000189e-01
4.816262700000000230e-01
4.930246200000000245e-01
5.040487599999999846e-01
5.147073300000000184e-01
5.250092100000000039e-01
5.349636100000000338e-01
5.445796800000000104e-01
5.538667400000000240e-01
5.628339599999999665e-01
5.714905300000000521e-01
5.798454899999999634e-01
5.879077900000000412e-01
5.956862600000000230e-01
6.031894700000000054e-01
6.104258900000000265e-01
6.174038099999999973e-01
6.241311999999999971e-01
6.306159500000000362e-01
6.368656799999999896e-01
6.428878300000000490e-01
6.486896899999999855e-01
6.542781600000000530e-01
6.596601600000000509e-01
6.648422499999999680e-01
6.698308600000000279e-01
6.746321899999999649e-01
6.792522100000000229e-01
6.836968700000000121e-01
6.879717100000000141e-01
6.920822300000000205e-01
6.960337199999999669e-01
6.998313699999999526e-01
7.034800599999999626e-01
7.069845799999999736e-01
7.103496799999999833e-01
7.135797699999999466e-01
7.166791599999999818e-01
7.196521799999999747e-01
7.225027699999999609e-01
7.252348699999999759e-01
7.278523999999999550e-01
7.303589000000000331e-01
7.327580500000000496e-01
7.350531799999999727e-01
7.372477100000000005e-01
7.393448400000000031e-01
7.413476100000000457e-01
7.432590700000000217e-01
7.450822000000000278e-01
7.468197300000000149e-01
7.484744199999999736e-01
7.500488800000000289e-01
7.515456700000000545e-01
7.529673000000000060e-01
7.543160300000000262e-01
7.555943099999999912e-01
7.568042900000000461e-01
7.579481599999999819e-01
7.590280200000000255e-01
7.600458300000000333e-01
7.610035499999999731e-01
7.619031099999999945e-01
7.627462699999999485e-01
7.635349000000000164e-01
7.642706599999999906e-01
7.649552200000000468e-01
7.655901899999999483e-01
7.661770599999999654e-01
7.667173699999999537e-01
7.672125699999999826e-01
7.676640700000000317e-01
7.680732000000000115e-01
7.684413799999999517e-01
7.687697399999999792e-01
7.690595999999999544e-01
7.693121400000000332e-01
7.695285099999999989e-01
7.697097699999999598e-01
7.698571100000000111e-01
7.699715499999999491e-01
7.700540399999999952e-01
7.701055999999999457e-01
7.701271800000000223e-01
7.701197300000000023e-01
7.700840799999999486e-01
7.700211999999999612e-01
7.699317900000000048e-01
7.698167599999999888e-01
7.696768000000000498e-01
7.695127699999999571e-01
7.693253199999999792e-01
7.691152700000000175e-01
7.688831699999999492e-01
7.686297899999999794e-01
7.683557300000000145e-01
7.680616399999999899e-01
7.677480599999999544e-01
7.674157000000000339e-01
7.670649899999999466e-01
7.666965700000000217e-01
7.663109900000000252e-01
7.659086600000000189e-01
7.654902300000000492e-01
7.650560100000000086e-01
7.646066500000000543e-01
7.641424500000000286e-01
7.636639499999999803e-01
7.631714899999999524e-01
7.626655700000000149e-01
7.621465299999999887e-01
7.616148000000000362e-01
7.610707300000000286e-01
7.605146799999999985e-01
7.599470000000000391e-01
7.593680600000000114e-01
7.587781500000000401e-01
7.581775800000000176e-01
7.575667499999999555e-01
7.569458500000000312e-01
7.563152300000000050e-01
7.556751400000000229e-01
7.550258600000000486e-01
7.543677100000000246e-01
7.537008499999999778e-01
7.530255900000000224e-01
7.523421599999999820e-01
7.516508100000000026e-01
7.509517100000000500e-01
7.502450899999999478e-01
7.495311500000000349e-01
7.488101099999999732e-01
7.480822200000000199e-01
7.473475899999999505e-01
7.466064700000000220e-01
7.458589700000000100e-01
7.451053300000000101e-01
7.443456099999999909e-01
7.435800999999999661e-01
7.428088800000000047e-01
7.420321100000000225e-01
7.412499200000000066e-01
7.404624800000000340e-01
7.396699799999999492e-01
7.388724100000000350e-01
7.380700100000000541e-01
7.372628500000000251e-01
7.364510300000000065e-01
7.356347399999999537e-01
7.348140499999999964e-01
7.339890599999999710e-01
7.331598400000000071e-01
7.323265100000000416e-01
7.314892400000000405e-01
7.306479799999999747e-01
7.298029700000000508e-01
7.289541999999999966e-01
7.281017300000000025e-01
7.272457500000000241e-01
7.263861900000000427e-01
7.255232299999999634e-01
7.246568799999999477e-01
7.237873099999999615e-01
7.229143999999999570e-01
7.220383900000000299e-01
7.211592199999999897e-01
7.202770099999999953e-01
7.193918200000000152e-01
7.185036500000000492e-01
7.176126200000000344e-01
7.167186700000000021e-01
7.158219200000000004e-01
7.149224299999999976e-01
7.140201299999999751e-01
7.131152200000000496e-01
7.122076200000000412e-01
7.112973299999999499e-01
7.103845500000000035e-01
7.094691400000000536e-01
7.085512299999999764e-01
7.076307499999999751e-01
7.067078399999999760e-01
7.057824700000000506e-01
7.048546100000000481e-01
7.039243600000000267e-01
7.029916600000000182e-01
7.020566499999999488e-01
7.011191799999999530e-01
7.001794000000000073e-01
6.992372300000000429e-01
6.982927300000000281e-01
6.973459100000000133e-01
6.963967699999999983e-01
6.954452399999999646e-01
6.944914500000000102e-01
6.935353300000000054e-01
6.925768900000000006e-01
6.916161199999999454e-01
6.906530300000000011e-01
6.896876100000000065e-01
6.887198700000000118e-01
6.877497999999999667e-01
6.867774100000000326e-01
6.858026400000000189e-01
6.848255399999999549e-01
6.838460600000000333e-01
6.828641899999999820e-01
6.818798799999999938e-01
6.808931799999999868e-01
6.799041000000000112e-01
6.789125200000000193e-01
6.779184900000000402e-01
6.769220200000000132e-01
6.759229900000000013e-01
6.749214500000000339e-01
6.739173499999999706e-01
6.729106900000000335e-01
6.719014599999999504e-01
6.708895599999999959e-01
6.698750300000000379e-01
6.688577500000000287e-01
6.678378000000000370e-01
6.668150999999999939e-01
6.657895999999999814e-01
6.647612999999999994e-01
6.637301399999999685e-01
6.626960600000000312e-01
6.616590599999999656e-01
6.606191399999999936e-01
6.595761199999999880e-01
6.585301199999999966e-01
6.574810100000000324e-01
6.564286900000000369e-01
6.553732799999999470e-01
6.543145799999999790e-01
6.532525399999999927e-01
6.521872300000000067e-01
6.511185200000000339e-01
6.500463499999999950e-01
6.489706600000000325e-01
6.478914599999999746e-01
6.468086199999999453e-01
6.457220900000000263e-01
6.446318599999999455e-01
6.435377599999999587e-01
6.424398399999999842e-01
6.413379900000000244e-01
6.402320900000000314e-01
6.391221900000000344e-01
6.380080599999999880e-01
6.368897599999999715e-01
6.357671599999999978e-01
6.346402199999999771e-01
6.335087400000000146e-01
6.323727999999999572e-01
6.312322000000000211e-01
6.300869000000000053e-01
6.289367700000000339e-01
6.277818099999999957e-01
6.266218399999999855e-01
6.254568099999999742e-01
6.242865899999999746e-01
6.231110699999999891e-01
6.219301799999999991e-01
6.207438100000000070e-01
6.195519000000000442e-01
6.183541999999999650e-01
6.171507200000000415e-01
6.159412899999999746e-01
6.147257699999999492e-01
6.135041100000000469e-01
6.122761399999999687e-01
6.110416699999999812e-01
6.098006400000000049e-01
6.085529299999999919e-01
6.072983100000000078e-01
6.060367199999999732e-01
6.047679200000000144e-01
6.034918400000000016e-01
6.022083200000000192e-01
6.009170999999999818e-01
5.996180800000000533e-01
5.983111300000000243e-01
5.969959500000000530e-01
5.956724300000000305e-01
5.943404399999999699e-01
5.929997000000000185e-01
5.916500099999999485e-01
5.902911400000000475e-01
5.889229799999999848e-01
5.875452199999999792e-01
5.861576200000000458e-01
5.847600099999999967e-01
5.833521499999999582e-01
5.819337399999999771e-01
5.805044799999999894e-01
5.790641899999999787e-01
5.776125800000000421e-01
5.761493399999999543e-01
5.746741300000000052e-01
5.731867600000000174e-01
5.716867399999999710e-01
5.701739200000000007e-01
5.686478600000000050e-01
5.671082100000000015e-01
5.655545600000000395e-01
5.639866599999999730e-01
5.624039800000000255e-01
5.608061600000000535e-01
5.591927799999999449e-01
5.575633599999999523e-01
5.559174999999999534e-01
5.542546499999999599e-01
5.525742799999999733e-01
5.508759600000000534e-01
5.491591099999999503e-01
5.474231200000000408e-01
5.456674099999999639e-01
5.438913699999999851e-01
5.420943499999999471e-01
5.402755700000000383e-01
5.384344500000000089e-01
5.365701899999999469e-01
5.346819800000000011e-01
5.327689599999999581e-01
5.308303199999999666e-01
5.288650999999999769e-01
5.268724000000000185e-01
5.248510800000000254e-01
5.228002099999999874e-01
5.207185100000000233e-01
5.186049299999999640e-01
5.164580300000000124e-01
5.142766199999999621e-01
5.120591500000000185e-01
5.098041300000000220e-01
5.075100099999999559e-01
5.051749300000000220e-01
5.027971900000000050e-01
5.003746700000000214e-01
4.979053700000000138e-01
4.953869599999999873e-01
4.928170399999999840e-01
4.901929199999999764e-01
4.875118399999999741e-01
4.847706600000000199e-01
4.819660499999999792e-01
4.790944200000000208e-01
4.761517599999999795e-01
4.731337999999999933e-01
4.700357299999999849e-01
4.668523700000000165e-01
4.635779300000000269e-01
4.602059399999999800e-01
4.567292900000000100e-01
4.531399899999999925e-01
4.494290100000000177e-01
4.455861199999999744e-01
4.415997600000000078e-01
4.374565799999999838e-01
4.331411700000000198e-01
4.286356599999999739e-01
4.239188700000000032e-01
4.189657600000000204e-01
4.137460000000000027e-01
4.082226199999999805e-01
4.023495599999999950e-01
3.960683600000000082e-01
3.893029100000000020e-01
3.819510600000000089e-01
3.738703700000000074e-01
3.648520399999999886e-01
3.545688399999999962e-01
3.424570599999999798e-01
3.273988400000000243e-01
3.066447999999999952e-01
2.722631400000000146e-01
2.213725900000000080e-01
