4.150000000000000000e+02
0.000000000000000000e+00
2.070000100000000032e+01
2.231254900000000096e-01
1.755068899999999987e-01
1.372882599999999953e-01
1.072873099999999968e-01
8.386745299999999459e-02
6.564840700000000584e-02
5.154498700000000044e-02
4.073511099999999746e-02
3.262696000000000346e-02
2.683131199999999952e-02
2.312877799999999914e-02
2.142179599999999989e-02
2.168153600000000125e-02
2.391322300000000081e-02
2.813285600000000122e-02
3.433538199999999763e-02
4.246683799999999981e-02
5.241620200000000201e-02
6.402342799999999334e-02
7.709466700000000561e-02
9.141853499999999522e-02
1.067801300000000009e-01
1.229715700000000023e-01
1.397990299999999908e-01
1.570868199999999881e-01
1.746791199999999933e-01
1.924402400000000124e-01
2.102538300000000027e-01
2.280214100000000077e-01
2.456606600000000029e-01
2.631036299999999772e-01
2.802949000000000135e-01
2.971899499999999805e-01
3.137535799999999764e-01
3.299584400000000195e-01
3.457839799999999908e-01
3.612152599999999825e-01
3.762420399999999998e-01
3.908580199999999727e-01
4.050601099999999732e-01
4.188479500000000244e-01
4.322233200000000219e-01
4.451898000000000244e-01
4.577524399999999827e-01
4.699173899999999904e-01
4.816916900000000057e-01
4.930830900000000017e-01
5.040999099999999844e-01
5.147509000000000112e-01
5.250448599999999466e-01
5.349910900000000025e-01
5.445987599999999595e-01
5.538770600000000321e-01
5.628353999999999857e-01
5.714827799999999680e-01
5.798284400000000005e-01
5.878812100000000429e-01
5.956500200000000023e-01
6.031433899999999459e-01
6.103697999999999624e-01
6.173375199999999730e-01
6.240546099999999541e-01
6.305289299999999875e-01
6.367681600000000275e-01
6.427796500000000357e-01
6.485707800000000134e-01
6.541483999999999632e-01
6.595194300000000176e-01
6.646904900000000227e-01
6.696678999999999826e-01
6.744580300000000417e-01
6.790667799999999810e-01
6.834999899999999462e-01
6.877633300000000061e-01
6.918623400000000201e-01
6.958022699999999450e-01
6.995881800000000039e-01
7.032251400000000263e-01
7.067179099999999492e-01
7.100710900000000159e-01
7.132891999999999566e-01
7.163766000000000300e-01
7.193375199999999525e-01
7.221759599999999502e-01
7.248959499999999556e-01
7.275011500000000408e-01
7.299953700000000323e-01
7.323821200000000253e-01
7.346648599999999751e-01
7.368468599999999924e-01
7.389313600000000370e-01
7.409215599999999791e-01
7.428203199999999784e-01
7.446306900000000395e-01
7.463554100000000524e-01
7.479972200000000182e-01
7.495587500000000514e-01
7.510425400000000362e-01
7.524510599999999494e-01
7.537867400000000107e-01
7.550517900000000004e-01
7.562485300000000299e-01
7.573791100000000220e-01
7.584455599999999631e-01
7.594499000000000111e-01
7.603940999999999617e-01
7.612800600000000362e-01
7.621096400000000326e-01
7.628845600000000449e-01
7.636065499999999950e-01
7.642772199999999794e-01
7.648982399999999515e-01
7.654711600000000393e-01
7.659974099999999897e-01
7.664784799999999620e-01
7.669158000000000364e-01
7.673106800000000227e-01
7.676644900000000327e-01
7.679784899999999581e-01
7.682538599999999551e-01
7.684918600000000266e-01
7.686935700000000482e-01
7.688602199999999831e-01
7.689927800000000424e-01
7.690923800000000199e-01
7.691599700000000261e-01
7.691965699999999684e-01
7.692030699999999888e-01
7.691804800000000553e-01
7.691296300000000086e-01
7.690514299999999803e-01
7.689467100000000332e-01
7.688162299999999894e-01
7.686607800000000434e-01
7.684811900000000362e-01
7.682780599999999849e-01
7.680522800000000316e-01
7.678043799999999530e-01
7.675350899999999754e-01
7.672450499999999840e-01
7.669349300000000147e-01
7.666052599999999551e-01
7.662566299999999941e-01
7.658897000000000066e-01
7.655049600000000121e-01
7.651028600000000512e-01
7.646840799999999883e-01
7.642490299999999959e-01
7.637981799999999932e-01
7.633320099999999497e-01
7.628509399999999774e-01
7.623555100000000140e-01
7.618460700000000418e-01
7.613230899999999801e-01
7.607868899999999934e-01
7.602378699999999823e-01
7.596764599999999978e-01
7.591029999999999722e-01
7.585178599999999882e-01
7.579212800000000305e-01
7.573137300000000183e-01
7.566954500000000472e-01
7.560667399999999594e-01
7.554279000000000410e-01
7.547792800000000524e-01
7.541211199999999781e-01
7.534536699999999643e-01
7.527772200000000247e-01
7.520919999999999828e-01
7.513983199999999529e-01
7.506963599999999515e-01
7.499862900000000554e-01
7.492684699999999642e-01
7.485430800000000273e-01
7.478102399999999594e-01
7.470702500000000468e-01
7.463232300000000041e-01
7.455694099999999880e-01
7.448090299999999830e-01
7.440421600000000080e-01
7.432690299999999972e-01
7.424897599999999986e-01
7.417045799999999467e-01
7.409135700000000213e-01
7.401169499999999957e-01
7.393147899999999995e-01
7.385073300000000174e-01
7.376945599999999992e-01
7.368767899999999482e-01
7.360539999999999861e-01
7.352263300000000390e-01
7.343939499999999621e-01
7.335569899999999643e-01
7.327154900000000248e-01
7.318695800000000196e-01
7.310193200000000280e-01
7.301649500000000348e-01
7.293064000000000213e-01
7.284437999999999747e-01
7.275772700000000537e-01
7.267069200000000340e-01
7.258327599999999657e-01
7.249549600000000371e-01
7.240734699999999968e-01
7.231884600000000329e-01
7.222999300000000344e-01
7.214080099999999884e-01
7.205126899999999557e-01
7.196140899999999840e-01
7.187122700000000419e-01
7.178072300000000183e-01
7.168991000000000113e-01
7.159877999999999520e-01
7.150735299999999572e-01
7.141562099999999580e-01
7.132359700000000524e-01
7.123128199999999577e-01
7.113867999999999858e-01
7.104579199999999650e-01
7.095262399999999747e-01
7.085917600000000149e-01
7.076546000000000225e-01
7.067146300000000103e-01
7.057720400000000449e-01
7.048267700000000469e-01
7.038788200000000161e-01
7.029282500000000322e-01
7.019751100000000132e-01
7.010193500000000411e-01
7.000610200000000338e-01
6.991001399999999810e-01
6.981366900000000042e-01
6.971706699999999923e-01
6.962021600000000143e-01
6.952311399999999697e-01
6.942575600000000513e-01
6.932814699999999553e-01
6.923028799999999539e-01
6.913217299999999677e-01
6.903381299999999943e-01
6.893519799999999753e-01
6.883632499999999821e-01
6.873720899999999912e-01
6.863782999999999967e-01
6.853820699999999544e-01
6.843832100000000196e-01
6.833818000000000392e-01
6.823778200000000238e-01
6.813712699999999733e-01
6.803621100000000199e-01
6.793503199999999520e-01
6.783358499999999625e-01
6.773187499999999694e-01
6.762990399999999624e-01
6.752765200000000467e-01
6.742513199999999873e-01
6.732233800000000379e-01
6.721926900000000371e-01
6.711591500000000377e-01
6.701228000000000184e-01
6.690836000000000006e-01
6.680415299999999945e-01
6.669964800000000027e-01
6.659485099999999935e-01
6.648975000000000302e-01
6.638435099999999700e-01
6.627864199999999872e-01
6.617262400000000211e-01
6.606628900000000026e-01
6.595963799999999821e-01
6.585265999999999620e-01
6.574535999999999714e-01
6.563771999999999940e-01
6.552974599999999983e-01
6.542142600000000474e-01
6.531276099999999696e-01
6.520373799999999997e-01
6.509436400000000456e-01
6.498462000000000405e-01
6.487450599999999845e-01
6.476401699999999595e-01
6.465314599999999468e-01
6.454188800000000281e-01
6.443023100000000447e-01
6.431818000000000257e-01
6.420571200000000367e-01
6.409283300000000461e-01
6.397952999999999557e-01
6.386579300000000403e-01
6.375161999999999773e-01
6.363700599999999596e-01
6.352193400000000212e-01
6.340639599999999820e-01
6.329039300000000035e-01
6.317390800000000084e-01
6.305693999999999466e-01
6.293946500000000555e-01
6.282149000000000205e-01
6.270299599999999973e-01
6.258397700000000174e-01
6.246442199999999723e-01
6.234431900000000359e-01
6.222365499999999994e-01
6.210241899999999760e-01
6.198061099999999657e-01
6.185820699999999839e-01
6.173519499999999827e-01
6.161157499999999620e-01
6.148731699999999689e-01
6.136242200000000535e-01
6.123686999999999880e-01
6.111064600000000180e-01
6.098374100000000242e-01
6.085614000000000301e-01
6.072782300000000300e-01
6.059877900000000261e-01
6.046899599999999708e-01
6.033844400000000219e-01
6.020711699999999889e-01
6.007499699999999665e-01
5.994206699999999888e-01
5.980830200000000207e-01
5.967369099999999538e-01
5.953820899999999749e-01
5.940183999999999465e-01
5.926456500000000238e-01
5.912635299999999816e-01
5.898718800000000151e-01
5.884705199999999969e-01
5.870591400000000348e-01
5.856375700000000517e-01
5.842055099999999834e-01
5.827626599999999879e-01
5.813088400000000489e-01
5.798437600000000414e-01
5.783670499999999937e-01
5.768785499999999900e-01
5.753778800000000082e-01
5.738647000000000054e-01
5.723386999999999780e-01
5.707995300000000549e-01
5.692468899999999499e-01
5.676803599999999950e-01
5.660995800000000466e-01
5.645041499999999823e-01
5.628936900000000021e-01
5.612677299999999647e-01
5.596258600000000305e-01
5.579676000000000080e-01
5.562924099999999594e-01
5.545999400000000135e-01
5.528895299999999624e-01
5.511606900000000087e-01
5.494128499999999526e-01
5.476454499999999781e-01
5.458577900000000094e-01
5.440492599999999790e-01
5.422191600000000333e-01
5.403668900000000441e-01
5.384915500000000410e-01
5.365924199999999589e-01
5.346686800000000073e-01
5.327194899999999622e-01
5.307439000000000462e-01
5.287410000000000165e-01
5.267097400000000373e-01
5.246490200000000215e-01
5.225577999999999612e-01
5.204348600000000546e-01
5.182788999999999868e-01
5.160886599999999769e-01
5.138626099999999974e-01
5.115993599999999475e-01
5.092972500000000347e-01
5.069545500000000038e-01
5.045695300000000438e-01
5.021401599999999465e-01
4.996643399999999846e-01
4.971398699999999837e-01
4.945643200000000017e-01
4.919351000000000140e-01
4.892494399999999799e-01
4.865042900000000059e-01
4.836963400000000024e-01
4.808220300000000114e-01
4.778775000000000106e-01
4.748584299999999980e-01
4.717602100000000132e-01
4.685776799999999964e-01
4.653051799999999849e-01
4.619363499999999956e-01
4.584642600000000123e-01
4.548810699999999985e-01
4.511779000000000206e-01
4.473448400000000214e-01
4.433705499999999744e-01
4.392420400000000003e-01
4.349443599999999743e-01
4.304600699999999724e-01
4.257687299999999841e-01
4.208460500000000271e-01
4.156628299999999832e-01
4.101834300000000155e-01
4.043637800000000060e-01
3.981480600000000258e-01
3.914639400000000102e-01
3.842150599999999971e-01
3.762680600000000153e-01
3.674294699999999803e-01
3.574004199999999964e-01
3.456766000000000005e-01
3.312886400000000231e-01
3.119607600000000036e-01
2.810404899999999762e-01
2.317337999999999898e-01
