3.740000000000000000e+02
0.000000000000000000e+00
1.864999999999999858e+01
2.276236100000000040e-01
1.790138000000000007e-01
1.400088399999999955e-01
1.093973699999999938e-01
8.550293000000000476e-02
6.691406699999999375e-02
5.252156399999999975e-02
4.148474700000000237e-02
3.319769399999999981e-02
2.726104999999999848e-02
2.344895500000000049e-02
2.166012700000000124e-02
2.186310099999999937e-02
2.406039600000000125e-02
2.826536400000000115e-02
3.447058399999999856e-02
4.261981699999999734e-02
5.259964200000000201e-02
6.424742199999999848e-02
7.736661300000000074e-02
9.174318600000000434e-02
1.071598200000000028e-01
1.234065099999999970e-01
1.402876799999999979e-01
1.576262099999999888e-01
1.752652100000000046e-01
1.930682200000000126e-01
2.109183099999999977e-01
2.287166700000000108e-01
2.463808200000000004e-01
2.638427600000000095e-01
2.810471099999999889e-01
2.979494599999999993e-01
3.145148199999999727e-01
3.307160399999999889e-01
3.465328500000000034e-01
3.619504900000000136e-01
3.769589700000000043e-01
3.915523000000000198e-01
4.057276499999999952e-01
4.194849099999999886e-01
4.328260700000000072e-01
4.457549800000000229e-01
4.582768700000000028e-01
4.703981300000000254e-01
4.821259700000000148e-01
4.934683699999999895e-01
5.044338099999999825e-01
5.150310999999999639e-01
5.252693899999999472e-01
5.351579800000000331e-01
5.447061100000000211e-01
5.539233099999999466e-01
5.628188800000000214e-01
5.714020699999999842e-01
5.796821100000000282e-01
5.876679999999999682e-01
5.953686799999999835e-01
6.027928000000000175e-01
6.099489299999999448e-01
6.168453699999999484e-01
6.234902100000000447e-01
6.298913999999999902e-01
6.360566600000000514e-01
6.419933399999999679e-01
6.477088899999999816e-01
6.532102800000000320e-01
6.585043099999999816e-01
6.635976999999999570e-01
6.684969099999999997e-01
6.732080599999999970e-01
6.777373599999999554e-01
6.820905200000000335e-01
6.862732799999999855e-01
6.902911099999999855e-01
6.941493199999999586e-01
6.978530899999999537e-01
7.014073100000000061e-01
7.048168200000000105e-01
7.080863099999999966e-01
7.112202600000000485e-01
7.142230299999999810e-01
7.170987699999999965e-01
7.198516099999999751e-01
7.224854800000000132e-01
7.250041400000000191e-01
7.274113300000000226e-01
7.297105799999999975e-01
7.319053399999999598e-01
7.339989500000000389e-01
7.359945799999999538e-01
7.378954300000000188e-01
7.397043699999999999e-01
7.414244399999999624e-01
7.430583800000000183e-01
7.446089399999999969e-01
7.460787300000000233e-01
7.474703200000000214e-01
7.487862100000000076e-01
7.500286699999999529e-01
7.512000800000000478e-01
7.523026499999999617e-01
7.533385200000000115e-01
7.543098299999999590e-01
7.552185099999999540e-01
7.560665600000000541e-01
7.568558499999999967e-01
7.575882099999999841e-01
7.582653799999999888e-01
7.588891399999999621e-01
7.594610499999999709e-01
7.599828199999999478e-01
7.604558500000000443e-01
7.608817799999999520e-01
7.612619400000000258e-01
7.615978100000000417e-01
7.618907700000000505e-01
7.621419999999999861e-01
7.623529399999999789e-01
7.625246599999999653e-01
7.626584800000000275e-01
7.627554500000000015e-01
7.628167900000000223e-01
7.628434299999999890e-01
7.628365799999999863e-01
7.627971799999999636e-01
7.627261300000000022e-01
7.626245000000000385e-01
7.624931900000000429e-01
7.623330400000000173e-01
7.621448600000000351e-01
7.619296300000000244e-01
7.616880499999999499e-01
7.614209100000000063e-01
7.611289599999999655e-01
7.608129999999999615e-01
7.604736699999999905e-01
7.601116900000000065e-01
7.597276600000000268e-01
7.593223500000000348e-01
7.588962299999999495e-01
7.584499700000000288e-01
7.579842199999999863e-01
7.574994600000000133e-01
7.569962700000000266e-01
7.564751499999999851e-01
7.559366199999999480e-01
7.553812300000000146e-01
7.548093799999999742e-01
7.542216200000000370e-01
7.536182999999999632e-01
7.529999600000000237e-01
7.523668999999999496e-01
7.517196499999999615e-01
7.510585800000000312e-01
7.503840299999999797e-01
7.496964299999999692e-01
7.489960199999999846e-01
7.482832699999999448e-01
7.475584699999999749e-01
7.468219400000000174e-01
7.460740200000000044e-01
7.453149599999999708e-01
7.445450999999999597e-01
7.437647600000000248e-01
7.429740999999999707e-01
7.421734899999999913e-01
7.413631699999999602e-01
7.405433099999999547e-01
7.397142599999999568e-01
7.388761600000000040e-01
7.380292999999999992e-01
7.371739099999999878e-01
7.363101199999999569e-01
7.354382299999999706e-01
7.345582800000000079e-01
7.336706499999999798e-01
7.327753900000000264e-01
7.318727400000000216e-01
7.309628700000000423e-01
7.300458600000000464e-01
7.291219799999999474e-01
7.281913199999999753e-01
7.272539700000000273e-01
7.263101899999999667e-01
7.253600999999999521e-01
7.244037399999999627e-01
7.234412999999999538e-01
7.224729100000000237e-01
7.214986100000000402e-01
7.205185899999999588e-01
7.195329700000000495e-01
7.185417400000000399e-01
7.175450899999999965e-01
7.165431399999999673e-01
7.155358800000000130e-01
7.145234900000000389e-01
7.135059799999999841e-01
7.124834700000000076e-01
7.114559999999999773e-01
7.104236499999999621e-01
7.093865299999999596e-01
7.083447000000000493e-01
7.072981000000000407e-01
7.062469700000000294e-01
7.051912000000000180e-01
7.041309500000000332e-01
7.030662300000000142e-01
7.019970399999999611e-01
7.009234399999999532e-01
6.998455500000000384e-01
6.987633100000000264e-01
6.976767799999999964e-01
6.965860099999999777e-01
6.954910199999999598e-01
6.943917899999999532e-01
6.932883899999999766e-01
6.921808099999999797e-01
6.910690699999999520e-01
6.899532099999999835e-01
6.888331800000000449e-01
6.877090900000000229e-01
6.865808399999999700e-01
6.854484100000000080e-01
6.843119300000000127e-01
6.831713299999999656e-01
6.820266200000000278e-01
6.808777499999999483e-01
6.797246900000000203e-01
6.785675300000000298e-01
6.774061900000000191e-01
6.762406800000000384e-01
6.750709400000000082e-01
6.738969700000000396e-01
6.727187599999999712e-01
6.715362700000000462e-01
6.703494800000000531e-01
6.691583399999999626e-01
6.679628499999999969e-01
6.667628899999999970e-01
6.655585200000000423e-01
6.643496800000000535e-01
6.631363000000000119e-01
6.619183400000000495e-01
6.606957300000000366e-01
6.594684699999999733e-01
6.582364400000000337e-01
6.569996500000000461e-01
6.557580200000000525e-01
6.545115099999999630e-01
6.532599900000000126e-01
6.520034700000000294e-01
6.507418200000000263e-01
6.494749800000000350e-01
6.482029000000000263e-01
6.469255099999999814e-01
6.456427000000000138e-01
6.443543999999999938e-01
6.430605099999999741e-01
6.417609499999999967e-01
6.404556599999999822e-01
6.391444800000000148e-01
6.378273399999999649e-01
6.365041099999999563e-01
6.351748099999999786e-01
6.338391300000000284e-01
6.324971299999999630e-01
6.311486400000000385e-01
6.297934699999999664e-01
6.284315600000000002e-01
6.270628000000000313e-01
6.256869999999999932e-01
6.243040600000000495e-01
6.229137799999999725e-01
6.215161099999999550e-01
6.201108100000000123e-01
6.186978199999999539e-01
6.172769099999999565e-01
6.158478899999999534e-01
6.144106400000000079e-01
6.129649900000000429e-01
6.115106900000000234e-01
6.100475800000000337e-01
6.085755200000000364e-01
6.070942900000000364e-01
6.056035800000000302e-01
6.041033300000000494e-01
6.025931799999999505e-01
6.010729700000000397e-01
5.995424400000000098e-01
5.980013600000000373e-01
5.964494299999999471e-01
5.948864799999999953e-01
5.933121399999999879e-01
5.917261799999999905e-01
5.901283000000000500e-01
5.885181400000000229e-01
5.868954699999999747e-01
5.852599099999999943e-01
5.836111299999999780e-01
5.819487599999999539e-01
5.802724999999999689e-01
5.785818700000000536e-01
5.768765200000000037e-01
5.751560900000000087e-01
5.734200499999999590e-01
5.716680899999999621e-01
5.698996200000000512e-01
5.681142200000000031e-01
5.663113600000000414e-01
5.644905599999999746e-01
5.626512200000000075e-01
5.607927400000000118e-01
5.589146600000000076e-01
5.570161900000000221e-01
5.550968099999999961e-01
5.531557799999999858e-01
5.511923399999999473e-01
5.492057799999999768e-01
5.471953200000000406e-01
5.451601099999999755e-01
5.430992799999999621e-01
5.410119300000000298e-01
5.388971000000000178e-01
5.367537100000000505e-01
5.345807700000000384e-01
5.323770599999999575e-01
5.301414100000000351e-01
5.278725600000000462e-01
5.255691399999999902e-01
5.232297799999999777e-01
5.208528000000000047e-01
5.184367899999999807e-01
5.159798300000000282e-01
5.134801900000000030e-01
5.109358400000000300e-01
5.083447100000000329e-01
5.057045199999999907e-01
5.030127800000000482e-01
5.002669100000000091e-01
4.974640000000000173e-01
4.946010699999999760e-01
4.916747499999999937e-01
4.886814099999999828e-01
4.856170699999999840e-01
4.824774299999999849e-01
4.792577599999999771e-01
4.759528000000000092e-01
4.725567999999999991e-01
4.690633399999999953e-01
4.654652799999999813e-01
4.617546499999999887e-01
4.579224599999999756e-01
4.539585400000000215e-01
4.498512700000000253e-01
4.455874599999999908e-01
4.411517400000000144e-01
4.365262400000000098e-01
4.316900100000000129e-01
4.266180399999999762e-01
4.212802900000000017e-01
4.156400299999999937e-01
4.096515800000000151e-01
4.032570400000000110e-01
3.963811099999999810e-01
3.889229300000000000e-01
3.807421599999999962e-01
3.716335900000000136e-01
3.612768100000000038e-01
3.491226099999999999e-01
3.340894899999999890e-01
3.135371200000000025e-01
2.796451200000000248e-01
2.280154500000000084e-01
