3.450000000000000000e+02
0.000000000000000000e+00
1.720000100000000032e+01
2.314823099999999967e-01
1.820220399999999961e-01
1.423427499999999901e-01
1.112077800000000061e-01
8.690641799999999917e-02
6.800049499999999414e-02
5.336017500000000274e-02
4.212886799999999987e-02
3.368855300000000302e-02
2.763116399999999973e-02
2.372525099999999929e-02
2.186631600000000022e-02
2.202061699999999927e-02
2.418832300000000116e-02
2.838045700000000129e-02
3.458752500000000091e-02
4.275131599999999754e-02
5.275636499999999951e-02
6.443782200000000571e-02
7.759685099999999447e-02
9.201721799999999785e-02
1.074795399999999984e-01
1.237720199999999965e-01
1.406976000000000060e-01
1.580779900000000016e-01
1.757553799999999888e-01
1.935926699999999945e-01
2.114724799999999905e-01
2.292957200000000084e-01
2.469797400000000032e-01
2.644565400000000177e-01
2.816707800000000095e-01
2.985781699999999761e-01
3.151438200000000189e-01
3.313408500000000201e-01
3.471490999999999882e-01
3.625540700000000061e-01
3.775460400000000272e-01
3.921191700000000169e-01
4.062708600000000114e-01
4.200012100000000137e-01
4.333124500000000157e-01
4.462086000000000108e-01
4.586950799999999773e-01
4.707784099999999805e-01
4.824660399999999849e-01
4.937660700000000014e-01
5.046871299999999838e-01
5.152381700000000508e-01
5.254284099999999569e-01
5.352672899999999512e-01
5.447642799999999896e-01
5.539287899999999487e-01
5.627704300000000437e-01
5.712984199999999735e-01
5.795220700000000003e-01
5.874504999999999866e-01
5.950926500000000008e-01
6.024572799999999839e-01
6.095529800000000220e-01
6.163881399999999733e-01
6.229709399999999730e-01
6.293092399999999920e-01
6.354108499999999715e-01
6.412832699999999608e-01
6.469337899999999530e-01
6.523695000000000466e-01
6.575973000000000512e-01
6.626238800000000539e-01
6.674556099999999770e-01
6.720988199999999857e-01
6.765595699999999990e-01
6.808437099999999909e-01
6.849569100000000299e-01
6.889047000000000365e-01
6.926923400000000175e-01
6.963250600000000512e-01
6.998077600000000009e-01
7.031453300000000128e-01
7.063423399999999575e-01
7.094034000000000173e-01
7.123327299999999696e-01
7.151346800000000226e-01
7.178132499999999583e-01
7.203723800000000344e-01
7.228158700000000270e-01
7.251474300000000373e-01
7.273705599999999993e-01
7.294887899999999981e-01
7.315053299999999536e-01
7.334235300000000457e-01
7.352464199999999561e-01
7.369769800000000037e-01
7.386182000000000025e-01
7.401728600000000435e-01
7.416436100000000087e-01
7.430331700000000206e-01
7.443440000000000056e-01
7.455786500000000094e-01
7.467393900000000029e-01
7.478285999999999545e-01
7.488485000000000280e-01
7.498012200000000460e-01
7.506887899999999947e-01
7.515133000000000507e-01
7.522766600000000414e-01
7.529807699999999659e-01
7.536274200000000478e-01
7.542183999999999555e-01
7.547553799999999757e-01
7.552400799999999803e-01
7.556739999999999569e-01
7.560587500000000016e-01
7.563958200000000520e-01
7.566865699999999473e-01
7.569325000000000081e-01
7.571349699999999627e-01
7.572951900000000069e-01
7.574145199999999800e-01
7.574940900000000088e-01
7.575352199999999536e-01
7.575389099999999543e-01
7.575063699999999844e-01
7.574386600000000414e-01
7.573368000000000322e-01
7.572018499999999541e-01
7.570346599999999704e-01
7.568363000000000174e-01
7.566076499999999649e-01
7.563495599999999763e-01
7.560629199999999717e-01
7.557485699999999529e-01
7.554072699999999640e-01
7.550398099999999779e-01
7.546469599999999778e-01
7.542294299999999785e-01
7.537879299999999949e-01
7.533231999999999706e-01
7.528357500000000258e-01
7.523263700000000220e-01
7.517955899999999581e-01
7.512440700000000415e-01
7.506723400000000490e-01
7.500809400000000293e-01
7.494704699999999997e-01
7.488414599999999588e-01
7.481944000000000372e-01
7.475297499999999928e-01
7.468479900000000171e-01
7.461495999999999684e-01
7.454350600000000382e-01
7.447047199999999867e-01
7.439590699999999446e-01
7.431985100000000344e-01
7.424233599999999766e-01
7.416340700000000341e-01
7.408309600000000383e-01
7.400144300000000008e-01
7.391847400000000068e-01
7.383422899999999567e-01
7.374873800000000257e-01
7.366203099999999448e-01
7.357414399999999688e-01
7.348509399999999525e-01
7.339491200000000104e-01
7.330363399999999530e-01
7.321127699999999683e-01
7.311786999999999592e-01
7.302343199999999923e-01
7.292798799999999915e-01
7.283156499999999811e-01
7.273418299999999670e-01
7.263585900000000262e-01
7.253661200000000031e-01
7.243646999999999725e-01
7.233543999999999530e-01
7.223355200000000087e-01
7.213081099999999468e-01
7.202724200000000243e-01
7.192286300000000354e-01
7.181767799999999591e-01
7.171171299999999915e-01
7.160497300000000509e-01
7.149747600000000425e-01
7.138923400000000141e-01
7.128025900000000137e-01
7.117056800000000072e-01
7.106016299999999841e-01
7.094905999999999713e-01
7.083726500000000481e-01
7.072479099999999796e-01
7.061165000000000358e-01
7.049784700000000237e-01
7.038338800000000228e-01
7.026827900000000016e-01
7.015253900000000264e-01
7.003616099999999678e-01
6.991915699999999845e-01
6.980153300000000449e-01
6.968330099999999749e-01
6.956445599999999674e-01
6.944500200000000012e-01
6.932495199999999524e-01
6.920430100000000140e-01
6.908305900000000221e-01
6.896122700000000272e-01
6.883880500000000291e-01
6.871579899999999963e-01
6.859220900000000398e-01
6.846803999999999668e-01
6.834328200000000519e-01
6.821795099999999890e-01
6.809203600000000023e-01
6.796554299999999493e-01
6.783846599999999727e-01
6.771081100000000408e-01
6.758257699999999923e-01
6.745375399999999910e-01
6.732435199999999842e-01
6.719435499999999450e-01
6.706377300000000430e-01
6.693259499999999473e-01
6.680082699999999596e-01
6.666845099999999524e-01
6.653547899999999737e-01
6.640189300000000072e-01
6.626769900000000213e-01
6.613288499999999681e-01
6.599744600000000405e-01
6.586138000000000270e-01
6.572468299999999486e-01
6.558734200000000403e-01
6.544935100000000006e-01
6.531070500000000223e-01
6.517139699999999758e-01
6.503141500000000352e-01
6.489075399999999494e-01
6.474940799999999719e-01
6.460735800000000362e-01
6.446459900000000021e-01
6.432112500000000122e-01
6.417691699999999999e-01
6.403197600000000156e-01
6.388627900000000137e-01
6.373981199999999570e-01
6.359257699999999458e-01
6.344454299999999769e-01
6.329571000000000502e-01
6.314606099999999778e-01
6.299557099999999465e-01
6.284424100000000069e-01
6.269204000000000443e-01
6.253896399999999689e-01
6.238498700000000285e-01
6.223009200000000352e-01
6.207426799999999911e-01
6.191748400000000041e-01
6.175973399999999947e-01
6.160098299999999805e-01
6.144121900000000247e-01
6.128041699999999814e-01
6.111855499999999664e-01
6.095560199999999762e-01
6.079154599999999631e-01
6.062635199999999447e-01
6.045999499999999971e-01
6.029245300000000141e-01
6.012368799999999736e-01
5.995367200000000230e-01
5.978238000000000163e-01
5.960977100000000029e-01
5.943582099999999979e-01
5.926048800000000005e-01
5.908374199999999465e-01
5.890553600000000278e-01
5.872583999999999582e-01
5.854460599999999904e-01
5.836179299999999515e-01
5.817736399999999808e-01
5.799126000000000003e-01
5.780344600000000277e-01
5.761386200000000457e-01
5.742245900000000347e-01
5.722917899999999669e-01
5.703397399999999839e-01
5.683677200000000207e-01
5.663751999999999676e-01
5.643614500000000422e-01
5.623258399999999657e-01
5.602675700000000480e-01
5.581859399999999916e-01
5.560801600000000455e-01
5.539494200000000257e-01
5.517927400000000038e-01
5.496092399999999989e-01
5.473979700000000115e-01
5.451579100000000233e-01
5.428879300000000185e-01
5.405868900000000421e-01
5.382536100000000490e-01
5.358867600000000175e-01
5.334849400000000186e-01
5.310468099999999803e-01
5.285707099999999992e-01
5.260550400000000293e-01
5.234980599999999873e-01
5.208979200000000143e-01
5.182525500000000340e-01
5.155598500000000417e-01
5.128174399999999578e-01
5.100230000000000041e-01
5.071736599999999706e-01
5.042666799999999672e-01
5.012988400000000233e-01
4.982667900000000150e-01
4.951668100000000128e-01
4.919948900000000180e-01
4.887466100000000258e-01
4.854171600000000142e-01
4.820011299999999999e-01
4.784926800000000036e-01
4.748852299999999915e-01
4.711714699999999811e-01
4.673432100000000089e-01
4.633912399999999820e-01
4.593051699999999848e-01
4.550730000000000053e-01
4.506811199999999906e-01
4.461137399999999809e-01
4.413523999999999781e-01
4.363753799999999794e-01
4.311567499999999775e-01
4.256652899999999740e-01
4.198626300000000144e-01
4.137010300000000251e-01
4.071195400000000020e-01
4.000386300000000062e-01
3.923510000000000053e-01
3.839060699999999882e-01
3.744812599999999825e-01
3.637236099999999750e-01
3.510141999999999984e-01
3.350904599999999789e-01
3.126952399999999854e-01
2.744437800000000260e-01
