3.790000000000000000e+02
0.000000000000000000e+00
1.889999999999999858e+01
2.269718199999999908e-01
1.785056600000000104e-01
1.396146299999999896e-01
1.090916100000000055e-01
8.526592700000000524e-02
6.673065599999999931e-02
5.238004400000000060e-02
4.137612499999999971e-02
3.311502599999999880e-02
2.719886800000000104e-02
2.340273899999999879e-02
2.162589900000000051e-02
2.183726100000000017e-02
2.403973599999999905e-02
2.824705099999999872e-02
3.445212500000000011e-02
4.259904099999999721e-02
5.257470899999999725e-02
6.421686699999999692e-02
7.732934499999999378e-02
9.169850499999999960e-02
1.071073599999999987e-01
1.233462200000000064e-01
1.402197599999999988e-01
1.575510699999999875e-01
1.751833999999999891e-01
1.929804099999999911e-01
2.108252800000000038e-01
2.286192200000000119e-01
2.462797800000000037e-01
2.637389600000000223e-01
2.809414000000000078e-01
2.978426800000000263e-01
3.144077100000000069e-01
3.306094099999999925e-01
3.464274099999999912e-01
3.618469200000000163e-01
3.768580000000000263e-01
3.914544899999999883e-01
4.056336300000000228e-01
4.193951799999999785e-01
4.327411700000000083e-01
4.456753999999999993e-01
4.582030500000000006e-01
4.703304799999999952e-01
4.820649300000000026e-01
4.934142799999999829e-01
5.043870200000000192e-01
5.149919400000000369e-01
5.252381600000000095e-01
5.351348500000000508e-01
5.446914999999999951e-01
5.539173499999999750e-01
5.628218699999999464e-01
5.714141700000000546e-01
5.797035699999999458e-01
5.876989999999999714e-01
5.954093900000000383e-01
6.028433399999999498e-01
6.100094900000000431e-01
6.169161199999999567e-01
6.235712799999999500e-01
6.299828899999999621e-01
6.361586500000000477e-01
6.421060600000000340e-01
6.478323900000000357e-01
6.533446299999999818e-01
6.586496800000000151e-01
6.637541700000000322e-01
6.686645199999999845e-01
6.733869900000000186e-01
6.779276100000000138e-01
6.822922799999999732e-01
6.864865399999999784e-01
6.905160000000000187e-01
6.943859500000000295e-01
6.981014599999999515e-01
7.016675500000000287e-01
7.050889700000000371e-01
7.083705099999999533e-01
7.115164999999999962e-01
7.145314200000000282e-01
7.174193899999999902e-01
7.201845000000000052e-01
7.228307099999999874e-01
7.253618800000000144e-01
7.277815300000000098e-01
7.300934199999999930e-01
7.323008199999999634e-01
7.344071300000000191e-01
7.364155700000000193e-01
7.383292299999999475e-01
7.401511100000000010e-01
7.418841699999999539e-01
7.435312299999999874e-01
7.450949500000000336e-01
7.465779799999999744e-01
7.479828600000000272e-01
7.493121000000000365e-01
7.505680300000000527e-01
7.517529699999999648e-01
7.528691299999999975e-01
7.539187099999999919e-01
7.549037299999999950e-01
7.558262300000000433e-01
7.566881800000000435e-01
7.574914699999999446e-01
7.582379000000000202e-01
7.589292499999999997e-01
7.595671999999999979e-01
7.601534699999999978e-01
7.606895599999999869e-01
7.611771200000000404e-01
7.616176000000000057e-01
7.620124200000000236e-01
7.623630200000000023e-01
7.626707000000000347e-01
7.629368899999999787e-01
7.631627300000000114e-01
7.633495300000000539e-01
7.634984900000000296e-01
7.636107199999999651e-01
7.636873699999999765e-01
7.637294500000000319e-01
7.637380400000000069e-01
7.637141899999999595e-01
7.636588800000000399e-01
7.635729900000000070e-01
7.634575399999999901e-01
7.633132900000000332e-01
7.631411599999999851e-01
7.629420199999999985e-01
7.627166499999999960e-01
7.624658300000000111e-01
7.621902799999999978e-01
7.618908300000000189e-01
7.615680700000000414e-01
7.612227799999999878e-01
7.608555000000000179e-01
7.604670500000000333e-01
7.600579299999999927e-01
7.596287099999999848e-01
7.591801299999999530e-01
7.587125900000000200e-01
7.582267499999999494e-01
7.577230900000000435e-01
7.572021500000000183e-01
7.566643400000000463e-01
7.561102499999999837e-01
7.555403099999999927e-01
7.549549899999999925e-01
7.543547200000000341e-01
7.537398299999999995e-01
7.531108300000000089e-01
7.524681100000000233e-01
7.518120400000000148e-01
7.511429800000000157e-01
7.504612800000000084e-01
7.497673000000000254e-01
7.490614100000000386e-01
7.483438799999999613e-01
7.476150999999999769e-01
7.468752899999999695e-01
7.461247399999999530e-01
7.453638299999999495e-01
7.445927300000000360e-01
7.438117899999999727e-01
7.430212499999999665e-01
7.422213600000000522e-01
7.414122800000000346e-01
7.405943900000000468e-01
7.397677900000000362e-01
7.389327300000000376e-01
7.380894399999999855e-01
7.372381700000000260e-01
7.363790300000000455e-01
7.355122600000000288e-01
7.346380399999999922e-01
7.337564800000000442e-01
7.328678400000000481e-01
7.319722800000000307e-01
7.310699200000000397e-01
7.301608899999999513e-01
7.292453599999999536e-01
7.283235200000000020e-01
7.273954700000000440e-01
7.264613500000000057e-01
7.255212699999999959e-01
7.245753400000000122e-01
7.236236900000000416e-01
7.226664400000000210e-01
7.217037699999999667e-01
7.207356700000000505e-01
7.197622700000000373e-01
7.187836800000000359e-01
7.177999600000000147e-01
7.168113000000000401e-01
7.158176299999999825e-01
7.148191900000000487e-01
7.138159299999999874e-01
7.128079499999999680e-01
7.117953900000000278e-01
7.107782400000000056e-01
7.097566100000000100e-01
7.087305200000000305e-01
7.077000100000000460e-01
7.066651600000000144e-01
7.056260699999999941e-01
7.045827500000000354e-01
7.035352000000000272e-01
7.024834800000000490e-01
7.014276400000000189e-01
7.003677499999999556e-01
6.993038099999999702e-01
6.982358100000000123e-01
6.971638199999999896e-01
6.960878999999999817e-01
6.950079799999999697e-01
6.939241900000000518e-01
6.928364000000000189e-01
6.917448000000000485e-01
6.906492699999999818e-01
6.895498599999999589e-01
6.884465800000000302e-01
6.873394299999999735e-01
6.862284499999999898e-01
6.851135499999999601e-01
6.839948300000000536e-01
6.828721800000000508e-01
6.817457099999999492e-01
6.806153099999999734e-01
6.794810300000000414e-01
6.783428200000000130e-01
6.772006799999999993e-01
6.760545999999999500e-01
6.749045299999999470e-01
6.737504600000000510e-01
6.725923999999999792e-01
6.714302899999999852e-01
6.702641200000000188e-01
6.690938499999999900e-01
6.679194000000000520e-01
6.667408299999999510e-01
6.655579799999999935e-01
6.643709500000000157e-01
6.631795799999999907e-01
6.619838500000000403e-01
6.607837699999999925e-01
6.595792200000000216e-01
6.583702000000000165e-01
6.571566500000000088e-01
6.559385100000000302e-01
6.547156600000000326e-01
6.534881000000000162e-01
6.522557700000000125e-01
6.510186199999999923e-01
6.497764600000000002e-01
6.485294099999999728e-01
6.472772399999999760e-01
6.460199399999999592e-01
6.447573899999999858e-01
6.434895400000000265e-01
6.422162700000000335e-01
6.409375699999999565e-01
6.396532700000000515e-01
6.383632999999999669e-01
6.370676199999999456e-01
6.357660299999999820e-01
6.344584800000000469e-01
6.331447999999999521e-01
6.318250300000000097e-01
6.304988900000000340e-01
6.291663100000000064e-01
6.278272299999999584e-01
6.264814699999999847e-01
6.251289199999999768e-01
6.237694000000000294e-01
6.224028499999999520e-01
6.210290800000000111e-01
6.196479200000000187e-01
6.182592500000000380e-01
6.168629500000000210e-01
6.154587900000000333e-01
6.140466300000000377e-01
6.126263100000000072e-01
6.111976500000000367e-01
6.097604599999999486e-01
6.083145699999999989e-01
6.068597399999999809e-01
6.053957899999999892e-01
6.039225499999999469e-01
6.024397000000000224e-01
6.009471400000000463e-01
5.994446300000000338e-01
5.979318000000000133e-01
5.964085500000000373e-01
5.948745600000000522e-01
5.933295499999999834e-01
5.917733299999999863e-01
5.902055499999999677e-01
5.886259099999999744e-01
5.870341100000000534e-01
5.854299099999999978e-01
5.838128900000000288e-01
5.821827699999999606e-01
5.805391699999999933e-01
5.788817400000000335e-01
5.772101299999999879e-01
5.755239100000000274e-01
5.738226800000000294e-01
5.721060000000000034e-01
5.703735399999999567e-01
5.686246799999999935e-01
5.668590100000000520e-01
5.650760500000000519e-01
5.632752199999999654e-01
5.614560800000000240e-01
5.596179999999999488e-01
5.577604200000000345e-01
5.558826300000000442e-01
5.539841100000000296e-01
5.520641200000000470e-01
5.501219600000000209e-01
5.481568599999999680e-01
5.461680899999999950e-01
5.441548200000000390e-01
5.421161700000000083e-01
5.400512200000000540e-01
5.379590400000000550e-01
5.358386000000000537e-01
5.336889000000000216e-01
5.315087400000000351e-01
5.292969899999999672e-01
5.270523999999999765e-01
5.247735999999999512e-01
5.224592099999999517e-01
5.201077499999999798e-01
5.177175400000000316e-01
5.152869799999999501e-01
5.128141600000000189e-01
5.102972399999999853e-01
5.077341199999999555e-01
5.051224800000000403e-01
5.024600599999999861e-01
4.997442100000000220e-01
4.969721100000000225e-01
4.941408299999999754e-01
4.912470899999999974e-01
4.882873300000000194e-01
4.852576599999999796e-01
4.821539200000000136e-01
4.789714199999999811e-01
4.757051199999999813e-01
4.723493500000000012e-01
4.688979400000000131e-01
4.653438899999999823e-01
4.616795200000000099e-01
4.578960799999999831e-01
4.539837199999999795e-01
4.499313200000000235e-01
4.457260699999999742e-01
4.413532000000000011e-01
4.367956199999999956e-01
4.320332100000000008e-01
4.270421600000000040e-01
4.217938500000000257e-01
4.162535700000000172e-01
4.103782200000000158e-01
4.041135299999999986e-01
3.973894700000000224e-01
3.901129099999999794e-01
3.821557800000000005e-01
3.733334200000000269e-01
3.633630600000000155e-01
3.517733499999999847e-01
3.376747399999999733e-01
3.190335899999999780e-01
2.899119600000000241e-01
2.415057399999999965e-01
