3.960000000000000000e+02
0.000000000000000000e+00
1.975000000000000000e+01
2.250488499999999947e-01
1.770064399999999871e-01
1.384515500000000066e-01
1.081895199999999974e-01
8.456669699999999623e-02
6.618949799999999939e-02
5.196244600000000241e-02
4.105550399999999961e-02
3.287083999999999839e-02
2.701488700000000132e-02
2.326550700000000124e-02
2.152354500000000156e-02
2.175904999999999853e-02
2.397609300000000040e-02
2.818954400000000041e-02
3.439334799999999720e-02
4.253255899999999756e-02
5.249513299999999938e-02
6.411991300000000060e-02
7.721188700000000682e-02
9.155853099999999856e-02
1.069439100000000031e-01
1.231592400000000032e-01
1.400099099999999874e-01
1.573196400000000106e-01
1.749321500000000085e-01
1.927114099999999997e-01
2.105408300000000121e-01
2.283217800000000020e-01
2.459718599999999866e-01
2.634231200000000106e-01
2.806201300000000232e-01
2.975184599999999846e-01
3.140829500000000274e-01
3.302863799999999905e-01
3.461082899999999851e-01
3.615338200000000057e-01
3.765528499999999945e-01
3.911592099999999794e-01
4.053499099999999800e-01
4.191246900000000219e-01
4.324854599999999882e-01
4.454359099999999905e-01
4.579811400000000088e-01
4.701273699999999889e-01
4.818818000000000268e-01
4.932522500000000032e-01
5.042470700000000194e-01
5.148750500000000008e-01
5.251452300000000184e-01
5.350667199999999957e-01
5.446488900000000521e-01
5.539010800000000456e-01
5.628324700000000291e-01
5.714523799999999820e-01
5.797699099999999994e-01
5.877940699999999463e-01
5.955336700000000150e-01
6.029973600000000378e-01
6.101936700000000213e-01
6.171308800000000483e-01
6.238170299999999946e-01
6.302599899999999922e-01
6.364675199999999533e-01
6.424470500000000195e-01
6.482057599999999642e-01
6.537507200000000074e-01
6.590887899999999799e-01
6.642265899999999501e-01
6.691705599999999698e-01
6.739268899999999451e-01
6.785016099999999772e-01
6.829006100000000190e-01
6.871294999999999487e-01
6.911938199999999588e-01
6.950987600000000377e-01
6.988495599999999808e-01
7.024511700000000136e-01
7.059083600000000125e-01
7.092257699999999776e-01
7.124079500000000120e-01
7.154591700000000332e-01
7.183837299999999981e-01
7.211856199999999717e-01
7.238687900000000397e-01
7.264370900000000075e-01
7.288941700000000079e-01
7.312436100000000438e-01
7.334888000000000519e-01
7.356330800000000503e-01
7.376797200000000387e-01
7.396317700000000217e-01
7.414923300000000328e-01
7.432642000000000415e-01
7.449502300000000465e-01
7.465531800000000384e-01
7.480756600000000311e-01
7.495201799999999803e-01
7.508892999999999818e-01
7.521852900000000064e-01
7.534105199999999725e-01
7.545672100000000437e-01
7.556574299999999633e-01
7.566834099999999452e-01
7.576471000000000178e-01
7.585504699999999767e-01
7.593953599999999637e-01
7.601836299999999991e-01
7.609170699999999732e-01
7.615973400000000115e-01
7.622260499999999883e-01
7.628049300000000477e-01
7.633354700000000159e-01
7.638191600000000525e-01
7.642574300000000154e-01
7.646517200000000347e-01
7.650033800000000106e-01
7.653137399999999646e-01
7.655839899999999920e-01
7.658154999999999824e-01
7.660093300000000438e-01
7.661666900000000391e-01
7.662887600000000132e-01
7.663765000000000160e-01
7.664309700000000447e-01
7.664533300000000438e-01
7.664443899999999754e-01
7.664051699999999689e-01
7.663365600000000555e-01
7.662395199999999518e-01
7.661148300000000244e-01
7.659633799999999715e-01
7.657859900000000275e-01
7.655833399999999456e-01
7.653562999999999894e-01
7.651055500000000231e-01
7.648317799999999611e-01
7.645357799999999981e-01
7.642180899999999610e-01
7.638794199999999757e-01
7.635203600000000090e-01
7.631415099999999674e-01
7.627435299999999474e-01
7.623269599999999979e-01
7.618922599999999878e-01
7.614400399999999847e-01
7.609708299999999870e-01
7.604851099999999642e-01
7.599833000000000283e-01
7.594659299999999558e-01
7.589334800000000492e-01
7.583863699999999763e-01
7.578249599999999919e-01
7.572497099999999648e-01
7.566610000000000280e-01
7.560592900000000505e-01
7.554448200000000169e-01
7.548180799999999468e-01
7.541792999999999969e-01
7.535289499999999752e-01
7.528672800000000276e-01
7.521945799999999460e-01
7.515112200000000353e-01
7.508174800000000371e-01
7.501136099999999862e-01
7.493999000000000077e-01
7.486766599999999938e-01
7.479441799999999585e-01
7.472025799999999496e-01
7.464522099999999494e-01
7.456933300000000431e-01
7.449260399999999560e-01
7.441507000000000538e-01
7.433674300000000512e-01
7.425764799999999832e-01
7.417780200000000379e-01
7.409722800000000387e-01
7.401594500000000521e-01
7.393396500000000149e-01
7.385131099999999726e-01
7.376800199999999919e-01
7.368404299999999907e-01
7.359946400000000333e-01
7.351426500000000086e-01
7.342847599999999808e-01
7.334210300000000293e-01
7.325515700000000407e-01
7.316765800000000208e-01
7.307961600000000280e-01
7.299103700000000305e-01
7.290194599999999525e-01
7.281234300000000159e-01
7.272223799999999461e-01
7.263165099999999708e-01
7.254058700000000082e-01
7.244905799999999951e-01
7.235706400000000427e-01
7.226462999999999637e-01
7.217174800000000223e-01
7.207843699999999521e-01
7.198469600000000357e-01
7.189054499999999459e-01
7.179598200000000263e-01
7.170101399999999625e-01
7.160565300000000244e-01
7.150989800000000507e-01
7.141376099999999782e-01
7.131724999999999870e-01
7.122036200000000372e-01
7.112310499999999758e-01
7.102548499999999931e-01
7.092750700000000075e-01
7.082917699999999872e-01
7.073049500000000434e-01
7.063146799999999725e-01
7.053209499999999466e-01
7.043238899999999525e-01
7.033234200000000325e-01
7.023196200000000333e-01
7.013124800000000159e-01
7.003021200000000279e-01
6.992884900000000403e-01
6.982715699999999526e-01
6.972514399999999446e-01
6.962281500000000456e-01
6.952016399999999541e-01
6.941719100000000031e-01
6.931390200000000501e-01
6.921029699999999840e-01
6.910637600000000269e-01
6.900214000000000070e-01
6.889759300000000142e-01
6.879272499999999901e-01
6.868754000000000248e-01
6.858203999999999967e-01
6.847622399999999665e-01
6.837009200000000453e-01
6.826363800000000426e-01
6.815686800000000378e-01
6.804977700000000018e-01
6.794236299999999451e-01
6.783462799999999682e-01
6.772655800000000337e-01
6.761816699999999569e-01
6.750944899999999915e-01
6.740039599999999576e-01
6.729100900000000163e-01
6.718128300000000275e-01
6.707121700000000519e-01
6.696081200000000289e-01
6.685005400000000320e-01
6.673895100000000191e-01
6.662749100000000535e-01
6.651567800000000030e-01
6.640350200000000314e-01
6.629096300000000275e-01
6.617805399999999727e-01
6.606476900000000096e-01
6.595110299999999981e-01
6.583706099999999672e-01
6.572262599999999511e-01
6.560779799999999495e-01
6.549257000000000550e-01
6.537694299999999847e-01
6.526089900000000554e-01
6.514444400000000135e-01
6.502756499999999829e-01
6.491025700000000453e-01
6.479251400000000105e-01
6.467432400000000525e-01
6.455568699999999493e-01
6.443659699999999546e-01
6.431704200000000204e-01
6.419700999999999880e-01
6.407650099999999682e-01
6.395551000000000430e-01
6.383401199999999553e-01
6.371201899999999752e-01
6.358950100000000383e-01
6.346646500000000524e-01
6.334289899999999696e-01
6.321879000000000248e-01
6.309412100000000301e-01
6.296889799999999537e-01
6.284309599999999829e-01
6.271670499999999482e-01
6.258972299999999711e-01
6.246213299999999746e-01
6.233392399999999611e-01
6.220507600000000359e-01
6.207559099999999663e-01
6.194544400000000506e-01
6.181463000000000374e-01
6.168312400000000029e-01
6.155092100000000288e-01
6.141800899999999563e-01
6.128436299999999726e-01
6.114997300000000191e-01
6.101481899999999792e-01
6.087889100000000164e-01
6.074216999999999533e-01
6.060463200000000272e-01
6.046626600000000185e-01
6.032705299999999715e-01
6.018696999999999520e-01
6.004600500000000229e-01
5.990412200000000409e-01
5.976131599999999766e-01
5.961756099999999670e-01
5.947282900000000483e-01
5.932709600000000139e-01
5.918034899999999876e-01
5.903255299999999872e-01
5.888368499999999672e-01
5.873372000000000037e-01
5.858262800000000325e-01
5.843038600000000082e-01
5.827695699999999590e-01
5.812231900000000007e-01
5.796642899999999710e-01
5.780926899999999646e-01
5.765079300000000018e-01
5.749096900000000288e-01
5.732976199999999523e-01
5.716713700000000120e-01
5.700304499999999663e-01
5.683745700000000234e-01
5.667032600000000420e-01
5.650160300000000024e-01
5.633124699999999541e-01
5.615921000000000385e-01
5.598543900000000351e-01
5.580988500000000352e-01
5.563249000000000111e-01
5.545320500000000541e-01
5.527196500000000068e-01
5.508870500000000447e-01
5.490336399999999895e-01
5.471587799999999557e-01
5.452616799999999708e-01
5.433416399999999591e-01
5.413978699999999478e-01
5.394296100000000038e-01
5.374358900000000272e-01
5.354158300000000370e-01
5.333685900000000313e-01
5.312929699999999755e-01
5.291881000000000501e-01
5.270527000000000406e-01
5.248856499999999814e-01
5.226857700000000495e-01
5.204516099999999534e-01
5.181818000000000257e-01
5.158747999999999667e-01
5.135291199999999501e-01
5.111429100000000059e-01
5.087144999999999584e-01
5.062418600000000435e-01
5.037229100000000237e-01
5.011554400000000076e-01
4.985370599999999763e-01
4.958651700000000218e-01
4.931369700000000078e-01
4.903494400000000253e-01
4.874993599999999927e-01
4.845831099999999836e-01
4.815968899999999997e-01
4.785363699999999887e-01
4.753969900000000193e-01
4.721735699999999869e-01
4.688605399999999923e-01
4.654516000000000209e-01
4.619397800000000220e-01
4.583173400000000175e-01
4.545755100000000160e-01
4.507044299999999892e-01
4.466927900000000062e-01
4.425278000000000267e-01
4.381946299999999739e-01
4.336759700000000217e-01
4.289516800000000019e-01
4.239976699999999932e-01
4.187851499999999949e-01
4.132790299999999917e-01
4.074358000000000146e-01
4.012006200000000078e-01
3.945025200000000232e-01
3.872471200000000002e-01
3.793042300000000200e-01
3.704857500000000026e-01
3.605025399999999824e-01
3.488703400000000010e-01
3.346685500000000091e-01
3.157702700000000196e-01
2.859577500000000105e-01
2.371982199999999874e-01
