4.020000000000000000e+02
0.000000000000000000e+00
2.004999899999999968e+01
2.244062599999999963e-01
1.765054500000000082e-01
1.380628899999999937e-01
1.078880799999999973e-01
8.433306999999999609e-02
6.600870200000000243e-02
5.182295700000000283e-02
4.094844300000000104e-02
3.278934199999999910e-02
2.695354100000000100e-02
2.321981799999999971e-02
2.148955699999999941e-02
2.173317799999999883e-02
2.395513499999999893e-02
2.817068099999999950e-02
3.437409200000000192e-02
4.251075499999999729e-02
5.246895900000000251e-02
6.408792000000000655e-02
7.717301000000000022e-02
9.151209899999999953e-02
1.068895799999999979e-01
1.230969700000000000e-01
1.399399299999999902e-01
1.572423699999999924e-01
1.748481699999999972e-01
1.926214099999999929e-01
2.104455699999999985e-01
2.282220699999999991e-01
2.458685600000000138e-01
2.633170499999999969e-01
2.805121799999999999e-01
2.974094199999999799e-01
3.139736399999999983e-01
3.301775499999999863e-01
3.460006700000000102e-01
3.614281400000000088e-01
3.764497600000000221e-01
3.910593099999999933e-01
4.052538299999999816e-01
4.190329600000000099e-01
4.323986200000000113e-01
4.453543999999999836e-01
4.579054100000000127e-01
4.700578999999999730e-01
4.818189399999999734e-01
4.931963999999999793e-01
5.041985500000000231e-01
5.148341699999999799e-01
5.251122700000000476e-01
5.350420500000000468e-01
5.446326700000000409e-01
5.538935699999999462e-01
5.628339599999999665e-01
5.714630499999999724e-01
5.797899399999999481e-01
5.878236300000000414e-01
5.955729499999999899e-01
6.030465400000000198e-01
6.102528600000000081e-01
6.172002599999999450e-01
6.238967199999999602e-01
6.303501700000000429e-01
6.365682499999999466e-01
6.425583999999999740e-01
6.483279499999999862e-01
6.538838099999999542e-01
6.592328499999999813e-01
6.643817400000000539e-01
6.693368600000000335e-01
6.741044499999999662e-01
6.786905500000000035e-01
6.831009399999999898e-01
6.873413299999999726e-01
6.914172200000000545e-01
6.953338399999999808e-01
6.990963799999999617e-01
7.027097900000000008e-01
7.061788399999999744e-01
7.095081800000000438e-01
7.127023300000000505e-01
7.157656599999999703e-01
7.187023799999999740e-01
7.215164299999999864e-01
7.242119299999999482e-01
7.267925699999999711e-01
7.292620499999999950e-01
7.316239500000000229e-01
7.338816500000000520e-01
7.360385699999999476e-01
7.380978500000000553e-01
7.400626500000000441e-01
7.419359700000000002e-01
7.437207099999999516e-01
7.454196800000000289e-01
7.470356200000000113e-01
7.485711600000000132e-01
7.500288499999999692e-01
7.514111399999999774e-01
7.527203599999999772e-01
7.539589399999999664e-01
7.551290400000000291e-01
7.562328000000000383e-01
7.572723000000000093e-01
7.582495799999999786e-01
7.591666000000000247e-01
7.600252600000000358e-01
7.608273599999999526e-01
7.615746899999999986e-01
7.622689000000000270e-01
7.629116799999999810e-01
7.635046800000000466e-01
7.640494100000000399e-01
7.645473499999999589e-01
7.649999899999999631e-01
7.654086900000000027e-01
7.657748500000000069e-01
7.660997499999999683e-01
7.663846600000000509e-01
7.666308899999999538e-01
7.668395000000000072e-01
7.670117600000000424e-01
7.671487299999999454e-01
7.672514900000000360e-01
7.673211699999999968e-01
7.673586599999999702e-01
7.673649799999999743e-01
7.673411399999999771e-01
7.672879700000000414e-01
7.672064299999999948e-01
7.670973500000000111e-01
7.669615699999999814e-01
7.667999300000000185e-01
7.666131299999999760e-01
7.664020099999999669e-01
7.661672800000000061e-01
7.659096100000000185e-01
7.656297100000000189e-01
7.653282900000000222e-01
7.650060100000000141e-01
7.646633400000000247e-01
7.643010599999999766e-01
7.639196499999999501e-01
7.635197599999999918e-01
7.631018800000000102e-01
7.626665200000000144e-01
7.622142400000000428e-01
7.617455100000000145e-01
7.612608699999999784e-01
7.607607199999999459e-01
7.602455599999999869e-01
7.597158600000000206e-01
7.591719000000000106e-01
7.586142399999999952e-01
7.580432299999999568e-01
7.574592199999999886e-01
7.568626400000000309e-01
7.562538399999999550e-01
7.556331200000000470e-01
7.550008900000000356e-01
7.543573999999999558e-01
7.537030599999999803e-01
7.530381099999999828e-01
7.523628500000000274e-01
7.516776299999999855e-01
7.509826400000000346e-01
7.502782300000000459e-01
7.495645899999999751e-01
7.488420599999999760e-01
7.481107700000000360e-01
7.473710799999999654e-01
7.466230999999999840e-01
7.458671900000000132e-01
7.451034199999999608e-01
7.443320799999999515e-01
7.435533399999999515e-01
7.427674499999999957e-01
7.419745300000000210e-01
7.411748200000000120e-01
7.403684299999999663e-01
7.395555400000000112e-01
7.387363900000000205e-01
7.379110500000000128e-01
7.370796800000000149e-01
7.362424699999999822e-01
7.353996000000000421e-01
7.345510699999999726e-01
7.336971799999999488e-01
7.328379200000000315e-01
7.319734700000000149e-01
7.311039000000000287e-01
7.302294400000000074e-01
7.293500899999999509e-01
7.284660299999999866e-01
7.275772700000000537e-01
7.266840300000000363e-01
7.257862699999999556e-01
7.248842100000000288e-01
7.239778599999999731e-01
7.230673399999999473e-01
7.221526499999999515e-01
7.212339599999999518e-01
7.203113399999999666e-01
7.193848499999999646e-01
7.184544800000000064e-01
7.175203599999999682e-01
7.165825999999999585e-01
7.156411400000000089e-01
7.146961699999999640e-01
7.137476200000000270e-01
7.127956199999999631e-01
7.118402099999999733e-01
7.108813499999999674e-01
7.099192100000000227e-01
7.089537399999999989e-01
7.079850399999999544e-01
7.070131299999999896e-01
7.060380000000000544e-01
7.050597100000000061e-01
7.040783200000000353e-01
7.030937699999999513e-01
7.021061800000000241e-01
7.011155500000000318e-01
7.001218799999999742e-01
6.991251699999999625e-01
6.981254799999999650e-01
6.971227500000000132e-01
6.961171000000000442e-01
6.951084699999999783e-01
6.940969200000000061e-01
6.930823900000000481e-01
6.920649399999999618e-01
6.910445100000000007e-01
6.900212199999999907e-01
6.889949399999999446e-01
6.879657500000000425e-01
6.869335800000000436e-01
6.858985399999999455e-01
6.848604700000000545e-01
6.838194699999999848e-01
6.827754999999999797e-01
6.817285400000000495e-01
6.806786099999999617e-01
6.796256899999999490e-01
6.785696700000000137e-01
6.775106800000000318e-01
6.764485799999999660e-01
6.753833900000000279e-01
6.743151499999999743e-01
6.732437000000000005e-01
6.721691499999999930e-01
6.710913800000000151e-01
6.700103899999999557e-01
6.689261800000000369e-01
6.678386899999999571e-01
6.667478700000000202e-01
6.656536499999999856e-01
6.645560900000000437e-01
6.634551300000000040e-01
6.623506500000000408e-01
6.612426599999999821e-01
6.601311600000000501e-01
6.590160099999999854e-01
6.578972899999999679e-01
6.567748199999999814e-01
6.556485899999999756e-01
6.545185399999999820e-01
6.533846899999999902e-01
6.522468900000000236e-01
6.511051100000000424e-01
6.499592699999999779e-01
6.488093700000000519e-01
6.476553099999999841e-01
6.464970700000000070e-01
6.453344800000000436e-01
6.441675399999999829e-01
6.429961299999999991e-01
6.418202499999999810e-01
6.406397799999999920e-01
6.394545999999999841e-01
6.382647200000000076e-01
6.370700000000000252e-01
6.358703399999999784e-01
6.346656699999999596e-01
6.334558700000000320e-01
6.322408900000000553e-01
6.310206699999999502e-01
6.297950100000000440e-01
6.285638799999999637e-01
6.273271400000000053e-01
6.260846899999999993e-01
6.248364400000000485e-01
6.235822399999999543e-01
6.223220200000000313e-01
6.210556000000000409e-01
6.197829200000000149e-01
6.185038099999999872e-01
6.172181399999999707e-01
6.159257900000000285e-01
6.146265899999999727e-01
6.133204100000000381e-01
6.120071400000000050e-01
6.106865999999999683e-01
6.093586699999999912e-01
6.080231099999999778e-01
6.066797999999999913e-01
6.053285600000000155e-01
6.039692199999999733e-01
6.026015900000000203e-01
6.012254999999999683e-01
5.998407599999999729e-01
5.984471999999999570e-01
5.970445300000000177e-01
5.956326100000000068e-01
5.942111599999999605e-01
5.927800500000000028e-01
5.913389300000000404e-01
5.898876800000000253e-01
5.884259299999999859e-01
5.869535200000000064e-01
5.854701399999999722e-01
5.839755500000000099e-01
5.824694599999999944e-01
5.809515100000000043e-01
5.794214600000000548e-01
5.778790099999999708e-01
5.763237500000000235e-01
5.747554299999999561e-01
5.731737000000000082e-01
5.715780900000000386e-01
5.699683399999999622e-01
5.683439999999999603e-01
5.667046900000000109e-01
5.650499500000000230e-01
5.633793499999999455e-01
5.616924800000000495e-01
5.599887999999999533e-01
5.582677700000000520e-01
5.565290499999999696e-01
5.547718999999999845e-01
5.529958600000000057e-01
5.512003300000000161e-01
5.493846500000000299e-01
5.475482299999999691e-01
5.456903600000000409e-01
5.438103699999999874e-01
5.419074900000000472e-01
5.399808900000000467e-01
5.380298500000000317e-01
5.360534799999999711e-01
5.340508200000000372e-01
5.320209900000000269e-01
5.299629599999999829e-01
5.278756000000000004e-01
5.257579700000000189e-01
5.236086800000000485e-01
5.214266800000000313e-01
5.192105200000000087e-01
5.169587700000000119e-01
5.146700100000000111e-01
5.123426300000000211e-01
5.099749599999999772e-01
5.075651399999999702e-01
5.051112199999999719e-01
5.026112200000000252e-01
5.000628799999999874e-01
4.974637900000000168e-01
4.948113900000000176e-01
4.921029199999999992e-01
4.893353899999999812e-01
4.865055099999999744e-01
4.836097999999999786e-01
4.806443799999999822e-01
4.776050399999999807e-01
4.744871900000000031e-01
4.712857599999999980e-01
4.679951099999999919e-01
4.646090900000000024e-01
4.611207500000000237e-01
4.575224199999999852e-01
4.538053899999999752e-01
4.499599000000000237e-01
4.459748000000000046e-01
4.418373700000000071e-01
4.375329299999999866e-01
4.330444600000000199e-01
4.283519700000000263e-01
4.234317200000000114e-01
4.182553299999999807e-01
4.127881800000000045e-01
4.069875499999999757e-01
4.007995100000000255e-01
3.941544599999999843e-01
3.869601200000000185e-01
3.790894399999999997e-01
3.703596900000000192e-01
3.604912800000000250e-01
3.490194099999999744e-01
3.350703400000000221e-01
3.166600800000000104e-01
2.880546700000000127e-01
2.404717399999999894e-01
