4.440000000000000000e+02
0.000000000000000000e+00
2.214999999999999858e+01
2.205734000000000028e-01
1.735170799999999902e-01
1.357447099999999907e-01
1.060902900000000038e-01
8.293981100000000217e-02
6.493066999999999589e-02
5.099136399999999736e-02
4.031033400000000322e-02
3.230377699999999880e-02
2.658818699999999924e-02
2.294783499999999976e-02
2.128724900000000114e-02
2.157909200000000111e-02
2.383010600000000020e-02
2.805777300000000113e-02
3.425836899999999685e-02
4.237921199999999944e-02
5.231065700000000346e-02
6.389413800000000310e-02
7.693737000000000492e-02
9.123048200000000163e-02
1.065599599999999952e-01
1.227191499999999991e-01
1.395152500000000073e-01
1.567733600000000005e-01
1.743383000000000016e-01
1.920748499999999914e-01
2.098669599999999913e-01
2.276163300000000056e-01
2.452407600000000021e-01
2.626723300000000094e-01
2.798556400000000166e-01
2.967460199999999992e-01
3.133081799999999917e-01
3.295147099999999885e-01
3.453449000000000102e-01
3.607836400000000165e-01
3.758205199999999913e-01
3.904491399999999723e-01
4.046662200000000209e-01
4.184713099999999852e-01
4.318659899999999774e-01
4.448537799999999764e-01
4.574395099999999936e-01
4.696292599999999928e-01
4.814299599999999901e-01
4.928492899999999954e-01
5.038953999999999933e-01
5.145769100000000540e-01
5.249026399999999759e-01
5.348817700000000341e-01
5.445233600000000118e-01
5.538365800000000227e-01
5.628306899999999668e-01
5.715147299999999708e-01
5.798978200000000083e-01
5.879887900000000389e-01
5.957964100000000540e-01
6.033292999999999573e-01
6.105958200000000113e-01
6.176042600000000160e-01
6.243625299999999712e-01
6.308786299999999958e-01
6.371599999999999486e-01
6.432141700000000295e-01
6.490483299999999511e-01
6.546693999999999569e-01
6.600843100000000074e-01
6.652995299999999723e-01
6.703215799999999724e-01
6.751565299999999770e-01
6.798104600000000053e-01
6.842892200000000313e-01
6.885984499999999731e-01
6.927435400000000465e-01
6.967298400000000447e-01
7.005624200000000190e-01
7.042462800000000023e-01
7.077862000000000320e-01
7.111868900000000160e-01
7.144526799999999511e-01
7.175880100000000539e-01
7.205970900000000512e-01
7.234839800000000265e-01
7.262526200000000154e-01
7.289067500000000477e-01
7.314500800000000025e-01
7.338861800000000546e-01
7.362185100000000482e-01
7.384504100000000015e-01
7.405849700000000091e-01
7.426254700000000097e-01
7.445748399999999600e-01
7.464359400000000200e-01
7.482116800000000456e-01
7.499047500000000088e-01
7.515177699999999739e-01
7.530533700000000552e-01
7.545138599999999807e-01
7.559017500000000389e-01
7.572193099999999788e-01
7.584687500000000249e-01
7.596522599999999681e-01
7.607719299999999851e-01
7.618297299999999828e-01
7.628276299999999788e-01
7.637675999999999910e-01
7.646513600000000022e-01
7.654807599999999823e-01
7.662575200000000253e-01
7.669832100000000263e-01
7.676594899999999999e-01
7.682879000000000236e-01
7.688699399999999740e-01
7.694070299999999918e-01
7.699006800000000039e-01
7.703521800000000530e-01
7.707627999999999702e-01
7.711339000000000388e-01
7.714667299999999894e-01
7.717623700000000309e-01
7.720220700000000047e-01
7.722468999999999584e-01
7.724379900000000188e-01
7.725963599999999820e-01
7.727230200000000382e-01
7.728189199999999648e-01
7.728850800000000021e-01
7.729224599999999779e-01
7.729318099999999969e-01
7.729141099999999875e-01
7.728701199999999938e-01
7.728006800000000176e-01
7.727066299999999499e-01
7.725886100000000090e-01
7.724474700000000249e-01
7.722839099999999624e-01
7.720985399999999998e-01
7.718920700000000412e-01
7.716651599999999611e-01
7.714183900000000094e-01
7.711524400000000501e-01
7.708678799999999498e-01
7.705652100000000004e-01
7.702450800000000264e-01
7.699079500000000076e-01
7.695543200000000139e-01
7.691847699999999621e-01
7.687997800000000437e-01
7.683997200000000083e-01
7.679851699999999948e-01
7.675564900000000357e-01
7.671141000000000210e-01
7.666584300000000018e-01
7.661899300000000190e-01
7.657089200000000151e-01
7.652158700000000202e-01
7.647110200000000191e-01
7.641947900000000127e-01
7.636675200000000441e-01
7.631295299999999449e-01
7.625811700000000304e-01
7.620226700000000131e-01
7.614544600000000552e-01
7.608767199999999509e-01
7.602897299999999969e-01
7.596938600000000541e-01
7.590892900000000276e-01
7.584762600000000132e-01
7.578551199999999932e-01
7.572259900000000155e-01
7.565892300000000015e-01
7.559449700000000494e-01
7.552934300000000434e-01
7.546348600000000184e-01
7.539694300000000515e-01
7.532973899999999556e-01
7.526189100000000298e-01
7.519341099999999889e-01
7.512432900000000080e-01
7.505465099999999445e-01
7.498440100000000053e-01
7.491359100000000160e-01
7.484223800000000537e-01
7.477036099999999630e-01
7.469796499999999950e-01
7.462508100000000422e-01
7.455170199999999747e-01
7.447785700000000286e-01
7.440355400000000508e-01
7.432879799999999593e-01
7.425361900000000404e-01
7.417801000000000533e-01
7.410198999999999536e-01
7.402557100000000112e-01
7.394876500000000519e-01
7.387157699999999938e-01
7.379401300000000274e-01
7.371609799999999657e-01
7.363782500000000120e-01
7.355921300000000107e-01
7.348025999999999724e-01
7.340098600000000140e-01
7.332139600000000534e-01
7.324148999999999798e-01
7.316128600000000315e-01
7.308078399999999863e-01
7.299999000000000349e-01
7.291891000000000345e-01
7.283756099999999511e-01
7.275593299999999486e-01
7.267404200000000536e-01
7.259189499999999517e-01
7.250949100000000369e-01
7.242683800000000449e-01
7.234393999999999547e-01
7.226079699999999884e-01
7.217742799999999903e-01
7.209382100000000237e-01
7.200998699999999753e-01
7.192593200000000353e-01
7.184165700000000321e-01
7.175716800000000450e-01
7.167246299999999737e-01
7.158755100000000482e-01
7.150242900000000068e-01
7.141710500000000295e-01
7.133157799999999549e-01
7.124585500000000238e-01
7.115993499999999639e-01
7.107381799999999972e-01
7.098751100000000314e-01
7.090101199999999659e-01
7.081432899999999808e-01
7.072745599999999966e-01
7.064039699999999922e-01
7.055316000000000365e-01
7.046573200000000314e-01
7.037812500000000249e-01
7.029033900000000168e-01
7.020237400000000072e-01
7.011423100000000463e-01
7.002590899999999730e-01
6.993740800000000091e-01
6.984872800000000437e-01
6.975987000000000160e-01
6.967083800000000160e-01
6.958162799999999537e-01
6.949223900000000009e-01
6.940267700000000151e-01
6.931293600000000277e-01
6.922301699999999780e-01
6.913291799999999876e-01
6.904264100000000459e-01
6.895218499999999917e-01
6.886154399999999676e-01
6.877073000000000214e-01
6.867972599999999650e-01
6.858854300000000181e-01
6.849717499999999903e-01
6.840562199999999926e-01
6.831388499999999642e-01
6.822195599999999471e-01
6.812983799999999812e-01
6.803752800000000267e-01
6.794502100000000544e-01
6.785232399999999719e-01
6.775942400000000143e-01
6.766633399999999465e-01
6.757303500000000351e-01
6.747953899999999949e-01
6.738582800000000317e-01
6.729191500000000214e-01
6.719779399999999958e-01
6.710345699999999969e-01
6.700890099999999849e-01
6.691412899999999997e-01
6.681913699999999512e-01
6.672392499999999504e-01
6.662848000000000104e-01
6.653280299999999592e-01
6.643689299999999687e-01
6.634075000000000388e-01
6.624436400000000003e-01
6.614773299999999745e-01
6.605085699999999616e-01
6.595373199999999825e-01
6.585634900000000291e-01
6.575870499999999508e-01
6.566079900000000302e-01
6.556262400000000268e-01
6.546418099999999907e-01
6.536546300000000143e-01
6.526646000000000392e-01
6.516717699999999835e-01
6.506760700000000508e-01
6.496773399999999921e-01
6.486756799999999767e-01
6.476709800000000072e-01
6.466631299999999749e-01
6.456521699999999697e-01
6.446380000000000443e-01
6.436206100000000374e-01
6.425998800000000122e-01
6.415757500000000002e-01
6.405482300000000517e-01
6.395171899999999576e-01
6.384826300000000510e-01
6.374444400000000011e-01
6.364025500000000113e-01
6.353569000000000022e-01
6.343075000000000241e-01
6.332541099999999812e-01
6.321968399999999821e-01
6.311355199999999499e-01
6.300700900000000271e-01
6.290004300000000548e-01
6.279265299999999828e-01
6.268483400000000039e-01
6.257656799999999908e-01
6.246784899999999752e-01
6.235867099999999885e-01
6.224902900000000017e-01
6.213890300000000089e-01
6.202829499999999996e-01
6.191718600000000183e-01
6.180557599999999541e-01
6.169344199999999834e-01
6.158078900000000244e-01
6.146759400000000317e-01
6.135385599999999551e-01
6.123955800000000504e-01
6.112468800000000479e-01
6.100923400000000107e-01
6.089318999999999704e-01
6.077654399999999901e-01
6.065927700000000033e-01
6.054137299999999833e-01
6.042283200000000409e-01
6.030362799999999801e-01
6.018375799999999831e-01
6.006319500000000255e-01
5.994193599999999567e-01
5.981996099999999927e-01
5.969725299999999457e-01
5.957379900000000505e-01
5.944958299999999474e-01
5.932458000000000453e-01
5.919878499999999821e-01
5.907217299999999449e-01
5.894472600000000284e-01
5.881642700000000445e-01
5.868725799999999770e-01
5.855718899999999838e-01
5.842621300000000462e-01
5.829429600000000100e-01
5.816143200000000180e-01
5.802757699999999685e-01
5.789272800000000441e-01
5.775684700000000005e-01
5.761991699999999827e-01
5.748190300000000086e-01
5.734279199999999799e-01
5.720254200000000067e-01
5.706113600000000119e-01
5.691853799999999630e-01
5.677471800000000179e-01
5.662964600000000015e-01
5.648329300000000108e-01
5.633561599999999947e-01
5.618658100000000211e-01
5.603616200000000047e-01
5.588430800000000476e-01
5.573099299999999534e-01
5.557616399999999457e-01
5.541977900000000234e-01
5.526180299999999823e-01
5.510218099999999453e-01
5.494087300000000118e-01
5.477782500000000221e-01
5.461298199999999881e-01
5.444629199999999614e-01
5.427769999999999539e-01
5.410714100000000304e-01
5.393456199999999701e-01
5.375989700000000093e-01
5.358306800000000036e-01
5.340401500000000468e-01
5.322265600000000152e-01
5.303891899999999548e-01
5.285271999999999748e-01
5.266397000000000439e-01
5.247257899999999697e-01
5.227845899999999935e-01
5.208149600000000490e-01
5.188159300000000362e-01
5.167863999999999791e-01
5.147250899999999962e-01
5.126307599999999631e-01
5.105021600000000381e-01
5.083377999999999508e-01
5.061362400000000150e-01
5.038957600000000259e-01
5.016148099999999665e-01
4.992914800000000097e-01
4.969238300000000108e-01
4.945097900000000046e-01
4.920471299999999992e-01
4.895334199999999969e-01
4.869661000000000128e-01
4.843423399999999823e-01
4.816591399999999856e-01
4.789132500000000126e-01
4.761010399999999754e-01
4.732186800000000027e-01
4.702618700000000262e-01
4.672259699999999905e-01
4.641058699999999759e-01
4.608958699999999853e-01
4.575896899999999934e-01
4.541803300000000210e-01
4.506599900000000103e-01
4.470198799999999806e-01
4.432499699999999931e-01
4.393390400000000140e-01
4.352740600000000182e-01
4.310401099999999763e-01
4.266197700000000093e-01
4.219926299999999797e-01
4.171343699999999766e-01
4.120158899999999957e-01
4.066015800000000180e-01
4.008473799999999754e-01
3.946974300000000158e-01
3.880795499999999953e-01
3.808973700000000129e-01
3.730175499999999755e-01
3.642467300000000185e-01
3.542859899999999951e-01
3.426309799999999739e-01
3.283125199999999966e-01
3.090584299999999951e-01
2.782811199999999929e-01
2.294573799999999886e-01
