3.640000000000000000e+02
0.000000000000000000e+00
1.814999999999999858e+01
2.289164499999999935e-01
1.800217000000000067e-01
1.407907899999999990e-01
1.100038899999999931e-01
8.597309100000000148e-02
6.727797500000000375e-02
5.280241399999999891e-02
4.170039300000000226e-02
3.336193800000000070e-02
2.738476499999999841e-02
2.354114699999999838e-02
2.172872400000000134e-02
2.191527399999999848e-02
2.410253500000000132e-02
2.830308900000000003e-02
3.450882799999999834e-02
4.266286999999999857e-02
5.265111100000000044e-02
6.431017099999999931e-02
7.744275000000000464e-02
9.183406800000000481e-02
1.072661099999999978e-01
1.235282899999999989e-01
1.404244900000000129e-01
1.577772199999999958e-01
1.754292799999999930e-01
1.932439800000000096e-01
2.111042399999999986e-01
2.289111600000000024e-01
2.465822000000000014e-01
2.640493199999999763e-01
2.812572400000000195e-01
2.981615100000000185e-01
3.147271899999999900e-01
3.309272200000000219e-01
3.467413799999999879e-01
3.621549600000000257e-01
3.771581399999999751e-01
3.917449100000000017e-01
4.059125499999999831e-01
4.196609600000000273e-01
4.329922800000000072e-01
4.459103899999999898e-01
4.584206000000000114e-01
4.705293199999999731e-01
4.822438700000000189e-01
4.935722599999999849e-01
5.045229799999999543e-01
5.151049500000000059e-01
5.253272700000000128e-01
5.351993400000000234e-01
5.447305399999999853e-01
5.539302200000000287e-01
5.628078600000000487e-01
5.713726900000000164e-01
5.796340100000000328e-01
5.876007699999999945e-01
5.952820199999999673e-01
6.026863500000000373e-01
6.098223900000000475e-01
6.166984399999999589e-01
6.233226099999999992e-01
6.297028700000000256e-01
6.358469700000000113e-01
6.417622600000000288e-01
6.474561699999999975e-01
6.529356800000000183e-01
6.582077100000000014e-01
6.632788800000000151e-01
6.681556100000000109e-01
6.728442300000000431e-01
6.773506999999999723e-01
6.816809200000000235e-01
6.858405499999999932e-01
6.898350699999999946e-01
6.936698599999999715e-01
6.973499699999999857e-01
7.008804100000000092e-01
7.042660699999999663e-01
7.075114799999999704e-01
7.106211799999999634e-01
7.135995600000000216e-01
7.164508099999999935e-01
7.191789699999999730e-01
7.217880500000000144e-01
7.242817900000000364e-01
7.266638300000000106e-01
7.289378600000000485e-01
7.311072299999999968e-01
7.331752799999999848e-01
7.351452099999999934e-01
7.370201899999999640e-01
7.388032100000000435e-01
7.404971099999999584e-01
7.421047699999999692e-01
7.436289200000000266e-01
7.450721300000000547e-01
7.464370099999999564e-01
7.477259600000000228e-01
7.489413600000000004e-01
7.500855899999999687e-01
7.511607999999999619e-01
7.521691900000000430e-01
7.531127899999999764e-01
7.539936299999999703e-01
7.548136699999999921e-01
7.555748199999999803e-01
7.562788700000000475e-01
7.569275500000000045e-01
7.575226400000000249e-01
7.580657600000000329e-01
7.585585099999999636e-01
7.590024499999999952e-01
7.593990000000000462e-01
7.597497100000000225e-01
7.600559000000000065e-01
7.603189900000000279e-01
7.605402500000000288e-01
7.607209700000000518e-01
7.608623500000000206e-01
7.609655899999999695e-01
7.610318700000000547e-01
7.610622599999999904e-01
7.610578500000000357e-01
7.610197100000000159e-01
7.609488399999999597e-01
7.608462000000000280e-01
7.607127399999999984e-01
7.605493700000000024e-01
7.603570200000000501e-01
7.601364900000000535e-01
7.598886500000000543e-01
7.596142900000000253e-01
7.593142400000000292e-01
7.589891600000000516e-01
7.586398100000000255e-01
7.582669300000000057e-01
7.578712100000000174e-01
7.574532600000000171e-01
7.570137999999999590e-01
7.565533500000000133e-01
7.560725799999999941e-01
7.555720799999999793e-01
7.550523900000000177e-01
7.545140399999999969e-01
7.539575699999999658e-01
7.533834600000000048e-01
7.527922999999999698e-01
7.521845099999999729e-01
7.515605100000000149e-01
7.509208299999999836e-01
7.502658399999999617e-01
7.495960000000000401e-01
7.489116799999999685e-01
7.482133499999999993e-01
7.475013099999999744e-01
7.467759299999999767e-01
7.460376600000000469e-01
7.452866999999999686e-01
7.445235300000000445e-01
7.437483700000000475e-01
7.429615899999999495e-01
7.421634799999999865e-01
7.413542899999999714e-01
7.405343699999999973e-01
7.397039499999999990e-01
7.388632899999999504e-01
7.380126700000000373e-01
7.371522799999999931e-01
7.362824700000000222e-01
7.354033599999999504e-01
7.345152499999999529e-01
7.336182599999999665e-01
7.327126900000000553e-01
7.317987099999999634e-01
7.308765099999999793e-01
7.299462599999999579e-01
7.290081400000000267e-01
7.280623899999999482e-01
7.271090700000000240e-01
7.261484299999999559e-01
7.251805099999999449e-01
7.242056100000000551e-01
7.232237500000000541e-01
7.222351399999999977e-01
7.212398599999999549e-01
7.202380900000000530e-01
7.192299399999999565e-01
7.182154699999999670e-01
7.171948000000000212e-01
7.161681100000000244e-01
7.151354599999999451e-01
7.140969600000000028e-01
7.130526900000000445e-01
7.120026900000000492e-01
7.109471000000000540e-01
7.098860099999999562e-01
7.088195099999999860e-01
7.077476400000000112e-01
7.066704000000000319e-01
7.055879800000000035e-01
7.045003800000000371e-01
7.034076500000000509e-01
7.023098500000000133e-01
7.012070400000000037e-01
7.000992900000000407e-01
6.989865899999999632e-01
6.978690600000000410e-01
6.967466500000000229e-01
6.956193999999999988e-01
6.944873900000000377e-01
6.933506099999999783e-01
6.922090600000000427e-01
6.910628699999999958e-01
6.899119599999999908e-01
6.887564099999999856e-01
6.875961400000000223e-01
6.864312299999999478e-01
6.852616700000000449e-01
6.840874599999999806e-01
6.829085900000000375e-01
6.817250799999999833e-01
6.805369900000000083e-01
6.793441199999999958e-01
6.781466600000000122e-01
6.769444900000000098e-01
6.757376200000000388e-01
6.745259799999999695e-01
6.733096800000000215e-01
6.720885599999999460e-01
6.708626699999999943e-01
6.696318999999999466e-01
6.683963499999999724e-01
6.671558600000000450e-01
6.659104799999999713e-01
6.646600999999999759e-01
6.634046999999999583e-01
6.621442400000000505e-01
6.608786599999999511e-01
6.596079500000000539e-01
6.583319899999999780e-01
6.570507899999999957e-01
6.557642200000000088e-01
6.544722299999999882e-01
6.531748200000000448e-01
6.518718000000000012e-01
6.505632399999999871e-01
6.492489599999999861e-01
6.479288899999999796e-01
6.466030499999999570e-01
6.452711800000000553e-01
6.439333600000000102e-01
6.425893299999999586e-01
6.412391699999999695e-01
6.398826199999999575e-01
6.385196400000000549e-01
6.371501699999999602e-01
6.357740800000000192e-01
6.343911899999999937e-01
6.330014499999999655e-01
6.316046699999999792e-01
6.302007400000000370e-01
6.287895999999999486e-01
6.273710099999999512e-01
6.259449099999999655e-01
6.245111199999999751e-01
6.230694700000000141e-01
6.216198200000000451e-01
6.201620100000000413e-01
6.186958599999999864e-01
6.172211800000000359e-01
6.157378599999999702e-01
6.142455900000000080e-01
6.127443299999999482e-01
6.112337100000000412e-01
6.097136699999999854e-01
6.081839799999999574e-01
6.066443299999999539e-01
6.050945500000000088e-01
6.035344599999999948e-01
6.019636999999999905e-01
6.003820300000000110e-01
5.987892700000000401e-01
5.971851299999999529e-01
5.955692500000000500e-01
5.939414499999999819e-01
5.923013099999999698e-01
5.906486499999999973e-01
5.889830000000000343e-01
5.873041199999999851e-01
5.856115800000000204e-01
5.839051600000000342e-01
5.821843100000000382e-01
5.804487499999999578e-01
5.786979799999999452e-01
5.769316599999999573e-01
5.751492999999999745e-01
5.733504299999999665e-01
5.715346300000000435e-01
5.697013100000000163e-01
5.678500499999999951e-01
5.659802000000000444e-01
5.640912099999999541e-01
5.621825499999999476e-01
5.602534999999999599e-01
5.583034799999999631e-01
5.563317500000000138e-01
5.543376800000000548e-01
5.523204200000000341e-01
5.502791999999999684e-01
5.482132400000000461e-01
5.461216599999999532e-01
5.440034900000000340e-01
5.418577799999999556e-01
5.396835199999999721e-01
5.374795799999999568e-01
5.352449400000000024e-01
5.329783000000000159e-01
5.306784500000000238e-01
5.283439800000000464e-01
5.259734400000000143e-01
5.235654100000000088e-01
5.211181599999999969e-01
5.186299699999999957e-01
5.160991000000000328e-01
5.135233999999999632e-01
5.109008600000000122e-01
5.082292000000000476e-01
5.055059800000000214e-01
5.027285200000000120e-01
4.998940199999999945e-01
4.969993799999999906e-01
4.940412599999999821e-01
4.910160599999999764e-01
4.879197499999999854e-01
4.847480699999999754e-01
4.814962099999999801e-01
4.781589800000000112e-01
4.747305800000000131e-01
4.712045799999999840e-01
4.675738199999999734e-01
4.638303200000000182e-01
4.599650800000000261e-01
4.559678999999999816e-01
4.518271700000000002e-01
4.475296100000000221e-01
4.430598600000000276e-01
4.384000299999999961e-01
4.335290500000000269e-01
4.284219400000000011e-01
4.230485299999999782e-01
4.173719599999999863e-01
4.113465000000000038e-01
4.049139900000000014e-01
3.979989600000000127e-01
3.905001300000000009e-01
3.822766200000000114e-01
3.731223300000000020e-01
3.627151000000000125e-01
3.505021600000000070e-01
3.353928600000000149e-01
3.147147000000000139e-01
2.805212999999999735e-01
2.285435200000000000e-01
