3.590000000000000000e+02
0.000000000000000000e+00
1.789999999999999858e+01
2.295490199999999925e-01
1.805148699999999939e-01
1.411734099999999992e-01
1.103007000000000015e-01
8.620319499999999635e-02
6.745611899999999495e-02
5.293994800000000056e-02
4.180607900000000293e-02
3.344255699999999776e-02
2.744568099999999955e-02
2.358681500000000056e-02
2.176307300000000083e-02
2.194185599999999917e-02
2.412450899999999884e-02
2.832322199999999859e-02
3.452954099999999693e-02
4.268623900000000082e-02
5.267886799999999675e-02
6.434367600000000242e-02
7.748298300000000527e-02
9.188164000000000053e-02
1.073212999999999945e-01
1.235910600000000026e-01
1.404945999999999973e-01
1.578542099999999948e-01
1.755125499999999894e-01
1.933328400000000058e-01
2.111979099999999887e-01
2.290088399999999913e-01
2.466830299999999976e-01
2.641524699999999726e-01
2.813618800000000086e-01
2.982668299999999828e-01
3.148323900000000175e-01
3.310315899999999867e-01
3.468441700000000072e-01
3.622555100000000028e-01
3.772557999999999745e-01
3.918390600000000168e-01
4.060026099999999860e-01
4.197464300000000037e-01
4.330726599999999982e-01
4.459852000000000261e-01
4.584893899999999967e-01
4.705916900000000069e-01
4.822994500000000184e-01
4.936206599999999889e-01
5.045638700000000254e-01
5.151380300000000245e-01
5.253522999999999943e-01
5.352160299999999538e-01
5.447385900000000225e-01
5.539294500000000454e-01
5.627980200000000099e-01
5.713536099999999562e-01
5.796054600000000168e-01
5.875626200000000354e-01
5.952340400000000198e-01
6.026284100000000032e-01
6.097543199999999608e-01
6.166201199999999938e-01
6.232339099999999465e-01
6.296036799999999989e-01
6.357371200000000444e-01
6.416416799999999920e-01
6.473247399999999541e-01
6.527932899999999705e-01
6.580542299999999623e-01
6.631142500000000162e-01
6.679797200000000545e-01
6.726569500000000312e-01
6.771519799999999867e-01
6.814706900000000456e-01
6.856187000000000253e-01
6.896016000000000368e-01
6.934245799999999571e-01
6.970928299999999966e-01
7.006114100000000455e-01
7.039849799999999824e-01
7.072183499999999956e-01
7.103158800000000106e-01
7.132820500000000008e-01
7.161209600000000286e-01
7.188367799999999530e-01
7.214334000000000024e-01
7.239145599999999847e-01
7.262840900000000488e-01
7.285454300000000494e-01
7.307020400000000526e-01
7.327572700000000161e-01
7.347143299999999710e-01
7.365763199999999511e-01
7.383462800000000215e-01
7.400270700000000090e-01
7.416214899999999943e-01
7.431323499999999971e-01
7.445622100000000021e-01
7.459136200000000549e-01
7.471891000000000504e-01
7.483909100000000203e-01
7.495214300000000440e-01
7.505829299999999815e-01
7.515774400000000410e-01
7.525071500000000135e-01
7.533739799999999986e-01
7.541799500000000434e-01
7.549269199999999458e-01
7.556167200000000195e-01
7.562510999999999539e-01
7.568317700000000148e-01
7.573603399999999652e-01
7.578384900000000313e-01
7.582677599999999574e-01
7.586495300000000164e-01
7.589854000000000323e-01
7.592766300000000079e-01
7.595246399999999731e-01
7.597308200000000289e-01
7.598962799999999795e-01
7.600223400000000185e-01
7.601101999999999581e-01
7.601609799999999861e-01
7.601757599999999782e-01
7.601556800000000003e-01
7.601017399999999702e-01
7.600150100000000464e-01
7.598964000000000274e-01
7.597468499999999736e-01
7.595673800000000142e-01
7.593587000000000531e-01
7.591218400000000477e-01
7.588575499999999918e-01
7.585666199999999693e-01
7.582498800000000427e-01
7.579080500000000553e-01
7.575418900000000511e-01
7.571520200000000367e-01
7.567392600000000247e-01
7.563041400000000136e-01
7.558473900000000079e-01
7.553695999999999744e-01
7.548713700000000415e-01
7.543532299999999857e-01
7.538158299999999645e-01
7.532597199999999660e-01
7.526853100000000518e-01
7.520932599999999857e-01
7.514839199999999719e-01
7.508578900000000278e-01
7.502155900000000432e-01
7.495574400000000193e-01
7.488838399999999673e-01
7.481953500000000368e-01
7.474922499999999692e-01
7.467749700000000379e-01
7.460439199999999715e-01
7.452993999999999453e-01
7.445418799999999893e-01
7.437715499999999480e-01
7.429888799999999627e-01
7.421941199999999572e-01
7.413875500000000063e-01
7.405695899999999998e-01
7.397404300000000044e-01
7.389003600000000338e-01
7.380496899999999805e-01
7.371887000000000301e-01
7.363175199999999476e-01
7.354365600000000169e-01
7.345459500000000030e-01
7.336459800000000309e-01
7.327368300000000056e-01
7.318186800000000547e-01
7.308918199999999699e-01
7.299563900000000105e-01
7.290126099999999498e-01
7.280606600000000261e-01
7.271006700000000045e-01
7.261328700000000413e-01
7.251573799999999625e-01
7.241744399999999748e-01
7.231841100000000466e-01
7.221865699999999721e-01
7.211819299999999711e-01
7.201703799999999989e-01
7.191520300000000532e-01
7.181270100000000101e-01
7.170954299999999781e-01
7.160574199999999445e-01
7.150130300000000494e-01
7.139624399999999760e-01
7.129056999999999755e-01
7.118428900000000059e-01
7.107741800000000332e-01
7.096995699999999463e-01
7.086192399999999836e-01
7.075331200000000154e-01
7.064414599999999655e-01
7.053441999999999767e-01
7.042413899999999671e-01
7.031332300000000535e-01
7.020196300000000056e-01
7.009007900000000513e-01
6.997765900000000316e-01
6.986472000000000238e-01
6.975126299999999668e-01
6.963729300000000011e-01
6.952281000000000155e-01
6.940782100000000288e-01
6.929233099999999590e-01
6.917633399999999488e-01
6.905983700000000169e-01
6.894284499999999705e-01
6.882535800000000314e-01
6.870737700000000281e-01
6.858890100000000212e-01
6.846993000000000107e-01
6.835046999999999651e-01
6.823051599999999661e-01
6.811006699999999636e-01
6.798912900000000370e-01
6.786769599999999958e-01
6.774576900000000013e-01
6.762334100000000348e-01
6.750042400000000331e-01
6.737700100000000303e-01
6.725307700000000555e-01
6.712864600000000292e-01
6.700370900000000018e-01
6.687826500000000340e-01
6.675230300000000172e-01
6.662582200000000121e-01
6.649882200000000188e-01
6.637129200000000395e-01
6.624323699999999926e-01
6.611464000000000230e-01
6.598550699999999880e-01
6.585582500000000117e-01
6.572558899999999538e-01
6.559479200000000176e-01
6.546343599999999707e-01
6.533150100000000293e-01
6.519899399999999901e-01
6.506589699999999477e-01
6.493220299999999945e-01
6.479790800000000406e-01
6.466300499999999563e-01
6.452747599999999473e-01
6.439132100000000136e-01
6.425452799999999964e-01
6.411708600000000091e-01
6.397898199999999536e-01
6.384020400000000039e-01
6.370075299999999885e-01
6.356060500000000335e-01
6.341974700000000409e-01
6.327817399999999814e-01
6.313587400000000294e-01
6.299282899999999463e-01
6.284902700000000175e-01
6.270445000000000046e-01
6.255908599999999709e-01
6.241291799999999501e-01
6.226593299999999553e-01
6.211811299999999703e-01
6.196944100000000288e-01
6.181989900000000038e-01
6.166946899999999898e-01
6.151813299999999707e-01
6.136586699999999617e-01
6.121265900000000260e-01
6.105848000000000386e-01
6.090331100000000442e-01
6.074712899999999971e-01
6.058991000000000238e-01
6.043163499999999466e-01
6.027227600000000240e-01
6.011180299999999699e-01
5.995019700000000507e-01
5.978742200000000118e-01
5.962345599999999690e-01
5.945826800000000301e-01
5.929182200000000513e-01
5.912408799999999687e-01
5.895503199999999611e-01
5.878462199999999749e-01
5.861282300000000278e-01
5.843959499999999974e-01
5.826489299999999538e-01
5.808868999999999838e-01
5.791093699999999567e-01
5.773158699999999532e-01
5.755059099999999539e-01
5.736791500000000266e-01
5.718349799999999927e-01
5.699729300000000443e-01
5.680924099999999921e-01
5.661929199999999884e-01
5.642738299999999763e-01
5.623345400000000494e-01
5.603743799999999498e-01
5.583926999999999641e-01
5.563888000000000167e-01
5.543618799999999736e-01
5.523111800000000127e-01
5.502359300000000397e-01
5.481352200000000341e-01
5.460081100000000465e-01
5.438536999999999955e-01
5.416709800000000241e-01
5.394588700000000348e-01
5.372162499999999508e-01
5.349419699999999889e-01
5.326346800000000270e-01
5.302931100000000120e-01
5.279158400000000251e-01
5.255013699999999677e-01
5.230481000000000158e-01
5.205543000000000253e-01
5.180181299999999656e-01
5.154377199999999881e-01
5.128109499999999876e-01
5.101355300000000037e-01
5.074090999999999463e-01
5.046290799999999521e-01
5.017926700000000517e-01
4.988968699999999923e-01
4.959383600000000225e-01
4.929135700000000231e-01
4.898186600000000168e-01
4.866493599999999753e-01
4.834010300000000093e-01
4.800685599999999775e-01
4.766462699999999830e-01
4.731278999999999901e-01
4.695064999999999933e-01
4.657742699999999902e-01
4.619224399999999897e-01
4.579411099999999846e-01
4.538190400000000069e-01
4.495433600000000030e-01
4.450991999999999726e-01
4.404693199999999975e-01
4.356334800000000174e-01
4.305676199999999842e-01
4.252429899999999874e-01
4.196243900000000138e-01
4.136683899999999969e-01
4.073201399999999972e-01
4.005087600000000192e-01
3.931399600000000105e-01
3.850837899999999814e-01
3.761525499999999744e-01
3.660579899999999998e-01
3.543176900000000185e-01
3.400154100000000179e-01
3.210334799999999822e-01
2.911108700000000216e-01
2.416413099999999980e-01
