1001
0
20
0.8502891064
0.7851080298
0.7247582078
0.6690416336
0.617607832
0.5701285601
0.5263004899
0.4858431518
0.4484979212
0.414026171
0.3822079003
0.3528404832
0.3257375062
0.3007279336
0.2776557207
0.25638026
0.2367790341
0.2187542021
0.202247411
0.1872678846
0.1739363819
0.16253452
0.153537944
0.1475750953
0.1447322518
0.1440619975
0.1446757466
0.1461647153
0.1484839469
0.1518628299
0.1567393541
0.1636426151
0.1730092764
0.1850166172
0.1995335519
0.2161968052
0.2345357537
0.2540752292
0.2743929923
0.2951404452
0.3160421848
0.3368866444
0.3575145602
0.377807945
0.3976809084
0.4170722961
0.4359399378
0.4542561173
0.472004354
0.4891766012
0.5057713389
0.5217920542
0.5372459292
0.5521431565
0.566495955
0.5803180337
0.5936243534
0.6064305902
0.6187528968
0.6306075454
0.6420111656
0.6529800892
0.6635305882
0.6736786962
0.68343997
0.6928298473
0.7018631101
0.7105543017
0.7189173698
0.7269658446
0.7347127795
0.7421706915
0.7493517995
0.7562675476
0.7629292607
0.7693474889
0.7755326033
0.781494379
0.7872422338
0.7927851677
0.7981317639
0.8032901883
0.8082684278
0.8130739331
0.8177138567
0.8221950531
0.8265241385
0.830707252
0.8347504735
0.8386594057
0.8424395323
0.8460960388
0.8496338725
0.8530578017
0.8563722968
0.8595817089
0.8626901507
0.8657016158
0.86861974
0.8714482188
0.8741905093
0.8768498302
0.8794292808
0.8819320202
0.8843607903
0.8867183328
0.8890073299
0.8912302852
0.8933896422
0.8954876065
0.897526443
0.8995082378
0.9014350772
0.9033088684
0.9051313996
0.9069045186
0.9086299539
0.9103093147
0.9119441509
0.9135360122
0.9150862694
0.9165964127
0.9180677533
0.9195014834
0.9208989143
0.9222612381
0.9235895276
0.9248849154
0.9261484146
0.9273810983
0.92858392
0.9297577739
0.930903554
0.9320222139
0.9331144691
0.9341812134
0.9352232218
0.9362411499
0.9372357726
0.9382078052
0.9391578436
0.9400866628
0.9409947395
0.9418827295
0.9427511692
0.9436007142
0.9444318414
0.9452450871
0.9460409284
0.9468198419
0.9475823045
0.948328793
0.9490597248
0.9497755766
0.9504766464
0.9511634111
0.9518362284
0.9524955153
0.9531415105
0.9537746906
0.9543952942
0.9550037384
0.9556002617
0.9561851621
0.9567587972
0.9573214054
0.9578732848
0.9584146738
0.9589458704
0.959467113
0.9599786401
0.96048069
0.9609735012
0.9614572525
0.9619322419
0.9623985887
0.9628565907
0.9633063674
0.963748157
0.9641820788
0.9646083713
0.9650272131
0.9654387832
0.9658432007
0.9662406445
0.9666312933
0.9670152664
0.9673927426
0.9677639008
0.9681287408
0.9684875607
0.9688403606
0.9691873789
0.9695286751
0.969864428
0.9701946378
0.9705195427
0.9708392024
0.9711537957
0.971463263
0.9717679024
0.9720676541
0.9723627567
0.9726532102
0.9729391336
0.9732205868
0.9734977484
0.9737706184
0.9740393162
0.9743039012
0.9745644927
0.9748210907
0.975073874
0.9753229022
0.9755681753
0.9758098125
0.9760478735
0.9762824178
0.976513505
0.9767412543
0.9769656658
0.977186799
0.9774047732
0.9776195884
0.9778313637
0.9780400395
0.9782457948
0.9784486294
0.978648603
0.9788457751
0.9790401459
0.9792318344
0.9794208407
0.9796072245
0.9797910452
0.9799723029
0.9801510572
0.9803274274
0.9805013537
0.9806728959
0.9808421135
0.9810090661
0.9811737537
0.981336236
0.9814965129
0.981654644
0.981810689
0.9819647074
0.9821166396
0.9822665453
0.982414484
0.9825604558
0.9827045798
0.9828467369
0.9829871058
0.983125627
0.9832623601
0.983397305
0.9835305214
0.9836619496
0.9837917686
0.9839199185
0.9840463996
0.9841712713
0.9842945337
0.9844162464
0.9845363498
0.9846550226
0.9847721457
0.9848877788
0.9850019813
0.9851146936
0.9852260351
0.9853359461
0.9854445457
0.9855517149
0.9856575727
0.9857621193
0.9858653545
0.9859672785
0.9860679507
0.9861673713
0.9862655401
0.9863625169
0.9864583015
0.9865528941
0.9866463542
0.9867385626
0.9868296981
0.9869197011
0.9870086312
0.9870964289
0.9871831536
0.9872688055
0.9873533845
0.9874369502
0.9875195026
0.9876010418
0.9876815677
0.9877610803
0.9878396392
0.9879172444
0.987993896
0.9880696535
0.9881443977
0.9882183075
0.9882912636
0.9883633256
0.9884344935
0.988504827
0.9885742664
0.9886428714
0.9887106419
0.9887775183
0.9888436198
0.9889089465
0.9889734387
0.9890370965
0.989100039
0.989162147
0.9892235398
0.9892841578
0.9893440008
0.9894031286
0.9894615412
0.9895191789
0.9895761609
0.9896323681
0.9896879196
0.9897427559
0.9897969365
0.9898504615
0.9899032712
0.9899554253
0.9900069237
0.9900577664
0.9901080132
0.9901576042
0.9902065396
0.990254879
0.9903026223
0.9903497696
0.9903962612
0.9904422164
0.9904875159
0.990532279
0.9905764461
0.9906200767
0.9906631112
0.9907056093
0.990747571
0.9907889366
0.9908298254
0.9908701181
0.990909934
0.9909492135
0.9909879565
0.9910261631
0.9910638928
0.9911011457
0.9911378622
0.9911741018
0.991209805
0.991245091
0.9912798405
0.9913141727
0.9913480282
0.9913814068
0.9914143085
0.9914467931
0.9914788008
0.9915103316
0.9915414453
0.9915721416
0.9916024208
0.9916322231
0.9916616082
0.9916905761
0.9917191863
0.9917473197
0.9917750359
0.9918023944
0.9918292761
0.9918558598
0.9918819666
0.9919077158
0.9919331074
0.9919580817
0.9919826388
0.9920068979
0.9920307398
0.992054224
0.9920773506
0.9921001196
0.9921224713
0.9921445251
0.9921662211
0.9921875596
0.9922085404
0.9922292233
0.9922495484
0.992269516
0.9922891259
0.9923084378
0.9923274517
0.992346108
0.9923644662
0.9923824668
0.9924001694
0.9924175739
0.9924346805
0.9924514294
0.9924679399
0.9924840927
0.9924999475
0.9925155044
0.9925308228
0.9925457835
0.9925605059
0.9925749302
0.9925890565
0.9926028848
0.9926164746
0.9926297665
0.9926428199
0.9926555753
0.9926680326
0.9926802516
0.9926921725
0.9927039146
0.9927152991
0.9927265048
0.9927374125
0.9927480817
0.9927584529
0.9927686453
0.9927785397
0.9927882552
0.9927976727
0.9928068519
0.9928157926
0.9928244948
0.9928329587
0.9928412437
0.9928492308
0.992857039
0.9928646088
0.9928719401
0.9928790331
0.9928859472
0.9928926229
0.9928990602
0.9929053187
0.9929113388
0.9929171205
0.9929227233
0.9929281473
0.9929333329
0.9929383397
0.9929431081
0.9929476976
0.9929520488
0.9929562211
0.9929602146
0.9929640293
0.9929676056
0.9929710031
0.9929742217
0.9929772615
0.992980063
0.9929827452
0.992985189
0.9929874539
0.9929895997
0.9929915071
0.9929932356
0.9929947853
0.9929962158
0.9929974079
0.9929984808
0.9929993153
0.9930000305
0.993000567
0.9930009246
0.993001163
0.993001163
0.9930010438
0.9930007458
0.9930003285
0.9929997325
0.9929989576
0.992998004
0.9929969311
0.9929956794
0.9929943085
0.9929927588
0.9929910898
0.9929892421
0.9929872751
0.9929851294
0.9929828048
0.9929804206
0.992977798
0.9929751158
0.9929722548
0.9929692745
0.9929661155
0.9929628372
0.9929594398
0.9929558635
0.992952168
0.9929483533
0.9929444194
0.9929403067
0.9929360747
0.9929317236
0.9929272532
0.9929226637
0.9929178953
0.9929130673
0.9929080606
0.9929029346
0.9928976893
0.9928923249
0.9928868413
0.9928812385
0.9928755164
0.9928696752
0.9928637147
0.992857635
0.9928514361
0.992845118
0.9928387403
0.9928321838
0.9928255081
0.9928187728
0.9928118587
0.9928048849
0.992797792
0.9927905798
0.9927832484
0.9927757978
0.9927682877
0.9927606583
0.9927529097
0.9927450418
0.9927370548
0.9927290082
0.9927208424
0.9927125573
0.9927042127
0.9926957488
0.9926871657
0.9926785231
0.9926697612
0.9926608801
0.9926519394
0.9926428795
0.9926337004
0.9926244617
0.9926151037
0.9926056862
0.9925961494
0.9925864935
0.9925767779
0.9925669432
0.9925570488
0.9925470948
0.992536962
0.9925268292
0.9925165772
0.992506206
0.9924957752
0.9924852252
0.9924746156
0.9924639463
0.9924531579
0.9924422503
0.9924313426
0.9924202561
0.9924091697
0.992397964
0.9923866391
0.9923753142
0.9923638105
0.9923523068
0.9923406839
0.9923290014
0.9923171997
0.992305398
0.9922934175
0.9922814369
0.9922693372
0.9922571778
0.9922448993
0.9922326207
0.9922202229
0.992207706
0.992195189
0.9921825528
0.992169857
0.9921571016
0.992144227
0.9921312928
0.992118299
0.9921052456
0.9920921326
0.9920789003
0.9920656085
0.9920522571
0.992038846
0.9920253754
0.9920117855
0.991998136
0.991984427
0.9919706583
0.99195683
0.9919428825
0.9919289351
0.9919148684
0.9919007421
0.9918865561
0.9918723106
0.9918580055
0.9918435812
0.9918291569
0.9918146133
0.9918000698
0.9917854071
0.9917706847
0.9917559028
0.9917410612
0.9917261004
0.9917111397
0.9916961193
0.9916809797
0.9916658401
0.9916505814
0.9916353226
0.9916199446
0.991604507
0.9915890694
0.9915735126
0.9915578961
0.9915422201
0.9915264845
0.9915106893
0.9914948344
0.99147892
0.9914629459
0.9914469123
0.9914307594
0.9914146066
0.9913983941
0.991382122
0.9913657904
0.9913493395
0.9913328886
0.9913163781
0.991299808
0.9912831187
0.9912664294
0.9912496805
0.991232872
0.9912159443
0.9911990166
0.9911820292
0.9911649823
0.9911478162
0.99113065
0.9911134243
0.991096139
0.991078794
0.9910613894
0.9910438657
0.9910263419
0.9910087585
0.9909911156
0.990973413
0.9909556508
0.990937829
0.9909199476
0.9909020066
0.990884006
0.9908659458
0.990847826
0.9908297062
0.9908114672
0.9907931685
0.9907748103
0.9907563925
0.9907379746
0.9907194376
0.990700841
0.9906822443
0.9906635284
0.990644753
0.9906259775
0.9906070828
0.9905881882
0.9905691743
0.9905501008
0.9905310273
0.9905118346
0.9904926419
0.99047333
0.9904540181
0.990434587
0.9904151559
0.9903956652
0.9903760552
0.9903564453
0.9903367162
0.990316987
0.9902971387
0.9902772903
0.9902573228
0.9902373552
0.9902172685
0.9901971817
0.9901769757
0.9901567698
0.9901364446
0.9901161194
0.990095675
0.990075171
0.990054667
0.9900340438
0.990013361
0.9899926186
0.9899718761
0.9899510145
0.9899300933
0.9899091125
0.9898880124
0.9898669124
0.9898457527
0.9898245335
0.989803195
0.9897818565
0.9897603989
0.9897389412
0.9897173643
0.9896957278
0.9896740317
0.989652276
0.9896304607
0.9896085262
0.9895865917
0.989564538
0.9895424843
0.9895203114
0.9894980788
0.9894757867
0.9894533753
0.989430964
0.9894084334
0.9893858433
0.9893631935
0.9893404841
0.9893176556
0.989294827
0.9892718792
0.9892488718
0.9892258048
0.9892026186
0.9891793728
0.9891560674
0.9891327024
0.9891092181
0.9890856743
0.9890620708
0.9890384078
0.9890146255
0.9889907837
0.9889668226
0.9889428616
0.9889187813
0.9888945818
0.9888703823
0.988846004
0.9888216257
0.9887971282
0.9887725711
0.9887478948
0.9887231588
0.9886983037
0.988673389
0.9886484146
0.9886233211
0.9885981679
0.9885728955
0.9885475636
0.9885221124
0.988496542
0.988470912
0.9884452224
0.9884194136
0.9883934855
0.9883674979
0.9883413911
0.9883152246
0.988288939
0.9882625341
0.9882360697
0.988209486
0.9881827831
0.9881560206
0.9881291389
0.988102138
0.9880750179
0.9880478382
0.9880205393
0.9879931211
0.9879655838
0.9879379272
0.9879102111
0.9878823161
0.9878543615
0.9878262877
0.9877980351
0.9877697229
0.9877412915
0.9877127409
0.9876840711
0.987655282
0.9876263738
0.9875972867
0.98756814
0.9875388741
0.9875094295
0.9874798656
0.9874501824
0.9874203801
0.987390399
0.9873602986
0.9873300791
0.9872997403
0.9872692227
0.9872385859
0.9872077703
0.9871768355
0.9871457219
0.9871144891
0.987083137
0.9870515466
0.9870198965
0.986988008
0.9869560003
0.9869238138
0.9868915081
0.9868590236
0.9868263006
0.9867934585
0.9867604971
0.9867272973
0.9866939187
0.9866603613
0.9866266847
0.9865927696
0.9865586758
0.9865244031
0.986489892
0.9864552021
0.9864203334
0.9863852859
0.9863499999
0.9863145351
0.986278832
0.98624295
0.9862068295
0.9861704707
0.9861339331
0.986097157
0.9860601425
0.9860228896
0.9859853983
0.9859476686
0.9859097004
0.9858714938
0.9858329892
0.9857942462
0.9857552648
0.9857159853
0.9856764674
0.9856366515
0.9855965972
0.9855561852
0.9855155349
0.9854745865
0.9854333401
0.985391736
0.9853498936
0.9853076935
0.9852651358
0.98522228
0.9851791263
0.9851355553
0.9850916862
0.9850474596
0.9850028753
0.9849578738
0.9849125147
0.9848667383
0.9848206043
0.9847740531
0.9847271442
0.9846797585
0.9846319556
0.9845836759
0.9845349789
0.984485805
0.984436214
0.9843860865
0.9843354821
0.9842843413
0.9842327237
0.98418051
0.9841278195
0.984074533
0.98402071
0.983966291
0.9839112759
0.9838556051
0.9837993383
0.9837424159
0.9836847782
0.9836264849
0.9835674763
0.9835077524
0.9834472537
0.9833860397
0.9833239913
0.9832611084
0.983197391
0.9831327796
0.9830672741
0.9830008149
0.9829334617
0.9828650355
0.9827955961
0.9827251434
0.9826535583
0.982580781
0.9825068712
0.9824316502
0.982355237
0.9822774529
0.9821982384
0.9821176529
0.9820355177
0.9819517732
0.9818664789
0.9817793965
0.981690526
0.9815998077
0.9815070629
0.9814122915
0.9813153148
0.9812160134
0.9811143279
0.9810100794
0.9809031487
0.9807933569
0.9806804657
0.9805644155
0.9804448485
0.9803216457
0.980194509
 0.9800632
0.9799273014
0.9797865152
0.9796404243
0.9794885516
0.9793304801
0.9791654944
0.9789929986
0.9788122773
0.9786222577
0.9784219861
0.9782102108
0.9779853821
0.9777457714
0.9774889946
0.9772124887
0.9769126773
0.9765851498
0.9762241244
0.9758217931
0.9753675461
0.9748461246
0.974234879
0.973498702
0.9725791216
0.9713711143
0.9696649313
0.9669779539
0.9619681239
0.9499850869
0.9153440595
0.851460278
