8.630000000000000000e+02
0.000000000000000000e+00
1.723999999999999844e+01
8.353392499999999776e-01
7.711988100000000124e-01
7.119153700000000473e-01
6.571857899999999919e-01
6.066634699999999825e-01
5.600258099999999573e-01
5.169746899999999590e-01
4.772346599999999772e-01
4.405516999999999905e-01
4.066914899999999888e-01
3.754380299999999782e-01
3.465923399999999988e-01
3.199715300000000040e-01
2.954079499999999747e-01
2.727488599999999819e-01
2.518573700000000248e-01
2.326155599999999990e-01
2.149326400000000081e-01
1.987619700000000100e-01
1.841327500000000117e-01
1.711966099999999991e-01
1.602747599999999883e-01
1.518869100000000139e-01
1.466383900000000073e-01
1.443631099999999889e-01
1.440291700000000119e-01
1.448522999999999894e-01
1.465137699999999876e-01
1.490332299999999888e-01
1.526907999999999876e-01
1.579556300000000135e-01
1.653521199999999913e-01
1.752707099999999962e-01
1.878202700000000114e-01
2.028098100000000070e-01
2.198425200000000135e-01
2.384401700000000068e-01
2.581362700000000010e-01
2.785243700000000211e-01
2.992727499999999763e-01
3.201212900000000028e-01
3.408711600000000064e-01
3.613733100000000031e-01
3.815178000000000180e-01
4.012249399999999744e-01
4.204384400000000244e-01
4.391198800000000180e-01
4.572444900000000034e-01
4.747980199999999873e-01
4.917741700000000105e-01
5.081729299999999672e-01
5.239987999999999868e-01
5.392598499999999850e-01
5.539669400000000188e-01
5.681328799999999513e-01
5.817717300000000424e-01
5.948988800000000188e-01
6.075301199999999513e-01
6.196818400000000393e-01
6.313705400000000356e-01
6.426128100000000343e-01
6.534251599999999494e-01
6.638238400000000539e-01
6.738247899999999513e-01
6.834437300000000270e-01
6.926959200000000205e-01
7.015962000000000032e-01
7.101589400000000163e-01
7.183980899999999892e-01
7.263271199999999927e-01
7.339589600000000491e-01
7.413060700000000391e-01
7.483804200000000462e-01
7.551936500000000496e-01
7.617567200000000538e-01
7.680802300000000304e-01
7.741743899999999901e-01
7.800488500000000158e-01
7.857129000000000474e-01
7.911754800000000420e-01
7.964450699999999772e-01
8.015298199999999484e-01
8.064374899999999791e-01
8.111754100000000411e-01
8.157507200000000402e-01
8.201701599999999814e-01
8.244402400000000464e-01
8.285670299999999822e-01
8.325564300000000140e-01
8.364140399999999698e-01
8.401452900000000446e-01
8.437551899999999883e-01
8.472486099999999576e-01
8.506303400000000403e-01
8.539046599999999820e-01
8.570759300000000414e-01
8.601481300000000108e-01
8.631251500000000076e-01
8.660107299999999508e-01
8.688083300000000175e-01
8.715213499999999724e-01
8.741530800000000268e-01
8.767064799999999547e-01
8.791845400000000144e-01
8.815901299999999718e-01
8.839258599999999522e-01
8.861943500000000196e-01
8.883980500000000502e-01
8.905393499999999518e-01
8.926205000000000389e-01
8.946435999999999833e-01
8.966108000000000411e-01
8.985240500000000186e-01
9.003851999999999967e-01
9.021961699999999640e-01
9.039586200000000460e-01
9.056742199999999743e-01
9.073446400000000356e-01
9.089713699999999452e-01
9.105558400000000052e-01
9.120996000000000103e-01
9.136038399999999449e-01
9.150700000000000500e-01
9.164993200000000062e-01
9.178929300000000513e-01
9.192520400000000480e-01
9.205777000000000543e-01
9.218710700000000147e-01
9.231330800000000503e-01
9.243648100000000367e-01
9.255671500000000052e-01
9.267410600000000054e-01
9.278873800000000394e-01
9.290069300000000085e-01
9.301005599999999651e-01
9.311690900000000326e-01
9.322132499999999933e-01
9.332337400000000338e-01
9.342312799999999973e-01
9.352065899999999488e-01
9.361602700000000166e-01
9.370929599999999748e-01
9.380052100000000337e-01
9.388977299999999859e-01
9.397710000000000230e-01
9.406255500000000325e-01
9.414619800000000316e-01
9.422807699999999897e-01
9.430823900000000481e-01
9.438673300000000044e-01
9.446359899999999810e-01
9.453889100000000267e-01
9.461264600000000025e-01
9.468490499999999699e-01
9.475570899999999908e-01
9.482510100000000053e-01
9.489311000000000274e-01
9.495977799999999469e-01
9.502513999999999683e-01
9.508922699999999839e-01
9.515207399999999760e-01
9.521371100000000087e-01
9.527417400000000036e-01
9.533348699999999454e-01
9.539167899999999589e-01
9.544877400000000289e-01
9.550481400000000454e-01
9.555981199999999953e-01
9.561379599999999535e-01
9.566679000000000155e-01
9.571882499999999627e-01
9.576991200000000148e-01
9.582008699999999823e-01
9.586936200000000241e-01
9.591776100000000138e-01
9.596530800000000472e-01
9.601201999999999792e-01
9.605791000000000190e-01
9.610301300000000380e-01
9.614732900000000360e-01
9.619088799999999662e-01
9.623370199999999874e-01
9.627578900000000051e-01
9.631716599999999850e-01
9.635785199999999939e-01
9.639785300000000001e-01
9.643719200000000491e-01
9.647588099999999667e-01
9.651393299999999620e-01
9.655136500000000011e-01
9.658818799999999705e-01
9.662441600000000186e-01
9.666006000000000320e-01
9.669513100000000083e-01
9.672964200000000456e-01
9.676361100000000492e-01
9.679704300000000483e-01
9.682994499999999505e-01
9.686234000000000233e-01
9.689422800000000446e-01
9.692562200000000017e-01
9.695653899999999714e-01
9.698697299999999855e-01
9.701694800000000285e-01
9.704647100000000082e-01
9.707554000000000460e-01
9.710417999999999550e-01
9.713238499999999886e-01
9.716017200000000020e-01
9.718754899999999530e-01
9.721452000000000426e-01
9.724109199999999564e-01
9.726727600000000251e-01
9.729307900000000453e-01
9.731850600000000462e-01
9.734356400000000464e-01
9.736826400000000437e-01
9.739260699999999771e-01
9.741660399999999553e-01
9.744025499999999784e-01
9.746357799999999516e-01
9.748656700000000175e-01
9.750922899999999727e-01
9.753158100000000053e-01
9.755361700000000358e-01
9.757534900000000011e-01
9.759677599999999620e-01
9.761791199999999558e-01
9.763874999999999638e-01
9.765930800000000023e-01
9.767958500000000210e-01
9.769958300000000095e-01
9.771931200000000262e-01
9.773877300000000101e-01
9.775797099999999906e-01
9.777691400000000366e-01
9.779560000000000475e-01
9.781403499999999918e-01
9.783223300000000178e-01
9.785017999999999772e-01
9.786789399999999972e-01
9.788537000000000488e-01
9.790261999999999576e-01
9.791964300000000065e-01
9.793644500000000530e-01
9.795302700000000362e-01
9.796939500000000356e-01
9.798554800000000009e-01
9.800149200000000116e-01
9.801722800000000069e-01
9.803276699999999844e-01
9.804810299999999756e-01
9.806324199999999491e-01
9.807818499999999551e-01
9.809294299999999911e-01
9.810751100000000280e-01
9.812189300000000447e-01
9.813609100000000307e-01
9.815011599999999836e-01
9.816395599999999666e-01
9.817763000000000462e-01
9.819112399999999630e-01
9.820445199999999764e-01
9.821761799999999543e-01
9.823061199999999493e-01
9.824345100000000386e-01
9.825612299999999522e-01
9.826863999999999599e-01
9.828100199999999509e-01
9.829321500000000045e-01
9.830527300000000412e-01
9.831718200000000296e-01
9.832894199999999696e-01
9.834055900000000516e-01
9.835203300000000537e-01
9.836337000000000552e-01
9.837456300000000375e-01
9.838561999999999585e-01
9.839653999999999900e-01
9.840732800000000502e-01
9.841797899999999988e-01
9.842850600000000449e-01
9.843890699999999772e-01
9.844917699999999883e-01
9.845932099999999965e-01
9.846934099999999912e-01
9.847924099999999514e-01
9.848902200000000384e-01
9.849868400000000301e-01
9.850822700000000376e-01
9.851765000000000105e-01
9.852696699999999863e-01
9.853616400000000386e-01
9.854525299999999932e-01
9.855422999999999822e-01
9.856309899999999846e-01
9.857186100000000506e-01
9.858052099999999873e-01
9.858906899999999585e-01
9.859751500000000224e-01
9.860585899999999571e-01
9.861410900000000535e-01
9.862225100000000522e-01
9.863029700000000011e-01
9.863824199999999820e-01
9.864609199999999634e-01
9.865384699999999452e-01
9.866151199999999566e-01
9.866907600000000000e-01
9.867655600000000415e-01
9.868394099999999725e-01
9.869123699999999832e-01
9.869844300000000237e-01
9.870556000000000330e-01
9.871259300000000403e-01
9.871953700000000165e-01
9.872639800000000410e-01
9.873317499999999525e-01
9.873986799999999731e-01
9.874648499999999496e-01
9.875301100000000165e-01
9.875945999999999891e-01
9.876583199999999785e-01
9.877212600000000453e-01
9.877834300000000178e-01
9.878447700000000387e-01
9.879053800000000551e-01
9.879652899999999960e-01
9.880244099999999641e-01
9.880827699999999991e-01
9.881404599999999983e-01
9.881973899999999533e-01
9.882535900000000151e-01
9.883091400000000304e-01
9.883639199999999514e-01
9.884180999999999662e-01
9.884715099999999977e-01
9.885243200000000119e-01
9.885764099999999610e-01
9.886278499999999747e-01
9.886786300000000027e-01
9.887287599999999843e-01
9.887782299999999802e-01
9.888271100000000091e-01
9.888753300000000523e-01
9.889229499999999673e-01
9.889699199999999468e-01
9.890162900000000201e-01
9.890620700000000154e-01
9.891072499999999934e-01
9.891518400000000044e-01
9.891958199999999479e-01
9.892392800000000541e-01
9.892821299999999818e-01
9.893243900000000535e-01
9.893661099999999653e-01
9.894072400000000211e-01
9.894478300000000281e-01
9.894878900000000366e-01
9.895273999999999459e-01
9.895663900000000179e-01
9.896048299999999909e-01
9.896427399999999652e-01
9.896801100000000018e-01
9.897170100000000081e-01
9.897533699999999657e-01
9.897892499999999538e-01
9.898245900000000042e-01
9.898594600000000243e-01
9.898937899999999956e-01
9.899276500000000478e-01
9.899610899999999880e-01
9.899939899999999904e-01
9.900264100000000234e-01
9.900584199999999946e-01
9.900898900000000280e-01
9.901209499999999997e-01
9.901515199999999517e-01
9.901816799999999530e-01
9.902113700000000351e-01
9.902405699999999866e-01
9.902693599999999874e-01
9.902977299999999872e-01
9.903256900000000362e-01
9.903531700000000049e-01
9.903802299999999725e-01
9.904069300000000187e-01
9.904331600000000346e-01
9.904589700000000496e-01
9.904843599999999526e-01
9.905093900000000451e-01
9.905340099999999648e-01
9.905582099999999945e-01
9.905819900000000233e-01
9.906054100000000195e-01
9.906284199999999540e-01
9.906510699999999670e-01
9.906733599999999473e-01
9.906952399999999770e-01
9.907167599999999741e-01
9.907378599999999702e-01
9.907586000000000448e-01
9.907790400000000552e-01
9.907990700000000039e-01
9.908187400000000311e-01
9.908380500000000257e-01
9.908570100000000380e-01
9.908756600000000470e-01
9.908938999999999941e-01
9.909118399999999882e-01
9.909294199999999497e-01
9.909466500000000400e-01
9.909635799999999550e-01
9.909801499999999486e-01
9.909963600000000206e-01
9.910122799999999677e-01
9.910278900000000224e-01
9.910431499999999838e-01
9.910581099999999921e-01
9.910727099999999679e-01
9.910870800000000092e-01
9.911010900000000179e-01
9.911147999999999625e-01
9.911281499999999856e-01
9.911412600000000239e-01
9.911540199999999690e-01
9.911665299999999901e-01
9.911786900000000289e-01
9.911906099999999720e-01
9.912022400000000122e-01
9.912135600000000490e-01
9.912245899999999610e-01
9.912353200000000308e-01
9.912457500000000366e-01
9.912559399999999465e-01
9.912658300000000144e-01
9.912754900000000369e-01
9.912848499999999952e-01
9.912939100000000003e-01
9.913027300000000208e-01
9.913112499999999772e-01
9.913195399999999990e-01
9.913275799999999860e-01
9.913353299999999590e-01
9.913428399999999474e-01
9.913500499999999827e-01
9.913570900000000519e-01
9.913638200000000067e-01
9.913702599999999476e-01
9.913765199999999833e-01
9.913824799999999549e-01
9.913882600000000211e-01
9.913937400000000233e-01
9.913989899999999800e-01
9.914039999999999520e-01
9.914087700000000503e-01
9.914133000000000528e-01
9.914176500000000392e-01
9.914216999999999613e-01
9.914255699999999782e-01
9.914291499999999813e-01
9.914325499999999680e-01
9.914357099999999701e-01
9.914386299999999874e-01
9.914413699999999885e-01
9.914438700000000049e-01
9.914461399999999758e-01
9.914481600000000228e-01
9.914500099999999927e-01
9.914516799999999463e-01
9.914530499999999469e-01
9.914543000000000106e-01
9.914552599999999494e-01
9.914560300000000437e-01
9.914566299999999499e-01
9.914569899999999825e-01
9.914571599999999485e-01
9.914571599999999485e-01
9.914569300000000140e-01
9.914564500000000447e-01
9.914558500000000274e-01
9.914550199999999647e-01
9.914540099999999967e-01
9.914527499999999938e-01
9.914513799999999932e-01
9.914497700000000080e-01
9.914479899999999457e-01
9.914459599999999595e-01
9.914438100000000365e-01
9.914414299999999569e-01
9.914389300000000516e-01
9.914361800000000002e-01
9.914332599999999829e-01
9.914301599999999492e-01
9.914269399999999788e-01
9.914234899999999628e-01
9.914198499999999914e-01
9.914160400000000539e-01
9.914120400000000499e-01
9.914079300000000483e-01
9.914035799999999510e-01
9.913991100000000278e-01
9.913944599999999774e-01
9.913895700000000533e-01
9.913845700000000205e-01
9.913794400000000007e-01
9.913740800000000464e-01
9.913685899999999940e-01
9.913628700000000071e-01
9.913570900000000519e-01
9.913510700000000009e-01
9.913449300000000131e-01
9.913386100000000090e-01
9.913321099999999886e-01
9.913254400000000022e-01
9.913186400000000287e-01
9.913117299999999465e-01
9.913046399999999592e-01
9.912973600000000163e-01
9.912899099999999963e-01
9.912823400000000396e-01
9.912746500000000349e-01
9.912667899999999532e-01
9.912587400000000271e-01
9.912505700000000530e-01
9.912422300000000019e-01
9.912337700000000140e-01
9.912251199999999596e-01
9.912163600000000185e-01
9.912074800000000296e-01
9.911984200000000245e-01
9.911892399999999714e-01
9.911798800000000131e-01
9.911704099999999462e-01
9.911607500000000348e-01
9.911509800000000148e-01
9.911410800000000076e-01
9.911310100000000345e-01
9.911208700000000427e-01
9.911105000000000054e-01
9.911000699999999997e-01
9.910894599999999777e-01
9.910787300000000188e-01
9.910678299999999830e-01
9.910568600000000394e-01
9.910457099999999686e-01
9.910344500000000112e-01
9.910229999999999873e-01
9.910115000000000451e-01
9.909998199999999757e-01
9.909880199999999695e-01
9.909761000000000264e-01
9.909639999999999560e-01
9.909518400000000282e-01
9.909394999999999731e-01
9.909270399999999812e-01
9.909144600000000525e-01
9.909017700000000151e-01
9.908889499999999906e-01
9.908759600000000001e-01
9.908629100000000411e-01
9.908496700000000157e-01
9.908363199999999926e-01
9.908228500000000327e-01
9.908093199999999934e-01
9.907956100000000488e-01
9.907817799999999453e-01
9.907678399999999552e-01
9.907537100000000097e-01
9.907395199999999846e-01
9.907252199999999620e-01
9.907107899999999523e-01
9.906962499999999450e-01
9.906815300000000324e-01
9.906667500000000404e-01
9.906518500000000005e-01
9.906367700000000553e-01
9.906216300000000308e-01
9.906063699999999583e-01
9.905909899999999491e-01
9.905754300000000345e-01
9.905598199999999798e-01
9.905440800000000490e-01
9.905282300000000095e-01
9.905122499999999830e-01
9.904961599999999589e-01
9.904799499999999979e-01
9.904636100000000498e-01
9.904471599999999931e-01
9.904305899999999996e-01
9.904139600000000376e-01
9.903971599999999986e-01
9.903802900000000520e-01
9.903632399999999780e-01
9.903461300000000467e-01
9.903288500000000383e-01
9.903115000000000112e-01
9.902940399999999865e-01
9.902764600000000250e-01
9.902587499999999654e-01
9.902409300000000192e-01
9.902230499999999935e-01
9.902049899999999516e-01
9.901868099999999728e-01
9.901685700000000256e-01
9.901502100000000306e-01
9.901317400000000379e-01
9.901131399999999472e-01
9.900944200000000306e-01
9.900755900000000054e-01
9.900566299999999931e-01
9.900375599999999832e-01
9.900184300000000048e-01
9.899991200000000102e-01
9.899797399999999969e-01
9.899602499999999861e-01
9.899406400000000383e-01
9.899209100000000427e-01
9.899010700000000496e-01
9.898811600000000377e-01
9.898610700000000095e-01
9.898409200000000130e-01
9.898206000000000504e-01
9.898002099999999581e-01
9.897797099999999793e-01
9.897590899999999525e-01
9.897383499999999890e-01
9.897174800000000383e-01
9.896964999999999790e-01
9.896754599999999513e-01
9.896542400000000184e-01
9.896329600000000060e-01
9.896115100000000275e-01
9.895899900000000304e-01
9.895683499999999855e-01
9.895466000000000539e-01
9.895247200000000243e-01
9.895027299999999970e-01
9.894806099999999827e-01
9.894583799999999707e-01
9.894360300000000219e-01
9.894135600000000252e-01
9.893910299999999491e-01
9.893683199999999678e-01
9.893454900000000496e-01
9.893226000000000520e-01
9.892995399999999773e-01
9.892764099999999949e-01
9.892530999999999963e-01
9.892297399999999685e-01
9.892061899999999852e-01
9.891825899999999727e-01
9.891588100000000550e-01
9.891349699999999467e-01
9.891109500000000443e-01
9.890868099999999830e-01
9.890626099999999532e-01
9.890382300000000182e-01
9.890137300000000353e-01
9.889891100000000046e-01
9.889643799999999763e-01
9.889395199999999608e-01
9.889145499999999478e-01
9.888894599999999979e-01
9.888641799999999815e-01
9.888388500000000469e-01
9.888133399999999851e-01
9.887877099999999864e-01
9.887619600000000508e-01
9.887360899999999564e-01
9.887101099999999754e-01
9.886839400000000389e-01
9.886576500000000545e-01
9.886312499999999615e-01
9.886047199999999924e-01
9.885780199999999462e-01
9.885512600000000427e-01
9.885243200000000119e-01
9.884971999999999648e-01
9.884699599999999808e-01
9.884425999999999490e-01
9.884151199999999804e-01
9.883874700000000457e-01
9.883596900000000129e-01
9.883317900000000433e-01
9.883037199999999967e-01
9.882754700000000447e-01
9.882471000000000450e-01
9.882186099999999973e-01
9.881899400000000444e-01
9.881611500000000436e-01
9.881321800000000266e-01
9.881030899999999617e-01
9.880738300000000418e-01
9.880443800000000554e-01
9.880148199999999603e-01
9.879850700000000208e-01
9.879552099999999726e-01
9.879251700000000191e-01
9.878949500000000494e-01
9.878645499999999524e-01
9.878340399999999688e-01
9.878033400000000297e-01
9.877724599999999633e-01
9.877414100000000419e-01
9.877102399999999616e-01
9.876788300000000076e-01
9.876472899999999555e-01
9.876155300000000192e-01
9.875836399999999848e-01
9.875515099999999657e-01
9.875192600000000098e-01
9.874867800000000084e-01
9.874541799999999592e-01
9.874213299999999860e-01
9.873883100000000468e-01
9.873551099999999803e-01
9.873217300000000085e-01
9.872881199999999913e-01
9.872543200000000185e-01
9.872202900000000003e-01
9.871861299999999950e-01
9.871516799999999758e-01
9.871171100000000198e-01
9.870822399999999996e-01
9.870472000000000135e-01
9.870119699999999607e-01
9.869765000000000343e-01
9.869407999999999515e-01
9.869048599999999949e-01
9.868687400000000221e-01
9.868323799999999535e-01
9.867957200000000428e-01
9.867588900000000551e-01
9.867218100000000325e-01
9.866844999999999644e-01
9.866468900000000541e-01
9.866091000000000166e-01
9.865710100000000260e-01
9.865326300000000215e-01
9.864940599999999504e-01
9.864551999999999765e-01
9.864160400000000495e-01
9.863766400000000267e-01
9.863369499999999901e-01
9.862970100000000295e-01
9.862567199999999756e-01
9.862161900000000481e-01
9.861753599999999453e-01
9.861342300000000005e-01
9.860927499999999624e-01
9.860510200000000003e-01
9.860089399999999449e-01
9.859665600000000474e-01
9.859238299999999455e-01
9.858807299999999829e-01
9.858373400000000064e-01
9.857935899999999974e-01
9.857495400000000352e-01
9.857050800000000113e-01
9.856602500000000155e-01
9.856150700000000375e-01
9.855694799999999978e-01
9.855235799999999546e-01
9.854772099999999924e-01
9.854304799999999975e-01
9.853833300000000017e-01
9.853357099999999758e-01
9.852877300000000282e-01
9.852393299999999687e-01
9.851903899999999714e-01
9.851410999999999918e-01
9.850912699999999633e-01
9.850410200000000449e-01
9.849902400000000169e-01
9.849389800000000195e-01
9.848872400000000527e-01
9.848349699999999762e-01
9.847821599999999620e-01
9.847288100000000099e-01
9.846748699999999799e-01
9.846203900000000120e-01
9.845653800000000455e-01
9.845097099999999823e-01
9.844533800000000445e-01
9.843965199999999971e-01
9.843389399999999956e-01
9.842807099999999476e-01
9.842218200000000250e-01
9.841622100000000373e-01
9.841018900000000347e-01
9.840408000000000488e-01
9.839789899999999978e-01
9.839163399999999449e-01
9.838529200000000197e-01
9.837886700000000317e-01
9.837235199999999624e-01
9.836575400000000524e-01
9.835905999999999816e-01
9.835227699999999906e-01
9.834539300000000317e-01
9.833840700000000545e-01
9.833131400000000299e-01
9.832412000000000374e-01
9.831680699999999495e-01
9.830938599999999861e-01
9.830183999999999589e-01
9.829416899999999790e-01
9.828636600000000278e-01
9.827843299999999838e-01
9.827035699999999707e-01
9.826213700000000495e-01
9.825376300000000507e-01
9.824523299999999848e-01
9.823653700000000155e-01
9.822766200000000447e-01
9.821861400000000408e-01
9.820936900000000191e-01
9.819992800000000299e-01
9.819028400000000545e-01
9.818041299999999971e-01
9.817031000000000507e-01
9.815996900000000247e-01
9.814936499999999953e-01
9.813849300000000442e-01
9.812732899999999647e-01
9.811586100000000421e-01
9.810406600000000088e-01
9.809192399999999701e-01
9.807941300000000417e-01
9.806650900000000171e-01
9.805317500000000353e-01
9.803938899999999901e-01
9.802510700000000021e-01
9.801028999999999991e-01
9.799489399999999906e-01
9.797886599999999779e-01
9.796215299999999626e-01
9.794467700000000221e-01
9.792636000000000118e-01
9.790712000000000304e-01
9.788684199999999613e-01
9.786539699999999842e-01
9.784264000000000294e-01
9.781837500000000185e-01
9.779238700000000284e-01
9.776439099999999494e-01
9.773403400000000296e-01
9.770086999999999522e-01
9.766429699999999992e-01
9.762352100000000199e-01
9.757744099999999809e-01
9.752449399999999491e-01
9.746233800000000391e-01
9.738730799999999466e-01
9.729329899999999975e-01
9.716924999999999590e-01
9.699282099999999573e-01
9.671194600000000419e-01
9.617927699999999636e-01
9.487652800000000441e-01
9.112811699999999737e-01
8.463718900000000156e-01
