9.960000000000000000e+02
0.000000000000000000e+00
1.989999999999999858e+01
8.349868099999999682e-01
7.708734299999999706e-01
7.116150300000000373e-01
6.569085700000000250e-01
6.064075799999999461e-01
5.597895999999999983e-01
5.167565899999999601e-01
4.770333500000000226e-01
4.403659100000000270e-01
4.065200099999999872e-01
3.752797199999999833e-01
3.464462799999999953e-01
3.198367999999999767e-01
2.952836799999999928e-01
2.726343600000000200e-01
2.517520200000000208e-01
2.325189699999999915e-01
2.148446999999999996e-01
1.986832900000000124e-01
1.840650400000000131e-01
1.711434900000000092e-01
1.602423500000000056e-01
1.518842699999999879e-01
1.466725899999999916e-01
1.444263299999999917e-01
1.441099299999999972e-01
1.449446799999999924e-01
1.466165799999999964e-01
1.491491299999999909e-01
1.528260700000000083e-01
1.581194099999999880e-01
1.655545700000000120e-01
1.755205200000000132e-01
1.881230299999999966e-01
2.031679999999999875e-01
2.202565700000000126e-01
2.389095900000000050e-01
2.586605299999999996e-01
2.791031900000000010e-01
2.999062499999999853e-01
3.208098699999999970e-01
3.416155300000000006e-01
3.621743000000000046e-01
3.823762800000000128e-01
4.021418700000000124e-01
4.214146999999999754e-01
4.401562800000000109e-01
4.583417200000000080e-01
4.759566499999999811e-01
4.929947299999999921e-01
5.094556799999999663e-01
5.253439500000000040e-01
5.406675300000000073e-01
5.554370899999999667e-01
5.696651900000000435e-01
5.833659799999999507e-01
5.965545199999999770e-01
6.092466699999999902e-01
6.214586500000000013e-01
6.332067799999999691e-01
6.445076499999999875e-01
6.553776300000000443e-01
6.658328799999999603e-01
6.758893700000000448e-01
6.855626700000000406e-01
6.948679700000000015e-01
7.038201099999999988e-01
7.124333999999999945e-01
7.207217799999999785e-01
7.286986699999999928e-01
7.363769399999999798e-01
7.437690500000000426e-01
7.508871000000000295e-01
7.577424600000000066e-01
7.643462399999999546e-01
7.707090399999999564e-01
7.768410399999999827e-01
7.827519200000000454e-01
7.884510200000000024e-01
7.939472199999999535e-01
7.992490500000000164e-01
8.043646800000000541e-01
8.093017900000000209e-01
8.140678999999999554e-01
8.186700900000000169e-01
8.231151700000000071e-01
8.274095700000000386e-01
8.315594200000000491e-01
8.355707500000000287e-01
8.394491099999999983e-01
8.431999100000000524e-01
8.468282799999999888e-01
8.503391099999999536e-01
8.537370600000000476e-01
8.570267000000000301e-01
8.602122100000000327e-01
8.632976999999999457e-01
8.662871100000000268e-01
8.691840800000000256e-01
8.719921699999999554e-01
8.747149100000000121e-01
8.773554000000000075e-01
8.799167900000000042e-01
8.824021199999999565e-01
8.848141400000000267e-01
8.871556499999999623e-01
8.894291500000000017e-01
8.916372099999999579e-01
8.937821999999999711e-01
8.958663300000000440e-01
8.978918799999999756e-01
8.998608599999999846e-01
9.017753600000000258e-01
9.036371699999999896e-01
9.054482600000000048e-01
9.072103500000000542e-01
9.089251200000000308e-01
9.105941699999999805e-01
9.122191099999999997e-01
9.138013699999999462e-01
9.153424500000000297e-01
9.168436500000000100e-01
9.183064100000000174e-01
9.197318599999999567e-01
9.211212399999999523e-01
9.224758100000000072e-01
9.237965900000000286e-01
9.250847700000000007e-01
9.263413000000000341e-01
9.275672400000000151e-01
9.287635100000000143e-01
9.299310400000000421e-01
9.310707999999999762e-01
9.321835000000000537e-01
9.332700999999999913e-01
9.343312999999999757e-01
9.353679400000000088e-01
9.363807400000000447e-01
9.373703599999999581e-01
9.383375600000000150e-01
9.392829499999999499e-01
9.402071800000000312e-01
9.411108500000000543e-01
9.419946099999999545e-01
9.428589299999999840e-01
9.437044900000000069e-01
9.445317399999999530e-01
9.453412300000000323e-01
9.461334300000000530e-01
9.469088300000000347e-01
9.476679000000000075e-01
9.484111100000000016e-01
9.491388200000000497e-01
9.498515100000000100e-01
9.505495999999999945e-01
9.512334500000000359e-01
9.519034600000000346e-01
9.525599500000000441e-01
9.532033199999999651e-01
9.538338800000000228e-01
9.544519799999999776e-01
9.550579799999999731e-01
9.556521199999999938e-01
9.562347500000000222e-01
9.568061199999999822e-01
9.573665900000000173e-01
9.579163200000000433e-01
9.584557400000000005e-01
9.589849099999999682e-01
9.595042499999999475e-01
9.600138700000000469e-01
9.605141299999999660e-01
9.610051499999999747e-01
9.614872300000000260e-01
9.619604899999999459e-01
9.624252899999999888e-01
9.628816799999999620e-01
9.633299100000000115e-01
9.637702099999999605e-01
9.642026999999999681e-01
9.646275600000000505e-01
9.650450299999999704e-01
9.654552899999999660e-01
9.658584000000000058e-01
9.662545900000000243e-01
9.666440499999999769e-01
9.670268300000000039e-01
9.674031699999999789e-01
9.677731400000000317e-01
9.681369100000000172e-01
9.684946500000000125e-01
9.688464399999999754e-01
9.691924499999999831e-01
9.695327900000000332e-01
9.698675300000000332e-01
9.701968399999999493e-01
9.705208499999999905e-01
9.708396799999999827e-01
9.711533799999999550e-01
9.714620099999999869e-01
9.717658200000000024e-01
9.720648499999999803e-01
9.723591200000000212e-01
9.726488599999999485e-01
9.729340100000000158e-01
9.732148099999999857e-01
9.734912500000000302e-01
9.737634699999999643e-01
9.740315099999999893e-01
9.742954400000000126e-01
9.745553700000000319e-01
9.748114300000000343e-01
9.750636200000000198e-01
9.753120499999999859e-01
9.755567899999999515e-01
9.757978299999999772e-01
9.760354199999999869e-01
9.762694200000000544e-01
9.765000299999999633e-01
9.767272500000000468e-01
9.769511800000000301e-01
9.771718999999999822e-01
9.773893999999999638e-01
9.776037899999999725e-01
9.778150899999999979e-01
9.780234100000000375e-01
9.782287499999999802e-01
9.784312200000000459e-01
9.786307800000000334e-01
9.788276000000000199e-01
9.790216099999999866e-01
9.792129400000000317e-01
9.794015900000000441e-01
9.795876100000000530e-01
9.797710800000000164e-01
9.799520400000000242e-01
9.801304899999999654e-01
9.803065100000000198e-01
9.804801300000000053e-01
9.806514400000000409e-01
9.808203599999999467e-01
9.809870099999999926e-01
9.811514000000000069e-01
9.813136500000000373e-01
9.814736800000000150e-01
9.816315799999999481e-01
9.817873799999999873e-01
9.819411000000000111e-01
9.820927999999999880e-01
9.822425200000000078e-01
9.823902199999999807e-01
9.825360199999999544e-01
9.826799000000000506e-01
9.828218800000000366e-01
9.829620100000000527e-01
9.831003499999999562e-01
9.832368500000000511e-01
9.833716200000000018e-01
9.835046499999999803e-01
9.836359599999999759e-01
9.837656000000000178e-01
9.838935100000000267e-01
9.840198799999999579e-01
9.841445699999999963e-01
9.842676500000000495e-01
9.843891900000000250e-01
9.845092300000000130e-01
9.846277199999999841e-01
9.847446699999999886e-01
9.848601799999999740e-01
9.849742700000000406e-01
9.850868600000000086e-01
9.851980799999999761e-01
9.853078699999999746e-01
9.854162899999999725e-01
9.855233399999999699e-01
9.856290800000000463e-01
9.857335099999999795e-01
9.858366299999999915e-01
9.859384300000000323e-01
9.860390399999999778e-01
9.861383400000000021e-01
9.862363899999999628e-01
9.863333100000000186e-01
9.864289800000000108e-01
9.865234499999999684e-01
9.866167900000000213e-01
9.867089399999999788e-01
9.868000099999999497e-01
9.868898999999999866e-01
9.869787100000000368e-01
9.870664500000000396e-01
9.871530499999999764e-01
9.872386499999999954e-01
9.873231599999999775e-01
9.874066700000000418e-01
9.874891000000000085e-01
9.875705200000000072e-01
9.876509900000000064e-01
9.877304399999999873e-01
9.878089399999999687e-01
9.878864899999999505e-01
9.879630799999999935e-01
9.880387200000000369e-01
9.881134000000000306e-01
9.881872499999999615e-01
9.882601500000000039e-01
9.883321499999999649e-01
9.884032600000000057e-01
9.884734699999999652e-01
9.885429100000000524e-01
9.886114000000000290e-01
9.886791099999999721e-01
9.887459899999999635e-01
9.888120299999999530e-01
9.888772999999999591e-01
9.889416699999999949e-01
9.890053300000000158e-01
9.890682100000000032e-01
9.891302600000000389e-01
9.891915900000000095e-01
9.892521499999999968e-01
9.893119299999999505e-01
9.893710000000000004e-01
9.894293499999999852e-01
9.894869899999999552e-01
9.895438600000000529e-01
9.896000600000000036e-01
9.896555500000000505e-01
9.897103900000000509e-01
9.897645099999999863e-01
9.898179200000000177e-01
9.898707300000000320e-01
9.899228199999999811e-01
9.899743199999999632e-01
9.900250999999999912e-01
9.900752900000000523e-01
9.901248200000000166e-01
9.901737600000000139e-01
9.902220400000000256e-01
9.902697200000000199e-01
9.903168100000000473e-01
9.903632399999999780e-01
9.904091400000000212e-01
9.904544400000000470e-01
9.904991399999999446e-01
9.905433099999999547e-01
9.905868799999999474e-01
9.906298500000000340e-01
9.906723499999999794e-01
9.907141900000000501e-01
9.907555599999999796e-01
9.907963899999999713e-01
9.908366800000000252e-01
9.908764399999999695e-01
9.909156599999999759e-01
9.909543400000000446e-01
9.909925499999999721e-01
9.910302199999999617e-01
9.910674099999999820e-01
9.911040700000000037e-01
9.911402499999999449e-01
9.911759500000000278e-01
9.912111799999999695e-01
9.912459300000000528e-01
9.912801999999999447e-01
9.913139899999999782e-01
9.913473099999999816e-01
9.913802099999999839e-01
9.914126399999999562e-01
9.914445899999999590e-01
9.914761199999999608e-01
9.915072299999999617e-01
9.915378700000000434e-01
9.915680900000000131e-01
9.915978300000000134e-01
9.916272200000000314e-01
9.916561200000000298e-01
9.916846200000000167e-01
9.917127500000000317e-01
9.917404699999999851e-01
9.917677000000000298e-01
9.917946499999999999e-01
9.918211099999999503e-01
9.918472200000000294e-01
9.918729099999999965e-01
9.918982400000000421e-01
9.919231499999999757e-01
9.919477100000000380e-01
9.919719099999999568e-01
9.919956899999999855e-01
9.920191800000000004e-01
9.920422399999999641e-01
9.920649499999999454e-01
9.920873000000000053e-01
9.921092999999999718e-01
9.921309400000000167e-01
9.921522099999999789e-01
9.921731900000000381e-01
9.921937600000000357e-01
9.922140200000000299e-01
9.922339900000000101e-01
9.922535999999999579e-01
9.922728499999999840e-01
9.922918099999999964e-01
9.923104000000000369e-01
9.923286999999999525e-01
9.923467000000000260e-01
9.923643500000000062e-01
9.923816899999999830e-01
9.923987399999999459e-01
9.924154299999999873e-01
9.924318800000000440e-01
9.924479699999999571e-01
9.924638300000000468e-01
9.924793200000000537e-01
9.924945800000000151e-01
9.925095400000000234e-01
9.925241500000000494e-01
9.925385700000000089e-01
9.925526399999999860e-01
9.925664100000000101e-01
9.925799400000000494e-01
9.925931700000000246e-01
9.926061600000000151e-01
9.926188599999999918e-01
9.926313199999999837e-01
9.926434800000000225e-01
9.926553399999999971e-01
9.926670199999999555e-01
9.926783399999999924e-01
9.926894899999999522e-01
9.927003399999999589e-01
9.927109499999999809e-01
9.927213200000000182e-01
9.927314499999999597e-01
9.927412899999999985e-01
9.927508800000000022e-01
9.927603000000000399e-01
9.927694200000000135e-01
9.927783000000000024e-01
9.927869400000000066e-01
9.927954100000000448e-01
9.928035699999999686e-01
9.928115600000000374e-01
9.928192500000000420e-01
9.928267600000000304e-01
9.928340300000000340e-01
9.928411200000000214e-01
9.928479199999999949e-01
9.928545399999999521e-01
9.928609699999999538e-01
9.928671100000000527e-01
9.928730700000000242e-01
9.928788499999999795e-01
9.928844000000000003e-01
9.928896999999999862e-01
9.928948300000000060e-01
9.928997800000000096e-01
9.929044799999999782e-01
9.929090099999999808e-01
9.929133100000000489e-01
9.929174200000000505e-01
9.929213500000000359e-01
9.929251100000000552e-01
9.929286200000000395e-01
9.929319599999999468e-01
9.929351199999999489e-01
9.929380399999999662e-01
9.929408400000000468e-01
9.929434099999999708e-01
9.929458500000000187e-01
9.929480600000000212e-01
9.929500799999999572e-01
9.929519300000000381e-01
9.929535999999999918e-01
9.929550900000000402e-01
9.929564600000000407e-01
9.929575899999999455e-01
9.929585499999999954e-01
9.929593799999999471e-01
9.929599799999999643e-01
9.929604499999999945e-01
9.929607499999999476e-01
9.929609299999999639e-01
9.929608699999999954e-01
9.929606899999999792e-01
9.929603299999999466e-01
9.929597999999999480e-01
9.929590799999999939e-01
9.929582500000000422e-01
9.929572899999999924e-01
9.929561000000000082e-01
9.929547899999999760e-01
9.929533600000000071e-01
9.929517500000000219e-01
9.929499600000000203e-01
9.929480600000000212e-01
9.929459699999999556e-01
9.929437599999999531e-01
9.929414399999999530e-01
9.929389400000000476e-01
9.929362499999999647e-01
9.929334499999999952e-01
9.929305299999999779e-01
9.929274300000000553e-01
9.929242099999999738e-01
9.929208800000000057e-01
9.929173599999999711e-01
9.929137199999999996e-01
9.929099700000000306e-01
9.929060899999999634e-01
9.929020400000000413e-01
9.928978699999999602e-01
9.928935800000000533e-01
9.928891699999999876e-01
9.928845800000000166e-01
9.928798699999999977e-01
9.928750400000000420e-01
9.928700900000000384e-01
9.928650300000000373e-01
9.928598400000000490e-01
9.928545399999999521e-01
9.928490500000000107e-01
9.928435100000000402e-01
9.928378500000000217e-01
9.928320099999999870e-01
9.928261000000000447e-01
9.928200200000000253e-01
9.928138899999999767e-01
9.928075699999999726e-01
9.928011900000000001e-01
9.927946300000000113e-01
9.927880199999999933e-01
9.927812799999999882e-01
9.927744299999999855e-01
9.927674499999999957e-01
9.927603600000000084e-01
9.927531499999999731e-01
9.927458799999999695e-01
9.927384900000000290e-01
9.927309199999999612e-01
9.927232900000000360e-01
9.927156000000000313e-01
9.927077300000000104e-01
9.926998000000000211e-01
9.926917600000000341e-01
9.926835899999999491e-01
9.926753000000000382e-01
9.926669599999999871e-01
9.926584999999999992e-01
9.926499100000000242e-01
9.926412700000000200e-01
9.926325099999999679e-01
9.926236299999999790e-01
9.926146300000000533e-01
9.926055700000000481e-01
9.925964499999999635e-01
9.925871499999999736e-01
9.925777900000000153e-01
9.925683699999999776e-01
9.925588400000000533e-01
9.925491800000000309e-01
9.925394699999999792e-01
9.925296300000000516e-01
9.925197399999999837e-01
9.925097200000000397e-01
9.924995899999999871e-01
9.924893999999999661e-01
9.924791499999999767e-01
9.924687700000000001e-01
9.924582800000000260e-01
9.924477900000000519e-01
9.924371199999999504e-01
9.924264000000000419e-01
9.924156100000000036e-01
9.924047000000000285e-01
9.923937299999999739e-01
9.923826500000000328e-01
9.923714999999999620e-01
9.923602900000000337e-01
9.923489699999999969e-01
9.923375199999999730e-01
9.923260799999999993e-01
9.923145199999999777e-01
9.923028299999999691e-01
9.922910900000000423e-01
9.922792900000000360e-01
9.922674299999999503e-01
9.922554500000000388e-01
9.922434100000000479e-01
9.922312500000000091e-01
9.922190300000000018e-01
9.922067500000000262e-01
9.921944099999999711e-01
9.921819600000000294e-01
9.921694399999999581e-01
9.921568600000000293e-01
9.921441699999999919e-01
9.921314100000000469e-01
9.921185999999999616e-01
9.921057199999999687e-01
9.920927299999999782e-01
9.920796800000000193e-01
9.920665600000000417e-01
9.920533900000000349e-01
9.920400999999999803e-01
9.920267499999999572e-01
9.920133399999999657e-01
9.919998599999999556e-01
9.919862699999999478e-01
9.919726800000000511e-01
9.919589800000000457e-01
9.919452100000000216e-01
9.919313800000000292e-01
9.919174299999999889e-01
9.919034799999999485e-01
9.918894200000000216e-01
9.918752899999999650e-01
9.918611000000000510e-01
9.918468599999999968e-01
9.918325500000000350e-01
9.918181299999999645e-01
9.918036500000000366e-01
9.917891599999999475e-01
9.917745599999999717e-01
9.917599000000000276e-01
9.917451699999999537e-01
9.917303299999999933e-01
9.917154900000000328e-01
9.917005899999999929e-01
9.916855700000000162e-01
9.916704899999999601e-01
9.916554100000000149e-01
9.916402100000000219e-01
9.916249499999999495e-01
9.916096300000000197e-01
9.915942500000000104e-01
9.915788199999999719e-01
9.915632599999999464e-01
9.915477000000000318e-01
9.915320899999999771e-01
9.915163500000000463e-01
9.915006200000000547e-01
9.914847599999999650e-01
9.914689100000000366e-01
9.914529300000000100e-01
9.914368999999999543e-01
9.914208100000000412e-01
9.914047099999999668e-01
9.913885000000000058e-01
9.913722299999999654e-01
9.913558999999999566e-01
9.913395000000000401e-01
9.913230499999999834e-01
9.913065399999999583e-01
9.912899699999999648e-01
9.912733400000000028e-01
9.912566499999999614e-01
9.912399100000000018e-01
9.912230400000000552e-01
9.912061699999999975e-01
9.911892399999999714e-01
9.911722499999999769e-01
9.911552099999999532e-01
9.911381000000000219e-01
9.911208700000000427e-01
9.911036500000000027e-01
9.910863600000000551e-01
9.910690199999999672e-01
9.910515500000000033e-01
9.910340899999999786e-01
9.910165699999999855e-01
9.909989799999999738e-01
9.909812799999999644e-01
9.909635799999999550e-01
9.909458199999999772e-01
9.909279899999999808e-01
9.909100499999999867e-01
9.908921099999999926e-01
9.908741100000000301e-01
9.908560499999999882e-01
9.908378700000000094e-01
9.908196900000000307e-01
9.908014499999999725e-01
9.907831499999999458e-01
9.907648000000000010e-01
9.907463199999999581e-01
9.907278400000000262e-01
9.907093000000000149e-01
9.906907099999999744e-01
9.906720500000000262e-01
9.906532799999999694e-01
9.906344999999999734e-01
9.906156699999999482e-01
9.905967700000000153e-01
9.905778200000000533e-01
9.905587399999999931e-01
9.905396699999999832e-01
9.905205400000000049e-01
9.905013400000000079e-01
9.904820899999999817e-01
9.904627200000000187e-01
9.904433499999999446e-01
9.904239200000000132e-01
9.904044300000000023e-01
9.903848200000000546e-01
9.903652099999999958e-01
9.903455399999999687e-01
9.903257500000000046e-01
9.903059600000000406e-01
9.902861099999999972e-01
9.902661400000000169e-01
9.902461799999999759e-01
9.902260899999999477e-01
9.902060000000000306e-01
9.901858000000000049e-01
9.901655900000000399e-01
9.901452699999999663e-01
9.901249399999999534e-01
9.901045000000000540e-01
9.900839900000000249e-01
9.900634299999999666e-01
9.900428100000000509e-01
9.900221799999999739e-01
9.900014400000000103e-01
9.899806399999999673e-01
9.899597199999999875e-01
9.899388000000000076e-01
9.899178100000000091e-01
9.898967699999999814e-01
9.898756100000000169e-01
9.898544500000000523e-01
9.898331799999999792e-01
9.898118399999999983e-01
9.897905000000000175e-01
9.897690399999999888e-01
9.897475199999999917e-01
9.897259499999999655e-01
9.897042499999999521e-01
9.896825599999999890e-01
9.896608000000000072e-01
9.896389199999999775e-01
9.896169900000000297e-01
9.895950000000000024e-01
9.895729399999999565e-01
9.895508299999999924e-01
9.895286599999999488e-01
9.895063600000000292e-01
9.894840099999999694e-01
9.894616600000000206e-01
9.894391299999999445e-01
9.894165999999999794e-01
9.893940100000000459e-01
9.893712999999999536e-01
9.893485300000000038e-01
9.893256999999999746e-01
9.893028099999999769e-01
9.892798099999999817e-01
9.892567399999999678e-01
9.892336099999999854e-01
9.892104299999999739e-01
9.891871800000000547e-01
9.891638200000000269e-01
9.891403899999999805e-01
9.891168500000000474e-01
9.890932999999999531e-01
9.890696399999999722e-01
9.890458600000000544e-01
9.890220800000000256e-01
9.889981700000000098e-01
9.889742099999999647e-01
9.889501299999999828e-01
9.889259900000000325e-01
9.889017900000000028e-01
9.888774799999999754e-01
9.888531000000000404e-01
9.888286600000000259e-01
9.888040999999999636e-01
9.887794899999999831e-01
9.887547500000000156e-01
9.887299499999999686e-01
9.887050400000000350e-01
9.886800599999999717e-01
9.886550299999999902e-01
9.886298799999999609e-01
9.886046099999999948e-01
9.885792700000000099e-01
9.885538799999999959e-01
9.885283700000000451e-01
9.885027400000000464e-01
9.884770499999999682e-01
9.884513000000000327e-01
9.884253699999999698e-01
9.883993899999999888e-01
9.883733399999999891e-01
9.883471700000000526e-01
9.883208900000000074e-01
9.882945400000000546e-01
9.882680799999999932e-01
9.882414899999999447e-01
9.882148499999999780e-01
9.881880899999999635e-01
9.881612100000000121e-01
9.881342600000000420e-01
9.881071399999999949e-01
9.880799700000000296e-01
9.880526699999999662e-01
9.880253100000000455e-01
9.879977699999999974e-01
9.879701699999999809e-01
9.879424599999999668e-01
9.879146199999999656e-01
9.878866699999999668e-01
9.878585899999999809e-01
9.878303999999999974e-01
9.878020899999999660e-01
9.877737199999999662e-01
9.877451699999999502e-01
9.877164999999999973e-01
9.876877099999999965e-01
9.876588600000000273e-01
9.876298300000000419e-01
9.876006800000000085e-01
9.875713600000000092e-01
9.875419699999999912e-01
9.875124699999999756e-01
9.874827900000000547e-01
9.874529800000000357e-01
9.874230600000000191e-01
9.873929599999999862e-01
9.873627999999999849e-01
9.873324599999999673e-01
9.873019499999999837e-01
9.872713100000000130e-01
9.872405499999999945e-01
9.872096200000000099e-01
9.871785600000000382e-01
9.871473899999999579e-01
9.871160399999999724e-01
9.870845099999999706e-01
9.870527999999999524e-01
9.870210299999999659e-01
9.869890199999999947e-01
9.869568899999999756e-01
9.869245899999999905e-01
9.868921000000000499e-01
9.868594400000000322e-01
9.868266599999999666e-01
9.867936400000000274e-01
9.867605000000000404e-01
9.867271800000000370e-01
9.866936800000000174e-01
9.866599999999999815e-01
9.866260900000000111e-01
9.865920500000000537e-01
9.865577800000000508e-01
9.865233300000000316e-01
9.864886999999999961e-01
9.864538900000000554e-01
9.864188400000000190e-01
9.863836200000000165e-01
9.863482099999999475e-01
9.863125700000000551e-01
9.862766899999999559e-01
9.862406299999999515e-01
9.862043299999999624e-01
9.861677899999999886e-01
9.861310699999999985e-01
9.860941199999999629e-01
9.860569200000000034e-01
9.860194899999999985e-01
9.859818200000000088e-01
9.859438499999999550e-01
9.859057100000000462e-01
9.858672600000000230e-01
9.858286400000000338e-01
9.857896600000000120e-01
9.857504999999999740e-01
9.857109800000000144e-01
9.856712800000000385e-01
9.856312299999999693e-01
9.855909299999999762e-01
9.855503399999999692e-01
9.855094599999999483e-01
9.854682700000000350e-01
9.854267799999999466e-01
9.853849399999999870e-01
9.853428600000000426e-01
9.853004199999999546e-01
9.852576299999999954e-01
9.852145300000000328e-01
9.851710799999999768e-01
9.851272699999999993e-01
9.850831599999999577e-01
9.850386399999999654e-01
9.849937600000000515e-01
9.849485199999999940e-01
9.849028600000000466e-01
9.848568399999999556e-01
9.848104100000000249e-01
9.847635599999999823e-01
9.847162999999999888e-01
9.846686100000000552e-01
9.846204499999999804e-01
9.845718700000000156e-01
9.845228799999999891e-01
9.844733500000000248e-01
9.844233999999999485e-01
9.843729100000000454e-01
9.843219500000000011e-01
9.842704500000000190e-01
9.842184800000000067e-01
9.841659099999999771e-01
9.841128000000000098e-01
9.840591499999999936e-01
9.840049100000000104e-01
9.839500799999999492e-01
9.838945900000000133e-01
9.838384999999999492e-01
9.837818099999999788e-01
9.837244200000000438e-01
9.836662999999999935e-01
9.836075300000000077e-01
9.835480500000000070e-01
9.834877800000000336e-01
9.834268099999999846e-01
9.833650000000000446e-01
9.833024099999999601e-01
9.832389400000000057e-01
9.831746799999999675e-01
9.831094700000000408e-01
9.830433100000000035e-01
9.829762600000000461e-01
9.829081899999999594e-01
9.828391699999999842e-01
9.827690100000000539e-01
9.826977799999999652e-01
9.826254199999999717e-01
9.825519299999999623e-01
9.824771900000000002e-01
9.824011900000000352e-01
9.823238800000000381e-01
9.822452099999999797e-01
9.821651000000000131e-01
9.820834999999999981e-01
9.820003499999999663e-01
9.819155899999999493e-01
9.818291700000000288e-01
9.817409499999999456e-01
9.816508900000000537e-01
9.815589200000000014e-01
9.814648599999999945e-01
9.813687199999999722e-01
9.812703099999999790e-01
9.811695200000000172e-01
9.810662300000000391e-01
9.809603099999999465e-01
9.808515300000000270e-01
9.807398299999999791e-01
9.806249700000000402e-01
9.805067800000000222e-01
9.803849500000000328e-01
9.802593600000000240e-01
9.801296000000000452e-01
9.799954899999999691e-01
9.798565500000000483e-01
9.797125500000000153e-01
9.795629399999999931e-01
9.794072499999999515e-01
9.792450099999999713e-01
9.790754900000000482e-01
9.788979899999999956e-01
9.787116599999999833e-01
9.785154499999999533e-01
9.783082600000000406e-01
9.780886800000000436e-01
9.778549699999999900e-01
9.776051000000000046e-01
9.773365899999999495e-01
9.770462500000000050e-01
9.767300500000000163e-01
9.763827899999999449e-01
9.759975699999999810e-01
9.755649600000000365e-01
9.750717899999999938e-01
9.744987499999999692e-01
9.738163899999999762e-01
9.729772199999999760e-01
9.718984999999999985e-01
9.704222099999999518e-01
9.682061699999999771e-01
9.643715000000000481e-01
9.561165600000000042e-01
9.331161999999999512e-01
8.776291600000000193e-01
