1.060000000000000000e+03
0.000000000000000000e+00
2.117999999999999972e+01
8.348329700000000075e-01
7.707314499999999846e-01
7.114839600000000264e-01
6.567875699999999872e-01
6.062958200000000408e-01
5.596864799999999862e-01
5.166614099999999876e-01
4.769454900000000275e-01
4.402847899999999814e-01
4.064451199999999931e-01
3.752106399999999842e-01
3.463824999999999821e-01
3.197779399999999828e-01
2.952293799999999857e-01
2.725842900000000069e-01
2.517059099999999772e-01
2.324765799999999882e-01
2.148059499999999955e-01
1.986482300000000090e-01
1.840341699999999969e-01
1.711178100000000091e-01
1.602237199999999862e-01
1.518754499999999952e-01
1.466757499999999936e-01
1.444388899999999865e-01
1.441282299999999961e-01
1.449668000000000068e-01
1.466421300000000094e-01
1.491790400000000127e-01
1.528624399999999883e-01
1.581653199999999981e-01
1.656135199999999863e-01
1.755955800000000011e-01
1.882163900000000112e-01
2.032808500000000129e-01
2.203895200000000054e-01
2.390629599999999910e-01
2.588346000000000258e-01
2.792982800000000099e-01
3.001227699999999832e-01
3.210483199999999981e-01
3.418764200000000142e-01
3.624581700000000239e-01
3.826836299999999969e-01
4.024731799999999859e-01
4.217704199999999792e-01
4.405368000000000062e-01
4.587473599999999929e-01
4.763877100000000198e-01
4.934514199999999740e-01
5.099381800000000187e-01
5.258523200000000397e-01
5.412017700000000264e-01
5.559971900000000300e-01
5.702511099999999500e-01
5.839775200000000277e-01
5.971915700000000049e-01
6.099089399999999550e-01
6.221457700000000424e-01
6.339185800000000093e-01
6.452436400000000072e-01
6.561374700000000004e-01
6.666161400000000237e-01
6.766955300000000451e-01
6.863912899999999873e-01
6.957185299999999462e-01
7.046920700000000037e-01
7.133262799999999793e-01
7.216349199999999575e-01
7.296315399999999673e-01
7.373289499999999830e-01
7.447396499999999753e-01
7.518755799999999878e-01
7.587483499999999603e-01
7.653688800000000292e-01
7.717478899999999920e-01
7.778953899999999644e-01
7.838212799999999536e-01
7.895347499999999519e-01
7.950447200000000381e-01
8.003597900000000154e-01
8.054879900000000426e-01
8.104372600000000482e-01
8.152148700000000359e-01
8.198280900000000093e-01
8.242835400000000368e-01
8.285878899999999936e-01
8.327471600000000418e-01
8.367673799999999495e-01
8.406541899999999679e-01
8.444129200000000113e-01
8.480487500000000178e-01
8.515666100000000016e-01
8.549712299999999709e-01
8.582670100000000524e-01
8.614582400000000417e-01
8.645490999999999593e-01
8.675433999999999646e-01
8.704449499999999951e-01
8.732572800000000246e-01
8.759838300000000189e-01
8.786277799999999694e-01
8.811923900000000476e-01
8.836805199999999694e-01
8.860950499999999952e-01
8.884387000000000256e-01
8.907141699999999718e-01
8.929238299999999739e-01
8.950701399999999586e-01
8.971554000000000473e-01
8.991817800000000416e-01
9.011513599999999569e-01
9.030661599999999511e-01
9.049281500000000422e-01
9.067391200000000095e-01
9.085009099999999949e-01
9.102151400000000336e-01
9.118835299999999977e-01
9.135075200000000173e-01
9.150887100000000274e-01
9.166285400000000472e-01
9.181283099999999475e-01
9.195894599999999697e-01
9.210131799999999869e-01
9.224007100000000126e-01
9.237532000000000521e-01
9.250718999999999470e-01
9.263577499999999798e-01
9.276118899999999945e-01
9.288352699999999906e-01
9.300288599999999573e-01
9.311936499999999839e-01
9.323304900000000117e-01
9.334402699999999609e-01
9.345238200000000051e-01
9.355818599999999874e-01
9.366152899999999892e-01
9.376246900000000384e-01
9.386109700000000444e-01
9.395746600000000059e-01
9.405165300000000173e-01
9.414371299999999554e-01
9.423371600000000070e-01
9.432171599999999989e-01
9.440777299999999483e-01
9.449194100000000152e-01
9.457427299999999759e-01
9.465482800000000196e-01
9.473364899999999755e-01
9.481078400000000350e-01
9.488628500000000354e-01
9.496018899999999485e-01
9.503254899999999950e-01
9.510340099999999852e-01
9.517278700000000313e-01
9.524074200000000046e-01
9.530731399999999853e-01
9.537253399999999770e-01
9.543643600000000227e-01
9.549906299999999515e-01
9.556043699999999808e-01
9.562059600000000215e-01
9.567956899999999765e-01
9.573739199999999894e-01
9.579408799999999946e-01
9.584968699999999453e-01
9.590421900000000166e-01
9.595770799999999712e-01
9.601018399999999842e-01
9.606167100000000403e-01
9.611218599999999945e-01
9.616176499999999905e-01
9.621041999999999650e-01
9.625817500000000138e-01
9.630505400000000105e-01
9.635108100000000508e-01
9.639627299999999899e-01
9.644064900000000051e-01
9.648423200000000310e-01
9.652703400000000045e-01
9.656907900000000211e-01
9.661037900000000178e-01
9.665095799999999793e-01
9.669082799999999533e-01
9.673000000000000487e-01
9.676849800000000279e-01
9.680633499999999891e-01
9.684352899999999487e-01
9.688008999999999649e-01
9.691602599999999956e-01
9.695136500000000046e-01
9.698610899999999813e-01
9.702027399999999524e-01
9.705387399999999554e-01
9.708691799999999983e-01
9.711942099999999467e-01
9.715138700000000016e-01
9.718284000000000367e-01
9.721378099999999911e-01
9.724422700000000530e-01
9.727418399999999687e-01
9.730366499999999474e-01
9.733267399999999681e-01
9.736122499999999569e-01
9.738932799999999723e-01
9.741699099999999722e-01
9.744422400000000151e-01
9.747103499999999476e-01
9.749743300000000001e-01
9.752342099999999903e-01
9.754901499999999448e-01
9.757421600000000250e-01
9.759903599999999457e-01
9.762347900000000189e-01
9.764755400000000307e-01
9.767126400000000208e-01
9.769462899999999950e-01
9.771764299999999848e-01
9.774031600000000486e-01
9.776264999999999539e-01
9.778466199999999997e-01
9.780635199999999640e-01
9.782772100000000082e-01
9.784878500000000479e-01
9.786953900000000539e-01
9.788999600000000134e-01
9.791016000000000163e-01
9.793003799999999703e-01
9.794962999999999864e-01
9.796894200000000330e-01
9.798798600000000469e-01
9.800675500000000095e-01
9.802526200000000189e-01
9.804351300000000435e-01
9.806150799999999723e-01
9.807925199999999455e-01
9.809675199999999817e-01
9.811400799999999700e-01
9.813102500000000505e-01
9.814781000000000200e-01
9.816436800000000185e-01
9.818069299999999666e-01
9.819680499999999812e-01
9.821269500000000541e-01
9.822836499999999527e-01
9.824382699999999469e-01
9.825908500000000156e-01
9.827413600000000082e-01
9.828898299999999644e-01
9.830363399999999530e-01
9.831808800000000348e-01
9.833235099999999562e-01
9.834642999999999580e-01
9.836031800000000214e-01
9.837402699999999722e-01
9.838755700000000326e-01
9.840090299999999512e-01
9.841408099999999770e-01
9.842708700000000199e-01
9.843992000000000298e-01
9.845258599999999749e-01
9.846509100000000458e-01
9.847743500000000205e-01
9.848961800000000100e-01
9.850164700000000328e-01
9.851351999999999887e-01
9.852523800000000387e-01
9.853681300000000087e-01
9.854823400000000122e-01
9.855951099999999965e-01
9.857064500000000118e-01
9.858163599999999471e-01
9.859248999999999929e-01
9.860320700000000382e-01
9.861378699999999720e-01
9.862423500000000454e-01
9.863455300000000259e-01
9.864473900000000350e-01
9.865479499999999513e-01
9.866472499999999757e-01
9.867453600000000158e-01
9.868422199999999922e-01
9.869378199999999657e-01
9.870322900000000343e-01
9.871255199999999785e-01
9.872176599999999969e-01
9.873086199999999701e-01
9.873984500000000386e-01
9.874871400000000410e-01
9.875747599999999959e-01
9.876612999999999642e-01
9.877467800000000464e-01
9.878311800000000309e-01
9.879145000000000287e-01
9.879968199999999978e-01
9.880781199999999487e-01
9.881584599999999607e-01
9.882377399999999756e-01
9.883161200000000202e-01
9.883934899999999857e-01
9.884699000000000124e-01
9.885453600000000396e-01
9.886199199999999854e-01
9.886935399999999818e-01
9.887662499999999577e-01
9.888380799999999526e-01
9.889090099999999772e-01
9.889790999999999999e-01
9.890482999999999913e-01
9.891166700000000311e-01
9.891841399999999895e-01
9.892508399999999646e-01
9.893167000000000488e-01
9.893817299999999593e-01
9.894459799999999472e-01
9.895094599999999518e-01
9.895721100000000048e-01
9.896340399999999926e-01
9.896951299999999785e-01
9.897555099999999495e-01
9.898151800000000167e-01
9.898740600000000001e-01
9.899321800000000504e-01
9.899896400000000041e-01
9.900463800000000036e-01
9.901023500000000199e-01
9.901577200000000190e-01
9.902123200000000347e-01
9.902662599999999538e-01
9.903195500000000484e-01
9.903721800000000464e-01
9.904241599999999979e-01
9.904754199999999953e-01
9.905260799999999755e-01
9.905761499999999886e-01
9.906255000000000477e-01
9.906742600000000287e-01
9.907224199999999925e-01
9.907699800000000501e-01
9.908169500000000296e-01
9.908632600000000235e-01
9.909090400000000187e-01
9.909542199999999967e-01
9.909987999999999575e-01
9.910428500000000307e-01
9.910862999999999756e-01
9.911291599999999535e-01
9.911715399999999621e-01
9.912133199999999533e-01
9.912546300000000254e-01
9.912953399999999693e-01
9.913355099999999753e-01
9.913752099999999512e-01
9.914143699999999892e-01
9.914529899999999785e-01
9.914911400000000485e-01
9.915287499999999588e-01
9.915658800000000106e-01
9.916025400000000323e-01
9.916386600000000051e-01
9.916743599999999770e-01
9.917095299999999503e-01
9.917442199999999541e-01
9.917784899999999570e-01
9.918122900000000408e-01
9.918456100000000442e-01
9.918785100000000465e-01
9.919109299999999685e-01
9.919428799999999713e-01
9.919744099999999731e-01
9.920055300000000242e-01
9.920362200000000241e-01
9.920664399999999938e-01
9.920962500000000128e-01
9.921256299999999806e-01
9.921546599999999660e-01
9.921832099999999821e-01
9.922113999999999656e-01
9.922391200000000300e-01
9.922664799999999508e-01
9.922934799999999500e-01
9.923200599999999483e-01
9.923462299999999958e-01
9.923720400000000108e-01
9.923974300000000248e-01
9.924225199999999747e-01
9.924471999999999738e-01
9.924714599999999720e-01
9.924954200000000171e-01
9.925189599999999501e-01
9.925422099999999803e-01
9.925650400000000095e-01
9.925875699999999746e-01
9.926097400000000182e-01
9.926315500000000291e-01
9.926530099999999468e-01
9.926741100000000539e-01
9.926949099999999859e-01
9.927153600000000466e-01
9.927355100000000432e-01
9.927552899999999569e-01
9.927747799999999678e-01
9.927939199999999964e-01
9.928127500000000216e-01
9.928312900000000329e-01
9.928495299999999801e-01
9.928674100000000058e-01
9.928849899999999673e-01
9.929022800000000260e-01
9.929192700000000205e-01
9.929359599999999508e-01
9.929523500000000391e-01
9.929684399999999522e-01
9.929842899999999917e-01
9.929997900000000488e-01
9.930150500000000102e-01
9.930300100000000185e-01
9.930446699999999627e-01
9.930590400000000040e-01
9.930731699999999496e-01
9.930870499999999712e-01
9.931006399999999790e-01
9.931139300000000336e-01
9.931269900000000428e-01
9.931397400000000486e-01
9.931522600000000089e-01
9.931645399999999846e-01
9.931765799999999755e-01
9.931883200000000134e-01
9.931998300000000057e-01
9.932110899999999631e-01
9.932220600000000177e-01
9.932328499999999449e-01
9.932433400000000301e-01
9.932536499999999879e-01
9.932636599999999927e-01
9.932735000000000314e-01
9.932830299999999557e-01
9.932923900000000250e-01
9.933015099999999986e-01
9.933103899999999875e-01
9.933190299999999917e-01
9.933274399999999504e-01
9.933356599999999537e-01
9.933435900000000540e-01
9.933513999999999955e-01
9.933589099999999839e-01
9.933662399999999559e-01
9.933733900000000228e-01
9.933803100000000441e-01
9.933869800000000305e-01
9.933934800000000509e-01
9.933997399999999756e-01
9.934058199999999950e-01
9.934117199999999981e-01
9.934173800000000165e-01
9.934228699999999579e-01
9.934281099999999753e-01
9.934332399999999952e-01
9.934381199999999801e-01
9.934427700000000305e-01
9.934473000000000331e-01
9.934515999999999902e-01
9.934557699999999603e-01
9.934596999999999456e-01
9.934634599999999649e-01
9.934670300000000287e-01
9.934704300000000154e-01
9.934735900000000175e-01
9.934766299999999717e-01
9.934794900000000206e-01
9.934821700000000533e-01
9.934846800000000089e-01
9.934870000000000090e-01
9.934892100000000115e-01
9.934911699999999790e-01
9.934930199999999489e-01
9.934946900000000136e-01
9.934961799999999510e-01
9.934974899999999831e-01
9.934986199999999990e-01
9.934996400000000172e-01
9.935004699999999689e-01
9.935011900000000340e-01
9.935017200000000326e-01
9.935020799999999541e-01
9.935023200000000498e-01
9.935023800000000183e-01
9.935022599999999704e-01
9.935020199999999857e-01
9.935016599999999531e-01
9.935010699999999861e-01
9.935004100000000005e-01
9.934995800000000488e-01
9.934985600000000305e-01
9.934974899999999831e-01
9.934961799999999510e-01
9.934948099999999505e-01
9.934932600000000447e-01
9.934915300000000116e-01
9.934897400000000101e-01
9.934877800000000425e-01
9.934856899999999769e-01
9.934834200000000060e-01
9.934810400000000374e-01
9.934785400000000211e-01
9.934759100000000176e-01
9.934731700000000165e-01
9.934702499999999992e-01
9.934672100000000450e-01
9.934641100000000113e-01
9.934608299999999614e-01
9.934573799999999455e-01
9.934538600000000219e-01
9.934502200000000505e-01
9.934464699999999704e-01
9.934425399999999851e-01
9.934385399999999811e-01
9.934343700000000110e-01
9.934301399999999616e-01
9.934257899999999752e-01
9.934212599999999727e-01
9.934166700000000017e-01
9.934119599999999828e-01
9.934071300000000271e-01
9.934021800000000235e-01
9.933971200000000223e-01
9.933919300000000341e-01
9.933866300000000482e-01
9.933812600000000437e-01
9.933757199999999621e-01
9.933701200000000231e-01
9.933643899999999860e-01
9.933585499999999513e-01
9.933526499999999482e-01
9.933465700000000398e-01
9.933404300000000520e-01
9.933342299999999847e-01
9.933278599999999514e-01
9.933214200000000105e-01
9.933148600000000217e-01
9.933081900000000353e-01
9.933014500000000302e-01
9.932946000000000275e-01
9.932876200000000377e-01
9.932805900000000188e-01
9.932734399999999519e-01
9.932662199999999775e-01
9.932588900000000054e-01
9.932514399999999855e-01
9.932439299999999971e-01
9.932362999999999609e-01
9.932286099999999562e-01
9.932208099999999540e-01
9.932128799999999647e-01
9.932049499999999753e-01
9.931968500000000200e-01
9.931886800000000459e-01
9.931804499999999924e-01
9.931721100000000524e-01
9.931636999999999826e-01
9.931551800000000263e-01
9.931465400000000221e-01
9.931379000000000179e-01
9.931291300000000266e-01
9.931202500000000377e-01
9.931113099999999694e-01
9.931023100000000436e-01
9.930931899999999590e-01
9.930840100000000170e-01
9.930747699999999956e-01
9.930654199999999765e-01
9.930560000000000498e-01
9.930464599999999642e-01
9.930369300000000399e-01
9.930272100000000490e-01
9.930174899999999472e-01
9.930076599999999587e-01
9.929977700000000018e-01
9.929878100000000263e-01
9.929778000000000215e-01
9.929676699999999689e-01
9.929574700000000087e-01
9.929471600000000509e-01
9.929368499999999820e-01
9.929264199999999763e-01
9.929159300000000021e-01
9.929053799999999486e-01
9.928947099999999581e-01
9.928840399999999677e-01
9.928732500000000405e-01
9.928624000000000338e-01
9.928514999999999979e-01
9.928404699999999750e-01
9.928294399999999520e-01
9.928183000000000424e-01
9.928071499999999716e-01
9.927958799999999639e-01
9.927845600000000381e-01
9.927731199999999534e-01
9.927616700000000405e-01
9.927501699999999873e-01
9.927385399999999471e-01
9.927269199999999572e-01
9.927151800000000303e-01
9.927033800000000241e-01
9.926915200000000494e-01
9.926795999999999953e-01
9.926676199999999728e-01
9.926555799999999818e-01
9.926434800000000225e-01
9.926313199999999837e-01
9.926190999999999764e-01
9.926068200000000008e-01
9.925944799999999457e-01
9.925820199999999538e-01
9.925695700000000121e-01
9.925570500000000518e-01
9.925444100000000436e-01
9.925317799999999746e-01
9.925190799999999980e-01
9.925063299999999922e-01
9.924934499999999993e-01
9.924805799999999456e-01
9.924676399999999843e-01
9.924546499999999938e-01
9.924415899999999846e-01
9.924284799999999462e-01
9.924153100000000505e-01
9.924020799999999642e-01
9.923887799999999704e-01
9.923754299999999473e-01
9.923620199999999558e-01
9.923486099999999643e-01
9.923350800000000360e-01
9.923215499999999967e-01
9.923079000000000205e-01
9.922942500000000443e-01
9.922805399999999887e-01
9.922667699999999646e-01
9.922529500000000224e-01
9.922390599999999505e-01
9.922251100000000212e-01
9.922111000000000125e-01
9.921971000000000540e-01
9.921829699999999974e-01
9.921688400000000518e-01
9.921546599999999660e-01
9.921404099999999726e-01
9.921261099999999500e-01
9.921117400000000197e-01
9.920973199999999492e-01
9.920828900000000505e-01
9.920684100000000116e-01
9.920538100000000359e-01
9.920392000000000099e-01
9.920246000000000342e-01
9.920098800000000105e-01
9.919951599999999869e-01
9.919803099999999763e-01
9.919654700000000158e-01
9.919505699999999759e-01
9.919356099999999676e-01
9.919206499999999593e-01
9.919055700000000142e-01
9.918904899999999580e-01
9.918753500000000445e-01
9.918601500000000515e-01
9.918449499999999475e-01
9.918296300000000176e-01
9.918143200000000270e-01
9.917989400000000177e-01
9.917835000000000401e-01
9.917680599999999513e-01
9.917525600000000052e-01
9.917369499999999505e-01
9.917213299999999565e-01
9.917057200000000128e-01
9.916899799999999709e-01
9.916742400000000401e-01
9.916584499999999691e-01
9.916425899999999904e-01
9.916267399999999510e-01
9.916107699999999747e-01
9.915947899999999482e-01
9.915787600000000035e-01
9.915627200000000085e-01
9.915465700000000160e-01
9.915304200000000234e-01
9.915142099999999514e-01
9.914979299999999718e-01
9.914816600000000424e-01
9.914653300000000336e-01
9.914489399999999453e-01
9.914324899999999996e-01
9.914160400000000539e-01
9.913994699999999494e-01
9.913828999999999558e-01
9.913663299999999623e-01
9.913496400000000319e-01
9.913329499999999905e-01
9.913161999999999807e-01
9.912993900000000025e-01
9.912825800000000243e-01
9.912657099999999666e-01
9.912487899999999907e-01
9.912317999999999962e-01
9.912148100000000017e-01
9.911977600000000388e-01
9.911806600000000467e-01
9.911634900000000359e-01
9.911463299999999643e-01
9.911290999999999851e-01
9.911118100000000375e-01
9.910944699999999496e-01
9.910771299999999728e-01
9.910597199999999773e-01
9.910422599999999527e-01
9.910247300000000203e-01
9.910072100000000273e-01
9.909896299999999547e-01
9.909719799999999745e-01
9.909542799999999652e-01
9.909365799999999558e-01
9.909188199999999780e-01
9.909009899999999815e-01
9.908831700000000353e-01
9.908652900000000097e-01
9.908473500000000156e-01
9.908293500000000531e-01
9.908112900000000112e-01
9.907932299999999692e-01
9.907751099999999589e-01
9.907569299999999801e-01
9.907387500000000014e-01
9.907204499999999747e-01
9.907021499999999481e-01
9.906838500000000325e-01
9.906654400000000082e-01
9.906470200000000448e-01
9.906285400000000019e-01
9.906099999999999905e-01
9.905914099999999500e-01
9.905728099999999703e-01
9.905541500000000221e-01
9.905354400000000448e-01
9.905166600000000487e-01
9.904978899999999920e-01
9.904790500000000275e-01
9.904601600000000339e-01
9.904412000000000216e-01
9.904222499999999485e-01
9.904031800000000496e-01
9.903840999999999894e-01
9.903649700000000111e-01
9.903458400000000328e-01
9.903265799999999563e-01
9.903073300000000412e-01
9.902880200000000466e-01
9.902686499999999725e-01
9.902492800000000095e-01
9.902297899999999986e-01
9.902102900000000485e-01
9.901907399999999582e-01
9.901711300000000104e-01
9.901515199999999517e-01
9.901318000000000064e-01
9.901120700000000108e-01
9.900922800000000468e-01
9.900724300000000033e-01
9.900525199999999915e-01
9.900326099999999796e-01
9.900125899999999701e-01
9.899925600000000214e-01
9.899724699999999933e-01
9.899523300000000470e-01
9.899321199999999710e-01
9.899118500000000376e-01
9.898915900000000434e-01
9.898711999999999511e-01
9.898508200000000201e-01
9.898303699999999594e-01
9.898098699999999805e-01
9.897893100000000333e-01
9.897687400000000357e-01
9.897480600000000406e-01
9.897273199999999660e-01
9.897065800000000024e-01
9.896857700000000202e-01
9.896648500000000404e-01
9.896439299999999495e-01
9.896229500000000012e-01
9.896019099999999735e-01
9.895808099999999774e-01
9.895597099999999813e-01
9.895384900000000483e-01
9.895172100000000359e-01
9.894958700000000551e-01
9.894745299999999633e-01
9.894530799999999848e-01
9.894316199999999561e-01
9.894100399999999906e-01
9.893884699999999643e-01
9.893667699999999510e-01
9.893450700000000486e-01
9.893232600000000376e-01
9.893014399999999764e-01
9.892795699999999970e-01
9.892575700000000305e-01
9.892355800000000032e-01
9.892134700000000391e-01
9.891913500000000248e-01
9.891691200000000128e-01
9.891468900000000009e-01
9.891245400000000521e-01
9.891021300000000238e-01
9.890796499999999769e-01
9.890571200000000118e-01
9.890345900000000468e-01
9.890119400000000338e-01
9.889891699999999730e-01
9.889664099999999625e-01
9.889435800000000443e-01
9.889206299999999672e-01
9.888976800000000011e-01
9.888746099999999872e-01
9.888514900000000551e-01
9.888282999999999934e-01
9.888050600000000134e-01
9.887816900000000464e-01
9.887583300000000186e-01
9.887348400000000037e-01
9.887112999999999596e-01
9.886876900000000079e-01
9.886639699999999475e-01
9.886402499999999982e-01
9.886164100000000010e-01
9.885924499999999560e-01
9.885684799999999717e-01
9.885443999999999898e-01
9.885202600000000395e-01
9.884960699999999489e-01
9.884717499999999824e-01
9.884474300000000158e-01
9.884229300000000329e-01
9.883984300000000500e-01
9.883738199999999585e-01
9.883490799999999910e-01
9.883243400000000234e-01
9.882994899999999472e-01
9.882745099999999949e-01
9.882494800000000135e-01
9.882243899999999526e-01
9.881991700000000156e-01
9.881739000000000495e-01
9.881485100000000354e-01
9.881230600000000530e-01
9.880974900000000227e-01
9.880718600000000240e-01
9.880461699999999459e-01
9.880202999999999625e-01
9.879943700000000106e-01
9.879683900000000296e-01
9.879422799999999505e-01
9.879161100000000140e-01
9.878897700000000004e-01
9.878634200000000476e-01
9.878369000000000177e-01
9.878103099999999692e-01
9.877836100000000341e-01
9.877568500000000196e-01
9.877299099999999887e-01
9.877029099999999895e-01
9.876758500000000218e-01
9.876486100000000379e-01
9.876213099999999745e-01
9.875938899999999743e-01
9.875663500000000372e-01
9.875386999999999915e-01
9.875109199999999587e-01
9.874830199999999891e-01
9.874550699999999903e-01
9.874270000000000547e-01
9.873987400000000525e-01
9.873704300000000211e-01
9.873419399999999735e-01
9.873133899999999574e-01
9.872846600000000361e-01
9.872558700000000353e-01
9.872269000000000183e-01
9.871978799999999721e-01
9.871686699999999703e-01
9.871393400000000318e-01
9.871098400000000161e-01
9.870802800000000321e-01
9.870505299999999815e-01
9.870206700000000444e-01
9.869906899999999483e-01
9.869605299999999470e-01
9.869302500000000089e-01
9.868997900000000545e-01
9.868692799999999599e-01
9.868385200000000523e-01
9.868076399999999859e-01
9.867766500000000329e-01
9.867454799999999526e-01
9.867141799999999963e-01
9.866827099999999628e-01
9.866510600000000242e-01
9.866192299999999582e-01
9.865872900000000056e-01
9.865551599999999866e-01
9.865228499999999512e-01
9.864904300000000292e-01
9.864577700000000116e-01
9.864249800000000068e-01
9.863920200000000360e-01
9.863588199999999695e-01
9.863254999999999661e-01
9.862919399999999781e-01
9.862582699999999925e-01
9.862243499999999718e-01
9.861902599999999852e-01
9.861559300000000139e-01
9.861214799999999947e-01
9.860867899999999908e-01
9.860518600000000022e-01
9.860167499999999974e-01
9.859814599999999762e-01
9.859459400000000207e-01
9.859101799999999693e-01
9.858741800000000444e-01
9.858379999999999921e-01
9.858015799999999551e-01
9.857649200000000445e-01
9.857280299999999773e-01
9.856909499999999547e-01
9.856535800000000291e-01
9.856159100000000395e-01
9.855780600000000335e-01
9.855399700000000429e-01
9.855015900000000384e-01
9.854629000000000305e-01
9.854239799999999772e-01
9.853848200000000501e-01
9.853453599999999479e-01
9.853056100000000539e-01
9.852655500000000455e-01
9.852252000000000232e-01
9.851845500000000477e-01
9.851436000000000082e-01
9.851023599999999547e-01
9.850608100000000089e-01
9.850189099999999698e-01
9.849767099999999775e-01
9.849341499999999527e-01
9.848912399999999456e-01
9.848479599999999667e-01
9.848043899999999740e-01
9.847603999999999802e-01
9.847160600000000041e-01
9.846713499999999453e-01
9.846262300000000467e-01
9.845807600000000548e-01
9.845348600000000117e-01
9.844885500000000178e-01
9.844418200000000230e-01
9.843946099999999477e-01
9.843470500000000012e-01
9.842989399999999556e-01
9.842504300000000095e-01
9.842014900000000122e-01
9.841520200000000163e-01
9.841020099999999715e-01
9.840515899999999760e-01
9.840005600000000241e-01
9.839490699999999812e-01
9.838970299999999503e-01
9.838443999999999523e-01
9.837912300000000165e-01
9.837374100000000343e-01
9.836830500000000033e-01
9.836280299999999865e-01
9.835724200000000028e-01
9.835161599999999726e-01
9.834591700000000491e-01
9.834015400000000184e-01
9.833431799999999834e-01
9.832841199999999837e-01
9.832242700000000113e-01
9.831636499999999446e-01
9.831022600000000056e-01
9.830400299999999536e-01
9.829769699999999499e-01
9.829130200000000261e-01
9.828481100000000525e-01
9.827823599999999660e-01
9.827156099999999617e-01
9.826478400000000502e-01
9.825790500000000094e-01
9.825091999999999715e-01
9.824382099999999785e-01
9.823660899999999696e-01
9.822928300000000057e-01
9.822182699999999489e-01
9.821424500000000002e-01
9.820652600000000509e-01
9.819866999999999901e-01
9.819066499999999920e-01
9.818251700000000248e-01
9.817420799999999614e-01
9.816573299999999946e-01
9.815708399999999445e-01
9.814825700000000541e-01
9.813923799999999531e-01
9.813002299999999956e-01
9.812060000000000226e-01
9.811096200000000156e-01
9.810109099999999582e-01
9.809097100000000458e-01
9.808059900000000164e-01
9.806996000000000047e-01
9.805902800000000363e-01
9.804779300000000530e-01
9.803623000000000198e-01
9.802432100000000315e-01
9.801204799999999606e-01
9.799937600000000471e-01
9.798628099999999730e-01
9.797272700000000389e-01
9.795867799999999903e-01
9.794410500000000352e-01
9.792894699999999952e-01
9.791315800000000014e-01
9.789668299999999546e-01
9.787944600000000328e-01
9.786137299999999595e-01
9.784237099999999465e-01
9.782233799999999757e-01
9.780113700000000465e-01
9.777862400000000287e-01
9.775460999999999734e-01
9.772886600000000312e-01
9.770112600000000480e-01
9.767101999999999729e-01
9.763811199999999912e-01
9.760180099999999914e-01
9.756129399999999841e-01
9.751549400000000256e-01
9.746283900000000111e-01
9.740099300000000238e-01
9.732631400000000266e-01
9.723271700000000184e-01
9.710918699999999681e-01
9.693352600000000319e-01
9.665401000000000131e-01
9.612448199999999998e-01
9.483144900000000099e-01
9.110835200000000356e-01
8.462844499999999659e-01
