9.120000000000000000e+02
0.000000000000000000e+00
1.821999900000000139e+01
8.352106200000000147e-01
7.710800799999999455e-01
7.118057599999999541e-01
6.570846399999999976e-01
6.065700699999999612e-01
5.599396199999999713e-01
5.168950599999999618e-01
4.771612000000000076e-01
4.404838999999999838e-01
4.066289100000000101e-01
3.753802800000000106e-01
3.465390500000000151e-01
3.199223900000000009e-01
2.953626200000000201e-01
2.727070999999999801e-01
2.518189800000000256e-01
2.325804200000000099e-01
2.149007500000000015e-01
1.987336399999999892e-01
1.841087899999999944e-01
1.711786200000000036e-01
1.602654599999999985e-01
1.518902799999999886e-01
1.466575599999999924e-01
1.443947399999999937e-01
1.440683199999999997e-01
1.448964299999999927e-01
1.465623500000000079e-01
1.490874000000000088e-01
1.527532299999999899e-01
1.580302100000000043e-01
1.654431500000000110e-01
1.753818199999999938e-01
1.879537699999999922e-01
2.029665900000000023e-01
2.200225700000000006e-01
2.386430900000000022e-01
2.583616699999999877e-01
2.787719699999999801e-01
2.995423999999999864e-01
3.204130199999999928e-01
3.411851799999999768e-01
3.617098599999999942e-01
3.818771499999999985e-01
4.016074199999999927e-01
4.208443800000000179e-01
4.395495700000000006e-01
4.576981700000000153e-01
4.752758699999999892e-01
4.922764600000000268e-01
5.086997199999999664e-01
5.245501399999999981e-01
5.398358699999999954e-01
5.545675199999999805e-01
5.687579499999999566e-01
5.824212399999999512e-01
5.955725299999999889e-01
6.082277900000000459e-01
6.204032299999999722e-01
6.321153600000000150e-01
6.433807599999999960e-01
6.542158099999999532e-01
6.646367300000000089e-01
6.746596099999999652e-01
6.843000099999999586e-01
6.935731200000000429e-01
7.024938499999999753e-01
7.110765599999999687e-01
7.193351399999999840e-01
7.272830599999999812e-01
7.349331999999999532e-01
7.422981300000000005e-01
7.493897099999999867e-01
7.562195699999999521e-01
7.627987299999999804e-01
7.691377999999999826e-01
7.752468599999999821e-01
7.811357399999999673e-01
7.868136799999999598e-01
7.922895599999999483e-01
7.975719000000000003e-01
8.026688699999999788e-01
8.075881599999999993e-01
8.123372800000000504e-01
8.169232600000000399e-01
8.213528399999999730e-01
8.256325100000000417e-01
8.297684800000000305e-01
8.337665800000000349e-01
8.376324200000000442e-01
8.413714199999999810e-01
8.449886399999999576e-01
8.484890499999999669e-01
8.518772100000000513e-01
8.551576699999999809e-01
8.583345999999999476e-01
8.614121099999999531e-01
8.643940700000000144e-01
8.672841799999999601e-01
8.700860099999999653e-01
8.728029099999999874e-01
8.754381500000000260e-01
8.779947799999999747e-01
8.804757600000000517e-01
8.828839699999999624e-01
8.852220200000000538e-01
8.874925999999999648e-01
8.896980899999999970e-01
8.918408799999999470e-01
8.939232799999999868e-01
8.959473999999999494e-01
8.979153600000000512e-01
8.998291499999999665e-01
9.016906599999999772e-01
9.035017499999999924e-01
9.052641399999999949e-01
9.069794399999999701e-01
9.086493799999999510e-01
9.102754600000000362e-01
9.118591499999999517e-01
9.134018999999999888e-01
9.149050699999999869e-01
9.163699199999999490e-01
9.177977400000000285e-01
9.191897500000000276e-01
9.205471299999999912e-01
9.218709499999999668e-01
9.231623399999999702e-01
9.244222600000000511e-01
9.256517300000000059e-01
9.268517499999999742e-01
9.280232200000000375e-01
9.291669700000000365e-01
9.302839000000000524e-01
9.313748499999999764e-01
9.324405199999999949e-01
9.334817499999999990e-01
9.344992600000000538e-01
9.354937700000000023e-01
9.364658599999999833e-01
9.374163199999999696e-01
9.383457299999999890e-01
9.392546999999999979e-01
9.401437599999999950e-01
9.410135699999999659e-01
9.418646699999999594e-01
9.426975300000000058e-01
9.435126799999999925e-01
9.443106100000000502e-01
9.450917800000000479e-01
9.458567500000000239e-01
9.466058600000000212e-01
9.473395900000000092e-01
9.480583099999999597e-01
9.487624799999999636e-01
9.494524600000000536e-01
9.501286100000000401e-01
9.507913000000000059e-01
9.514409299999999625e-01
9.520777499999999449e-01
9.527022200000000440e-01
9.533144799999999641e-01
9.539149999999999574e-01
9.545040099999999583e-01
9.550818199999999702e-01
9.556487200000000071e-01
9.562049500000000535e-01
9.567507499999999832e-01
9.572864199999999713e-01
9.578121899999999522e-01
9.583283700000000405e-01
9.588350700000000115e-01
9.593326399999999587e-01
9.598211599999999510e-01
9.603009799999999707e-01
9.607722800000000341e-01
9.612351700000000276e-01
9.616898900000000472e-01
9.621366900000000166e-01
9.625756699999999944e-01
9.630070899999999545e-01
9.634310600000000058e-01
9.638477600000000534e-01
9.642573599999999523e-01
9.646599900000000227e-01
9.650558799999999771e-01
9.654450999999999450e-01
9.658278200000000036e-01
9.662042299999999972e-01
9.665743700000000160e-01
9.669385000000000341e-01
9.672966600000000303e-01
9.676489799999999919e-01
9.679956400000000460e-01
9.683367000000000502e-01
9.686722800000000522e-01
9.690025399999999678e-01
9.693275700000000272e-01
9.696474699999999558e-01
9.699623600000000234e-01
9.702722999999999764e-01
9.705774200000000240e-01
9.708778900000000212e-01
9.711736399999999492e-01
9.714649300000000043e-01
9.717517500000000252e-01
9.720342199999999488e-01
9.723123900000000264e-01
9.725863900000000228e-01
9.728562800000000177e-01
9.731221799999999478e-01
9.733840799999999849e-01
9.736421100000000051e-01
9.738963800000000059e-01
9.741468399999999583e-01
9.743937299999999579e-01
9.746369700000000469e-01
9.748767000000000404e-01
9.751129699999999678e-01
9.753459100000000381e-01
9.755754500000000107e-01
9.758017100000000443e-01
9.760247499999999965e-01
9.762446900000000261e-01
9.764614700000000536e-01
9.766752699999999843e-01
9.768860299999999608e-01
9.770938200000000018e-01
9.772988000000000230e-01
9.775009199999999954e-01
9.777002299999999479e-01
9.778968099999999497e-01
9.780906999999999796e-01
9.782819200000000270e-01
9.784705599999999892e-01
9.786566500000000168e-01
9.788401700000000094e-01
9.790212499999999540e-01
9.791999500000000412e-01
9.793762000000000301e-01
9.795500600000000002e-01
9.797216699999999889e-01
9.798909999999999565e-01
9.800580700000000034e-01
9.802229399999999870e-01
9.803856600000000476e-01
9.805461800000000450e-01
9.807046699999999451e-01
9.808610700000000016e-01
9.810153799999999924e-01
9.811677300000000157e-01
9.813181199999999604e-01
9.814665900000000276e-01
9.816131000000000162e-01
9.817577600000000349e-01
9.819005100000000041e-01
9.820414800000000222e-01
9.821805999999999592e-01
9.823179800000000350e-01
9.824536400000000169e-01
9.825875800000000160e-01
9.827197800000000427e-01
9.828503100000000048e-01
9.829792400000000319e-01
9.831064900000000550e-01
9.832321400000000322e-01
9.833562399999999926e-01
9.834787799999999969e-01
9.835998400000000030e-01
9.837192900000000240e-01
9.838373099999999649e-01
9.839538899999999977e-01
9.840689900000000323e-01
9.841826599999999869e-01
9.842948900000000334e-01
9.844057600000000186e-01
9.845152499999999529e-01
9.846234299999999662e-01
9.847302399999999789e-01
9.848357399999999595e-01
9.849399300000000190e-01
9.850428700000000148e-01
9.851445599999999470e-01
9.852449300000000187e-01
9.853441099999999953e-01
9.854420999999999875e-01
9.855388400000000271e-01
9.856344500000000508e-01
9.857288600000000400e-01
9.858221400000000134e-01
9.859142899999999710e-01
9.860053100000000237e-01
9.860951900000000103e-01
9.861839999999999495e-01
9.862716799999999839e-01
9.863583400000000001e-01
9.864439400000000191e-01
9.865285200000000199e-01
9.866120200000000340e-01
9.866945700000000485e-01
9.867760500000000157e-01
9.868565799999999832e-01
9.869360900000000436e-01
9.870146499999999934e-01
9.870923200000000231e-01
9.871689700000000345e-01
9.872446700000000464e-01
9.873195299999999452e-01
9.873933799999999872e-01
9.874663900000000272e-01
9.875385199999999752e-01
9.876097400000000137e-01
9.876801400000000397e-01
9.877496399999999843e-01
9.878182399999999586e-01
9.878860699999999495e-01
9.879530699999999888e-01
9.880192300000000261e-01
9.880845499999999504e-01
9.881491100000000527e-01
9.882128799999999602e-01
9.882758299999999663e-01
9.883380499999999680e-01
9.883994499999999572e-01
9.884601200000000532e-01
9.885200299999999940e-01
9.885792100000000415e-01
9.886376900000000134e-01
9.886953800000000125e-01
9.887523700000000471e-01
9.888086299999999662e-01
9.888642399999999499e-01
9.889191400000000298e-01
9.889733200000000446e-01
9.890268399999999627e-01
9.890797099999999453e-01
9.891318700000000241e-01
9.891834299999999747e-01
9.892342699999999711e-01
9.892845200000000006e-01
9.893341100000000443e-01
9.893830399999999914e-01
9.894313799999999715e-01
9.894791200000000453e-01
9.895262099999999617e-01
9.895726999999999718e-01
9.896186000000000149e-01
9.896639000000000408e-01
9.897086000000000494e-01
9.897527699999999484e-01
9.897962799999999728e-01
9.898392599999999986e-01
9.898816900000000363e-01
9.899236000000000146e-01
9.899649000000000365e-01
9.900056699999999488e-01
9.900458500000000051e-01
9.900855400000000417e-01
9.901246999999999687e-01
9.901633300000000082e-01
9.902014099999999486e-01
9.902390199999999698e-01
9.902760999999999925e-01
9.903127000000000457e-01
9.903487600000000501e-01
9.903843399999999741e-01
9.904193900000000106e-01
9.904540200000000461e-01
9.904881100000000327e-01
9.905217899999999576e-01
9.905549299999999446e-01
9.905876500000000418e-01
9.906198400000000293e-01
9.906516100000000158e-01
9.906829600000000013e-01
9.907138300000000175e-01
9.907442300000000035e-01
9.907742099999999885e-01
9.908037800000000228e-01
9.908328699999999767e-01
9.908615400000000406e-01
9.908897899999999925e-01
9.909176200000000545e-01
9.909450400000000547e-01
9.909719799999999745e-01
9.909985700000000231e-01
9.910247899999999888e-01
9.910505400000000353e-01
9.910759300000000493e-01
9.911009100000000016e-01
9.911254600000000137e-01
9.911496600000000434e-01
9.911734500000000114e-01
9.911968700000000076e-01
9.912199400000000216e-01
9.912426500000000029e-01
9.912649399999999833e-01
9.912868700000000421e-01
9.913083900000000392e-01
9.913296099999999722e-01
9.913504699999999836e-01
9.913709800000000127e-01
9.913911199999999591e-01
9.914109100000000341e-01
9.914303399999999655e-01
9.914494200000000257e-01
9.914681899999999715e-01
9.914866100000000460e-01
9.915047299999999453e-01
9.915224900000000341e-01
9.915399000000000296e-01
9.915570000000000217e-01
9.915737500000000315e-01
9.915902599999999456e-01
9.916063499999999697e-01
9.916222099999999484e-01
9.916377100000000056e-01
9.916529099999999985e-01
9.916678100000000384e-01
9.916824100000000142e-01
9.916967199999999760e-01
9.917107200000000455e-01
9.917244299999999901e-01
9.917377800000000132e-01
9.917508999999999908e-01
9.917637700000000445e-01
9.917762900000000048e-01
9.917885100000000120e-01
9.918004900000000346e-01
9.918121699999999930e-01
9.918236099999999666e-01
9.918347600000000375e-01
9.918456100000000442e-01
9.918562199999999551e-01
9.918665300000000240e-01
9.918765999999999972e-01
9.918863799999999564e-01
9.918959099999999918e-01
9.919052099999999816e-01
9.919142100000000184e-01
9.919229699999999594e-01
9.919314999999999660e-01
9.919397800000000487e-01
9.919477700000000064e-01
9.919555199999999795e-01
9.919630900000000473e-01
9.919703600000000510e-01
9.919773899999999589e-01
9.919841900000000434e-01
9.919907500000000322e-01
9.919970599999999861e-01
9.920031400000000055e-01
9.920089800000000402e-01
9.920146499999999978e-01
9.920200099999999521e-01
9.920252000000000514e-01
9.920301400000000047e-01
9.920348500000000236e-01
9.920393800000000262e-01
9.920436700000000441e-01
9.920477300000000165e-01
9.920516000000000334e-01
9.920552400000000048e-01
9.920586300000000524e-01
9.920618500000000228e-01
9.920648899999999770e-01
9.920676899999999465e-01
9.920702599999999816e-01
9.920726399999999501e-01
9.920748499999999526e-01
9.920768100000000311e-01
9.920786000000000326e-01
9.920802100000000179e-01
9.920815800000000184e-01
9.920827700000000027e-01
9.920837900000000209e-01
9.920845600000000042e-01
9.920852199999999899e-01
9.920856399999999908e-01
9.920858700000000363e-01
9.920859300000000047e-01
9.920858099999999569e-01
9.920854599999999746e-01
9.920849800000000052e-01
9.920843200000000195e-01
9.920834299999999883e-01
9.920824200000000204e-01
9.920811699999999567e-01
9.920797900000000169e-01
9.920782400000000001e-01
9.920764600000000488e-01
9.920745499999999995e-01
9.920724600000000448e-01
9.920702599999999816e-01
9.920678099999999944e-01
9.920652500000000096e-01
9.920624500000000401e-01
9.920595300000000227e-01
9.920564899999999575e-01
9.920532100000000186e-01
9.920498100000000319e-01
9.920462399999999681e-01
9.920425400000000282e-01
9.920386700000000113e-01
9.920346100000000389e-01
9.920303799999999894e-01
9.920260300000000031e-01
9.920215599999999689e-01
9.920169100000000295e-01
9.920120799999999628e-01
9.920071400000000095e-01
9.920020099999999896e-01
9.919967699999999722e-01
9.919913399999999992e-01
9.919858000000000287e-01
9.919800800000000418e-01
9.919742299999999569e-01
9.919682699999999853e-01
9.919621299999999975e-01
9.919558200000000436e-01
9.919494399999999601e-01
9.919428799999999713e-01
9.919362099999999849e-01
9.919293500000000430e-01
9.919223799999999924e-01
9.919152900000000050e-01
9.919080099999999511e-01
9.919006799999999791e-01
9.918931699999999907e-01
9.918855399999999545e-01
9.918777300000000130e-01
9.918698700000000423e-01
9.918618200000000051e-01
9.918536500000000311e-01
9.918453699999999484e-01
9.918369099999999605e-01
9.918283799999999539e-01
9.918196799999999813e-01
9.918109200000000403e-01
9.918019799999999719e-01
9.917929199999999668e-01
9.917837400000000248e-01
9.917744400000000349e-01
9.917650199999999971e-01
9.917554899999999618e-01
9.917458300000000504e-01
9.917360499999999801e-01
9.917261000000000548e-01
9.917160900000000501e-01
9.917059499999999472e-01
9.916956999999999578e-01
9.916853300000000315e-01
9.916748399999999464e-01
9.916642300000000354e-01
9.916534999999999656e-01
9.916426499999999589e-01
9.916317500000000340e-01
9.916206600000000426e-01
9.916095099999999718e-01
9.915981900000000460e-01
9.915867999999999904e-01
9.915753000000000483e-01
9.915636799999999473e-01
9.915519400000000205e-01
9.915401299999999640e-01
9.915281500000000525e-01
9.915161099999999506e-01
9.915039500000000228e-01
9.914916799999999864e-01
9.914793400000000423e-01
9.914668199999999709e-01
9.914542400000000422e-01
9.914415500000000048e-01
9.914287299999999803e-01
9.914158600000000376e-01
9.914028599999999969e-01
9.913897499999999585e-01
9.913765199999999833e-01
9.913632300000000397e-01
9.913498200000000482e-01
9.913362900000000089e-01
9.913227000000000011e-01
9.913089899999999455e-01
9.912951599999999530e-01
9.912812100000000237e-01
9.912672000000000150e-01
9.912530800000000086e-01
9.912388899999999836e-01
9.912245899999999610e-01
9.912101599999999513e-01
9.911956800000000234e-01
9.911810800000000476e-01
9.911663499999999738e-01
9.911515699999999818e-01
9.911366700000000529e-01
9.911216499999999652e-01
9.911065700000000200e-01
9.910914299999999955e-01
9.910761099999999546e-01
9.910607900000000248e-01
9.910453000000000179e-01
9.910297399999999923e-01
9.910141199999999984e-01
9.909983300000000384e-01
9.909825300000000281e-01
9.909665600000000518e-01
9.909505800000000253e-01
9.909344300000000327e-01
9.909182199999999607e-01
9.909019500000000313e-01
9.908855600000000541e-01
9.908690500000000290e-01
9.908524800000000354e-01
9.908357899999999940e-01
9.908190399999999842e-01
9.908022300000000060e-01
9.907852400000000115e-01
9.907682500000000170e-01
9.907510899999999454e-01
9.907339200000000456e-01
9.907166400000000372e-01
9.906992300000000418e-01
9.906817700000000171e-01
9.906641800000000053e-01
9.906464799999999959e-01
9.906287799999999866e-01
9.906108999999999609e-01
9.905930200000000463e-01
9.905749600000000044e-01
9.905568999999999624e-01
9.905387199999999837e-01
9.905204199999999570e-01
9.905020599999999620e-01
9.904835800000000301e-01
9.904650400000000188e-01
9.904463900000000098e-01
9.904276699999999822e-01
9.904088399999999570e-01
9.903899400000000242e-01
9.903709899999999511e-01
9.903519200000000522e-01
9.903327200000000552e-01
9.903134700000000290e-01
9.902941600000000344e-01
9.902747299999999919e-01
9.902551800000000126e-01
9.902355699999999539e-01
9.902159000000000377e-01
9.901961099999999627e-01
9.901761999999999508e-01
9.901562299999999706e-01
9.901362099999999611e-01
9.901160599999999645e-01
9.900958499999999995e-01
9.900755300000000370e-01
9.900550799999999763e-01
9.900346399999999658e-01
9.900140200000000501e-01
9.899933300000000047e-01
9.899725900000000411e-01
9.899517300000000297e-01
9.899308100000000499e-01
9.899097700000000222e-01
9.898886700000000261e-01
9.898674499999999821e-01
9.898461100000000012e-01
9.898247100000000520e-01
9.898032500000000233e-01
9.897816799999999970e-01
9.897599799999999837e-01
9.897382300000000521e-01
9.897164099999999909e-01
9.896944199999999636e-01
9.896724199999999971e-01
9.896503100000000330e-01
9.896280800000000211e-01
9.896057200000000220e-01
9.895833099999999938e-01
9.895608399999999971e-01
9.895382499999999526e-01
9.895155399999999712e-01
9.894927700000000215e-01
9.894698899999999631e-01
9.894469399999999970e-01
9.894238699999999831e-01
9.894006800000000323e-01
9.893774400000000524e-01
9.893540699999999743e-01
9.893305900000000097e-01
9.893070499999999656e-01
9.892833800000000455e-01
9.892596599999999851e-01
9.892358199999999879e-01
9.892118600000000539e-01
9.891877799999999610e-01
9.891636400000000107e-01
9.891393800000000125e-01
9.891150600000000459e-01
9.890906200000000315e-01
9.890660599999999691e-01
9.890413900000000202e-01
9.890165899999999732e-01
9.889917400000000081e-01
9.889667599999999448e-01
9.889417299999999633e-01
9.889165199999999656e-01
9.888912399999999492e-01
9.888658500000000462e-01
9.888403399999999843e-01
9.888147099999999856e-01
9.887890200000000185e-01
9.887631500000000351e-01
9.887372300000000225e-01
9.887111800000000228e-01
9.886850099999999752e-01
9.886587300000000411e-01
9.886323200000000089e-01
9.886058599999999474e-01
9.885792100000000415e-01
9.885525099999999954e-01
9.885256300000000440e-01
9.884986900000000132e-01
9.884715699999999661e-01
9.884443899999999505e-01
9.884170300000000298e-01
9.883896100000000295e-01
9.883620100000000130e-01
9.883342999999999989e-01
9.883065199999999662e-01
9.882785699999999673e-01
9.882504899999999814e-01
9.882222999999999979e-01
9.881939299999999982e-01
9.881655000000000300e-01
9.881368900000000455e-01
9.881081600000000131e-01
9.880793100000000440e-01
9.880503400000000269e-01
9.880211899999999936e-01
9.879919900000000421e-01
9.879625399999999447e-01
9.879330400000000401e-01
9.879033600000000082e-01
9.878735499999999892e-01
9.878435700000000041e-01
9.878134699999999713e-01
9.877831900000000331e-01
9.877527999999999864e-01
9.877222799999999525e-01
9.876915800000000134e-01
9.876607099999999972e-01
9.876297099999999940e-01
9.875985400000000247e-01
9.875671900000000392e-01
9.875357200000000057e-01
9.875040699999999561e-01
9.874722999999999695e-01
9.874403499999999667e-01
9.874081599999999792e-01
9.873759199999999625e-01
9.873434300000000219e-01
9.873107700000000042e-01
9.872779799999999994e-01
9.872449599999999492e-01
9.872117599999999937e-01
9.871784399999999904e-01
9.871448900000000526e-01
9.871112100000000167e-01
9.870773000000000463e-01
9.870432000000000095e-01
9.870088700000000381e-01
9.869744200000000189e-01
9.869397300000000151e-01
9.869048599999999949e-01
9.868697499999999900e-01
9.868344700000000191e-01
9.867989999999999817e-01
9.867632400000000414e-01
9.867273600000000533e-01
9.866912399999999694e-01
9.866548800000000119e-01
9.866182799999999586e-01
9.865814400000000317e-01
9.865444300000000277e-01
9.865071800000000390e-01
9.864696299999999862e-01
9.864319000000000282e-01
9.863939299999999744e-01
9.863556599999999674e-01
9.863172199999999945e-01
9.862784700000000182e-01
9.862394300000000280e-01
9.862002100000000215e-01
9.861606400000000328e-01
9.861208799999999774e-01
9.860807700000000509e-01
9.860404099999999783e-01
9.859997600000000029e-01
9.859588099999999633e-01
9.859176299999999893e-01
9.858760800000000435e-01
9.858342399999999728e-01
9.857920999999999490e-01
9.857496000000000036e-01
9.857068100000000443e-01
9.856637099999999707e-01
9.856202600000000258e-01
9.855764500000000483e-01
9.855323400000000067e-01
9.854878200000000144e-01
9.854429999999999579e-01
9.853977600000000114e-01
9.853521600000000324e-01
9.853062000000000209e-01
9.852598299999999476e-01
9.852130399999999844e-01
9.851658899999999885e-01
9.851182699999999626e-01
9.850702900000000151e-01
9.850218299999999871e-01
9.849729499999999582e-01
9.849236000000000102e-01
9.848737699999999817e-01
9.848235199999999523e-01
9.847727400000000353e-01
9.847214800000000379e-01
9.846697399999999600e-01
9.846174699999999946e-01
9.845646599999999804e-01
9.845113199999999676e-01
9.844573699999999983e-01
9.844028900000000304e-01
9.843478199999999845e-01
9.842921500000000323e-01
9.842358799999999519e-01
9.841789600000000471e-01
9.841213800000000456e-01
9.840631499999999976e-01
9.840042599999999640e-01
9.839445900000000078e-01
9.838842700000000052e-01
9.838231800000000193e-01
9.837613099999999999e-01
9.836986100000000288e-01
9.836351300000000242e-01
9.835708100000000176e-01
9.835056699999999985e-01
9.834395599999999904e-01
9.833725700000000014e-01
9.833046199999999626e-01
9.832356599999999558e-01
9.831657400000000102e-01
9.830946900000000488e-01
9.830225700000000399e-01
9.829493799999999837e-01
9.828749300000000355e-01
9.827992899999999921e-01
9.827223999999999959e-01
9.826441399999999993e-01
9.825645699999999705e-01
9.824835699999999727e-01
9.824010699999999874e-01
9.823170300000000355e-01
9.822313799999999873e-01
9.821440000000000170e-01
9.820548900000000137e-01
9.819639300000000404e-01
9.818710099999999885e-01
9.817761200000000299e-01
9.816790199999999578e-01
9.815797200000000444e-01
9.814780400000000515e-01
9.813738499999999920e-01
9.812670399999999793e-01
9.811574199999999468e-01
9.810448299999999788e-01
9.809290800000000088e-01
9.808099900000000204e-01
9.806873200000000290e-01
9.805608399999999891e-01
9.804303100000000271e-01
9.802952999999999806e-01
9.801555899999999655e-01
9.800108100000000100e-01
9.798604199999999542e-01
9.797040200000000087e-01
9.795409999999999950e-01
9.793707699999999461e-01
9.791926100000000188e-01
9.790056299999999601e-01
9.788088799999999923e-01
9.786011599999999699e-01
9.783811000000000035e-01
9.781470300000000284e-01
9.778968700000000291e-01
9.776282299999999870e-01
9.773378999999999817e-01
9.770218699999999590e-01
9.766750899999999680e-01
9.762906999999999558e-01
9.758593399999999640e-01
9.753681400000000501e-01
9.747980800000000112e-01
9.741203800000000079e-01
9.732884200000000430e-01
9.722216700000000378e-01
9.707668999999999881e-01
9.685942499999999900e-01
9.648643099999999473e-01
9.569268800000000352e-01
9.350028599999999912e-01
8.808075199999999549e-01
