8.870000000000000000e+02
0.000000000000000000e+00
1.771999900000000139e+01
8.352764799999999878e-01
7.711408699999999783e-01
7.118619099999999866e-01
6.571364400000000439e-01
6.066179299999999719e-01
5.599837300000000129e-01
5.169358299999999851e-01
4.771988099999999733e-01
4.405186200000000274e-01
4.066609700000000105e-01
3.754098399999999947e-01
3.465663199999999833e-01
3.199475399999999747e-01
2.953858400000000106e-01
2.727284999999999848e-01
2.518386499999999972e-01
2.325984399999999896e-01
2.149171099999999945e-01
1.987482200000000032e-01
1.841211799999999954e-01
1.711880400000000135e-01
1.602706200000000025e-01
1.518892199999999915e-01
1.466487800000000064e-01
1.443798699999999935e-01
1.440497799999999884e-01
1.448754499999999890e-01
1.465392000000000083e-01
1.490615000000000134e-01
1.527232799999999890e-01
1.579943000000000042e-01
1.653991800000000068e-01
1.753280000000000116e-01
1.878889499999999990e-01
2.028902900000000009e-01
2.199348100000000084e-01
2.385440000000000060e-01
2.582514300000000040e-01
2.786506699999999892e-01
2.994101000000000123e-01
3.202696999999999905e-01
3.410307200000000094e-01
3.615440999999999794e-01
3.816999500000000101e-01
4.014186299999999985e-01
4.206438100000000069e-01
4.393370699999999962e-01
4.574736400000000147e-01
4.750391800000000053e-01
4.920274900000000118e-01
5.084384100000000073e-01
5.242764899999999839e-01
5.395498300000000080e-01
5.542691899999999672e-01
5.684472900000000495e-01
5.820983100000000077e-01
5.952374900000000357e-01
6.078806500000000224e-01
6.200441700000000056e-01
6.317445600000000105e-01
6.429983400000000016e-01
6.538219499999999851e-01
6.642317199999999700e-01
6.742435700000000143e-01
6.838731799999999694e-01
6.931357999999999686e-01
7.020462800000000225e-01
7.106189699999999609e-01
7.188677799999999563e-01
7.268062199999999473e-01
7.344471799999999773e-01
7.418031099999999878e-01
7.488861100000000492e-01
7.557076200000000243e-01
7.622786799999999863e-01
7.686099400000000470e-01
7.747115500000000266e-01
7.805931600000000081e-01
7.862641200000000108e-01
7.917333199999999627e-01
7.970092899999999814e-01
8.021001199999999720e-01
8.070135699999999579e-01
8.117570899999999590e-01
8.163377000000000550e-01
8.207622199999999868e-01
8.250371199999999572e-01
8.291684400000000066e-01
8.331621900000000247e-01
8.370239099999999821e-01
8.407590400000000130e-01
8.443725699999999890e-01
8.478695200000000431e-01
8.512543999999999667e-01
8.545318200000000530e-01
8.577058899999999708e-01
8.607807800000000231e-01
8.637602899999999861e-01
8.666481400000000113e-01
8.694478300000000326e-01
8.721628200000000053e-01
8.747962700000000424e-01
8.773512799999999556e-01
8.798308400000000029e-01
8.822377300000000533e-01
8.845746500000000179e-01
8.868441599999999925e-01
8.890487599999999935e-01
8.911908299999999894e-01
8.932725799999999827e-01
8.952962800000000554e-01
8.972638200000000452e-01
8.991773699999999758e-01
9.010387100000000205e-01
9.028497300000000170e-01
9.046121200000000195e-01
9.063276599999999794e-01
9.079978499999999952e-01
9.096242199999999833e-01
9.112083300000000108e-01
9.127516199999999857e-01
9.142553199999999824e-01
9.157208199999999909e-01
9.171494199999999930e-01
9.185422699999999940e-01
9.199004800000000204e-01
9.212252499999999955e-01
9.225176600000000171e-01
9.237786500000000345e-01
9.250092500000000051e-01
9.262104599999999577e-01
9.273831200000000052e-01
9.285281899999999755e-01
9.296464899999999920e-01
9.307387499999999481e-01
9.318059100000000150e-01
9.328486299999999565e-01
9.338676299999999486e-01
9.348636900000000249e-01
9.358373899999999912e-01
9.367894500000000235e-01
9.377205400000000468e-01
9.386311800000000094e-01
9.395219700000000396e-01
9.403935100000000435e-01
9.412463899999999883e-01
9.420810299999999859e-01
9.428979800000000244e-01
9.436978099999999703e-01
9.444808999999999566e-01
9.452477099999999632e-01
9.459987300000000099e-01
9.467343700000000473e-01
9.474550499999999653e-01
9.481611800000000478e-01
9.488531399999999838e-01
9.495312599999999881e-01
9.501959700000000009e-01
9.508476300000000547e-01
9.514865300000000525e-01
9.521129699999999474e-01
9.527273200000000442e-01
9.533299200000000528e-01
9.539209600000000400e-01
9.545008499999999563e-01
9.550697799999999793e-01
9.556280999999999803e-01
9.561760400000000049e-01
9.567137999999999476e-01
9.572417100000000234e-01
9.577599199999999868e-01
9.582687600000000527e-01
9.587684300000000048e-01
9.592590899999999809e-01
9.597409999999999553e-01
9.602143800000000340e-01
9.606794100000000114e-01
9.611362799999999540e-01
9.615851600000000499e-01
9.620263000000000009e-01
9.624597999999999764e-01
9.628858599999999823e-01
9.633046400000000453e-01
9.637163300000000099e-01
9.641210999999999531e-01
9.645190799999999731e-01
9.649103900000000067e-01
9.652952000000000199e-01
9.656736900000000290e-01
9.660459200000000024e-01
9.664121300000000359e-01
9.667723200000000183e-01
9.671267300000000455e-01
9.674754100000000356e-01
9.678185599999999944e-01
9.681561600000000434e-01
9.684884499999999452e-01
9.688155699999999593e-01
9.691374900000000459e-01
9.694543500000000202e-01
9.697663199999999595e-01
9.700734600000000540e-01
9.703758999999999579e-01
9.706736799999999832e-01
9.709669399999999451e-01
9.712557200000000446e-01
9.715400899999999673e-01
9.718202400000000019e-01
9.720961999999999659e-01
9.723680599999999785e-01
9.726358099999999896e-01
9.728996800000000444e-01
9.731596099999999527e-01
9.734157300000000346e-01
9.736681600000000048e-01
9.739168900000000351e-01
9.741620399999999513e-01
9.744036200000000258e-01
9.746417400000000342e-01
9.748764599999999447e-01
9.751078499999999982e-01
9.753359600000000018e-01
9.755608399999999847e-01
9.757825100000000473e-01
9.760011400000000448e-01
9.762166700000000086e-01
9.764292199999999866e-01
9.766387899999999789e-01
9.768455000000000332e-01
9.770493500000000386e-01
9.772503999999999635e-01
9.774486999999999481e-01
9.776442600000000427e-01
9.778371999999999620e-01
9.780275200000000391e-01
9.782152800000000203e-01
9.784005300000000460e-01
9.785832800000000553e-01
9.787635799999999664e-01
9.789414400000000516e-01
9.791169800000000256e-01
9.792901899999999493e-01
9.794610700000000447e-01
9.796297600000000161e-01
9.797961699999999663e-01
9.799604400000000437e-01
9.801225700000000263e-01
9.802826000000000040e-01
9.804405000000000481e-01
9.805963599999999447e-01
9.807502599999999848e-01
9.809021399999999780e-01
9.810520400000000141e-01
9.812000400000000511e-01
9.813461300000000387e-01
9.814903699999999453e-01
9.816327700000000434e-01
9.817733800000000288e-01
9.819122000000000128e-01
9.820492299999999952e-01
9.821845299999999446e-01
9.823181600000000513e-01
9.824500699999999531e-01
9.825803600000000415e-01
9.827089900000000044e-01
9.828360099999999822e-01
9.829614199999999746e-01
9.830852700000000111e-01
9.832076400000000493e-01
9.833283999999999914e-01
9.834477299999999644e-01
9.835655700000000001e-01
9.836819199999999874e-01
9.837968299999999555e-01
9.839103799999999733e-01
9.840225000000000222e-01
9.841331800000000518e-01
9.842425599999999886e-01
9.843505599999999855e-01
9.844572499999999504e-01
9.845627000000000129e-01
9.846667599999999743e-01
9.847695800000000332e-01
9.848711500000000285e-01
9.849714600000000209e-01
9.850705899999999682e-01
9.851684600000000236e-01
9.852651999999999521e-01
9.853606799999999888e-01
9.854550399999999488e-01
9.855482599999999538e-01
9.856403500000000539e-01
9.857312999999999770e-01
9.858211300000000454e-01
9.859098800000000162e-01
9.859975600000000506e-01
9.860842199999999558e-01
9.861697600000000064e-01
9.862542699999999884e-01
9.863377800000000528e-01
9.864202699999999879e-01
9.865017499999999551e-01
9.865822800000000337e-01
9.866617899999999830e-01
9.867403500000000438e-01
9.868179000000000256e-01
9.868945500000000370e-01
9.869703100000000173e-01
9.870451099999999478e-01
9.871189599999999897e-01
9.871919799999999690e-01
9.872640999999999778e-01
9.873353200000000163e-01
9.874056599999999628e-01
9.874751600000000185e-01
9.875437599999999927e-01
9.876115899999999836e-01
9.876785900000000229e-01
9.877446899999999808e-01
9.878100800000000348e-01
9.878745700000000074e-01
9.879383400000000259e-01
9.880012900000000320e-01
9.880634499999999543e-01
9.881249100000000229e-01
9.881855200000000394e-01
9.882454899999999487e-01
9.883046199999999670e-01
9.883630300000000313e-01
9.884207200000000304e-01
9.884777099999999539e-01
9.885339699999999841e-01
9.885895799999999678e-01
9.886444199999999682e-01
9.886985999999999830e-01
9.887521299999999513e-01
9.888049399999999656e-01
9.888570899999999941e-01
9.889085899999999762e-01
9.889594299999999727e-01
9.890096200000000337e-01
9.890591499999999980e-01
9.891080899999999954e-01
9.891563700000000070e-01
9.892040500000000014e-01
9.892511400000000288e-01
9.892975699999999595e-01
9.893433999999999839e-01
9.893887000000000098e-01
9.894333499999999892e-01
9.894773999999999514e-01
9.895209099999999758e-01
9.895638199999999829e-01
9.896061999999999914e-01
9.896479799999999827e-01
9.896892299999999754e-01
9.897299400000000302e-01
9.897701100000000363e-01
9.898096899999999643e-01
9.898487900000000339e-01
9.898873599999999939e-01
9.899253799999999659e-01
9.899628799999999895e-01
9.899998300000000251e-01
9.900363699999999989e-01
9.900723099999999555e-01
9.901077700000000537e-01
9.901427600000000107e-01
9.901772699999999983e-01
9.902113099999999557e-01
9.902448099999999753e-01
9.902778899999999940e-01
9.903104900000000432e-01
9.903425599999999829e-01
9.903742100000000326e-01
9.904054399999999703e-01
9.904361999999999888e-01
9.904664800000000380e-01
9.904963399999999751e-01
9.905257200000000539e-01
9.905546899999999599e-01
9.905832399999999760e-01
9.906113100000000227e-01
9.906389700000000076e-01
9.906662699999999599e-01
9.906930900000000539e-01
9.907194999999999752e-01
9.907455400000000356e-01
9.907711099999999549e-01
9.907963300000000029e-01
9.908211199999999996e-01
9.908455600000000141e-01
9.908695800000000276e-01
9.908931899999999793e-01
9.909164299999999592e-01
9.909393199999999569e-01
9.909617899999999535e-01
9.909839000000000286e-01
9.910056600000000104e-01
9.910269999999999913e-01
9.910479800000000505e-01
9.910686600000000457e-01
9.910889299999999791e-01
9.911088300000000517e-01
9.911284399999999994e-01
9.911476399999999964e-01
9.911665299999999901e-01
9.911850700000000014e-01
9.912032499999999802e-01
9.912210700000000374e-01
9.912385900000000305e-01
9.912557600000000413e-01
9.912726299999999879e-01
9.912891999999999815e-01
9.913053499999999740e-01
9.913212700000000321e-01
9.913368200000000074e-01
9.913520799999999689e-01
9.913670399999999772e-01
9.913816500000000032e-01
9.913959500000000258e-01
9.914099600000000345e-01
9.914236699999999791e-01
9.914370799999999706e-01
9.914501900000000090e-01
9.914630100000000335e-01
9.914755800000000230e-01
9.914878000000000302e-01
9.914997199999999733e-01
9.915114000000000427e-01
9.915227899999999872e-01
9.915338799999999786e-01
9.915447200000000461e-01
9.915552699999999886e-01
9.915655300000000283e-01
9.915755400000000330e-01
9.915852499999999736e-01
9.915947299999999798e-01
9.916039100000000328e-01
9.916128499999999901e-01
9.916214899999999943e-01
9.916298999999999531e-01
9.916380599999999879e-01
9.916459899999999772e-01
9.916536200000000134e-01
9.916610099999999539e-01
9.916681600000000207e-01
9.916750800000000421e-01
9.916816899999999491e-01
9.916881300000000010e-01
9.916942699999999888e-01
9.917002299999999604e-01
9.917058899999999788e-01
9.917113800000000312e-01
9.917166200000000487e-01
9.917215700000000522e-01
9.917263400000000395e-01
9.917308700000000421e-01
9.917352200000000284e-01
9.917392699999999506e-01
9.917431500000000177e-01
9.917467800000000500e-01
9.917501800000000367e-01
9.917534000000000072e-01
9.917563799999999929e-01
9.917591799999999624e-01
9.917616799999999788e-01
9.917640699999999976e-01
9.917662099999999814e-01
9.917681200000000308e-01
9.917698499999999528e-01
9.917713400000000012e-01
9.917726500000000334e-01
9.917737800000000492e-01
9.917746800000000196e-01
9.917753900000000344e-01
9.917758700000000038e-01
9.917761699999999569e-01
9.917762900000000048e-01
9.917762300000000364e-01
9.917759900000000517e-01
9.917755099999999713e-01
9.917748600000000359e-01
9.917740200000000339e-01
9.917730099999999549e-01
9.917718199999999706e-01
9.917703900000000017e-01
9.917688399999999849e-01
9.917670499999999834e-01
9.917651400000000450e-01
9.917629999999999502e-01
9.917607299999999793e-01
9.917582299999999629e-01
9.917555999999999594e-01
9.917527999999999899e-01
9.917497600000000357e-01
9.917466000000000337e-01
9.917432699999999546e-01
9.917397500000000310e-01
9.917361099999999485e-01
9.917322400000000426e-01
9.917282499999999779e-01
9.917240699999999576e-01
9.917197800000000507e-01
9.917152500000000481e-01
9.917105999999999977e-01
9.917057799999999812e-01
9.917008299999999776e-01
9.916956399999999894e-01
9.916903400000000035e-01
9.916849100000000305e-01
9.916793099999999805e-01
9.916735300000000253e-01
9.916676300000000222e-01
9.916615500000000027e-01
9.916553500000000465e-01
9.916489699999999630e-01
9.916424799999999928e-01
9.916357999999999562e-01
9.916289999999999827e-01
9.916220300000000432e-01
9.916149399999999448e-01
9.916076700000000521e-01
9.916002800000000006e-01
9.915927100000000438e-01
9.915850800000000076e-01
9.915772099999999867e-01
9.915692799999999973e-01
9.915611699999999917e-01
9.915528900000000201e-01
9.915445400000000298e-01
9.915360199999999624e-01
9.915273799999999582e-01
9.915185600000000488e-01
9.915096799999999488e-01
9.915006200000000547e-01
9.914913800000000332e-01
9.914820800000000434e-01
9.914726000000000372e-01
9.914630100000000335e-01
9.914532900000000426e-01
9.914434600000000541e-01
9.914334999999999676e-01
9.914233700000000260e-01
9.914131200000000366e-01
9.914028000000000285e-01
9.913923100000000543e-01
9.913816500000000032e-01
9.913709200000000443e-01
9.913600700000000376e-01
9.913490999999999831e-01
9.913379500000000233e-01
9.913267500000000343e-01
9.913153599999999788e-01
9.913039200000000051e-01
9.912923000000000151e-01
9.912806199999999457e-01
9.912687500000000318e-01
9.912567700000000093e-01
9.912447300000000183e-01
9.912325100000000111e-01
9.912202399999999747e-01
9.912077799999999828e-01
9.911952600000000224e-01
9.911825699999999850e-01
9.911698100000000400e-01
9.911569399999999863e-01
9.911438799999999771e-01
9.911307700000000498e-01
9.911175399999999636e-01
9.911041900000000515e-01
9.910907100000000414e-01
9.910771800000000020e-01
9.910634799999999967e-01
9.910497099999999726e-01
9.910358200000000117e-01
9.910217500000000346e-01
9.910076300000000282e-01
9.909934400000000032e-01
9.909790800000000122e-01
9.909645900000000340e-01
9.909500500000000267e-01
9.909353899999999715e-01
9.909206000000000403e-01
9.909057000000000004e-01
9.908907399999999921e-01
9.908755999999999675e-01
9.908603999999999745e-01
9.908450800000000447e-01
9.908297099999999746e-01
9.908141499999999491e-01
9.907985299999999551e-01
9.907827999999999635e-01
9.907669399999999849e-01
9.907510299999999770e-01
9.907349899999999820e-01
9.907188399999999895e-01
9.907025699999999491e-01
9.906861799999999718e-01
9.906697300000000261e-01
9.906531600000000326e-01
9.906365299999999596e-01
9.906197199999999814e-01
9.906028500000000347e-01
9.905859200000000087e-01
9.905688200000000165e-01
9.905516500000000057e-01
9.905343699999999973e-01
9.905169600000000019e-01
9.904994999999999772e-01
9.904819099999999654e-01
9.904642099999999560e-01
9.904464499999999783e-01
9.904285699999999526e-01
9.904105699999999901e-01
9.903925099999999482e-01
9.903743299999999694e-01
9.903560300000000538e-01
9.903376099999999793e-01
9.903191300000000474e-01
9.903005400000000069e-01
9.902818799999999477e-01
9.902630999999999517e-01
9.902442099999999581e-01
9.902252000000000276e-01
9.902061199999999674e-01
9.901869300000000207e-01
9.901676799999999945e-01
9.901482499999999520e-01
9.901287600000000522e-01
9.901092099999999618e-01
9.900894799999999663e-01
9.900696900000000023e-01
9.900498399999999588e-01
9.900298699999999785e-01
9.900097799999999504e-01
9.899895800000000357e-01
9.899693099999999912e-01
9.899489299999999492e-01
9.899284200000000311e-01
9.899078000000000044e-01
9.898871200000000092e-01
9.898663800000000457e-01
9.898454500000000156e-01
9.898244699999999563e-01
9.898033699999999602e-01
9.897821500000000272e-01
9.897608799999999540e-01
9.897394800000000048e-01
9.897180199999999761e-01
9.896963800000000422e-01
9.896746899999999680e-01
9.896528700000000178e-01
9.896310000000000384e-01
9.896089399999999925e-01
9.895868300000000284e-01
9.895646599999999848e-01
9.895423100000000360e-01
9.895198899999999576e-01
9.894973599999999925e-01
9.894747099999999795e-01
9.894519999999999982e-01
9.894291200000000508e-01
9.894061699999999737e-01
9.893830999999999598e-01
9.893599699999999775e-01
9.893366700000000291e-01
9.893132999999999511e-01
9.892898199999999864e-01
9.892662199999999739e-01
9.892425500000000538e-01
9.892187099999999456e-01
9.891948099999999799e-01
9.891707899999999665e-01
9.891466500000000162e-01
9.891223900000000180e-01
9.890980099999999720e-01
9.890735699999999575e-01
9.890489599999999770e-01
9.890242799999999779e-01
9.889994899999999811e-01
9.889745100000000289e-01
9.889494800000000474e-01
9.889243199999999678e-01
9.888990500000000017e-01
9.888736599999999877e-01
9.888482100000000052e-01
9.888225800000000065e-01
9.887968299999999600e-01
9.887709599999999766e-01
9.887449699999999453e-01
9.887188700000000274e-01
9.886926400000000115e-01
9.886663599999999663e-01
9.886398899999999657e-01
9.886132499999999990e-01
9.885865400000000136e-01
9.885597200000000306e-01
9.885327799999999998e-01
9.885056599999999527e-01
9.884784199999999688e-01
9.884511200000000164e-01
9.884236499999999870e-01
9.883959900000000021e-01
9.883682700000000487e-01
9.883403800000000183e-01
9.883124199999999693e-01
9.882842299999999858e-01
9.882559800000000338e-01
9.882275499999999546e-01
9.881990000000000496e-01
9.881703299999999857e-01
9.881414800000000165e-01
9.881125099999999994e-01
9.880834200000000456e-01
9.880541600000000146e-01
9.880247699999999966e-01
9.879952100000000126e-01
9.879655200000000415e-01
9.879356599999999933e-01
9.879056200000000398e-01
9.878755200000000070e-01
9.878451799999999894e-01
9.878147200000000350e-01
9.877841499999999719e-01
9.877533299999999850e-01
9.877224000000000004e-01
9.876913400000000287e-01
9.876600500000000116e-01
9.876286399999999466e-01
9.875970499999999763e-01
9.875652799999999898e-01
9.875333899999999554e-01
9.875012600000000473e-01
9.874690200000000306e-01
9.874365299999999790e-01
9.874039300000000408e-01
9.873711499999999752e-01
9.873381300000000360e-01
9.873049900000000489e-01
9.872716099999999662e-01
9.872380499999999781e-01
9.872043099999999738e-01
9.871704000000000034e-01
9.871362999999999666e-01
9.871019699999999952e-01
9.870674600000000076e-01
9.870327100000000353e-01
9.869978400000000152e-01
9.869626799999999811e-01
9.869273299999999915e-01
9.868918100000000360e-01
9.868559799999999660e-01
9.868200400000000094e-01
9.867837999999999887e-01
9.867473799999999517e-01
9.867107299999999803e-01
9.866738299999999739e-01
9.866367000000000331e-01
9.865993299999999966e-01
9.865617199999999754e-01
9.865238100000000010e-01
9.864857200000000104e-01
9.864473900000000350e-01
9.864087700000000458e-01
9.863699099999999609e-01
9.863307500000000339e-01
9.862913500000000111e-01
9.862516500000000352e-01
9.862117200000000139e-01
9.861714799999999892e-01
9.861309499999999506e-01
9.860901199999999589e-01
9.860490600000000327e-01
9.860076300000000238e-01
9.859659100000000009e-01
9.859238900000000250e-01
9.858815100000000164e-01
9.858388900000000232e-01
9.857958599999999683e-01
9.857525200000000209e-01
9.857088899999999487e-01
9.856648399999999866e-01
9.856205000000000105e-01
9.855758000000000019e-01
9.855306700000000530e-01
9.854851999999999501e-01
9.854393599999999864e-01
9.853931099999999610e-01
9.853465000000000140e-01
9.852994699999999550e-01
9.852520200000000061e-01
9.852041599999999955e-01
9.851558200000000154e-01
9.851071200000000028e-01
9.850578899999999916e-01
9.850082399999999794e-01
9.849581699999999662e-01
9.849075699999999545e-01
9.848564899999999733e-01
9.848048700000000544e-01
9.847527700000000550e-01
9.847001399999999460e-01
9.846469799999999495e-01
9.845932699999999649e-01
9.845389700000000133e-01
9.844841399999999521e-01
9.844287000000000454e-01
9.843726200000000315e-01
9.843159299999999501e-01
9.842585900000000443e-01
9.842005999999999810e-01
9.841419500000000431e-01
9.840825800000000401e-01
9.840225599999999906e-01
9.839617000000000502e-01
9.839001299999999839e-01
9.838378399999999635e-01
9.837746600000000230e-01
9.837107099999999882e-01
9.836458599999999830e-01
9.835801699999999759e-01
9.835135900000000486e-01
9.834460000000000424e-01
9.833775200000000050e-01
9.833080199999999493e-01
9.832374499999999573e-01
9.831657999999999786e-01
9.830930799999999525e-01
9.830192300000000216e-01
9.829441300000000270e-01
9.828678400000000481e-01
9.827902299999999869e-01
9.827113200000000548e-01
9.826309699999999925e-01
9.825492500000000407e-01
9.824659199999999926e-01
9.823811099999999463e-01
9.822946200000000072e-01
9.822064000000000350e-01
9.821164000000000005e-01
9.820245499999999961e-01
9.819306700000000054e-01
9.818347699999999678e-01
9.817366600000000387e-01
9.816362899999999669e-01
9.815334700000000190e-01
9.814280899999999752e-01
9.813200800000000390e-01
9.812091600000000247e-01
9.810952499999999743e-01
9.809780700000000353e-01
9.808574899999999985e-01
9.807332800000000406e-01
9.806051300000000470e-01
9.804728000000000332e-01
9.803359499999999560e-01
9.801942099999999547e-01
9.800472300000000470e-01
9.798945199999999911e-01
9.797356099999999790e-01
9.795699100000000437e-01
9.793967000000000089e-01
9.792153200000000002e-01
9.790247699999999886e-01
9.788240200000000169e-01
9.786119500000000082e-01
9.783869400000000383e-01
9.781472100000000447e-01
9.778906699999999619e-01
9.776145800000000108e-01
9.773155500000000329e-01
9.769892100000000523e-01
9.766299699999999584e-01
9.762301399999999685e-01
9.757794699999999821e-01
9.752631800000000073e-01
9.746593799999999641e-01
9.739343499999999487e-01
9.730322999999999611e-01
9.718536700000000028e-01
9.702017899999999528e-01
9.676302100000000461e-01
9.629203100000000015e-01
9.519220000000000459e-01
9.201449200000000328e-01
8.575789299999999615e-01
