8.750000000000000000e+02
0.000000000000000000e+00
1.748000000000000043e+01
8.353081900000000060e-01
7.711701399999999484e-01
7.118889099999999859e-01
6.571614099999999459e-01
6.066409299999999671e-01
5.600050100000000253e-01
5.169554400000000438e-01
4.772169299999999836e-01
4.405353399999999975e-01
4.066763800000000040e-01
3.754240899999999881e-01
3.465794600000000059e-01
3.199596699999999738e-01
2.953970100000000154e-01
2.727387800000000140e-01
2.518481000000000192e-01
2.326071000000000111e-01
2.149249599999999982e-01
1.987551700000000088e-01
1.841270600000000091e-01
1.711924200000000118e-01
1.602727899999999983e-01
1.518882099999999957e-01
1.466437700000000066e-01
1.443717200000000089e-01
1.440397099999999875e-01
1.448641300000000076e-01
1.465267500000000112e-01
1.490476400000000090e-01
1.527073499999999917e-01
1.579753000000000129e-01
1.653760200000000125e-01
1.752997599999999989e-01
1.878550599999999904e-01
2.028505499999999906e-01
2.198892100000000016e-01
2.384926500000000005e-01
2.581944500000000198e-01
2.785881199999999946e-01
2.993420399999999759e-01
3.201960899999999888e-01
3.409515300000000027e-01
3.614593099999999781e-01
3.816094700000000062e-01
4.013223599999999891e-01
4.205417000000000183e-01
4.392290400000000150e-01
4.573596100000000275e-01
4.749191400000000174e-01
4.919013700000000044e-01
5.083062099999999806e-01
5.241381499999999694e-01
5.394053500000000057e-01
5.541185100000000086e-01
5.682905299999999604e-01
5.819354700000000102e-01
5.950685700000000189e-01
6.077057700000000340e-01
6.198633900000000141e-01
6.315579399999999843e-01
6.428059299999999698e-01
6.536239400000000144e-01
6.640281099999999492e-01
6.740345399999999598e-01
6.836587800000000215e-01
6.929161499999999529e-01
7.018215700000000057e-01
7.103892600000000224e-01
7.186332300000000117e-01
7.265669099999999547e-01
7.342033399999999821e-01
7.415548600000000379e-01
7.486334999999999518e-01
7.554508399999999568e-01
7.620179099999999650e-01
7.683453000000000088e-01
7.744431499999999691e-01
7.803211799999999476e-01
7.859886900000000454e-01
7.914546099999999473e-01
7.967274199999999640e-01
8.018151500000000320e-01
8.067257399999999690e-01
8.114664600000000005e-01
8.160443899999999529e-01
8.204664000000000401e-01
8.247388599999999625e-01
8.288679100000000410e-01
8.328594599999999959e-01
8.367191600000000173e-01
8.404523099999999802e-01
8.440640600000000049e-01
8.475592100000000073e-01
8.509425499999999642e-01
8.542184200000000338e-01
8.573910599999999826e-01
8.604646299999999526e-01
8.634429000000000132e-01
8.663295500000000038e-01
8.691282299999999461e-01
8.718422700000000303e-01
8.744748199999999860e-01
8.770290600000000270e-01
8.795078400000000407e-01
8.819140800000000446e-01
8.842503999999999920e-01
8.865194299999999972e-01
8.887236099999999972e-01
8.908652700000000424e-01
8.929467199999999716e-01
8.949701199999999801e-01
8.969374900000000039e-01
8.988509199999999977e-01
9.007121300000000552e-01
9.025231599999999910e-01
9.042855499999999935e-01
9.060011500000000328e-01
9.076714500000000463e-01
9.092980000000000507e-01
9.108822899999999834e-01
9.124258200000000540e-01
9.139298200000000039e-01
9.153956800000000449e-01
9.168245800000000001e-01
9.182177799999999834e-01
9.195764699999999792e-01
9.209017200000000347e-01
9.221945999999999755e-01
9.234561300000000417e-01
9.246872699999999501e-01
9.258890699999999807e-01
9.270623300000000455e-01
9.282080499999999512e-01
9.293269499999999850e-01
9.304199199999999559e-01
9.314877999999999769e-01
9.325311800000000151e-01
9.335509499999999905e-01
9.345477800000000501e-01
9.355222600000000499e-01
9.364751599999999732e-01
9.374070199999999797e-01
9.383184900000000050e-01
9.392101800000000056e-01
9.400825499999999613e-01
9.409362700000000190e-01
9.417718099999999870e-01
9.425896999999999748e-01
9.433904300000000021e-01
9.441744100000000195e-01
9.449421799999999649e-01
9.456941500000000111e-01
9.464307400000000481e-01
9.471523800000000159e-01
9.478594700000000373e-01
9.485524300000000020e-01
9.492315599999999742e-01
9.498972300000000368e-01
9.505498999999999477e-01
9.511897599999999953e-01
9.518172099999999691e-01
9.524326300000000023e-01
9.530361899999999498e-01
9.536282999999999843e-01
9.542092100000000299e-01
9.547792099999999893e-01
9.553385399999999583e-01
9.558874400000000326e-01
9.564262599999999725e-01
9.569551899999999556e-01
9.574744699999999664e-01
9.579843900000000190e-01
9.584850700000000501e-01
9.589768100000000128e-01
9.594597200000000159e-01
9.599341799999999703e-01
9.604002200000000267e-01
9.608581099999999875e-01
9.613080600000000198e-01
9.617502100000000498e-01
9.621847900000000120e-01
9.626119100000000151e-01
9.630317099999999852e-01
9.634444699999999973e-01
9.638502599999999587e-01
9.642492499999999467e-01
9.646416300000000277e-01
9.650274500000000089e-01
9.654070099999999544e-01
9.657802599999999460e-01
9.661474799999999474e-01
9.665087500000000276e-01
9.668641100000000543e-01
9.672138700000000311e-01
9.675579699999999894e-01
9.678966399999999748e-01
9.682299500000000059e-01
9.685580099999999693e-01
9.688809499999999630e-01
9.691988200000000164e-01
9.695118099999999739e-01
9.698199600000000364e-01
9.701233500000000509e-01
9.704220900000000150e-01
9.707162999999999764e-01
9.710060999999999831e-01
9.712914799999999849e-01
9.715725800000000190e-01
9.718495000000000328e-01
9.721223100000000450e-01
9.723910700000000240e-01
9.726558299999999990e-01
9.729167199999999571e-01
9.731737999999999778e-01
9.734271799999999475e-01
9.736768000000000089e-01
9.739229099999999750e-01
9.741653799999999697e-01
9.744044499999999775e-01
9.746400699999999695e-01
9.748723500000000541e-01
9.751013499999999778e-01
9.753271300000000421e-01
9.755497600000000435e-01
9.757692199999999927e-01
9.759856500000000379e-01
9.761990900000000471e-01
9.764095499999999594e-01
9.766171000000000157e-01
9.768218400000000523e-01
9.770237200000000399e-01
9.772228600000000265e-01
9.774193199999999804e-01
9.776130899999999624e-01
9.778042399999999912e-01
9.779928300000000352e-01
9.781788599999999834e-01
9.783624400000000554e-01
9.785435200000000000e-01
9.787222100000000369e-01
9.788985799999999626e-01
9.790725700000000309e-01
9.792442900000000172e-01
9.794137499999999719e-01
9.795809399999999556e-01
9.797459800000000163e-01
9.799088799999999821e-01
9.800696399999999642e-01
9.802283600000000208e-01
9.803850100000000012e-01
9.805395599999999767e-01
9.806922099999999531e-01
9.808428900000000228e-01
9.809915999999999636e-01
9.811384100000000164e-01
9.812834299999999566e-01
9.814265399999999584e-01
9.815677999999999903e-01
9.817073299999999891e-01
9.818450800000000367e-01
9.819811000000000512e-01
9.821153900000000325e-01
9.822479499999999808e-01
9.823789000000000549e-01
9.825082400000000327e-01
9.826359199999999960e-01
9.827619800000000350e-01
9.828865500000000255e-01
9.830095199999999700e-01
9.831309299999999585e-01
9.832509200000000282e-01
9.833693500000000309e-01
9.834863499999999537e-01
9.836019299999999577e-01
9.837160099999999741e-01
9.838287799999999583e-01
9.839401199999999736e-01
9.840500399999999592e-01
9.841586900000000027e-01
9.842659799999999848e-01
9.843719600000000458e-01
9.844766299999999637e-01
9.845800399999999897e-01
9.846821399999999835e-01
9.847830499999999931e-01
9.848827100000000501e-01
9.849811800000000117e-01
9.850783899999999704e-01
9.851744799999999636e-01
9.852693700000000332e-01
9.853631299999999760e-01
9.854556899999999953e-01
9.855471799999999671e-01
9.856375499999999734e-01
9.857268300000000538e-01
9.858150500000000260e-01
9.859021300000000432e-01
9.859881999999999813e-01
9.860732599999999515e-01
9.861572400000000460e-01
9.862402099999999505e-01
9.863221599999999478e-01
9.864031100000000274e-01
9.864830999999999461e-01
9.865621300000000371e-01
9.866401599999999883e-01
9.867172800000000299e-01
9.867934600000000112e-01
9.868686800000000536e-01
9.869430099999999539e-01
9.870164399999999949e-01
9.870889800000000047e-01
9.871606200000000442e-01
9.872313700000000525e-01
9.873012899999999981e-01
9.873703700000000527e-01
9.874385599999999652e-01
9.875059099999999868e-01
9.875724900000000250e-01
9.876382400000000006e-01
9.877031400000000350e-01
9.877672800000000253e-01
9.878305800000000136e-01
9.878931600000000479e-01
9.879549699999999879e-01
9.880159499999999761e-01
9.880762100000000103e-01
9.881357600000000296e-01
9.881945300000000154e-01
9.882525800000000471e-01
9.883098599999999845e-01
9.883664800000000472e-01
9.884223899999999841e-01
9.884775900000000171e-01
9.885320699999999849e-01
9.885858899999999672e-01
9.886390600000000140e-01
9.886915099999999956e-01
9.887433100000000419e-01
9.887944499999999914e-01
9.888449299999999553e-01
9.888948199999999522e-01
9.889439899999999950e-01
9.889925699999999598e-01
9.890405500000000183e-01
9.890878800000000304e-01
9.891346100000000252e-01
9.891806800000000344e-01
9.892262200000000449e-01
9.892711600000000383e-01
9.893154499999999851e-01
9.893592599999999626e-01
9.894024099999999544e-01
9.894450299999999476e-01
9.894870500000000346e-01
9.895285400000000120e-01
9.895694299999999721e-01
9.896098399999999629e-01
9.896496500000000474e-01
9.896889300000000222e-01
9.897277399999999670e-01
9.897659399999999552e-01
9.898036700000000243e-01
9.898408699999999838e-01
9.898775199999999552e-01
9.899137000000000075e-01
9.899494100000000296e-01
9.899845699999999526e-01
9.900192599999999565e-01
9.900534199999999618e-01
9.900871500000000269e-01
9.901203499999999824e-01
9.901531300000000479e-01
9.901853800000000039e-01
9.902172099999999588e-01
9.902485600000000554e-01
9.902794999999999792e-01
9.903098900000000260e-01
9.903398799999999502e-01
9.903694400000000453e-01
9.903985299999999992e-01
9.904271999999999521e-01
9.904554500000000150e-01
9.904832799999999660e-01
9.905106399999999978e-01
9.905375800000000286e-01
9.905641699999999661e-01
9.905902699999999950e-01
9.906159599999999621e-01
9.906412999999999469e-01
9.906662099999999915e-01
9.906907099999999744e-01
9.907148500000000357e-01
9.907385699999999851e-01
9.907618799999999837e-01
9.907848200000000105e-01
9.908074100000000550e-01
9.908295900000000378e-01
9.908514000000000488e-01
9.908728599999999664e-01
9.908938999999999941e-01
9.909145799999999893e-01
9.909349699999999705e-01
9.909549399999999508e-01
9.909745500000000096e-01
9.909938600000000042e-01
9.910127499999999978e-01
9.910313499999999776e-01
9.910495900000000358e-01
9.910674699999999504e-01
9.910849900000000545e-01
9.911022200000000337e-01
9.911190899999999804e-01
9.911356599999999739e-01
9.911518700000000459e-01
9.911677800000000538e-01
9.911834000000000477e-01
9.911986600000000092e-01
9.912136200000000175e-01
9.912282199999999932e-01
9.912425299999999551e-01
9.912565399999999638e-01
9.912702399999999692e-01
9.912836600000000109e-01
9.912967700000000493e-01
9.913095800000000235e-01
9.913220999999999838e-01
9.913343199999999911e-01
9.913462400000000452e-01
9.913578600000000351e-01
9.913692499999999797e-01
9.913802699999999524e-01
9.913910599999999906e-01
9.914016100000000442e-01
9.914118100000000045e-01
9.914217600000000408e-01
9.914314699999999814e-01
9.914408900000000191e-01
9.914500099999999927e-01
9.914588899999999816e-01
9.914674799999999566e-01
9.914758799999999761e-01
9.914839300000000133e-01
9.914917899999999840e-01
9.914993600000000518e-01
9.915066999999999631e-01
9.915137299999999820e-01
9.915205799999999847e-01
9.915271399999999735e-01
9.915334599999999776e-01
9.915395399999999970e-01
9.915453800000000317e-01
9.915509799999999707e-01
9.915563499999999753e-01
9.915614699999999448e-01
9.915663599999999800e-01
9.915710100000000304e-01
9.915754199999999852e-01
9.915796500000000346e-01
9.915835899999999592e-01
9.915873400000000393e-01
9.915908599999999629e-01
9.915941999999999812e-01
9.915972400000000464e-01
9.916000999999999843e-01
9.916027200000000486e-01
9.916051599999999855e-01
9.916073699999999880e-01
9.916093299999999555e-01
9.916111199999999570e-01
9.916127300000000533e-01
9.916140399999999744e-01
9.916152400000000089e-01
9.916161900000000085e-01
9.916169000000000233e-01
9.916174399999999611e-01
9.916177999999999937e-01
9.916179800000000100e-01
9.916179200000000415e-01
9.916176799999999458e-01
9.916171999999999764e-01
9.916165500000000410e-01
9.916157100000000391e-01
9.916146999999999601e-01
9.916135099999999758e-01
9.916120800000000068e-01
9.916105299999999900e-01
9.916087399999999885e-01
9.916067699999999707e-01
9.916046299999999869e-01
9.916023000000000476e-01
9.915998000000000312e-01
9.915971199999999985e-01
9.915942500000000104e-01
9.915912199999999954e-01
9.915880599999999934e-01
9.915846600000000066e-01
9.915810800000000036e-01
9.915773300000000345e-01
9.915734499999999674e-01
9.915693399999999658e-01
9.915651100000000273e-01
9.915606999999999616e-01
9.915561099999999906e-01
9.915513999999999717e-01
9.915464499999999681e-01
9.915413899999999670e-01
9.915361400000000103e-01
9.915307799999999450e-01
9.915252300000000352e-01
9.915195100000000483e-01
9.915136100000000452e-01
9.915075899999999942e-01
9.915013900000000380e-01
9.914950700000000339e-01
9.914885799999999527e-01
9.914819000000000271e-01
9.914751099999999928e-01
9.914681300000000030e-01
9.914610400000000157e-01
9.914537700000000120e-01
9.914463799999999605e-01
9.914388100000000037e-01
9.914311199999999991e-01
9.914232499999999781e-01
9.914152600000000204e-01
9.914071599999999540e-01
9.913988700000000431e-01
9.913904100000000552e-01
9.913818800000000486e-01
9.913731199999999966e-01
9.913642999999999761e-01
9.913553000000000504e-01
9.913461799999999657e-01
9.913369400000000553e-01
9.913275200000000176e-01
9.913179899999999822e-01
9.913082699999999914e-01
9.912984999999999713e-01
9.912885399999999958e-01
9.912784700000000226e-01
9.912682200000000332e-01
9.912579099999999643e-01
9.912474199999999902e-01
9.912368099999999682e-01
9.912260800000000094e-01
9.912151700000000343e-01
9.912041999999999797e-01
9.911930599999999592e-01
9.911817899999999515e-01
9.911704099999999462e-01
9.911588999999999539e-01
9.911472799999999639e-01
9.911355400000000371e-01
9.911236199999999830e-01
9.911116399999999604e-01
9.910994800000000327e-01
9.910871999999999460e-01
9.910748600000000019e-01
9.910623400000000416e-01
9.910497099999999726e-01
9.910369500000000276e-01
9.910240799999999739e-01
9.910110800000000442e-01
9.909979700000000058e-01
9.909847400000000306e-01
9.909713900000000075e-01
9.909579800000000160e-01
9.909443900000000083e-01
9.909306799999999527e-01
9.909168499999999602e-01
9.909029000000000309e-01
9.908888300000000537e-01
9.908747100000000474e-01
9.908603999999999745e-01
9.908460399999999835e-01
9.908314900000000369e-01
9.908168899999999502e-01
9.908021700000000376e-01
9.907872699999999977e-01
9.907723099999999894e-01
9.907572300000000443e-01
9.907420300000000513e-01
9.907267699999999788e-01
9.907113300000000011e-01
9.906958300000000550e-01
9.906801600000000319e-01
9.906644199999999900e-01
9.906485699999999506e-01
9.906325900000000351e-01
9.906165000000000109e-01
9.906003500000000184e-01
9.905840200000000095e-01
9.905676199999999820e-01
9.905511099999999569e-01
9.905344799999999950e-01
9.905177400000000354e-01
9.905008699999999777e-01
9.904839399999999516e-01
9.904668899999999887e-01
9.904497300000000282e-01
9.904324399999999695e-01
9.904150400000000243e-01
9.903975699999999494e-01
9.903799899999999878e-01
9.903622899999999785e-01
9.903444599999999820e-01
9.903265199999999879e-01
9.903085200000000254e-01
9.902903400000000467e-01
9.902720999999999885e-01
9.902538100000000121e-01
9.902353299999999692e-01
9.902167899999999578e-01
9.901981399999999489e-01
9.901793599999999529e-01
9.901604699999999593e-01
9.901415099999999470e-01
9.901224400000000481e-01
9.901032400000000511e-01
9.900839299999999454e-01
9.900645000000000140e-01
9.900450100000000031e-01
9.900254000000000554e-01
9.900056699999999488e-01
9.899858200000000163e-01
9.899659200000000547e-01
9.899458300000000266e-01
9.899256800000000300e-01
9.899054800000000043e-01
9.898850900000000230e-01
9.898646500000000126e-01
9.898440800000000150e-01
9.898234000000000199e-01
9.898025999999999769e-01
9.897816799999999970e-01
9.897607000000000488e-01
9.897396000000000527e-01
9.897183800000000087e-01
9.896970400000000279e-01
9.896756399999999676e-01
9.896540600000000021e-01
9.896324300000000074e-01
9.896106700000000256e-01
9.895888600000000146e-01
9.895668600000000481e-01
9.895447499999999730e-01
9.895225800000000405e-01
9.895002800000000098e-01
9.894778699999999816e-01
9.894553400000000165e-01
9.894327499999999720e-01
9.894099800000000222e-01
9.893871499999999930e-01
9.893641499999999978e-01
9.893410799999999838e-01
9.893178900000000331e-01
9.892945899999999737e-01
9.892712200000000067e-01
9.892476799999999626e-01
9.892240199999999817e-01
9.892002899999999821e-01
9.891763900000000165e-01
9.891524299999999714e-01
9.891283499999999895e-01
9.891040899999999914e-01
9.890797700000000248e-01
9.890553399999999495e-01
9.890307799999999983e-01
9.890060999999999991e-01
9.889813100000000023e-01
9.889563300000000501e-01
9.889312999999999576e-01
9.889061500000000393e-01
9.888808700000000229e-01
9.888554800000000089e-01
9.888299099999999786e-01
9.888042799999999799e-01
9.887785300000000444e-01
9.887525999999999815e-01
9.887266200000000005e-01
9.887004499999999529e-01
9.886741599999999686e-01
9.886477599999999866e-01
9.886212300000000175e-01
9.885945900000000508e-01
9.885677699999999568e-01
9.885408300000000370e-01
9.885137699999999583e-01
9.884865900000000538e-01
9.884592899999999904e-01
9.884318100000000218e-01
9.884042699999999737e-01
9.883764999999999912e-01
9.883486599999999900e-01
9.883206500000000228e-01
9.882925200000000077e-01
9.882642600000000055e-01
9.882358300000000373e-01
9.882072200000000528e-01
9.881785499999999889e-01
9.881497000000000197e-01
9.881206799999999735e-01
9.880915300000000512e-01
9.880622599999999700e-01
9.880328200000000338e-01
9.880031900000000311e-01
9.879734500000000308e-01
9.879435300000000142e-01
9.879134899999999497e-01
9.878832699999999800e-01
9.878528699999999940e-01
9.878223499999999602e-01
9.877916599999999603e-01
9.877607800000000049e-01
9.877297900000000519e-01
9.876986100000000324e-01
9.876671999999999674e-01
9.876357300000000450e-01
9.876040200000000269e-01
9.875721299999999925e-01
9.875400699999999921e-01
9.875078800000000046e-01
9.874754500000000323e-01
9.874429099999999515e-01
9.874101299999999970e-01
9.873771700000000262e-01
9.873440300000000391e-01
9.873107100000000358e-01
9.872772100000000162e-01
9.872434700000000118e-01
9.872095600000000415e-01
9.871754600000000046e-01
9.871411900000000017e-01
9.871066800000000141e-01
9.870719900000000102e-01
9.870370600000000216e-01
9.870018999999999876e-01
9.869665499999999980e-01
9.869310300000000424e-01
9.868951999999999725e-01
9.868592000000000475e-01
9.868230199999999952e-01
9.867865399999999898e-01
9.867498900000000184e-01
9.867129300000000436e-01
9.866757999999999917e-01
9.866383699999999868e-01
9.866007599999999655e-01
9.865628499999999912e-01
9.865247000000000321e-01
9.864863200000000276e-01
9.864476899999999882e-01
9.864087700000000458e-01
9.863695500000000393e-01
9.863300900000000482e-01
9.862904000000000115e-01
9.862503400000000031e-01
9.862100499999999492e-01
9.861694600000000532e-01
9.861285699999999821e-01
9.860873799999999578e-01
9.860459000000000307e-01
9.860041099999999892e-01
9.859620300000000448e-01
9.859195899999999568e-01
9.858768599999999660e-01
9.858337600000000034e-01
9.857903099999999474e-01
9.857465600000000494e-01
9.857024599999999470e-01
9.856579899999999839e-01
9.856131700000000384e-01
9.855679299999999810e-01
9.855223899999999704e-01
9.854763699999999904e-01
9.854300599999999966e-01
9.853832700000000333e-01
9.853361200000000375e-01
9.852885599999999799e-01
9.852405199999999530e-01
9.851921200000000045e-01
9.851431800000000072e-01
9.850938900000000276e-01
9.850440599999999991e-01
9.849938200000000199e-01
9.849430300000000527e-01
9.848918300000000237e-01
9.848400400000000277e-01
9.847877600000000120e-01
9.847349499999999978e-01
9.846816099999999850e-01
9.846277199999999841e-01
9.845732499999999554e-01
9.845181699999999703e-01
9.844625599999999865e-01
9.844062900000000171e-01
9.843493700000000013e-01
9.842918499999999682e-01
9.842336200000000312e-01
9.841747299999999976e-01
9.841151200000000099e-01
9.840548599999999757e-01
9.839937699999999898e-01
9.839319600000000499e-01
9.838693699999999653e-01
9.838059500000000401e-01
9.837417000000000522e-01
9.836766099999999513e-01
9.836106300000000413e-01
9.835436899999999705e-01
9.834758599999999795e-01
9.834070200000000206e-01
9.833371600000000434e-01
9.832662899999999873e-01
9.831943499999999947e-01
9.831212799999999863e-01
9.830470100000000544e-01
9.829716099999999956e-01
9.828949000000000158e-01
9.828168699999999536e-01
9.827375400000000205e-01
9.826568399999999759e-01
9.825745799999999752e-01
9.824908999999999448e-01
9.824055400000000215e-01
9.823185800000000523e-01
9.822298900000000499e-01
9.821393499999999666e-01
9.820468999999999449e-01
9.819524899999999556e-01
9.818559300000000434e-01
9.817572199999999860e-01
9.816561900000000396e-01
9.815527200000000452e-01
9.814466200000000473e-01
9.813378499999999560e-01
9.812261500000000192e-01
9.811114100000000171e-01
9.809933899999999651e-01
9.808718600000000398e-01
9.807466299999999526e-01
9.806174600000000519e-01
9.804840099999999614e-01
9.803458999999999923e-01
9.802029100000000383e-01
9.800545600000000190e-01
9.799003600000000258e-01
9.797398400000000285e-01
9.795723600000000308e-01
9.793972399999999467e-01
9.792137100000000149e-01
9.790208299999999531e-01
9.788175199999999965e-01
9.786024700000000021e-01
9.783741799999999822e-01
9.781307599999999880e-01
9.778699299999999983e-01
9.775887699999999958e-01
9.772838400000000147e-01
9.769504700000000152e-01
9.765826499999999966e-01
9.761722699999999531e-01
9.757080700000000384e-01
9.751740100000000355e-01
9.745461899999999789e-01
9.737868899999999606e-01
9.728330400000000378e-01
9.715696600000000016e-01
9.697630999999999890e-01
9.668630400000000069e-01
9.612917300000000109e-01
9.474439000000000055e-01
9.078698200000000496e-01
8.423941099999999738e-01
