1.112000000000000000e+03
0.000000000000000000e+00
2.221999900000000139e+01
8.347184699999999902e-01
7.706257100000000193e-01
7.113863799999999848e-01
6.566975099999999843e-01
6.062126799999999482e-01
5.596097100000000379e-01
5.165905400000000425e-01
4.768800699999999892e-01
4.402244100000000104e-01
4.063893900000000170e-01
3.751592000000000260e-01
3.463350199999999934e-01
3.197341300000000053e-01
2.951889600000000002e-01
2.725470099999999785e-01
2.516715500000000216e-01
2.324449700000000008e-01
2.147769800000000062e-01
1.986219399999999968e-01
1.840108000000000021e-01
1.710980199999999896e-01
1.602086400000000133e-01
1.518668699999999872e-01
1.466750099999999946e-01
1.444443300000000097e-01
1.441374400000000056e-01
1.449785399999999891e-01
1.466561700000000024e-01
1.491959800000000058e-01
1.528837100000000060e-01
1.581930099999999950e-01
1.656500099999999864e-01
1.756430700000000122e-01
1.882764700000000013e-01
2.033545499999999950e-01
2.204774300000000020e-01
2.391655400000000098e-01
2.589522300000000055e-01
2.794313999999999965e-01
3.002718400000000121e-01
3.212138099999999885e-01
3.420587800000000067e-01
3.626578699999999933e-01
3.829011600000000182e-01
4.027089200000000258e-01
4.220247300000000146e-01
4.408099699999999954e-01
4.590397199999999844e-01
4.766994399999999743e-01
4.937827000000000188e-01
5.102891299999999797e-01
5.262229999999999963e-01
5.415922399999999470e-01
5.564073899999999462e-01
5.706809800000000044e-01
5.844270000000000298e-01
5.976604199999999700e-01
6.103970399999999463e-01
6.226528900000000144e-01
6.344444200000000089e-01
6.457880099999999679e-01
6.567000200000000509e-01
6.671965100000000204e-01
6.772933599999999554e-01
6.870062399999999903e-01
6.963502200000000197e-01
7.053400899999999751e-01
7.139901499999999901e-01
7.223142999999999647e-01
7.303258799999999829e-01
7.380378800000000350e-01
7.454626600000000547e-01
7.526122899999999616e-01
7.594982399999999911e-01
7.661315199999999548e-01
7.725228100000000042e-01
7.786821699999999513e-01
7.846193900000000276e-01
7.903437599999999508e-01
7.958642200000000111e-01
8.011892999999999931e-01
8.063271600000000427e-01
8.112855599999999612e-01
8.160719300000000009e-01
8.206934299999999460e-01
8.251568700000000423e-01
8.294686700000000190e-01
8.336350900000000230e-01
8.376620399999999966e-01
8.415552400000000377e-01
8.453199900000000211e-01
8.489614699999999958e-01
8.524846400000000157e-01
8.558941500000000202e-01
8.591945800000000411e-01
8.623901600000000167e-01
8.654850099999999991e-01
8.684830700000000236e-01
8.713880200000000409e-01
8.742034400000000538e-01
8.769328600000000362e-01
8.795794200000000007e-01
8.821463600000000183e-01
8.846365800000000057e-01
8.870529499999999512e-01
8.893982799999999855e-01
8.916751099999999930e-01
8.938859700000000297e-01
8.960332300000000139e-01
8.981192700000000251e-01
9.001461899999999572e-01
9.021161800000000452e-01
9.040311599999999448e-01
9.058932100000000043e-01
9.077040600000000348e-01
9.094654899999999875e-01
9.111793000000000253e-01
9.128470400000000540e-01
9.144703699999999769e-01
9.160506699999999558e-01
9.175894300000000392e-01
9.190881300000000032e-01
9.205479600000000540e-01
9.219703099999999596e-01
9.233562899999999685e-01
9.247072299999999911e-01
9.260241999999999640e-01
9.273082599999999953e-01
9.285605000000000109e-01
9.297818500000000208e-01
9.309734100000000012e-01
9.321360600000000440e-01
9.332706299999999899e-01
9.343780900000000500e-01
9.354592600000000147e-01
9.365148500000000098e-01
9.375457200000000269e-01
9.385526199999999486e-01
9.395362099999999828e-01
9.404972200000000226e-01
9.414362899999999534e-01
9.423541399999999513e-01
9.432513099999999540e-01
9.441283900000000395e-01
9.449860500000000219e-01
9.458247400000000527e-01
9.466450800000000276e-01
9.474475399999999770e-01
9.482326500000000102e-01
9.490009000000000361e-01
9.497527500000000344e-01
9.504886299999999455e-01
9.512090100000000215e-01
9.519143100000000413e-01
9.526048900000000375e-01
9.532812200000000402e-01
9.539436100000000529e-01
9.545925299999999947e-01
9.552282100000000220e-01
9.558510799999999641e-01
9.564614900000000253e-01
9.570596799999999682e-01
9.576460700000000159e-01
9.582209000000000421e-01
9.587844599999999495e-01
9.593370599999999637e-01
9.598789199999999688e-01
9.604104199999999869e-01
9.609317200000000447e-01
9.614431300000000347e-01
9.619448800000000022e-01
9.624372100000000430e-01
9.629203100000000015e-01
9.633944599999999525e-01
9.638598000000000443e-01
9.643166699999999869e-01
9.647651299999999708e-01
9.652054300000000309e-01
9.656377999999999906e-01
9.660624300000000275e-01
9.664794199999999780e-01
9.668890199999999879e-01
9.672914099999999626e-01
9.676866499999999816e-01
9.680750399999999978e-01
9.684566300000000405e-01
9.688316000000000150e-01
9.692001900000000170e-01
9.695624099999999856e-01
9.699184299999999981e-01
9.702684299999999595e-01
9.706125300000000289e-01
9.709508399999999817e-01
9.712835600000000458e-01
9.716106700000000096e-01
9.719324099999999689e-01
9.722488500000000533e-01
9.725601099999999777e-01
9.728662399999999932e-01
9.731674799999999736e-01
9.734637699999999505e-01
9.737553599999999587e-01
9.740423000000000275e-01
9.743245799999999956e-01
9.746024599999999483e-01
9.748759299999999461e-01
9.751450999999999869e-01
9.754100999999999466e-01
9.756709300000000473e-01
9.759277100000000038e-01
9.761805500000000357e-01
9.764294599999999713e-01
9.766746200000000488e-01
9.769160199999999961e-01
9.771537200000000034e-01
9.773879100000000264e-01
9.776185200000000464e-01
9.778456700000000001e-01
9.780694199999999672e-01
9.782898399999999661e-01
9.785070399999999946e-01
9.787210200000000526e-01
9.789318399999999976e-01
9.791395699999999591e-01
9.793442500000000273e-01
9.795460099999999670e-01
9.797448500000000005e-01
9.799407700000000165e-01
9.801338899999999521e-01
9.803242699999999976e-01
9.805118999999999918e-01
9.806969199999999720e-01
9.808792499999999803e-01
9.810590700000000330e-01
9.812362799999999607e-01
9.814110999999999807e-01
9.815834199999999843e-01
9.817533499999999691e-01
9.819208999999999854e-01
9.820861800000000308e-01
9.822491399999999651e-01
9.824098300000000394e-01
9.825683800000000190e-01
9.827247300000000463e-01
9.828789799999999577e-01
9.830310899999999963e-01
9.831811799999999879e-01
9.833291800000000249e-01
9.834752700000000125e-01
9.836193300000000139e-01
9.837614900000000162e-01
9.839017399999999691e-01
9.840401399999999521e-01
9.841766400000000470e-01
9.843113999999999475e-01
9.844443200000000394e-01
9.845755699999999555e-01
9.847050299999999812e-01
9.848327599999999737e-01
9.849588900000000313e-01
9.850833399999999740e-01
9.852061899999999817e-01
9.853273599999999854e-01
9.854470499999999911e-01
9.855651300000000115e-01
9.856817100000000442e-01
9.857968099999999678e-01
9.859104199999999540e-01
9.860225299999999526e-01
9.861332200000000325e-01
9.862424699999999822e-01
9.863503599999999816e-01
9.864568700000000412e-01
9.865620099999999892e-01
9.866658400000000162e-01
9.867683099999999818e-01
9.868695100000000053e-01
9.869694100000000470e-01
9.870680600000000249e-01
9.871654499999999999e-01
9.872616499999999906e-01
9.873566000000000287e-01
9.874503599999999714e-01
9.875429900000000094e-01
9.876344200000000129e-01
9.877247200000000005e-01
9.878138300000000038e-01
9.879018699999999598e-01
9.879888300000000401e-01
9.880747199999999619e-01
9.881594799999999790e-01
9.882432199999999778e-01
9.883258900000000402e-01
9.884075500000000236e-01
9.884882600000000075e-01
9.885678900000000047e-01
9.886465700000000023e-01
9.887242299999999817e-01
9.888009399999999616e-01
9.888767000000000529e-01
9.889515599999999518e-01
9.890254699999999621e-01
9.890984299999999729e-01
9.891705499999999818e-01
9.892417199999999911e-01
9.893120499999999984e-01
9.893814899999999746e-01
9.894500999999999991e-01
9.895178100000000532e-01
9.895847399999999627e-01
9.896507900000000024e-01
9.897160499999999583e-01
9.897805499999999812e-01
9.898441399999999835e-01
9.899070300000000211e-01
9.899691299999999750e-01
9.900304699999999958e-01
9.900910299999999831e-01
9.901508100000000479e-01
9.902098799999999867e-01
9.902682299999999715e-01
9.903258099999999731e-01
9.903827299999999889e-01
9.904388800000000215e-01
9.904943699999999573e-01
9.905491499999999894e-01
9.906032700000000357e-01
9.906567299999999854e-01
9.907094800000000312e-01
9.907615800000000306e-01
9.908130200000000443e-01
9.908638600000000407e-01
9.909140499999999907e-01
9.909635799999999550e-01
9.910124500000000447e-01
9.910607900000000248e-01
9.911084799999999584e-01
9.911555600000000465e-01
9.912020599999999959e-01
9.912479499999999888e-01
9.912932500000000147e-01
9.913380099999999917e-01
9.913821800000000017e-01
9.914257499999999945e-01
9.914687899999999887e-01
9.915112900000000451e-01
9.915532500000000526e-01
9.915946700000000114e-01
9.916355000000000031e-01
9.916758500000000254e-01
9.917156700000000491e-01
9.917550099999999924e-01
9.917937500000000295e-01
9.918320800000000048e-01
9.918698700000000423e-01
9.919071200000000310e-01
9.919438999999999895e-01
9.919801999999999786e-01
9.920160199999999984e-01
9.920513600000000487e-01
9.920862900000000373e-01
9.921206799999999770e-01
9.921545999999999976e-01
9.921881000000000173e-01
9.922211800000000359e-01
9.922537200000000057e-01
9.922859099999999932e-01
9.923176200000000113e-01
9.923488499999999490e-01
9.923797199999999652e-01
9.924101199999999512e-01
9.924401600000000156e-01
9.924697300000000499e-01
9.924988700000000330e-01
9.925276600000000338e-01
9.925559800000000044e-01
9.925839300000000032e-01
9.926115300000000197e-01
9.926386499999999558e-01
9.926654700000000497e-01
9.926918099999999523e-01
9.927178599999999520e-01
9.927434899999999507e-01
9.927686999999999484e-01
9.927936200000000433e-01
9.928181200000000262e-01
9.928423199999999449e-01
9.928660999999999737e-01
9.928895199999999699e-01
9.929125899999999838e-01
9.929353600000000446e-01
9.929577099999999934e-01
9.929797599999999891e-01
9.930014600000000025e-01
9.930228599999999517e-01
9.930438999999999794e-01
9.930645799999999745e-01
9.930849699999999558e-01
9.931050500000000447e-01
9.931247800000000403e-01
9.931441500000000033e-01
9.931632900000000319e-01
9.931820599999999777e-01
9.932005400000000206e-01
9.932187199999999994e-01
9.932366000000000250e-01
9.932541799999999865e-01
9.932714099999999657e-01
9.932883999999999602e-01
9.933050900000000016e-01
9.933214799999999789e-01
9.933375700000000030e-01
9.933534299999999817e-01
9.933689799999999570e-01
9.933842400000000294e-01
9.933992000000000377e-01
9.934139300000000006e-01
9.934283499999999600e-01
9.934425399999999851e-01
9.934564200000000067e-01
9.934700699999999829e-01
9.934834200000000060e-01
9.934965399999999836e-01
9.935094100000000372e-01
9.935219899999999660e-01
9.935343899999999895e-01
9.935464899999999489e-01
9.935582899999999551e-01
9.935699099999999451e-01
9.935813000000000006e-01
9.935923800000000528e-01
9.936032900000000279e-01
9.936139600000000183e-01
9.936243299999999445e-01
9.936345199999999656e-01
9.936444800000000521e-01
9.936541899999999927e-01
9.936636699999999989e-01
9.936729100000000203e-01
9.936819700000000255e-01
9.936907900000000460e-01
9.936993699999999707e-01
9.937077800000000405e-01
9.937159399999999643e-01
9.937238699999999536e-01
9.937316200000000377e-01
9.937391300000000260e-01
9.937464599999999981e-01
9.937536099999999539e-01
9.937605299999999753e-01
9.937671999999999617e-01
9.937737599999999505e-01
9.937800199999999862e-01
9.937861599999999740e-01
9.937920599999999771e-01
9.937977799999999640e-01
9.938033200000000456e-01
9.938086900000000501e-01
9.938138100000000197e-01
9.938187600000000232e-01
9.938235899999999790e-01
9.938281799999999500e-01
9.938325900000000157e-01
9.938368199999999542e-01
9.938408699999999873e-01
9.938447500000000545e-01
9.938484400000000552e-01
9.938519599999999787e-01
9.938552999999999971e-01
9.938584599999999991e-01
9.938614999999999533e-01
9.938643000000000338e-01
9.938669799999999555e-01
9.938694799999999718e-01
9.938718100000000222e-01
9.938740099999999744e-01
9.938760399999999606e-01
9.938778900000000416e-01
9.938795599999999952e-01
9.938811100000000121e-01
9.938824800000000126e-01
9.938836699999999968e-01
9.938847400000000443e-01
9.938856999999999831e-01
9.938864699999999663e-01
9.938870699999999836e-01
9.938875400000000138e-01
9.938878399999999669e-01
9.938880199999999832e-01
9.938880199999999832e-01
9.938879000000000463e-01
9.938876599999999506e-01
9.938872499999999999e-01
9.938867099999999510e-01
9.938860499999999654e-01
9.938852200000000137e-01
9.938842700000000141e-01
9.938831900000000275e-01
9.938819399999999638e-01
9.938805699999999632e-01
9.938790800000000258e-01
9.938774700000000406e-01
9.938756800000000391e-01
9.938738299999999581e-01
9.938718100000000222e-01
9.938696599999999881e-01
9.938673999999999564e-01
9.938650100000000487e-01
9.938625100000000323e-01
9.938598299999999997e-01
9.938570899999999986e-01
9.938542200000000104e-01
9.938511799999999452e-01
9.938480899999999618e-01
9.938448699999999914e-01
9.938414700000000046e-01
9.938380100000000494e-01
9.938344399999999856e-01
9.938307400000000458e-01
9.938269299999999973e-01
9.938229899999999617e-01
9.938189400000000395e-01
9.938147699999999585e-01
9.938105299999999698e-01
9.938061799999999835e-01
9.938016499999999809e-01
9.937970600000000099e-01
9.937924099999999594e-01
9.937875900000000540e-01
9.937827000000000188e-01
9.937776900000000468e-01
9.937725699999999662e-01
9.937673799999999780e-01
9.937620799999999921e-01
9.937566500000000191e-01
9.937511700000000170e-01
9.937455099999999986e-01
9.937398400000000409e-01
9.937340000000000062e-01
9.937281000000000031e-01
9.937221400000000315e-01
9.937160000000000437e-01
9.937098599999999449e-01
9.937035400000000518e-01
9.936971700000000185e-01
9.936907299999999665e-01
9.936841699999999777e-01
9.936774999999999913e-01
9.936707599999999863e-01
9.936639699999999520e-01
9.936570500000000417e-01
9.936500200000000227e-01
9.936429300000000353e-01
9.936357700000000293e-01
9.936285000000000256e-01
9.936211099999999741e-01
9.936137200000000336e-01
9.936062100000000452e-01
9.935985800000000090e-01
9.935908900000000044e-01
9.935831400000000313e-01
9.935752700000000104e-01
9.935673499999999603e-01
9.935593600000000025e-01
9.935512499999999969e-01
9.935430899999999621e-01
9.935348600000000197e-01
9.935265199999999686e-01
9.935181100000000098e-01
9.935096500000000219e-01
9.935011299999999546e-01
9.934924800000000111e-01
9.934837800000000385e-01
9.934750199999999865e-01
9.934661399999999976e-01
9.934572000000000402e-01
9.934482599999999719e-01
9.934391399999999983e-01
9.934300200000000247e-01
9.934208399999999717e-01
9.934115399999999818e-01
9.934021800000000235e-01
9.933927700000000360e-01
9.933832900000000299e-01
9.933736899999999759e-01
9.933640999999999721e-01
9.933543799999999813e-01
9.933446000000000220e-01
9.933348300000000020e-01
9.933249400000000451e-01
9.933149199999999901e-01
9.933049099999999854e-01
9.932948400000000122e-01
9.932847000000000204e-01
9.932744500000000309e-01
9.932642000000000415e-01
9.932538300000000042e-01
9.932434599999999669e-01
9.932329699999999928e-01
9.932224200000000502e-01
9.932118699999999967e-01
9.932012000000000063e-01
9.931904700000000474e-01
9.931797399999999776e-01
9.931688899999999709e-01
9.931579799999999958e-01
9.931470799999999599e-01
9.931360500000000480e-01
9.931249599999999456e-01
9.931138800000000044e-01
9.931026699999999652e-01
9.930914600000000370e-01
9.930801400000000001e-01
9.930688100000000240e-01
9.930574300000000187e-01
9.930459299999999656e-01
9.930344199999999732e-01
9.930228599999999517e-01
9.930112399999999617e-01
9.929995499999999531e-01
9.929878699999999947e-01
9.929760699999999884e-01
9.929642100000000138e-01
9.929523500000000391e-01
9.929404299999999850e-01
9.929283899999999941e-01
9.929163500000000031e-01
9.929043100000000122e-01
9.928921499999999734e-01
9.928799299999999661e-01
9.928677099999999589e-01
9.928554299999999833e-01
9.928430299999999598e-01
9.928306300000000473e-01
9.928182399999999630e-01
9.928057200000000027e-01
9.927932000000000423e-01
9.927806300000000528e-01
9.927679900000000446e-01
9.927552899999999569e-01
9.927425399999999511e-01
9.927297800000000061e-01
9.927169700000000319e-01
9.927040900000000390e-01
9.926911600000000169e-01
9.926782299999999948e-01
9.926651699999999856e-01
9.926521200000000267e-01
9.926390600000000175e-01
9.926258900000000107e-01
9.926127200000000039e-01
9.925994900000000287e-01
9.925861999999999741e-01
9.925728400000000118e-01
9.925594899999999887e-01
9.925460799999999972e-01
9.925326100000000373e-01
9.925191399999999664e-01
9.925056100000000381e-01
9.924920200000000303e-01
9.924783700000000541e-01
9.924647199999999669e-01
9.924510100000000223e-01
9.924372399999999983e-01
9.924234699999999743e-01
9.924096500000000320e-01
9.923957599999999601e-01
9.923818699999999993e-01
9.923679199999999589e-01
9.923539200000000005e-01
9.923398500000000233e-01
9.923257800000000461e-01
9.923116600000000398e-01
9.922974700000000148e-01
9.922832799999999898e-01
9.922690400000000466e-01
9.922547900000000531e-01
9.922404900000000305e-01
9.922261199999999892e-01
9.922117000000000298e-01
9.921972799999999593e-01
9.921827899999999811e-01
9.921683100000000533e-01
9.921537000000000273e-01
9.921391600000000199e-01
9.921244999999999647e-01
9.921098400000000206e-01
9.920951099999999467e-01
9.920803900000000342e-01
9.920656100000000421e-01
9.920508300000000501e-01
9.920359300000000102e-01
9.920210200000000311e-01
9.920061199999999912e-01
9.919911599999999829e-01
9.919761400000000062e-01
9.919611200000000295e-01
9.919460399999999733e-01
9.919308999999999488e-01
9.919157600000000352e-01
9.919005600000000422e-01
9.918853600000000492e-01
9.918701100000000270e-01
9.918547899999999862e-01
9.918394699999999453e-01
9.918240900000000471e-01
9.918087100000000378e-01
9.917932200000000309e-01
9.917777800000000532e-01
9.917622799999999961e-01
9.917467199999999705e-01
9.917311100000000268e-01
9.917154900000000328e-01
9.916998099999999594e-01
9.916841400000000473e-01
9.916684000000000054e-01
9.916526700000000139e-01
9.916368700000000036e-01
9.916210199999999642e-01
9.916051599999999855e-01
9.915892499999999776e-01
9.915733300000000305e-01
9.915573600000000543e-01
9.915413299999999985e-01
9.915252900000000036e-01
9.915092599999999479e-01
9.914931099999999553e-01
9.914769500000000235e-01
9.914608000000000310e-01
9.914445899999999590e-01
9.914283200000000296e-01
9.914120400000000499e-01
9.913957100000000411e-01
9.913793800000000322e-01
9.913629900000000550e-01
9.913465399999999983e-01
9.913300900000000526e-01
9.913135800000000275e-01
9.912970700000000024e-01
9.912805000000000089e-01
9.912638700000000469e-01
9.912472399999999739e-01
9.912306100000000120e-01
9.912138600000000022e-01
9.911971699999999608e-01
9.911803599999999825e-01
9.911635500000000043e-01
9.911467400000000261e-01
9.911298800000000186e-01
9.911129499999999926e-01
9.910959599999999980e-01
9.910790299999999720e-01
9.910619899999999483e-01
9.910449399999999853e-01
9.910278300000000540e-01
9.910107299999999508e-01
9.909935600000000511e-01
9.909763900000000403e-01
9.909591700000000003e-01
9.909418800000000527e-01
9.909246000000000443e-01
9.909072500000000172e-01
9.908899100000000404e-01
9.908725000000000449e-01
9.908550400000000202e-01
9.908375699999999453e-01
9.908200499999999522e-01
9.908025299999999591e-01
9.907849399999999473e-01
9.907673000000000174e-01
9.907496599999999765e-01
9.907319500000000279e-01
9.907142500000000185e-01
9.906964900000000407e-01
9.906786699999999835e-01
9.906608500000000372e-01
9.906429599999999613e-01
9.906250199999999673e-01
9.906070799999999732e-01
9.905891399999999791e-01
9.905710800000000482e-01
9.905530200000000063e-01
9.905349599999999644e-01
9.905168399999999540e-01
9.904986599999999752e-01
9.904804200000000280e-01
9.904621799999999698e-01
9.904438899999999935e-01
9.904255899999999668e-01
9.904072299999999718e-01
9.903888100000000083e-01
9.903703900000000449e-01
9.903519200000000522e-01
9.903334400000000093e-01
9.903148400000000295e-01
9.902963000000000182e-01
9.902776500000000093e-01
9.902589899999999501e-01
9.902402799999999727e-01
9.902215599999999451e-01
9.902027199999999807e-01
9.901838899999999555e-01
9.901650499999999910e-01
9.901461599999999974e-01
9.901272100000000354e-01
9.901081900000000546e-01
9.900891800000000131e-01
9.900700999999999530e-01
9.900510300000000541e-01
9.900318399999999963e-01
9.900126500000000496e-01
9.899933899999999731e-01
9.899741399999999469e-01
9.899548299999999523e-01
9.899354599999999893e-01
9.899160900000000263e-01
9.898966000000000154e-01
9.898770999999999542e-01
9.898576100000000544e-01
9.898379999999999956e-01
9.898183900000000479e-01
9.897987200000000207e-01
9.897789999999999644e-01
9.897592699999999688e-01
9.897394800000000048e-01
9.897196299999999614e-01
9.896997199999999495e-01
9.896798100000000487e-01
9.896598500000000076e-01
9.896398199999999479e-01
9.896197300000000308e-01
9.895995899999999734e-01
9.895794399999999769e-01
9.895592300000000119e-01
9.895389700000000177e-01
9.895186400000000049e-01
9.894983200000000423e-01
9.894779299999999500e-01
9.894574299999999711e-01
9.894369200000000530e-01
9.894164199999999632e-01
9.893958000000000474e-01
9.893751699999999705e-01
9.893544300000000069e-01
9.893336900000000433e-01
9.893128900000000003e-01
9.892920299999999889e-01
9.892711600000000383e-01
9.892501799999999790e-01
9.892291399999999513e-01
9.892081000000000346e-01
9.891870000000000385e-01
9.891658399999999629e-01
9.891446200000000299e-01
9.891233400000000175e-01
9.891020099999999760e-01
9.890806100000000267e-01
9.890591499999999980e-01
9.890376899999999694e-01
9.890161200000000541e-01
9.889944800000000091e-01
9.889728399999999642e-01
9.889510900000000326e-01
9.889293300000000508e-01
9.889075200000000399e-01
9.888855800000000418e-01
9.888636499999999829e-01
9.888415900000000480e-01
9.888195400000000523e-01
9.887973700000000088e-01
9.887751900000000260e-01
9.887529000000000456e-01
9.887306099999999542e-01
9.887082000000000370e-01
9.886857900000000088e-01
9.886632600000000437e-01
9.886406699999999992e-01
9.886180199999999862e-01
9.885953100000000049e-01
9.885725400000000551e-01
9.885497100000000259e-01
9.885267599999999488e-01
9.885038099999999828e-01
9.884807500000000191e-01
9.884576200000000368e-01
9.884344299999999750e-01
9.884111899999999951e-01
9.883878799999999964e-01
9.883645199999999686e-01
9.883410299999999538e-01
9.883174900000000207e-01
9.882938900000000082e-01
9.882701600000000086e-01
9.882464399999999483e-01
9.882225999999999511e-01
9.881986999999999854e-01
9.881746799999999720e-01
9.881505999999999901e-01
9.881264600000000398e-01
9.881022600000000100e-01
9.880779400000000434e-01
9.880535599999999974e-01
9.880291199999999829e-01
9.880045699999999709e-01
9.879799500000000512e-01
9.879552099999999726e-01
9.879304199999999758e-01
9.879054999999999920e-01
9.878805899999999474e-01
9.878554899999999472e-01
9.878303400000000289e-01
9.878051300000000312e-01
9.877797999999999856e-01
9.877544000000000324e-01
9.877288899999999705e-01
9.877033200000000512e-01
9.876776299999999731e-01
9.876518199999999581e-01
9.876259600000000249e-01
9.875999699999999937e-01
9.875739199999999940e-01
9.875477599999999967e-01
9.875214700000000123e-01
9.874951199999999485e-01
9.874686599999999981e-01
9.874420799999999998e-01
9.874153700000000144e-01
9.873886099999999999e-01
9.873617300000000485e-01
9.873347300000000493e-01
9.873076100000000022e-01
9.872804299999999866e-01
9.872530699999999548e-01
9.872256499999999546e-01
9.871981100000000175e-01
9.871704599999999719e-01
9.871426800000000501e-01
9.871147900000000197e-01
9.870867100000000338e-01
9.870585800000000187e-01
9.870303299999999558e-01
9.870019599999999560e-01
9.869734599999999691e-01
9.869448499999999846e-01
9.869160700000000341e-01
9.868871599999999855e-01
9.868581899999999685e-01
9.868289799999999667e-01
9.867997200000000468e-01
9.867702699999999494e-01
9.867407700000000448e-01
9.867110300000000445e-01
9.866812200000000255e-01
9.866512400000000405e-01
9.866210800000000392e-01
9.865907999999999900e-01
9.865604000000000040e-01
9.865298300000000520e-01
9.864990700000000334e-01
9.864682000000000173e-01
9.864372000000000140e-01
9.864059699999999653e-01
9.863746199999999797e-01
9.863430899999999779e-01
9.863114400000000392e-01
9.862795500000000049e-01
9.862475400000000336e-01
9.862153500000000461e-01
9.861829899999999816e-01
9.861504399999999615e-01
9.861177199999999754e-01
9.860848199999999730e-01
9.860517399999999544e-01
9.860184199999999510e-01
9.859849800000000108e-01
9.859512999999999749e-01
9.859174499999999730e-01
9.858833599999999864e-01
9.858490800000000442e-01
9.858146300000000251e-01
9.857799400000000212e-01
9.857450700000000010e-01
9.857099700000000464e-01
9.856746199999999458e-01
9.856390999999999902e-01
9.856032700000000313e-01
9.855672699999999953e-01
9.855310299999999746e-01
9.854945499999999692e-01
9.854578400000000293e-01
9.854208800000000545e-01
9.853836900000000343e-01
9.853462600000000293e-01
9.853085299999999602e-01
9.852705000000000490e-01
9.852322900000000105e-01
9.851937299999999897e-01
9.851549299999999842e-01
9.851158899999999941e-01
9.850764899999999713e-01
9.850368499999999639e-01
9.849968599999999741e-01
9.849566199999999494e-01
9.849160300000000534e-01
9.848751399999999823e-01
9.848339600000000083e-01
9.847924099999999514e-01
9.847505699999999917e-01
9.847083699999999995e-01
9.846658099999999747e-01
9.846228999999999676e-01
9.845796199999999887e-01
9.845359900000000275e-01
9.844920000000000337e-01
9.844475999999999782e-01
9.844028400000000012e-01
9.843576000000000548e-01
9.843119999999999647e-01
9.842660399999999532e-01
9.842195500000000541e-01
9.841727000000000114e-01
9.841253800000000496e-01
9.840775699999999571e-01
9.840293500000000249e-01
9.839805999999999830e-01
9.839314200000000010e-01
9.838817100000000204e-01
9.838314700000000412e-01
9.837806799999999630e-01
9.837294199999999655e-01
9.836775700000000011e-01
9.836251099999999692e-01
9.835721299999999889e-01
9.835185400000000522e-01
9.834642999999999580e-01
9.834094599999999575e-01
9.833539700000000217e-01
9.832978199999999891e-01
9.832410200000000211e-01
9.831834400000000196e-01
9.831252099999999716e-01
9.830662000000000011e-01
9.830064200000000474e-01
9.829458599999999491e-01
9.828844700000000101e-01
9.828222399999999581e-01
9.827591199999999860e-01
9.826951600000000120e-01
9.826302500000000384e-01
9.825643899999999542e-01
9.824975099999999628e-01
9.824296200000000034e-01
9.823606599999999966e-01
9.822906300000000535e-01
9.822194600000000442e-01
9.821471000000000506e-01
9.820735499999999618e-01
9.819986800000000127e-01
9.819225099999999706e-01
9.818449599999999888e-01
9.817659899999999773e-01
9.816854600000000097e-01
9.816034399999999938e-01
9.815197599999999634e-01
9.814344000000000401e-01
9.813472600000000545e-01
9.812582699999999880e-01
9.811672599999999855e-01
9.810742700000000260e-01
9.809790800000000033e-01
9.808816299999999488e-01
9.807817899999999867e-01
9.806793900000000397e-01
9.805743700000000285e-01
9.804664899999999683e-01
9.803555600000000148e-01
9.802415399999999668e-01
9.801240599999999636e-01
9.800029399999999891e-01
9.798779499999999976e-01
9.797488500000000045e-01
9.796152099999999585e-01
9.794768099999999755e-01
9.793331600000000359e-01
9.791838499999999668e-01
9.790284000000000209e-01
9.788662200000000091e-01
9.786966400000000066e-01
9.785189600000000487e-01
9.783322800000000541e-01
9.781355299999999753e-01
9.779275099999999998e-01
9.777068500000000162e-01
9.774717099999999936e-01
9.772199999999999775e-01
9.769491000000000147e-01
9.766556600000000365e-01
9.763355299999999515e-01
9.759832600000000191e-01
9.755914799999999554e-01
9.751502899999999752e-01
9.746455000000000535e-01
9.740564200000000339e-01
9.733511200000000141e-01
9.724772000000000416e-01
9.713424400000000292e-01
9.697668000000000399e-01
9.673494700000000446e-01
9.630233599999999949e-01
9.532449200000000511e-01
9.252361099999999450e-01
8.650819699999999779e-01
