9.250000000000000000e+02
0.000000000000000000e+00
1.848000000000000043e+01
8.351751600000000275e-01
7.710472900000000518e-01
7.117755399999999844e-01
6.570567499999999672e-01
6.065443200000000257e-01
5.599158400000000535e-01
5.168731199999999637e-01
4.771409300000000187e-01
4.404652099999999959e-01
4.066116499999999911e-01
3.753643300000000238e-01
3.465243599999999757e-01
3.199088299999999774e-01
2.953501000000000043e-01
2.726955999999999825e-01
2.518083799999999983e-01
2.325707100000000138e-01
2.148919099999999915e-01
1.987257299999999893e-01
1.841019799999999984e-01
1.711733000000000005e-01
1.602622400000000003e-01
1.518900800000000106e-01
1.466611200000000059e-01
1.444012399999999863e-01
1.440765999999999991e-01
1.449058900000000094e-01
1.465728699999999940e-01
1.490992499999999887e-01
1.527670499999999876e-01
1.580468999999999902e-01
1.654637599999999875e-01
1.754072499999999868e-01
1.879845400000000055e-01
2.030029399999999928e-01
2.200645699999999871e-01
2.386906599999999989e-01
2.584147500000000264e-01
2.788304999999999811e-01
2.996064099999999897e-01
3.204825499999999772e-01
3.412602800000000269e-01
3.617906000000000177e-01
3.819636399999999932e-01
4.016997500000000221e-01
4.209426299999999843e-01
4.396537799999999940e-01
4.578084599999999726e-01
4.753923099999999846e-01
4.923990699999999943e-01
5.088285200000000064e-01
5.246851999999999627e-01
5.399771300000000274e-01
5.547150400000000481e-01
5.689116699999999804e-01
5.825810999999999629e-01
5.957385299999999884e-01
6.083998699999999538e-01
6.205813300000000421e-01
6.322993599999999770e-01
6.435705999999999927e-01
6.544113799999999870e-01
6.648380200000000295e-01
6.748663799999999879e-01
6.845122000000000151e-01
6.937906700000000537e-01
7.027165300000000059e-01
7.113043100000000507e-01
7.195677799999999902e-01
7.275204699999999747e-01
7.351752499999999468e-01
7.425446500000000283e-01
7.496405800000000008e-01
7.564746700000000157e-01
7.630578900000000164e-01
7.694008900000000040e-01
7.755137699999999912e-01
7.814062200000000402e-01
7.870876799999999562e-01
7.925668999999999631e-01
7.978524599999999856e-01
8.029525299999999977e-01
8.078747400000000356e-01
8.126266599999999451e-01
8.172153199999999673e-01
8.216474700000000464e-01
8.259295800000000520e-01
8.300678700000000410e-01
8.340681800000000479e-01
8.379360999999999615e-01
8.416770099999999477e-01
8.452960800000000052e-01
8.487982200000000477e-01
8.521879900000000063e-01
8.554699999999999527e-01
8.586483599999999994e-01
8.617271800000000370e-01
8.647103900000000509e-01
8.676016300000000125e-01
8.704045400000000043e-01
8.731223900000000260e-01
8.757585300000000350e-01
8.783159299999999670e-01
8.807976800000000273e-01
8.832064899999999552e-01
8.855451300000000137e-01
8.878161900000000051e-01
8.900221000000000382e-01
8.921653000000000500e-01
8.942480099999999821e-01
8.962723599999999902e-01
8.982405700000000159e-01
9.001544700000000399e-01
9.020160400000000189e-01
9.038271300000000341e-01
9.055894599999999572e-01
9.073046999999999640e-01
9.089745299999999473e-01
9.106004199999999660e-01
9.121838799999999470e-01
9.137263899999999994e-01
9.152291999999999650e-01
9.166937499999999739e-01
9.181211599999999917e-01
9.195128099999999582e-01
9.208697099999999525e-01
9.221930499999999586e-01
9.234839099999999634e-01
9.247432899999999956e-01
9.259722200000000125e-01
9.271715900000000454e-01
9.283424000000000120e-01
9.294855600000000440e-01
9.306017800000000451e-01
9.316919999999999646e-01
9.327569599999999683e-01
9.337974799999999576e-01
9.348142099999999788e-01
9.358078800000000363e-01
9.367792600000000025e-01
9.377288799999999869e-01
9.386573999999999751e-01
9.395655400000000324e-01
9.404537099999999983e-01
9.413226799999999672e-01
9.421728299999999612e-01
9.430047900000000372e-01
9.438189900000000243e-01
9.446160200000000007e-01
9.453962399999999988e-01
9.461602599999999752e-01
9.469084100000000337e-01
9.476411300000000537e-01
9.483588899999999544e-01
9.490620499999999904e-01
9.497510200000000014e-01
9.504261600000000199e-01
9.510878299999999674e-01
9.517364499999999561e-01
9.523722500000000313e-01
9.529956600000000222e-01
9.536069600000000035e-01
9.542064099999999494e-01
9.547943500000000139e-01
9.553711400000000076e-01
9.559369699999999970e-01
9.564921299999999960e-01
9.570368500000000500e-01
9.575715099999999591e-01
9.580962100000000037e-01
9.586113099999999942e-01
9.591169999999999973e-01
9.596134400000000397e-01
9.601009499999999530e-01
9.605796899999999860e-01
9.610498499999999833e-01
9.615117300000000089e-01
9.619653799999999810e-01
9.624111100000000141e-01
9.628490200000000554e-01
9.632793699999999681e-01
9.637022600000000327e-01
9.641178799999999827e-01
9.645264099999999452e-01
9.649280300000000477e-01
9.653228499999999546e-01
9.657109999999999861e-01
9.660927099999999657e-01
9.664680399999999727e-01
9.668371700000000235e-01
9.672002200000000549e-01
9.675573100000000037e-01
9.679086199999999973e-01
9.682542100000000040e-01
9.685942499999999900e-01
9.689288099999999737e-01
9.692580699999999716e-01
9.695820800000000128e-01
9.699009100000000050e-01
9.702147800000000544e-01
9.705237199999999786e-01
9.708278799999999764e-01
9.711272699999999869e-01
9.714220799999999656e-01
9.717123500000000025e-01
9.719981600000000554e-01
9.722796700000000403e-01
9.725568300000000388e-01
9.728298800000000357e-01
9.730987500000000123e-01
9.733637000000000539e-01
9.736246499999999804e-01
9.738817199999999508e-01
9.741349799999999837e-01
9.743845500000000159e-01
9.746304799999999657e-01
9.748727700000000551e-01
9.751115999999999673e-01
9.753469200000000061e-01
9.755789000000000266e-01
9.758074899999999996e-01
9.760328499999999519e-01
9.762549999999999839e-01
9.764739900000000139e-01
9.766899300000000395e-01
9.769027799999999706e-01
9.771126500000000270e-01
9.773195999999999550e-01
9.775236800000000059e-01
9.777249099999999471e-01
9.779233299999999796e-01
9.781190800000000296e-01
9.783120800000000283e-01
9.785024500000000236e-01
9.786902699999999733e-01
9.788754600000000305e-01
9.790582100000000398e-01
9.792384499999999825e-01
9.794162499999999882e-01
9.795917299999999939e-01
9.797648199999999807e-01
9.799355899999999675e-01
9.801040899999999834e-01
9.802703900000000470e-01
9.804344200000000287e-01
9.805963599999999447e-01
9.807561000000000195e-01
9.809138200000000474e-01
9.810694500000000096e-01
9.812230499999999855e-01
9.813746199999999753e-01
9.815242299999999975e-01
9.816719299999999704e-01
9.818177200000000049e-01
9.819616100000000403e-01
9.821036499999999947e-01
9.822438399999999792e-01
9.823823000000000416e-01
9.825189699999999915e-01
9.826538599999999901e-01
9.827870699999999848e-01
9.829186199999999651e-01
9.830484400000000234e-01
9.831766499999999853e-01
9.833032499999999620e-01
9.834282399999999535e-01
9.835516800000000393e-01
9.836735699999999971e-01
9.837939100000000492e-01
9.839127699999999921e-01
9.840301299999999474e-01
9.841459999999999653e-01
9.842604400000000142e-01
9.843735099999999516e-01
9.844851500000000311e-01
9.845953600000000305e-01
9.847042599999999979e-01
9.848117800000000255e-01
9.849179999999999602e-01
9.850229000000000346e-01
9.851265000000000160e-01
9.852288399999999946e-01
9.853299300000000205e-01
9.854297600000000434e-01
9.855283500000000529e-01
9.856257400000000279e-01
9.857219499999999579e-01
9.858169599999999644e-01
9.859108300000000158e-01
9.860035799999999906e-01
9.860951300000000419e-01
9.861856100000000458e-01
9.862749600000000338e-01
9.863632300000000352e-01
9.864504299999999892e-01
9.865365600000000068e-01
9.866216799999999454e-01
9.867057200000000083e-01
9.867887499999999923e-01
9.868707700000000083e-01
9.869517700000000060e-01
9.870317600000000358e-01
9.871108499999999841e-01
9.871889400000000148e-01
9.872660599999999453e-01
9.873422400000000376e-01
9.874175200000000485e-01
9.874919100000000283e-01
9.875653399999999582e-01
9.876378799999999680e-01
9.877095200000000075e-01
9.877803299999999842e-01
9.878502500000000408e-01
9.879193299999999844e-01
9.879875799999999764e-01
9.880549299999999979e-01
9.881215100000000362e-01
9.881872499999999615e-01
9.882522200000000145e-01
9.883163600000000049e-01
9.883797199999999616e-01
9.884422999999999959e-01
9.885041100000000469e-01
9.885651500000000036e-01
9.886254100000000378e-01
9.886849500000000068e-01
9.887437799999999610e-01
9.888018400000000430e-01
9.888591799999999488e-01
9.889158599999999799e-01
9.889717700000000278e-01
9.890270199999999789e-01
9.890815600000000263e-01
9.891354399999999769e-01
9.891886100000000237e-01
9.892411199999999738e-01
9.892929799999999885e-01
9.893441800000000175e-01
9.893947199999999498e-01
9.894446700000000261e-01
9.894939099999999765e-01
9.895426000000000499e-01
9.895905900000000477e-01
9.896380299999999464e-01
9.896848200000000206e-01
9.897310700000000461e-01
9.897766700000000251e-01
9.898216699999999868e-01
9.898661399999999499e-01
9.899100100000000069e-01
9.899532800000000465e-01
9.899960199999999766e-01
9.900381600000000004e-01
9.900797599999999754e-01
9.901208299999999518e-01
9.901613599999999904e-01
9.902012900000000117e-01
9.902407500000000029e-01
9.902796699999999452e-01
9.903180600000000000e-01
9.903559699999999744e-01
9.903933400000000109e-01
9.904301800000000489e-01
9.904665400000000064e-01
9.905024199999999945e-01
9.905377600000000449e-01
9.905726299999999540e-01
9.906070200000000048e-01
9.906409400000000254e-01
9.906743799999999656e-01
9.907074000000000158e-01
9.907398800000000172e-01
9.907719499999999568e-01
9.908035400000000381e-01
9.908346500000000390e-01
9.908653499999999781e-01
9.908956300000000272e-01
9.909254299999999960e-01
9.909548200000000140e-01
9.909837799999999808e-01
9.910122799999999677e-01
9.910404099999999827e-01
9.910680699999999677e-01
9.910953599999999808e-01
9.911221900000000140e-01
9.911486499999999644e-01
9.911746999999999641e-01
9.912003299999999628e-01
9.912255399999999605e-01
9.912503999999999760e-01
9.912748900000000196e-01
9.912989700000000015e-01
9.913226400000000327e-01
9.913459999999999495e-01
9.913689500000000265e-01
9.913914799999999916e-01
9.914137100000000036e-01
9.914355299999999538e-01
9.914570499999999509e-01
9.914781499999999470e-01
9.914988900000000216e-01
9.915193300000000320e-01
9.915393599999999807e-01
9.915590899999999763e-01
9.915784600000000504e-01
9.915974699999999808e-01
9.916161900000000085e-01
9.916345500000000035e-01
9.916525499999999660e-01
9.916702499999999754e-01
9.916876599999999709e-01
9.917046999999999946e-01
9.917214500000000044e-01
9.917378399999999816e-01
9.917539399999999450e-01
9.917697300000000160e-01
9.917852299999999621e-01
9.918003699999999867e-01
9.918152700000000266e-01
9.918298100000000339e-01
9.918441199999999958e-01
9.918580700000000361e-01
9.918717700000000415e-01
9.918851300000000037e-01
9.918982400000000421e-01
9.919110500000000163e-01
9.919236299999999451e-01
9.919358499999999523e-01
9.919478299999999749e-01
9.919595100000000443e-01
9.919709599999999572e-01
9.919820999999999778e-01
9.919929499999999845e-01
9.920036199999999749e-01
9.920139300000000437e-01
9.920240000000000169e-01
9.920338399999999446e-01
9.920434399999999986e-01
9.920527300000000492e-01
9.920617900000000544e-01
9.920705600000000457e-01
9.920791399999999705e-01
9.920874200000000531e-01
9.920954699999999793e-01
9.921032800000000318e-01
9.921108499999999886e-01
9.921181799999999606e-01
9.921252699999999480e-01
9.921321300000000010e-01
9.921387400000000190e-01
9.921451799999999599e-01
9.921513199999999477e-01
9.921572199999999508e-01
9.921629400000000487e-01
9.921684299999999901e-01
9.921736700000000075e-01
9.921786799999999795e-01
9.921835100000000462e-01
9.921881000000000173e-01
9.921924500000000036e-01
9.921966199999999736e-01
9.922006100000000384e-01
9.922043099999999782e-01
9.922078300000000128e-01
9.922111599999999809e-01
9.922142600000000145e-01
9.922171800000000319e-01
9.922198700000000038e-01
9.922223700000000202e-01
9.922246900000000203e-01
9.922267799999999749e-01
9.922286900000000243e-01
9.922304199999999463e-01
9.922319099999999947e-01
9.922332799999999953e-01
9.922344100000000111e-01
9.922353600000000107e-01
9.922360799999999648e-01
9.922366700000000428e-01
9.922370299999999643e-01
9.922372099999999806e-01
9.922372699999999490e-01
9.922370900000000438e-01
9.922367300000000112e-01
9.922362000000000126e-01
9.922355400000000270e-01
9.922346499999999958e-01
9.922335700000000092e-01
9.922323800000000249e-01
9.922309499999999449e-01
9.922294000000000391e-01
9.922276700000000060e-01
9.922257700000000069e-01
9.922236800000000523e-01
9.922214700000000498e-01
9.922190300000000018e-01
9.922164700000000170e-01
9.922137899999999844e-01
9.922108699999999670e-01
9.922078300000000128e-01
9.922046100000000424e-01
9.922012700000000240e-01
9.921976900000000210e-01
9.921940599999999888e-01
9.921901800000000327e-01
9.921862500000000473e-01
9.921820799999999663e-01
9.921777800000000092e-01
9.921733700000000544e-01
9.921687799999999724e-01
9.921640200000000354e-01
9.921591300000000002e-01
9.921541200000000282e-01
9.921489399999999792e-01
9.921436300000000541e-01
9.921382100000000204e-01
9.921326000000000311e-01
9.921268199999999648e-01
9.921209199999999617e-01
9.921149000000000218e-01
9.921087600000000339e-01
9.921024400000000298e-01
9.920960100000000281e-01
9.920894500000000393e-01
9.920827700000000027e-01
9.920759200000000000e-01
9.920689499999999494e-01
9.920618500000000228e-01
9.920546399999999876e-01
9.920472500000000471e-01
9.920397399999999477e-01
9.920321100000000225e-01
9.920243600000000495e-01
9.920164900000000285e-01
9.920085100000000100e-01
9.920004000000000044e-01
9.919921200000000328e-01
9.919837700000000424e-01
9.919752499999999751e-01
9.919666099999999709e-01
9.919578999999999480e-01
9.919490199999999591e-01
9.919400200000000334e-01
9.919308999999999488e-01
9.919217200000000068e-01
9.919123600000000485e-01
9.919028899999999815e-01
9.918933500000000070e-01
9.918836399999999554e-01
9.918738599999999961e-01
9.918639099999999598e-01
9.918538900000000158e-01
9.918437599999999632e-01
9.918334500000000054e-01
9.918230799999999681e-01
9.918126499999999623e-01
9.918020400000000514e-01
9.917913099999999815e-01
9.917805200000000543e-01
9.917696099999999682e-01
9.917585799999999452e-01
9.917474400000000356e-01
9.917361700000000280e-01
9.917248499999999911e-01
9.917133500000000490e-01
9.917017799999999772e-01
9.916901599999999872e-01
9.916783599999999810e-01
9.916665000000000063e-01
9.916545199999999838e-01
9.916424200000000244e-01
9.916302599999999856e-01
9.916179800000000100e-01
9.916055799999999865e-01
9.915930600000000261e-01
9.915804900000000366e-01
9.915677899999999489e-01
9.915550400000000542e-01
9.915420999999999818e-01
9.915291699999999597e-01
9.915160499999999821e-01
9.915028799999999753e-01
9.914895900000000317e-01
9.914762400000000087e-01
9.914627700000000488e-01
9.914491800000000410e-01
9.914355299999999538e-01
9.914217600000000408e-01
9.914079300000000483e-01
9.913939800000000080e-01
9.913799199999999701e-01
9.913657900000000245e-01
9.913515400000000310e-01
9.913372400000000084e-01
9.913228200000000490e-01
9.913083299999999598e-01
9.912937299999999841e-01
9.912790700000000399e-01
9.912642799999999976e-01
9.912493799999999577e-01
9.912344199999999494e-01
9.912193999999999727e-01
9.912042599999999481e-01
9.911889999999999867e-01
9.911736799999999459e-01
9.911583099999999869e-01
9.911428100000000407e-01
9.911271900000000468e-01
9.911115200000000236e-01
9.910957799999999818e-01
9.910799300000000533e-01
9.910639500000000268e-01
9.910479199999999711e-01
9.910318299999999470e-01
9.910156100000000468e-01
9.909993400000000063e-01
9.909829500000000291e-01
9.909664999999999724e-01
9.909499899999999473e-01
9.909333599999999853e-01
9.909166099999999755e-01
9.908997999999999973e-01
9.908829300000000506e-01
9.908659499999999953e-01
9.908489000000000324e-01
9.908317899999999900e-01
9.908145699999999501e-01
9.907972200000000340e-01
9.907798199999999778e-01
9.907623500000000138e-01
9.907448300000000208e-01
9.907271899999999798e-01
9.907094199999999518e-01
9.906916000000000055e-01
9.906737199999999799e-01
9.906557200000000174e-01
9.906376599999999755e-01
9.906195399999999651e-01
9.906013000000000179e-01
9.905829999999999913e-01
9.905645800000000278e-01
9.905461100000000352e-01
9.905275100000000554e-01
9.905089099999999647e-01
9.904901400000000189e-01
9.904713600000000229e-01
9.904524700000000292e-01
9.904334500000000485e-01
9.904143800000000386e-01
9.903952499999999493e-01
9.903760600000000025e-01
9.903567399999999576e-01
9.903373100000000262e-01
9.903178200000000153e-01
9.902982700000000360e-01
9.902786599999999773e-01
9.902589299999999817e-01
9.902390800000000493e-01
9.902192399999999450e-01
9.901992699999999648e-01
9.901791800000000476e-01
9.901590300000000511e-01
9.901388300000000253e-01
9.901185000000000125e-01
9.900981199999999705e-01
9.900776100000000524e-01
9.900570499999999940e-01
9.900364299999999673e-01
9.900156900000000038e-01
9.899948800000000215e-01
9.899739600000000417e-01
9.899529799999999824e-01
9.899319399999999547e-01
9.899107799999999902e-01
9.898894999999999778e-01
9.898682199999999654e-01
9.898467699999999869e-01
9.898253099999999582e-01
9.898037299999999927e-01
9.897820400000000296e-01
9.897602800000000478e-01
9.897384599999999866e-01
9.897165300000000387e-01
9.896944800000000431e-01
9.896723600000000287e-01
9.896501899999999852e-01
9.896279000000000048e-01
9.896055499999999450e-01
9.895830799999999483e-01
9.895605400000000440e-01
9.895378900000000311e-01
9.895151899999999889e-01
9.894923599999999597e-01
9.894694699999999621e-01
9.894464600000000276e-01
9.894233900000000137e-01
9.894002100000000022e-01
9.893769000000000036e-01
9.893535399999999758e-01
9.893301100000000403e-01
9.893065699999999962e-01
9.892829100000000153e-01
9.892591800000000157e-01
9.892353400000000185e-01
9.892114400000000529e-01
9.891874200000000394e-01
9.891632799999999781e-01
9.891390799999999484e-01
9.891147599999999818e-01
9.890903199999999673e-01
9.890658300000000347e-01
9.890412100000000040e-01
9.890165300000000048e-01
9.889917400000000081e-01
9.889668200000000242e-01
9.889417900000000428e-01
9.889166999999999819e-01
9.888914800000000449e-01
9.888662099999999677e-01
9.888407599999999853e-01
9.888152500000000344e-01
9.887896200000000357e-01
9.887639299999999576e-01
9.887380599999999742e-01
9.887121300000000224e-01
9.886860800000000227e-01
9.886599200000000254e-01
9.886336900000000094e-01
9.886072900000000274e-01
9.885808200000000268e-01
9.885542400000000285e-01
9.885275399999999824e-01
9.885007099999999491e-01
9.884737700000000293e-01
9.884467099999999506e-01
9.884195300000000461e-01
9.883922299999999828e-01
9.883648800000000012e-01
9.883373399999999531e-01
9.883096799999999682e-01
9.882819699999999541e-01
9.882540699999999845e-01
9.882260600000000172e-01
9.881979199999999519e-01
9.881696700000000000e-01
9.881413000000000002e-01
9.881128099999999526e-01
9.880841999999999681e-01
9.880554099999999673e-01
9.880265000000000297e-01
9.879975300000000127e-01
9.879683299999999502e-01
9.879390599999999800e-01
9.879096200000000438e-01
9.878800500000000095e-01
9.878503699999999776e-01
9.878205700000000089e-01
9.877905799999999736e-01
9.877604199999999723e-01
9.877302100000000529e-01
9.876997499999999874e-01
9.876692299999999536e-01
9.876384700000000461e-01
9.876076599999999983e-01
9.875766599999999951e-01
9.875454900000000258e-01
9.875141400000000402e-01
9.874826700000000068e-01
9.874510800000000366e-01
9.874192499999999706e-01
9.873872999999999678e-01
9.873552300000000281e-01
9.873229300000000430e-01
9.872904999999999598e-01
9.872578400000000531e-01
9.872250599999999876e-01
9.871920899999999666e-01
9.871589499999999795e-01
9.871256400000000264e-01
9.870921400000000068e-01
9.870584599999999709e-01
9.870246099999999689e-01
9.869905100000000431e-01
9.869563000000000086e-01
9.869218499999999894e-01
9.868872199999999539e-01
9.868524100000000132e-01
9.868173599999999768e-01
9.867821300000000351e-01
9.867466700000000479e-01
9.867110300000000445e-01
9.866751999999999745e-01
9.866391399999999701e-01
9.866028399999999809e-01
9.865663099999999464e-01
9.865295899999999563e-01
9.864926299999999815e-01
9.864554399999999612e-01
9.864180099999999562e-01
9.863803399999999666e-01
9.863424299999999922e-01
9.863042800000000332e-01
9.862659000000000287e-01
9.862272100000000208e-01
9.861882899999999674e-01
9.861491300000000404e-01
9.861096700000000492e-01
9.860699800000000126e-01
9.860300400000000520e-01
9.859897499999999981e-01
9.859492199999999595e-01
9.859083899999999678e-01
9.858672600000000230e-01
9.858258399999999533e-01
9.857841099999999912e-01
9.857420900000000152e-01
9.856997100000000067e-01
9.856570999999999527e-01
9.856140599999999585e-01
9.855707299999999504e-01
9.855270999999999892e-01
9.854830500000000271e-01
9.854387000000000008e-01
9.853939999999999921e-01
9.853488799999999825e-01
9.853034600000000198e-01
9.852576299999999954e-01
9.852113700000000307e-01
9.851647599999999727e-01
9.851177300000000248e-01
9.850702900000000151e-01
9.850224300000000044e-01
9.849741499999999927e-01
9.849253900000000117e-01
9.848762199999999689e-01
9.848265600000000175e-01
9.847765000000000546e-01
9.847258899999999926e-01
9.846748100000000115e-01
9.846231899999999815e-01
9.845711000000000324e-01
9.845184700000000344e-01
9.844652999999999876e-01
9.844116000000000533e-01
9.843572999999999906e-01
9.843024000000000218e-01
9.842469700000000543e-01
9.841908799999999902e-01
9.841341399999999906e-01
9.840767999999999738e-01
9.840187400000000029e-01
9.839600899999999539e-01
9.839006700000000327e-01
9.838405300000000464e-01
9.837796699999999950e-01
9.837180399999999603e-01
9.836555700000000346e-01
9.835923300000000147e-01
9.835283200000000114e-01
9.834633499999999584e-01
9.833975400000000144e-01
9.833307900000000101e-01
9.832630799999999560e-01
9.831944099999999631e-01
9.831247300000000022e-01
9.830539799999999939e-01
9.829822200000000176e-01
9.829092600000000068e-01
9.828351100000000118e-01
9.827597700000000325e-01
9.826831799999999895e-01
9.826053399999999938e-01
9.825260599999999789e-01
9.824453600000000453e-01
9.823632199999999814e-01
9.822795399999999510e-01
9.821942399999999962e-01
9.821072800000000269e-01
9.820185900000000245e-01
9.819280500000000522e-01
9.818355399999999511e-01
9.817410699999999935e-01
9.816444500000000017e-01
9.815455699999999784e-01
9.814444199999999841e-01
9.813407100000000050e-01
9.812344299999999908e-01
9.811253500000000072e-01
9.810133599999999454e-01
9.808982000000000534e-01
9.807797700000000507e-01
9.806578200000000134e-01
9.805319900000000199e-01
9.804021699999999617e-01
9.802680000000000282e-01
9.801291199999999648e-01
9.799852399999999797e-01
9.798358099999999737e-01
9.796804199999999963e-01
9.795185299999999984e-01
9.793495500000000131e-01
9.791727099999999462e-01
9.789871599999999674e-01
9.787920100000000456e-01
9.785860800000000248e-01
9.783679800000000260e-01
9.781361800000000217e-01
9.778885800000000073e-01
9.776228700000000327e-01
9.773359299999999639e-01
9.770239600000000246e-01
9.766820099999999893e-01
9.763035199999999803e-01
9.758796699999999769e-01
9.753979999999999873e-01
9.748406400000000360e-01
9.741804600000000258e-01
9.733741900000000280e-01
9.723475000000000312e-01
9.709613900000000353e-01
9.689223799999999720e-01
9.655029200000000422e-01
9.584789299999999512e-01
9.396723500000000451e-01
8.899897300000000344e-01
