1.077000000000000000e+03
0.000000000000000000e+00
2.151999999999999957e+01
6.069672099999999793e-01
7.395315199999999978e-01
8.468758499999999856e-01
9.165058699999999448e-01
9.558549499999999810e-01
9.767911999999999706e-01
9.877232900000000315e-01
9.934244199999999747e-01
9.964171600000000240e-01
9.980059900000000095e-01
9.988617300000000032e-01
9.993298099999999851e-01
9.995878299999999550e-01
9.997246899999999714e-01
9.997767199999999521e-01
9.997380399999999945e-01
9.995480799999999499e-01
9.990552700000000508e-01
9.979538900000000101e-01
9.957017299999999516e-01
9.914401200000000358e-01
9.839171199999999784e-01
9.712065500000000018e-01
9.499576699999999763e-01
9.166266299999999978e-01
8.697207599999999816e-01
8.083216500000000027e-01
7.314430499999999835e-01
6.396518900000000007e-01
5.375335199999999869e-01
4.336939200000000105e-01
3.371171099999999976e-01
2.538753400000000049e-01
1.863652199999999981e-01
1.341234699999999946e-01
9.509073199999999726e-02
6.666761599999999899e-02
4.635357500000000103e-02
3.203112600000000004e-02
2.203297099999999842e-02
1.510450699999999966e-02
1.032939000000000079e-02
7.051794299999999786e-03
4.808996799999999683e-03
3.277849199999999848e-03
2.234364899999999841e-03
1.524153199999999948e-03
1.041240900000000007e-03
7.131187000000000203e-04
4.902931400000000266e-04
3.390425400000000216e-04
2.364225099999999889e-04
1.668372300000000045e-04
1.196935300000000039e-04
8.779966399999999374e-05
6.627455899999999851e-05
5.180587700000000191e-05
4.214587900000000170e-05
3.576912100000000024e-05
3.164020400000000001e-05
2.905621800000000065e-05
2.753989199999999846e-05
2.676713499999999898e-05
2.651788399999999854e-05
2.664277099999999909e-05
2.704049300000000057e-05
2.764246200000000111e-05
2.840237200000000109e-05
2.928911500000000155e-05
3.028195900000000027e-05
3.136727199999999704e-05
3.253628899999999873e-05
3.378359499999999922e-05
3.510607299999999865e-05
3.650221299999999983e-05
3.797162599999999856e-05
3.951468899999999954e-05
4.113234899999999991e-05
4.282595200000000166e-05
4.459712700000000084e-05
4.644773099999999726e-05
4.837978100000000191e-05
5.039543600000000049e-05
5.249694699999999731e-05
5.468666900000000128e-05
5.696702600000000307e-05
5.934050899999999669e-05
6.180968200000000294e-05
6.437715599999999712e-05
6.704559199999999869e-05
6.981772500000000246e-05
7.269632599999999493e-05
7.568420600000000604e-05
7.878422900000000304e-05
8.199932199999999960e-05
8.533243100000000123e-05
8.878656799999999367e-05
9.236476800000000627e-05
9.607012199999999369e-05
9.990575900000000272e-05
1.038748499999999936e-04
1.079805999999999941e-04
1.122262699999999978e-04
1.166151300000000030e-04
1.211504999999999982e-04
1.258357499999999886e-04
1.306742799999999953e-04
1.356695100000000135e-04
1.408248900000000001e-04
1.461439400000000114e-04
1.516301700000000086e-04
1.572871399999999965e-04
1.631184300000000089e-04
1.691276399999999994e-04
1.753184300000000073e-04
1.816944599999999904e-04
1.882594099999999892e-04
1.950169799999999917e-04
2.019709400000000040e-04
2.091249899999999867e-04
2.164829499999999904e-04
2.240485600000000055e-04
2.318256699999999898e-04
2.398180700000000049e-04
2.480296000000000215e-04
2.564641199999999842e-04
2.651254499999999978e-04
2.740174499999999797e-04
2.831440399999999875e-04
2.925090399999999901e-04
3.021163599999999766e-04
3.119698999999999758e-04
3.220734699999999967e-04
3.324310199999999768e-04
3.430463800000000080e-04
3.539234699999999848e-04
3.650661099999999849e-04
3.764782200000000114e-04
3.881636100000000191e-04
4.001261300000000199e-04
4.123695800000000086e-04
4.248978499999999997e-04
4.377146800000000109e-04
4.508238600000000229e-04
4.642291800000000160e-04
4.779343400000000052e-04
4.919430899999999683e-04
5.062591499999999486e-04
5.208861499999999697e-04
5.358277699999999637e-04
5.510876099999999656e-04
5.666692199999999935e-04
5.825762100000000422e-04
5.988120700000000443e-04
6.153802400000000236e-04
6.322842699999999981e-04
6.495275299999999459e-04
6.671134000000000222e-04
6.850451499999999543e-04
7.033261399999999773e-04
7.219595699999999897e-04
7.409486600000000272e-04
7.602965899999999597e-04
7.800063499999999829e-04
8.000811199999999668e-04
8.205238800000000388e-04
8.413374900000000463e-04
8.625249599999999968e-04
8.840891000000000461e-04
9.060326299999999508e-04
9.283584099999999924e-04
9.510689400000000475e-04
9.741669600000000097e-04
9.976549799999999326e-04
1.021535500000000018e-03
1.045811000000000006e-03
1.070483699999999917e-03
1.095556099999999951e-03
1.121030199999999925e-03
1.146908299999999971e-03
1.173192499999999939e-03
1.199884800000000076e-03
1.226987199999999981e-03
1.254501600000000085e-03
1.282429799999999917e-03
1.310773500000000057e-03
1.339534500000000034e-03
1.368714299999999927e-03
1.398314400000000030e-03
1.428336400000000022e-03
1.458781699999999945e-03
1.489651399999999959e-03
1.520946900000000107e-03
1.552669200000000079e-03
1.584819799999999954e-03
1.617399199999999902e-03
1.650408599999999898e-03
1.683848900000000032e-03
1.717720799999999893e-03
1.752024999999999937e-03
1.786761999999999899e-03
1.821932600000000053e-03
1.857537200000000102e-03
1.893576199999999965e-03
1.930049899999999961e-03
1.966958400000000124e-03
2.004302099999999941e-03
2.042080700000000176e-03
2.080294800000000166e-03
2.118944000000000209e-03
2.158028099999999803e-03
2.197547099999999816e-03
2.237500400000000042e-03
2.277887900000000014e-03
2.318709200000000029e-03
2.359963499999999815e-03
2.401650400000000102e-03
2.443769199999999784e-03
2.486318999999999856e-03
2.529299400000000180e-03
2.572709199999999915e-03
2.616547299999999986e-03
2.660813000000000154e-03
2.705505100000000010e-03
2.750622600000000081e-03
2.796163799999999786e-03
2.842127800000000121e-03
2.888513000000000105e-03
2.935318000000000128e-03
2.982541500000000182e-03
3.030181399999999983e-03
3.078236700000000058e-03
3.126705300000000125e-03
3.175585500000000037e-03
3.224875800000000150e-03
3.274573700000000046e-03
3.324677700000000079e-03
3.375185399999999867e-03
3.426095200000000163e-03
3.477404600000000116e-03
3.529111599999999911e-03
3.581214000000000099e-03
3.633709199999999792e-03
3.686595200000000044e-03
3.739869199999999901e-03
3.793529199999999980e-03
3.847572300000000160e-03
3.901996200000000092e-03
3.956798000000000086e-03
4.011975099999999690e-03
4.067525300000000323e-03
4.123445100000000356e-03
4.179731899999999771e-03
4.236383399999999952e-03
4.293396100000000139e-03
4.350767000000000176e-03
4.408493599999999644e-03
4.466572799999999656e-03
4.525001199999999918e-03
4.583776000000000343e-03
4.642893999999999841e-03
4.702351999999999921e-03
4.762147100000000029e-03
4.822275600000000204e-03
4.882734300000000222e-03
4.943520300000000395e-03
5.004630000000000363e-03
5.066059500000000097e-03
5.127806700000000183e-03
5.189867199999999986e-03
5.252237899999999751e-03
5.314915400000000054e-03
5.377896099999999666e-03
5.441176199999999893e-03
5.504752499999999646e-03
5.568621699999999966e-03
5.632780000000000425e-03
5.697223399999999660e-03
5.761948900000000116e-03
5.826952899999999699e-03
5.892231099999999978e-03
5.957780400000000330e-03
6.023597000000000326e-03
6.089677600000000142e-03
6.156017500000000343e-03
6.222614100000000044e-03
6.289463000000000345e-03
6.356561099999999756e-03
6.423904099999999846e-03
6.491488299999999788e-03
6.559310500000000224e-03
6.627366400000000123e-03
6.695652800000000127e-03
6.764165100000000402e-03
6.832900499999999995e-03
6.901854600000000006e-03
6.971024000000000144e-03
7.040405199999999648e-03
7.109993600000000420e-03
7.179786500000000238e-03
7.249779100000000066e-03
7.319968199999999682e-03
7.390350599999999728e-03
7.460921500000000303e-03
7.531678299999999653e-03
7.602616199999999609e-03
7.673732499999999686e-03
7.745022399999999980e-03
7.816483299999999607e-03
7.888111300000000270e-03
7.959902300000000139e-03
8.031852500000000519e-03
8.103959299999999658e-03
8.176217799999999786e-03
8.248625299999999549e-03
8.321177199999999982e-03
8.393871600000000002e-03
8.466703799999999308e-03
8.539670100000000541e-03
8.612766900000000739e-03
8.685992099999999619e-03
8.759340299999999677e-03
8.832808600000000357e-03
8.906394200000000705e-03
8.980093499999999493e-03
9.053902699999999762e-03
9.127819000000000557e-03
9.201837699999999842e-03
9.275956999999999605e-03
9.350172199999999545e-03
9.424481499999999914e-03
9.498879300000000539e-03
9.573364600000000210e-03
9.647933799999999435e-03
9.722582999999999920e-03
9.797308600000000436e-03
9.872108699999999903e-03
9.946978699999999354e-03
1.002191699999999998e-02
1.009691899999999934e-02
1.017198199999999955e-02
1.024710499999999941e-02
1.032228200000000033e-02
1.039751199999999938e-02
1.047278899999999971e-02
1.054811500000000027e-02
1.062348400000000075e-02
1.069889199999999978e-02
1.077434000000000031e-02
1.084982100000000081e-02
1.092533499999999956e-02
1.100087699999999918e-02
1.107644699999999968e-02
1.115204000000000022e-02
1.122765400000000011e-02
1.130328700000000040e-02
1.137893599999999922e-02
1.145459700000000039e-02
1.153026899999999924e-02
1.160595000000000029e-02
1.168163600000000045e-02
1.175732399999999955e-02
1.183301399999999934e-02
1.190870200000000018e-02
1.198438500000000018e-02
1.206006100000000039e-02
1.213572899999999961e-02
1.221138499999999995e-02
1.228702800000000019e-02
1.236265500000000017e-02
1.243826500000000043e-02
1.251385399999999960e-02
1.258941899999999926e-02
1.266496200000000009e-02
1.274047700000000005e-02
1.281596299999999966e-02
1.289141799999999997e-02
1.296684099999999978e-02
1.304222900000000067e-02
1.311758099999999969e-02
1.319289400000000015e-02
1.326816599999999964e-02
1.334339600000000042e-02
1.341858100000000061e-02
1.349372000000000071e-02
1.356881199999999954e-02
1.364385299999999919e-02
1.371884299999999966e-02
1.379378099999999975e-02
1.386866299999999982e-02
1.394348999999999936e-02
1.401825800000000045e-02
1.409296699999999965e-02
1.416761400000000025e-02
1.424219900000000052e-02
1.431671999999999979e-02
1.439117500000000084e-02
1.446556300000000073e-02
1.453988299999999997e-02
1.461413200000000016e-02
1.468830999999999956e-02
1.476241600000000043e-02
1.483644800000000034e-02
1.491040499999999984e-02
1.498428499999999997e-02
1.505808699999999951e-02
1.513181000000000075e-02
1.520545300000000072e-02
1.527901599999999943e-02
1.535249500000000072e-02
1.542589100000000060e-02
1.549920299999999959e-02
1.557242900000000048e-02
1.564556699999999911e-02
1.571861800000000017e-02
1.579158199999999845e-02
1.586445400000000006e-02
1.593723699999999993e-02
1.600992899999999913e-02
1.608252699999999924e-02
1.615503199999999973e-02
1.622744300000000112e-02
1.629975800000000100e-02
1.637197799999999884e-02
1.644410400000000105e-02
1.651613000000000039e-02
1.658805799999999928e-02
1.665988800000000117e-02
1.673161800000000018e-02
1.680324799999999980e-02
1.687477700000000053e-02
1.694620599999999838e-02
1.701753199999999841e-02
1.708875600000000008e-02
1.715987500000000152e-02
1.723089300000000060e-02
1.730180499999999996e-02
1.737261199999999908e-02
1.744331400000000143e-02
1.751391199999999954e-02
1.758440199999999898e-02
1.765478599999999870e-02
1.772506199999999976e-02
1.779523100000000163e-02
1.786529300000000084e-02
1.793524599999999844e-02
1.800509200000000032e-02
1.807482700000000164e-02
1.814445500000000031e-02
1.821397099999999894e-02
1.828337799999999944e-02
1.835267599999999832e-02
1.842186399999999960e-02
1.849094000000000085e-02
1.855990700000000049e-02
1.862876299999999957e-02
1.869750599999999915e-02
1.876613900000000112e-02
1.883466199999999854e-02
1.890307100000000046e-02
1.897136899999999834e-02
1.903955599999999915e-02
1.910763000000000045e-02
1.917559500000000014e-02
1.924344500000000138e-02
1.931118399999999860e-02
1.937880900000000031e-02
1.944632500000000042e-02
1.951372599999999860e-02
1.958101799999999865e-02
1.964819599999999972e-02
1.971526300000000023e-02
1.978221499999999883e-02
1.984905799999999929e-02
1.991578800000000024e-02
1.998240700000000064e-02
2.004891300000000154e-02
2.011530799999999841e-02
2.018159099999999873e-02
2.024776299999999848e-02
2.031382400000000116e-02
2.037977200000000086e-02
2.044561099999999895e-02
2.051133800000000049e-02
2.057695600000000041e-02
2.064246100000000084e-02
2.070785899999999860e-02
2.077314400000000033e-02
2.083832000000000045e-02
2.090338599999999949e-02
2.096834399999999987e-02
2.103319199999999917e-02
2.109793000000000085e-02
2.116256000000000040e-02
2.122708200000000128e-02
2.129149600000000003e-02
2.135580200000000012e-02
2.142000000000000154e-02
2.148409199999999977e-02
2.154807699999999882e-02
2.161195499999999867e-02
2.167572599999999933e-02
2.173939199999999974e-02
2.180295299999999992e-02
2.186640700000000090e-02
2.192975600000000164e-02
2.199300200000000108e-02
2.205614399999999975e-02
2.211918100000000165e-02
2.218211600000000172e-02
2.224494700000000103e-02
2.230767499999999903e-02
2.237030300000000110e-02
2.243282599999999946e-02
2.249525100000000083e-02
2.255757300000000090e-02
2.261979700000000051e-02
2.268191799999999883e-02
2.274394199999999963e-02
2.280586600000000103e-02
2.286769099999999902e-02
2.292941700000000055e-02
2.299104600000000109e-02
2.305257900000000013e-02
2.311401399999999870e-02
2.317535299999999923e-02
2.323659700000000120e-02
2.329774399999999870e-02
2.335879800000000006e-02
2.341975599999999991e-02
2.348062199999999961e-02
2.354139300000000073e-02
2.360207200000000172e-02
2.366265999999999856e-02
2.372315499999999924e-02
2.378355899999999926e-02
2.384387300000000154e-02
2.390409599999999968e-02
2.396422999999999956e-02
2.402427600000000066e-02
2.408423300000000003e-02
2.414410200000000062e-02
2.420388299999999895e-02
2.426357800000000092e-02
2.432318600000000011e-02
2.438270999999999841e-02
2.444214700000000087e-02
2.450150300000000086e-02
2.456077200000000155e-02
2.461995900000000029e-02
2.467906300000000108e-02
2.473808499999999994e-02
2.479702599999999979e-02
2.485588600000000065e-02
2.491466499999999903e-02
2.497336500000000084e-02
2.503198599999999913e-02
2.509052900000000030e-02
2.514899300000000143e-02
2.520738000000000145e-02
2.526569199999999932e-02
2.532392699999999955e-02
2.538208700000000109e-02
2.544017100000000101e-02
2.549818300000000065e-02
2.555612100000000109e-02
2.561398599999999831e-02
2.567177799999999926e-02
2.572949999999999890e-02
2.578714999999999827e-02
2.584472999999999979e-02
2.590224099999999946e-02
2.595968400000000023e-02
2.601705899999999863e-02
2.607436499999999865e-02
2.613160399999999925e-02
2.618877799999999936e-02
2.624588500000000005e-02
2.630292799999999973e-02
2.635990599999999892e-02
2.641682100000000005e-02
2.647367299999999965e-02
2.653046300000000066e-02
2.658719199999999908e-02
2.664385899999999890e-02
2.670046699999999856e-02
2.675701499999999858e-02
2.681350299999999895e-02
2.686993600000000051e-02
2.692630899999999897e-02
2.698262599999999914e-02
2.703888700000000103e-02
2.709509200000000118e-02
2.715124400000000146e-02
2.720734099999999947e-02
2.726338600000000056e-02
2.731937699999999886e-02
2.737531600000000023e-02
2.743120500000000017e-02
2.748704299999999920e-02
2.754283100000000026e-02
2.759857099999999883e-02
2.765426199999999890e-02
2.770990699999999890e-02
2.776550300000000041e-02
2.782105500000000078e-02
2.787656000000000162e-02
2.793202200000000079e-02
2.798743700000000043e-02
2.804281200000000029e-02
2.809814399999999851e-02
2.815343299999999854e-02
2.820867999999999987e-02
2.826388900000000037e-02
2.831905900000000059e-02
2.837418800000000157e-02
2.842928100000000069e-02
2.848433499999999952e-02
2.853935200000000047e-02
2.859433600000000145e-02
2.864928200000000161e-02
2.870419399999999885e-02
2.875907299999999958e-02
2.881392099999999928e-02
2.886873499999999954e-02
2.892351699999999928e-02
2.897827000000000042e-02
2.903299200000000052e-02
2.908768499999999854e-02
2.914235000000000089e-02
2.919698899999999958e-02
2.925159800000000018e-02
2.930618299999999954e-02
2.936074300000000165e-02
2.941527799999999956e-02
2.946978999999999918e-02
2.952427800000000102e-02
2.957874500000000004e-02
2.963319000000000022e-02
2.968761300000000158e-02
2.974201900000000148e-02
2.979640500000000150e-02
2.985077200000000111e-02
2.990512199999999926e-02
2.995945499999999942e-02
3.001377400000000001e-02
3.006807499999999966e-02
3.012236399999999870e-02
3.017664000000000110e-02
3.023090000000000152e-02
3.028515199999999921e-02
3.033939000000000080e-02
3.039361900000000019e-02
3.044783900000000085e-02
3.050205099999999878e-02
3.055625400000000144e-02
3.061045000000000085e-02
3.066463999999999995e-02
3.071882600000000116e-02
3.077300499999999911e-02
3.082718099999999864e-02
3.088135599999999870e-02
3.093552800000000033e-02
3.098969899999999902e-02
3.104386900000000171e-02
3.109804000000000040e-02
3.115221300000000151e-02
3.120638599999999915e-02
3.126056499999999710e-02
3.131474599999999747e-02
3.136893400000000109e-02
3.142312500000000314e-02
3.147732100000000255e-02
3.153152800000000311e-02
3.158574199999999998e-02
3.163996300000000012e-02
3.169419600000000087e-02
3.174844000000000277e-02
3.180269899999999678e-02
3.185696500000000098e-02
3.191124599999999728e-02
3.196554299999999904e-02
3.201985400000000037e-02
3.207418299999999917e-02
3.212852800000000342e-02
3.218289099999999819e-02
3.223727299999999685e-02
3.229167299999999990e-02
3.234609599999999779e-02
3.240053700000000009e-02
3.245500500000000205e-02
3.250949499999999937e-02
3.256400999999999740e-02
3.261854899999999668e-02
3.267311700000000152e-02
3.272770700000000171e-02
3.278233099999999789e-02
3.283698100000000120e-02
3.289166100000000259e-02
3.294637400000000049e-02
3.300111700000000342e-02
3.305589400000000233e-02
3.311070399999999775e-02
3.316555200000000092e-02
3.322043300000000060e-02
3.327535499999999952e-02
3.333031000000000188e-02
3.338530700000000295e-02
3.344033999999999895e-02
3.349541899999999850e-02
3.355053799999999781e-02
3.360569800000000329e-02
3.366090699999999686e-02
3.371615699999999660e-02
3.377145499999999884e-02
3.382679799999999820e-02
3.388219299999999795e-02
3.393763300000000177e-02
3.399312899999999693e-02
3.404867300000000152e-02
3.410426899999999956e-02
3.415991699999999798e-02
3.421562200000000109e-02
3.427138200000000301e-02
3.432720200000000110e-02
3.438307699999999800e-02
3.443901199999999801e-02
3.449500700000000114e-02
3.455106200000000044e-02
3.460718299999999970e-02
3.466336400000000206e-02
3.471961199999999692e-02
3.477592399999999973e-02
3.483230600000000038e-02
3.488875599999999993e-02
3.494527199999999945e-02
3.500186300000000111e-02
3.505852100000000221e-02
3.511525699999999695e-02
3.517206400000000288e-02
3.522894900000000246e-02
3.528590899999999725e-02
3.534294699999999956e-02
3.540006700000000034e-02
3.545726500000000170e-02
3.551454500000000153e-02
3.557190699999999983e-02
3.562935400000000197e-02
3.568689199999999784e-02
3.574451099999999965e-02
3.580221900000000318e-02
3.586001700000000098e-02
3.591790799999999839e-02
3.597588799999999754e-02
3.603396600000000061e-02
3.609213599999999689e-02
3.615040299999999762e-02
3.620876700000000281e-02
3.626723200000000341e-02
3.632579699999999995e-02
3.638446699999999673e-02
3.644323700000000332e-02
3.650211200000000322e-02
3.656109400000000231e-02
3.662018499999999954e-02
3.667938300000000290e-02
3.673869400000000229e-02
3.679811999999999667e-02
3.685765700000000200e-02
3.691731000000000179e-02
3.697707900000000297e-02
3.703696699999999703e-02
3.709697700000000320e-02
3.715710700000000172e-02
3.721736400000000278e-02
3.727774300000000207e-02
3.733824899999999697e-02
3.739888200000000135e-02
3.745964899999999764e-02
3.752054600000000184e-02
3.758157399999999954e-02
3.764274299999999934e-02
3.770404299999999959e-02
3.776548799999999984e-02
3.782706699999999894e-02
3.788879099999999805e-02
3.795066099999999665e-02
3.801267600000000219e-02
3.807483999999999869e-02
3.813715300000000002e-02
3.819961799999999769e-02
3.826223299999999966e-02
3.832500800000000069e-02
3.838793900000000286e-02
3.845103099999999663e-02
3.851428300000000332e-02
3.857769400000000265e-02
3.864127800000000112e-02
3.870502499999999707e-02
3.876894300000000015e-02
3.883303300000000291e-02
3.889729799999999682e-02
3.896173499999999734e-02
3.902635399999999921e-02
3.909115099999999760e-02
3.915613500000000163e-02
3.922130199999999955e-02
3.928665399999999724e-02
3.935219699999999848e-02
3.941792999999999686e-02
3.948386000000000257e-02
3.954998400000000330e-02
3.961630900000000233e-02
3.968283499999999964e-02
3.974956600000000007e-02
3.981650199999999667e-02
3.988364700000000124e-02
3.995100399999999830e-02
4.001857699999999962e-02
4.008636299999999986e-02
4.015437100000000120e-02
4.022259999999999724e-02
4.029105599999999870e-02
4.035973899999999864e-02
4.042865300000000189e-02
4.049779800000000152e-02
4.056718200000000024e-02
4.063680399999999859e-02
4.070666800000000141e-02
4.077677400000000174e-02
4.084713400000000022e-02
4.091774299999999948e-02
4.098860499999999740e-02
4.105972499999999831e-02
4.113110500000000114e-02
4.120275400000000116e-02
4.127466300000000310e-02
4.134684799999999855e-02
4.141930499999999654e-02
4.149204100000000034e-02
4.156505700000000247e-02
4.163835600000000137e-02
4.171194500000000027e-02
4.178582499999999866e-02
4.185999900000000190e-02
4.193447499999999883e-02
4.200925300000000334e-02
4.208433599999999997e-02
4.215973199999999838e-02
4.223544199999999804e-02
4.231147100000000327e-02
4.238782099999999914e-02
4.246449800000000330e-02
4.254150799999999871e-02
4.261885599999999663e-02
4.269653899999999863e-02
4.277456899999999840e-02
4.285294600000000287e-02
4.293167600000000195e-02
4.301076799999999783e-02
4.309021700000000010e-02
4.317003900000000033e-02
4.325022900000000114e-02
4.333079599999999781e-02
4.341174700000000053e-02
4.349308500000000077e-02
4.357481400000000338e-02
4.365694500000000255e-02
4.373947499999999988e-02
4.382241500000000345e-02
4.390576899999999727e-02
4.398954299999999901e-02
4.407374199999999909e-02
4.415837300000000076e-02
4.424344000000000193e-02
4.432894999999999891e-02
4.441490800000000294e-02
4.450132700000000024e-02
4.458820399999999934e-02
4.467554800000000242e-02
4.476337100000000319e-02
4.485167200000000215e-02
4.494046399999999941e-02
4.502975199999999928e-02
4.511953900000000017e-02
4.520984000000000114e-02
4.530065500000000217e-02
4.539199499999999748e-02
4.548386900000000316e-02
4.557628200000000268e-02
4.566924299999999826e-02
4.576275900000000008e-02
4.585684100000000235e-02
4.595149300000000298e-02
4.604673000000000099e-02
4.614255200000000334e-02
4.623897700000000055e-02
4.633600599999999903e-02
4.643365700000000318e-02
4.653193099999999860e-02
4.663084099999999926e-02
4.673039500000000096e-02
4.683060900000000221e-02
4.693148700000000090e-02
4.703304199999999713e-02
4.713528200000000057e-02
4.723822300000000279e-02
4.734187200000000012e-02
4.744624299999999906e-02
4.755134500000000181e-02
4.765719200000000100e-02
4.776379099999999989e-02
4.787116100000000235e-02
4.797931400000000207e-02
4.808826000000000073e-02
4.819801099999999894e-02
4.830858500000000111e-02
4.841999300000000145e-02
4.853225099999999848e-02
4.864537000000000028e-02
4.875936699999999790e-02
4.887425900000000323e-02
4.899006000000000194e-02
4.910678400000000055e-02
4.922444699999999757e-02
4.934306799999999688e-02
4.946266500000000288e-02
4.958325300000000074e-02
4.970485000000000181e-02
4.982747500000000301e-02
4.995114700000000130e-02
5.007588899999999843e-02
5.020170999999999661e-02
5.032864199999999982e-02
5.045669900000000069e-02
5.058590300000000151e-02
5.071627699999999711e-02
5.084784299999999674e-02
5.098062400000000216e-02
5.111464500000000022e-02
5.124992899999999962e-02
5.138650200000000057e-02
5.152438599999999841e-02
5.166361099999999817e-02
5.180420399999999953e-02
5.194618899999999678e-02
5.208959800000000084e-02
5.223446000000000339e-02
5.238080400000000303e-02
5.252866400000000269e-02
5.267806700000000203e-02
5.282905000000000240e-02
5.298164500000000082e-02
5.313588699999999970e-02
5.329181300000000038e-02
5.344945899999999778e-02
5.360886100000000071e-02
5.377006499999999883e-02
5.393310600000000149e-02
5.409802500000000097e-02
5.426486999999999977e-02
5.443368099999999765e-02
5.460450399999999815e-02
5.477739100000000166e-02
5.495238699999999837e-02
5.512954700000000097e-02
5.530891599999999964e-02
5.549055299999999802e-02
5.567451600000000028e-02
5.586085799999999935e-02
5.604964099999999727e-02
5.624092700000000306e-02
5.643477999999999689e-02
5.663126699999999902e-02
5.683045800000000036e-02
5.703242099999999981e-02
5.723723399999999795e-02
5.744497099999999745e-02
5.765571099999999838e-02
5.786953899999999762e-02
5.808654099999999848e-02
5.830680600000000269e-02
5.853042800000000240e-02
5.875749899999999776e-02
5.898811999999999806e-02
5.922240399999999932e-02
5.946044999999999803e-02
5.970237400000000250e-02
5.994829499999999867e-02
6.019833699999999760e-02
6.045262500000000289e-02
6.071129799999999688e-02
6.097448999999999925e-02
6.124235299999999937e-02
6.151503299999999674e-02
6.179269800000000007e-02
6.207551099999999988e-02
6.236364300000000332e-02
6.265728900000000490e-02
6.295662400000000269e-02
6.326186699999999941e-02
6.357321900000000026e-02
6.389090399999999836e-02
6.421515299999999704e-02
6.454622699999999769e-02
6.488436499999999940e-02
6.522984800000000694e-02
6.558296099999999518e-02
6.594400899999999788e-02
6.631331099999999978e-02
6.669120500000000340e-02
6.707804700000000175e-02
6.747421600000000352e-02
6.788010899999999403e-02
6.829614900000000044e-02
6.872279200000000476e-02
6.916051400000000626e-02
6.960982100000000228e-02
7.007125799999999738e-02
7.054539799999999528e-02
7.103285900000000375e-02
7.153429099999999985e-02
7.205040000000000056e-02
7.258194699999999389e-02
7.312972099999999476e-02
7.369459400000000215e-02
7.427750499999999367e-02
7.487943800000000649e-02
7.550147899999999634e-02
7.614479200000000281e-02
7.681063600000000158e-02
7.750037299999999740e-02
7.821548000000000389e-02
7.895756499999999345e-02
7.972838000000000147e-02
8.052983900000000583e-02
8.136402800000000490e-02
8.223324299999999754e-02
8.313998599999999906e-02
8.408703700000000336e-02
8.507744999999999891e-02
8.611460799999999527e-02
8.720226600000000050e-02
8.834461100000000344e-02
8.954630800000000501e-02
9.081258600000000070e-02
9.214933999999999625e-02
9.356319899999999967e-02
9.506169700000000056e-02
9.665340199999999937e-02
9.834809599999999596e-02
1.001570299999999941e-01
1.020931999999999951e-01
1.041717100000000007e-01
1.064101699999999984e-01
1.088293300000000019e-01
1.114537699999999937e-01
1.143128199999999955e-01
1.174418099999999937e-01
1.208836699999999986e-01
1.246911599999999953e-01
1.289297299999999924e-01
1.336817999999999895e-01
1.390524200000000099e-01
1.451777499999999943e-01
1.522374200000000122e-01
1.604730799999999902e-01
1.702174399999999976e-01
1.819404099999999969e-01
1.963253500000000096e-01
2.143986099999999895e-01
2.377563900000000119e-01
2.689659600000000039e-01
3.122484099999999763e-01
3.744072600000000195e-01
4.653366800000000025e-01
5.893439700000000503e-01
