8.750000000000000000e+02
0.000000000000000000e+00
1.748000000000000043e+01
6.070111999999999730e-01
7.395567899999999639e-01
8.468824000000000352e-01
9.165024200000000398e-01
9.558497099999999636e-01
9.767874500000000015e-01
9.877215000000000300e-01
9.934239400000000053e-01
9.964174599999999771e-01
9.980065200000000081e-01
9.988623300000000205e-01
9.993303999999999521e-01
9.995884299999999723e-01
9.997253999999999863e-01
9.997777899999999995e-01
9.997401200000000099e-01
9.995527300000000004e-01
9.990656999999999455e-01
9.979761200000000221e-01
9.957460200000000095e-01
9.915221899999999700e-01
9.840604099999999965e-01
9.714509799999999640e-01
9.503680500000000198e-01
9.172472400000000192e-01
8.705726900000000379e-01
8.094322699999999537e-01
7.328368400000000449e-01
6.413078899999999916e-01
5.393457999999999863e-01
4.355009200000000136e-01
3.387748899999999952e-01
2.552975399999999895e-01
1.875238399999999972e-01
1.350318500000000088e-01
9.578349399999999680e-02
6.718574500000000504e-02
4.673589000000000215e-02
3.231060899999999708e-02
2.223599899999999935e-02
1.525138099999999962e-02
1.043536500000000027e-02
7.128152100000000047e-03
4.863990500000000064e-03
3.317473699999999841e-03
2.262953700000000078e-03
1.544829300000000053e-03
1.056250400000000034e-03
7.240748999999999883e-04
4.983545499999999769e-04
3.450411000000000125e-04
2.409561100000000094e-04
1.703359900000000029e-04
1.224674500000000094e-04
9.007274600000000160e-05
6.820929400000000126e-05
5.352073600000000256e-05
4.372788299999999870e-05
3.728285100000000107e-05
3.313424200000000022e-05
3.056779700000000077e-05
2.909823199999999954e-05
2.839583800000000072e-05
2.823666199999999959e-05
2.846869799999999853e-05
2.898890300000000111e-05
2.972761299999999865e-05
3.063791899999999881e-05
3.168846200000000269e-05
3.285851600000000102e-05
3.413465699999999935e-05
3.550846299999999939e-05
3.697498000000000288e-05
3.853164499999999859e-05
4.017756099999999966e-05
4.191301200000000291e-05
4.373909899999999998e-05
4.565753599999999965e-05
4.767046300000000254e-05
4.978034799999999971e-05
5.198991099999999846e-05
5.430206100000000308e-05
5.671987700000000264e-05
5.924656199999999893e-05
6.188543200000000302e-05
6.463991999999999893e-05
6.751353799999999382e-05
7.050987899999999644e-05
7.363264700000000571e-05
7.688558999999999379e-05
8.027255499999999804e-05
8.379745099999999784e-05
8.746425000000000542e-05
9.127701900000000578e-05
9.523986999999999384e-05
9.935699199999999565e-05
1.036326400000000039e-04
1.080711099999999967e-04
1.126768000000000051e-04
1.174541500000000010e-04
1.224076500000000002e-04
1.275418600000000101e-04
1.328614199999999894e-04
1.383709800000000058e-04
1.440752699999999973e-04
1.499790799999999871e-04
1.560872499999999886e-04
1.624046599999999908e-04
1.689362300000000127e-04
1.756869500000000103e-04
1.826618499999999967e-04
1.898660100000000019e-04
1.973045300000000034e-04
2.049825599999999953e-04
2.129052900000000020e-04
2.210779299999999950e-04
2.295057799999999926e-04
2.381941200000000118e-04
2.471482400000000025e-04
2.563735199999999889e-04
2.658753399999999947e-04
2.756590500000000014e-04
2.857301400000000270e-04
2.960940199999999756e-04
3.067561199999999967e-04
3.177219199999999858e-04
3.289969199999999753e-04
3.405865900000000089e-04
3.524964300000000108e-04
3.647319400000000131e-04
3.772986199999999943e-04
3.902019800000000008e-04
4.034475099999999966e-04
4.170406899999999856e-04
4.309870099999999859e-04
4.452919500000000015e-04
4.599609800000000219e-04
4.749995100000000054e-04
4.904129300000000446e-04
5.062067100000000206e-04
5.223862199999999975e-04
5.389567799999999678e-04
5.559236699999999757e-04
5.732922000000000538e-04
5.910676599999999895e-04
6.092552800000000266e-04
6.278601400000000327e-04
6.468874099999999492e-04
6.663422100000000259e-04
6.862295600000000448e-04
7.065543900000000391e-04
7.273217200000000075e-04
7.485363699999999891e-04
7.702031900000000115e-04
7.923269299999999597e-04
8.149122600000000384e-04
8.379638299999999903e-04
8.614862500000000428e-04
8.854839300000000302e-04
9.099614100000000261e-04
9.349228900000000533e-04
9.603727999999999744e-04
9.863151900000000864e-04
1.012754299999999927e-03
1.039694099999999895e-03
1.067138499999999981e-03
1.095091500000000030e-03
1.123556800000000003e-03
1.152538000000000043e-03
1.182038700000000078e-03
1.212062500000000032e-03
1.242612799999999983e-03
1.273692899999999970e-03
1.305306100000000035e-03
1.337455200000000049e-03
1.370143500000000052e-03
1.403373899999999950e-03
1.437148999999999979e-03
1.471471600000000008e-03
1.506344400000000092e-03
1.541769799999999965e-03
1.577750200000000011e-03
1.614287799999999896e-03
1.651384899999999972e-03
1.689043400000000018e-03
1.727265300000000066e-03
1.766052400000000079e-03
1.805406500000000022e-03
1.845329099999999970e-03
1.885821700000000004e-03
1.926885699999999948e-03
1.968522299999999996e-03
2.010732700000000123e-03
2.053517800000000202e-03
2.096878800000000209e-03
2.140816299999999915e-03
2.185330699999999890e-03
2.230423000000000041e-03
2.276093700000000105e-03
2.322342499999999980e-03
2.369170299999999972e-03
2.416576699999999946e-03
2.464562000000000003e-03
2.513125800000000007e-03
2.562267899999999890e-03
2.611988200000000052e-03
2.662285899999999785e-03
2.713160599999999822e-03
2.764611699999999957e-03
2.816638000000000214e-03
2.869238799999999923e-03
2.922412899999999973e-03
2.976159600000000127e-03
3.030477100000000205e-03
3.085364399999999865e-03
3.140819699999999794e-03
3.196841599999999950e-03
3.253428499999999786e-03
3.310578399999999921e-03
3.368289400000000142e-03
3.426559999999999936e-03
3.485387400000000083e-03
3.544769699999999937e-03
3.604704499999999978e-03
3.665189699999999925e-03
3.726222600000000159e-03
3.787800699999999826e-03
3.849921000000000072e-03
3.912581099999999645e-03
3.975777899999999657e-03
4.039508800000000087e-03
4.103770500000000244e-03
4.168559799999999906e-03
4.233873400000000113e-03
4.299708600000000380e-03
4.366061200000000142e-03
4.432928699999999847e-03
4.500306699999999729e-03
4.568192199999999634e-03
4.636580599999999726e-03
4.705469599999999655e-03
4.774854099999999851e-03
4.844730700000000022e-03
4.915095900000000274e-03
4.985944800000000239e-03
5.057273900000000023e-03
5.129078399999999725e-03
5.201355099999999988e-03
5.274098799999999906e-03
5.347305899999999987e-03
5.420971200000000191e-03
5.495090999999999691e-03
5.569660599999999920e-03
5.644675299999999708e-03
5.720130599999999690e-03
5.796021800000000432e-03
5.872344600000000032e-03
5.949093499999999653e-03
6.026264299999999595e-03
6.103852300000000425e-03
6.181852399999999970e-03
6.260259500000000393e-03
6.339069499999999864e-03
6.418276599999999874e-03
6.497875799999999584e-03
6.577862900000000165e-03
6.658232299999999708e-03
6.738979400000000113e-03
6.820098499999999869e-03
6.901584599999999875e-03
6.983432900000000228e-03
7.065638400000000090e-03
7.148195500000000153e-03
7.231099099999999981e-03
7.314344399999999670e-03
7.397925900000000381e-03
7.481838099999999804e-03
7.566076199999999773e-03
7.650635200000000316e-03
7.735509399999999924e-03
7.820693800000000362e-03
7.906182700000000119e-03
7.991971400000000628e-03
8.078055500000000388e-03
8.164427199999999343e-03
8.251084000000000543e-03
8.338019299999999134e-03
8.425228300000000420e-03
8.512704600000000482e-03
8.600445499999999702e-03
8.688443299999999356e-03
8.776693599999999679e-03
8.865192500000000642e-03
8.953932700000000189e-03
9.042910300000000026e-03
9.132120800000000788e-03
9.221557499999999755e-03
9.311216900000000504e-03
9.401092300000000318e-03
9.491180099999999703e-03
9.581474600000000619e-03
9.671970300000000756e-03
9.762663399999999686e-03
9.853547400000000830e-03
9.944619599999999365e-03
1.003587199999999950e-02
1.012730300000000069e-02
1.021890599999999982e-02
1.031067599999999952e-02
1.040260999999999963e-02
1.049469999999999917e-02
1.058694299999999970e-02
1.067933599999999934e-02
1.077187200000000004e-02
1.086454700000000044e-02
1.095735699999999917e-02
1.105029700000000059e-02
1.114336200000000041e-02
1.123654800000000072e-02
1.132985100000000016e-02
1.142326599999999963e-02
1.151678800000000003e-02
1.161041399999999946e-02
1.170413900000000056e-02
1.179795999999999970e-02
1.189187000000000057e-02
1.198586700000000074e-02
1.207994800000000007e-02
1.217410499999999930e-02
1.226833700000000069e-02
1.236263899999999992e-02
1.245700800000000032e-02
1.255144000000000051e-02
1.264592900000000020e-02
1.274047300000000042e-02
1.283506899999999930e-02
1.292971099999999998e-02
1.302439700000000006e-02
1.311912299999999990e-02
1.321388499999999987e-02
1.330867999999999982e-02
1.340350400000000011e-02
1.349835400000000060e-02
1.359322599999999992e-02
1.368811600000000017e-02
1.378302300000000015e-02
1.387794099999999954e-02
1.397286900000000061e-02
1.406780399999999973e-02
1.416274000000000005e-02
1.425767600000000038e-02
1.435260900000000055e-02
1.444753499999999920e-02
1.454245300000000032e-02
1.463735799999999962e-02
1.473224799999999987e-02
1.482711999999999919e-02
1.492197200000000036e-02
1.501680000000000029e-02
1.511160200000000002e-02
1.520637499999999941e-02
1.530111800000000070e-02
1.539582700000000082e-02
1.549049800000000011e-02
1.558513199999999981e-02
1.567972499999999852e-02
1.577427400000000132e-02
1.586877700000000058e-02
1.596323200000000081e-02
1.605763699999999961e-02
1.615199100000000096e-02
1.624628900000000056e-02
1.634052999999999894e-02
1.643471200000000063e-02
1.652883600000000161e-02
1.662289499999999864e-02
1.671689000000000161e-02
1.681082000000000062e-02
1.690467999999999832e-02
1.699847000000000163e-02
1.709218900000000069e-02
1.718583500000000000e-02
1.727940500000000115e-02
1.737289900000000067e-02
1.746631599999999909e-02
1.755965099999999904e-02
1.765290599999999946e-02
1.774607799999999846e-02
1.783916500000000058e-02
1.793216699999999886e-02
1.802508300000000077e-02
1.811791000000000096e-02
1.821064799999999942e-02
1.830329600000000015e-02
1.839584999999999831e-02
1.848831399999999875e-02
1.858068300000000062e-02
1.867295600000000097e-02
1.876513299999999981e-02
1.885721300000000114e-02
1.894919600000000148e-02
1.904107799999999948e-02
1.913286200000000048e-02
1.922454300000000019e-02
1.931612599999999944e-02
1.940760399999999844e-02
1.949897999999999909e-02
1.959025099999999950e-02
1.968141600000000019e-02
1.977247899999999906e-02
1.986343600000000167e-02
1.995428499999999869e-02
2.004502699999999998e-02
2.013566300000000156e-02
2.022619000000000153e-02
2.031660799999999989e-02
2.040691899999999906e-02
2.049711900000000114e-02
2.058721100000000109e-02
2.067719200000000049e-02
2.076706299999999880e-02
2.085682200000000056e-02
2.094647100000000123e-02
2.103601000000000082e-02
2.112543799999999986e-02
2.121475199999999992e-02
2.130395499999999942e-02
2.139304800000000131e-02
2.148202800000000023e-02
2.157089699999999860e-02
2.165965200000000146e-02
2.174829699999999977e-02
2.183682799999999910e-02
2.192525000000000029e-02
2.201355799999999904e-02
2.210175400000000123e-02
2.218983899999999940e-02
2.227781200000000100e-02
2.236567399999999858e-02
2.245342399999999961e-02
2.254106300000000007e-02
2.262859199999999946e-02
2.271600999999999829e-02
2.280331799999999950e-02
2.289051400000000069e-02
2.297760199999999975e-02
2.306458000000000119e-02
2.315144800000000155e-02
2.323820799999999978e-02
2.332485999999999934e-02
2.341140400000000024e-02
2.349783899999999953e-02
2.358416799999999910e-02
2.367038999999999949e-02
2.375650600000000015e-02
2.384251500000000162e-02
2.392842099999999833e-02
2.401422200000000173e-02
2.409991800000000142e-02
2.418551000000000034e-02
2.427100000000000091e-02
2.435638799999999965e-02
2.444167200000000109e-02
2.452685699999999913e-02
2.461194099999999829e-02
2.469692399999999857e-02
2.478181000000000134e-02
2.486659600000000123e-02
2.495128500000000013e-02
2.503587700000000152e-02
2.512037199999999845e-02
2.520477200000000029e-02
2.528907899999999903e-02
2.537328900000000026e-02
2.545740800000000081e-02
2.554143600000000069e-02
2.562537000000000148e-02
2.570921400000000107e-02
2.579296899999999892e-02
2.587663600000000147e-02
2.596021299999999934e-02
2.604370400000000085e-02
2.612710899999999906e-02
2.621042700000000142e-02
2.629366299999999837e-02
2.637681600000000084e-02
2.645988599999999843e-02
2.654287400000000102e-02
2.662578000000000167e-02
2.670861000000000068e-02
2.679136000000000017e-02
2.687403400000000150e-02
2.695663100000000173e-02
2.703915200000000033e-02
2.712159999999999918e-02
2.720397299999999935e-02
2.728627600000000167e-02
2.736850799999999972e-02
2.745066999999999993e-02
2.753276400000000124e-02
2.761478900000000070e-02
2.769674700000000073e-02
2.777864199999999922e-02
2.786047200000000071e-02
2.794224000000000013e-02
2.802394500000000149e-02
2.810558999999999974e-02
2.818717800000000023e-02
2.826870600000000108e-02
2.835017600000000124e-02
2.843159300000000153e-02
2.851295499999999955e-02
2.859426300000000171e-02
2.867551900000000001e-02
2.875672699999999929e-02
2.883788400000000113e-02
2.891899300000000048e-02
2.900005500000000028e-02
2.908107299999999895e-02
2.916204699999999997e-02
2.924297899999999881e-02
2.932386799999999946e-02
2.940471999999999878e-02
2.948553099999999885e-02
2.956630700000000000e-02
2.964704699999999929e-02
2.972775100000000018e-02
2.980842400000000003e-02
2.988906599999999886e-02
2.996967700000000012e-02
3.005026100000000172e-02
3.013081700000000071e-02
3.021134600000000003e-02
3.029185300000000053e-02
3.037233799999999873e-02
3.045280100000000156e-02
3.053324500000000052e-02
3.061366999999999908e-02
3.069408100000000153e-02
3.077447399999999958e-02
3.085485500000000048e-02
3.093522599999999970e-02
3.101558399999999882e-02
3.109593500000000163e-02
3.117628000000000066e-02
3.125661600000000095e-02
3.133695200000000125e-02
3.141728399999999671e-02
3.149761999999999701e-02
3.157795199999999941e-02
3.165828799999999971e-02
3.173863100000000326e-02
3.181897799999999776e-02
3.189933300000000194e-02
3.197969900000000032e-02
3.206007599999999985e-02
3.214046699999999895e-02
3.222087399999999657e-02
3.230129600000000017e-02
3.238173600000000124e-02
3.246219799999999767e-02
3.254267899999999797e-02
3.262318699999999794e-02
3.270371999999999862e-02
3.278428299999999740e-02
3.286487200000000330e-02
3.294549499999999825e-02
3.302615099999999665e-02
3.310684099999999797e-02
3.318757199999999852e-02
3.326834000000000041e-02
3.334914499999999671e-02
3.342999900000000191e-02
3.351089399999999940e-02
3.359183999999999781e-02
3.367283199999999976e-02
3.375387600000000210e-02
3.383497099999999841e-02
3.391612699999999730e-02
3.399733499999999659e-02
3.407860499999999793e-02
3.415993600000000185e-02
3.424133000000000038e-02
3.432279099999999833e-02
3.440431900000000265e-02
3.448591799999999735e-02
3.456758699999999684e-02
3.464933500000000333e-02
3.473115699999999861e-02
3.481305800000000089e-02
3.489504000000000217e-02
3.497710799999999981e-02
3.505926200000000076e-02
3.514150199999999807e-02
3.522383400000000248e-02
3.530625999999999903e-02
3.538878300000000005e-02
3.547140199999999910e-02
3.555412200000000050e-02
3.563694299999999732e-02
3.571987199999999973e-02
3.580290800000000134e-02
3.588605699999999898e-02
3.596931300000000276e-02
3.605268899999999888e-02
3.613618400000000175e-02
3.621979799999999750e-02
3.630353900000000272e-02
3.638740299999999872e-02
3.647139700000000262e-02
3.655552499999999844e-02
3.663978700000000005e-02
3.672418399999999999e-02
3.680872200000000205e-02
3.689340499999999717e-02
3.697823399999999872e-02
3.706321099999999868e-02
3.714834200000000086e-02
3.723362799999999778e-02
3.731907200000000174e-02
3.740467499999999834e-02
3.749044199999999882e-02
3.757637700000000108e-02
3.766248700000000144e-02
3.774876499999999663e-02
3.783522500000000011e-02
3.792186100000000115e-02
3.800868599999999986e-02
3.809569399999999939e-02
3.818289200000000300e-02
3.827028700000000005e-02
3.835787999999999698e-02
3.844567000000000123e-02
3.853366899999999956e-02
3.862187300000000101e-02
3.871028900000000189e-02
3.879892100000000010e-02
3.888777300000000048e-02
3.897684800000000144e-02
3.906615100000000035e-02
3.915568400000000310e-02
3.924544900000000169e-02
3.933545599999999781e-02
3.942570799999999681e-02
3.951620299999999975e-02
3.960695100000000135e-02
3.969795599999999952e-02
3.978921800000000120e-02
3.988074500000000217e-02
3.997254000000000085e-02
4.006461099999999997e-02
4.015695700000000007e-02
4.024958199999999903e-02
4.034249899999999694e-02
4.043570500000000234e-02
4.052920599999999818e-02
4.062300900000000159e-02
4.071712100000000195e-02
4.081154199999999926e-02
4.090627699999999783e-02
4.100133499999999986e-02
4.109672100000000272e-02
4.119243799999999789e-02
4.128849099999999661e-02
4.138488700000000214e-02
4.148163299999999692e-02
4.157872900000000177e-02
4.167619000000000185e-02
4.177401199999999926e-02
4.187220700000000156e-02
4.197077800000000025e-02
4.206973700000000288e-02
4.216908300000000304e-02
4.226882400000000345e-02
4.236896700000000043e-02
4.246951999999999672e-02
4.257049000000000250e-02
4.267188200000000126e-02
4.277370099999999731e-02
4.287595999999999768e-02
4.297865900000000239e-02
4.308181299999999658e-02
4.318542000000000214e-02
4.328949700000000317e-02
4.339404399999999967e-02
4.349907100000000026e-02
4.360458999999999863e-02
4.371060400000000012e-02
4.381712200000000001e-02
4.392415699999999840e-02
4.403170900000000221e-02
4.413979500000000250e-02
4.424841699999999822e-02
4.435759000000000229e-02
4.446732300000000304e-02
4.457761699999999994e-02
4.468848899999999791e-02
4.479994999999999811e-02
4.491200299999999895e-02
4.502466299999999949e-02
4.513794200000000034e-02
4.525184299999999993e-02
4.536638400000000265e-02
4.548157399999999684e-02
4.559742299999999804e-02
4.571394200000000047e-02
4.583114399999999727e-02
4.594904200000000244e-02
4.606764399999999787e-02
4.618696500000000343e-02
4.630701999999999735e-02
4.642781599999999675e-02
4.654937199999999858e-02
4.667169599999999863e-02
4.679480899999999971e-02
4.691871599999999920e-02
4.704343899999999939e-02
4.716899199999999986e-02
4.729538400000000281e-02
4.742263599999999718e-02
4.755076400000000231e-02
4.767977799999999905e-02
4.780970100000000306e-02
4.794054899999999897e-02
4.807233400000000129e-02
4.820508099999999685e-02
4.833880399999999911e-02
4.847352199999999806e-02
4.860925299999999810e-02
4.874602000000000102e-02
4.888383999999999785e-02
4.902273399999999837e-02
4.916272299999999845e-02
4.930382999999999988e-02
4.944607200000000063e-02
4.958948099999999776e-02
4.973407099999999775e-02
4.987987099999999924e-02
5.002690099999999862e-02
5.017519399999999935e-02
5.032476799999999889e-02
5.047565300000000227e-02
5.062787600000000221e-02
5.078146199999999943e-02
5.093644600000000328e-02
5.109285599999999899e-02
5.125071500000000224e-02
5.141006399999999837e-02
5.157093000000000094e-02
5.173334500000000002e-02
5.189734700000000339e-02
5.206297000000000008e-02
5.223024999999999890e-02
5.239922200000000224e-02
5.256993000000000082e-02
5.274240699999999810e-02
5.291669400000000023e-02
5.309284100000000173e-02
5.327088399999999752e-02
5.345086799999999860e-02
5.363284399999999896e-02
5.381685499999999678e-02
5.400295199999999990e-02
5.419118299999999694e-02
5.438160899999999742e-02
5.457427399999999901e-02
5.476923999999999682e-02
5.496656500000000195e-02
5.516631200000000207e-02
5.536853500000000344e-02
5.557330299999999751e-02
5.578068299999999757e-02
5.599074400000000201e-02
5.620355500000000226e-02
5.641919699999999732e-02
5.663774199999999787e-02
5.685927000000000342e-02
5.708386399999999805e-02
5.731160899999999947e-02
5.754259999999999931e-02
5.777692400000000034e-02
5.801468299999999745e-02
5.825596999999999720e-02
5.850090100000000098e-02
5.874957499999999833e-02
5.900210899999999703e-02
5.925862099999999744e-02
5.951923499999999673e-02
5.978408100000000280e-02
6.005329300000000065e-02
6.032700500000000299e-02
6.060537299999999711e-02
6.088854400000000278e-02
6.117667599999999928e-02
6.146994199999999964e-02
6.176851700000000195e-02
6.207258300000000062e-02
6.238232900000000025e-02
6.269796199999999597e-02
6.301969300000000163e-02
6.334774899999999487e-02
6.368235499999999605e-02
6.402375500000000164e-02
6.437221899999999442e-02
6.472801400000000038e-02
6.509143100000000515e-02
6.546276800000000451e-02
6.584234499999999657e-02
6.623050599999999455e-02
6.662760700000000536e-02
6.703401400000000288e-02
6.745014300000000407e-02
6.787641299999999656e-02
6.831327800000000505e-02
6.876120700000000474e-02
6.922072199999999842e-02
6.969235099999999961e-02
7.017668300000000359e-02
7.067432999999999355e-02
7.118594599999999994e-02
7.171223300000000023e-02
7.225395699999999366e-02
7.281190899999999411e-02
7.338696000000000108e-02
7.398004099999999639e-02
7.459215800000000562e-02
7.522438500000000472e-02
7.587788299999999320e-02
7.655392599999999437e-02
7.725387100000000173e-02
7.797919200000000273e-02
7.873151500000000191e-02
7.951258899999999463e-02
8.032431499999999336e-02
8.116880099999999876e-02
8.204833400000000054e-02
8.296543400000000457e-02
8.392287800000000630e-02
8.492372900000000335e-02
8.597137800000000107e-02
8.706957799999999470e-02
8.822254100000000154e-02
8.943492200000000003e-02
9.071198900000000676e-02
9.205961999999999479e-02
9.348449100000000289e-02
9.499413499999999344e-02
9.659714299999999643e-02
9.830333300000000663e-02
1.001239899999999960e-01
1.020721599999999951e-01
1.041629699999999936e-01
1.064140999999999976e-01
1.088463999999999959e-01
1.114845099999999950e-01
1.143578900000000037e-01
1.175020199999999987e-01
1.209600400000000048e-01
1.247849300000000022e-01
1.290425099999999992e-01
1.338156000000000068e-01
1.392099099999999923e-01
1.453624400000000094e-01
1.524539699999999942e-01
1.607279899999999873e-01
1.705197800000000097e-01
1.823033199999999909e-01
1.967683400000000138e-01
2.149517200000000128e-01
2.384674400000000027e-01
2.699134599999999939e-01
3.135622699999999763e-01
3.762906500000000043e-01
4.680564400000000180e-01
5.926653100000000007e-01
