9.530000000000000000e+02
0.000000000000000000e+00
1.904000100000000018e+01
6.069964799999999494e-01
7.395485000000000531e-01
8.468804399999999566e-01
9.165036699999999925e-01
9.558512599999999804e-01
9.767882799999999532e-01
9.877216199999999668e-01
9.934236400000000522e-01
9.964169299999999785e-01
9.980059900000000095e-01
9.988618500000000511e-01
9.993299799999999511e-01
9.995880700000000507e-01
9.997249799999999853e-01
9.997772000000000325e-01
9.997390499999999625e-01
9.995503399999999816e-01
9.990604499999999888e-01
9.979650399999999699e-01
9.957240200000000430e-01
9.914816600000000424e-01
9.839900700000000500e-01
9.713315999999999617e-01
9.501686099999999691e-01
9.169468899999999589e-01
8.701619499999999618e-01
8.088986900000000313e-01
7.321690899999999669e-01
6.405162199999999695e-01
5.384807600000000027e-01
4.346393900000000143e-01
3.379853999999999914e-01
2.546211199999999786e-01
1.869736200000000070e-01
1.346012500000000056e-01
9.545578799999999975e-02
6.694121699999999731e-02
4.655592100000000011e-02
3.217940799999999962e-02
2.214096299999999962e-02
1.518283599999999990e-02
1.038605899999999957e-02
7.092736700000000331e-03
4.838564899999999933e-03
3.299212299999999820e-03
2.249820599999999803e-03
1.535361999999999968e-03
1.049400499999999983e-03
7.190917400000000148e-04
4.947009099999999859e-04
3.423324999999999957e-04
2.389170499999999930e-04
1.687689400000000057e-04
1.212304699999999953e-04
8.906359999999999884e-05
6.735402700000000652e-05
5.276560099999999781e-05
4.303351300000000284e-05
3.662010900000000328e-05
3.248127200000000027e-05
2.990789100000000079e-05
2.841830800000000052e-05
2.768535000000000082e-05
2.748681599999999958e-05
2.767188600000000017e-05
2.813829600000000033e-05
2.881686099999999847e-05
2.966093600000000105e-05
3.063927199999999995e-05
3.173113500000000092e-05
3.292300200000000188e-05
3.420629200000000294e-05
3.557583500000000156e-05
3.702881800000000289e-05
3.856406299999999771e-05
4.018154100000000025e-05
4.188202400000000218e-05
4.366687400000000255e-05
4.553786500000000078e-05
4.749708399999999920e-05
4.954684800000000271e-05
5.168966900000000270e-05
5.392818599999999813e-05
5.626517700000000172e-05
5.870350999999999862e-05
6.124615200000000531e-05
6.389614999999999640e-05
6.665661900000000007e-05
6.953076100000000180e-05
7.252181999999999542e-05
7.563312800000000259e-05
7.886806999999999585e-05
8.223008599999999900e-05
8.572267699999999539e-05
8.934941400000000037e-05
9.311390699999999544e-05
9.701983100000000049e-05
1.010709100000000023e-04
1.052709299999999974e-04
1.096237200000000001e-04
1.141331599999999974e-04
1.188031899999999937e-04
1.236377899999999965e-04
1.286409699999999882e-04
1.338168400000000122e-04
1.391695000000000031e-04
1.447031199999999950e-04
1.504219099999999979e-04
1.563301199999999973e-04
1.624320299999999946e-04
1.687319700000000080e-04
1.752343399999999930e-04
1.819434800000000092e-04
1.888638800000000048e-04
1.959999900000000065e-04
2.033563100000000039e-04
2.109373500000000007e-04
2.187476899999999920e-04
2.267919000000000131e-04
2.350746099999999946e-04
2.436004300000000017e-04
2.523739800000000051e-04
2.613999799999999827e-04
2.706831100000000180e-04
2.802280399999999903e-04
2.900395200000000016e-04
3.001222199999999856e-04
3.104809100000000184e-04
3.211203399999999850e-04
3.320452499999999732e-04
3.432603800000000164e-04
3.547704799999999996e-04
3.665802699999999819e-04
3.786945599999999882e-04
3.911180200000000063e-04
4.038554300000000183e-04
4.169114700000000262e-04
4.302908800000000093e-04
4.439983499999999839e-04
4.580385600000000065e-04
4.724161699999999964e-04
4.871358099999999929e-04
5.022020799999999926e-04
5.176195999999999662e-04
5.333929399999999760e-04
5.495266499999999473e-04
5.660251499999999995e-04
5.828930300000000064e-04
6.001345999999999851e-04
6.177543499999999920e-04
6.357566500000000212e-04
6.541457299999999756e-04
6.729258999999999805e-04
6.921014299999999958e-04
7.116764299999999701e-04
7.316550500000000177e-04
7.520413499999999618e-04
7.728394099999999793e-04
7.940531899999999678e-04
8.156865400000000476e-04
8.377432800000000250e-04
8.602273299999999576e-04
8.831422899999999887e-04
9.064918799999999990e-04
9.302796700000000351e-04
9.545092499999999550e-04
9.791839399999999367e-04
1.004307299999999958e-03
1.029882499999999930e-03
1.055912800000000052e-03
1.082401399999999899e-03
1.109351400000000093e-03
1.136765700000000106e-03
1.164647300000000094e-03
1.192999099999999960e-03
1.221823699999999941e-03
1.251123999999999943e-03
1.280902399999999915e-03
1.311161400000000060e-03
1.341903599999999964e-03
1.373131199999999942e-03
1.404846300000000062e-03
1.437051300000000056e-03
1.469748299999999990e-03
1.502939000000000011e-03
1.536625399999999933e-03
1.570809399999999970e-03
1.605492399999999950e-03
1.640676300000000086e-03
1.676362499999999988e-03
1.712552300000000100e-03
1.749247100000000032e-03
1.786448200000000010e-03
1.824156499999999908e-03
1.862373100000000101e-03
1.901099000000000061e-03
1.940334900000000029e-03
1.980081700000000094e-03
2.020339900000000209e-03
2.061110000000000112e-03
2.102392499999999973e-03
2.144187699999999894e-03
2.186496000000000012e-03
2.229317299999999859e-03
2.272651499999999835e-03
2.316499100000000110e-03
2.360859400000000011e-03
2.405732600000000040e-03
2.451118099999999994e-03
2.497015300000000101e-03
2.543423999999999859e-03
2.590343399999999862e-03
2.637772799999999872e-03
2.685711300000000017e-03
2.734158200000000056e-03
2.783112199999999981e-03
2.832572399999999917e-03
2.882537699999999925e-03
2.933006699999999960e-03
2.983977799999999909e-03
3.035449899999999833e-03
3.087421400000000052e-03
3.139890499999999952e-03
3.192855499999999822e-03
3.246314799999999983e-03
3.300266300000000153e-03
3.354708200000000150e-03
3.409638300000000094e-03
3.465054600000000169e-03
3.520954900000000058e-03
3.577336700000000209e-03
3.634197599999999806e-03
3.691535399999999831e-03
3.749347499999999833e-03
3.807631299999999792e-03
3.866384300000000156e-03
3.925603300000000268e-03
3.985285800000000142e-03
4.045429199999999760e-03
4.106029899999999629e-03
4.167085499999999797e-03
4.228592399999999904e-03
4.290547700000000263e-03
4.352948599999999918e-03
4.415790999999999640e-03
4.479072100000000209e-03
4.542788499999999598e-03
4.606936600000000048e-03
4.671513100000000002e-03
4.736514300000000365e-03
4.801936899999999578e-03
4.867776800000000147e-03
4.934030100000000307e-03
5.000693700000000304e-03
5.067763900000000175e-03
5.135236300000000156e-03
5.203106899999999750e-03
5.271372400000000000e-03
5.340028600000000340e-03
5.409071199999999739e-03
5.478496200000000302e-03
5.548299799999999865e-03
5.618477699999999998e-03
5.689025900000000205e-03
5.759939999999999852e-03
5.831216000000000177e-03
5.902849600000000148e-03
5.974836199999999931e-03
6.047171999999999964e-03
6.119852400000000414e-03
6.192873199999999849e-03
6.266229800000000169e-03
6.339917900000000342e-03
6.413933400000000271e-03
6.488271500000000053e-03
6.562927700000000322e-03
6.637897299999999910e-03
6.713177100000000327e-03
6.788760900000000327e-03
6.864645499999999685e-03
6.940825799999999698e-03
7.017297199999999666e-03
7.094055400000000289e-03
7.171095799999999999e-03
7.248414199999999967e-03
7.326005499999999754e-03
7.403865499999999662e-03
7.481989500000000258e-03
7.560372800000000372e-03
7.639010899999999771e-03
7.717899999999999761e-03
7.797034500000000166e-03
7.876410099999999956e-03
7.956023300000000104e-03
8.035868399999999967e-03
8.115940699999999244e-03
8.196236600000000178e-03
8.276751299999999395e-03
8.357480199999999665e-03
8.438418600000000686e-03
8.519562899999999495e-03
8.600907399999999786e-03
8.682448400000000732e-03
8.764181299999999897e-03
8.846102300000000321e-03
8.928205800000000095e-03
9.010488199999999726e-03
9.092945599999999184e-03
9.175572499999999632e-03
9.258365299999999840e-03
9.341319100000000306e-03
9.424431199999999675e-03
9.507695199999999236e-03
9.591109100000000040e-03
9.674666400000000305e-03
9.758364400000000410e-03
9.842199299999999929e-03
9.926165500000000419e-03
1.001025900000000052e-02
1.009447800000000048e-02
1.017881600000000025e-02
1.026326999999999968e-02
1.034783599999999915e-02
1.043250899999999953e-02
1.051728700000000016e-02
1.060216500000000020e-02
1.068713900000000001e-02
1.077220499999999997e-02
1.085735999999999993e-02
1.094260000000000024e-02
1.102792000000000008e-02
1.111331899999999998e-02
1.119879000000000013e-02
1.128433199999999935e-02
1.136994099999999973e-02
1.145561099999999922e-02
1.154134199999999957e-02
1.162712899999999994e-02
1.171296699999999948e-02
1.179885599999999993e-02
1.188478899999999977e-02
1.197076499999999953e-02
1.205677999999999958e-02
1.214283099999999976e-02
1.222891299999999924e-02
1.231502500000000028e-02
1.240116299999999977e-02
1.248732399999999930e-02
1.257350500000000044e-02
1.265970200000000011e-02
1.274591400000000055e-02
1.283213599999999920e-02
1.291836600000000057e-02
1.300460099999999931e-02
1.309083899999999995e-02
1.317707400000000043e-02
1.326330799999999970e-02
1.334953399999999971e-02
1.343575099999999925e-02
1.352195699999999938e-02
1.360814899999999994e-02
1.369432500000000025e-02
1.378047899999999999e-02
1.386661299999999986e-02
1.395272200000000073e-02
1.403880499999999969e-02
1.412485699999999934e-02
1.421087899999999918e-02
1.429686600000000009e-02
1.438281800000000034e-02
1.446873000000000083e-02
1.455460199999999982e-02
1.464043200000000010e-02
1.472621600000000031e-02
1.481195299999999923e-02
1.489764099999999966e-02
1.498327799999999918e-02
1.506886099999999937e-02
1.515439000000000022e-02
1.523986100000000038e-02
1.532527300000000037e-02
1.541062500000000071e-02
1.549591500000000073e-02
1.558113900000000079e-02
1.566629900000000158e-02
1.575139000000000053e-02
1.583640999999999868e-02
1.592136200000000140e-02
1.600623899999999850e-02
1.609104299999999932e-02
1.617577099999999851e-02
1.626042100000000060e-02
1.634499199999999916e-02
1.642948400000000114e-02
1.651389500000000066e-02
1.659822299999999876e-02
1.668246599999999996e-02
1.676662300000000133e-02
1.685069499999999887e-02
1.693467800000000162e-02
1.701857099999999970e-02
1.710237400000000005e-02
1.718608699999999920e-02
1.726970599999999925e-02
1.735323100000000021e-02
1.743666300000000155e-02
1.751999699999999896e-02
1.760323700000000074e-02
1.768637799999999913e-02
1.776942100000000052e-02
1.785236200000000009e-02
1.793520499999999920e-02
1.801794799999999891e-02
1.810058800000000079e-02
1.818312299999999895e-02
1.826555700000000171e-02
1.834788500000000128e-02
1.843010999999999955e-02
1.851222900000000157e-02
1.859424100000000094e-02
1.867614700000000058e-02
1.875794500000000156e-02
1.883963500000000041e-02
1.892121500000000164e-02
1.900268899999999969e-02
1.908405100000000118e-02
1.916530400000000106e-02
1.924644600000000039e-02
1.932747699999999916e-02
1.940839700000000084e-02
1.948920599999999850e-02
1.956990200000000013e-02
1.965048700000000120e-02
1.973095700000000036e-02
1.981131699999999843e-02
1.989156200000000152e-02
1.997169299999999870e-02
2.005171199999999931e-02
2.013161600000000148e-02
2.021140600000000120e-02
2.029108300000000142e-02
2.037064499999999972e-02
2.045009299999999905e-02
2.052942699999999940e-02
2.060864499999999835e-02
2.068774799999999886e-02
2.076673700000000039e-02
2.084561299999999895e-02
2.092437299999999958e-02
2.100301699999999883e-02
2.108154799999999857e-02
2.115996399999999986e-02
2.123826599999999870e-02
2.131645399999999857e-02
2.139452699999999999e-02
2.147248599999999896e-02
2.155033099999999896e-02
2.162806100000000051e-02
2.170568000000000150e-02
2.178318200000000163e-02
2.186057300000000120e-02
2.193785100000000127e-02
2.201501700000000131e-02
2.209206899999999890e-02
2.216900899999999994e-02
2.224583600000000147e-02
2.232255199999999898e-02
2.239915699999999940e-02
2.247565199999999874e-02
2.255203399999999858e-02
2.262830700000000028e-02
2.270447100000000037e-02
2.278052300000000044e-02
2.285646800000000131e-02
2.293230200000000163e-02
2.300802999999999876e-02
2.308364799999999828e-02
2.315915899999999861e-02
2.323456499999999869e-02
2.330986200000000064e-02
2.338505399999999887e-02
2.346013900000000138e-02
2.353511900000000018e-02
2.360999600000000115e-02
2.368476799999999841e-02
2.375943800000000078e-02
2.383400299999999944e-02
2.390846599999999975e-02
2.398282700000000170e-02
2.405708700000000130e-02
2.413124599999999856e-02
2.420530499999999988e-02
2.427926500000000126e-02
2.435312599999999925e-02
2.442688900000000024e-02
2.450055400000000078e-02
2.457412100000000085e-02
2.464759299999999889e-02
2.472096899999999889e-02
2.479425099999999979e-02
2.486743799999999865e-02
2.494052999999999895e-02
2.501353099999999857e-02
2.508644000000000152e-02
2.515925700000000084e-02
2.523198200000000002e-02
2.530461700000000147e-02
2.537716599999999961e-02
2.544962200000000160e-02
2.552199399999999924e-02
2.559427699999999861e-02
2.566647500000000109e-02
2.573858600000000080e-02
2.581061399999999909e-02
2.588255700000000048e-02
2.595441799999999993e-02
2.602619499999999850e-02
2.609789200000000101e-02
2.616950900000000052e-02
2.624104500000000104e-02
2.631250200000000150e-02
2.638388100000000139e-02
2.645518300000000017e-02
2.652640800000000132e-02
2.659755899999999978e-02
2.666863400000000009e-02
2.673963600000000065e-02
2.681056600000000095e-02
2.688142300000000151e-02
2.695220900000000128e-02
2.702292400000000025e-02
2.709357100000000032e-02
2.716414799999999907e-02
2.723465900000000134e-02
2.730510200000000123e-02
2.737548000000000065e-02
2.744579499999999853e-02
2.751604499999999939e-02
2.758623300000000167e-02
2.765635799999999894e-02
2.772642300000000004e-02
2.779642699999999855e-02
2.786637299999999984e-02
2.793626100000000043e-02
2.800609199999999979e-02
2.807586600000000140e-02
2.814558699999999969e-02
2.821525199999999969e-02
2.828486599999999879e-02
2.835442700000000149e-02
2.842393699999999981e-02
2.849339700000000017e-02
2.856280799999999856e-02
2.863217100000000140e-02
2.870148800000000069e-02
2.877075999999999939e-02
2.883998499999999854e-02
2.890916699999999950e-02
2.897830900000000071e-02
2.904740700000000078e-02
2.911646500000000110e-02
2.918548300000000165e-02
2.925446300000000138e-02
2.932340699999999925e-02
2.939231299999999977e-02
2.946118500000000084e-02
2.953002199999999952e-02
2.959882700000000116e-02
2.966759899999999936e-02
2.973634199999999894e-02
2.980505500000000044e-02
2.987373999999999932e-02
2.994239699999999907e-02
3.001103000000000104e-02
3.007963500000000040e-02
3.014821700000000146e-02
3.021677799999999969e-02
3.028531699999999910e-02
3.035383499999999915e-02
3.042233399999999879e-02
3.049081600000000045e-02
3.055928100000000064e-02
3.062772899999999937e-02
3.069616299999999853e-02
3.076458500000000054e-02
3.083299499999999846e-02
3.090139299999999922e-02
3.096978200000000125e-02
3.103816300000000056e-02
3.110653700000000008e-02
3.117490599999999876e-02
3.124326800000000112e-02
3.131162700000000160e-02
3.137998699999999808e-02
3.144834600000000202e-02
3.151670100000000113e-02
3.158505999999999814e-02
3.165342299999999998e-02
3.172178900000000024e-02
3.179016300000000322e-02
3.185854099999999717e-02
3.192692999999999920e-02
3.199532599999999755e-02
3.206373800000000135e-02
3.213215600000000199e-02
3.220059000000000116e-02
3.226903799999999989e-02
3.233750500000000250e-02
3.240598699999999721e-02
3.247449200000000064e-02
3.254301500000000152e-02
3.261155599999999988e-02
3.268012399999999790e-02
3.274871800000000305e-02
3.281733399999999662e-02
3.288598000000000215e-02
3.295465599999999884e-02
3.302336100000000108e-02
3.309209600000000140e-02
3.316086900000000254e-02
3.322967100000000229e-02
3.329851100000000286e-02
3.336739200000000266e-02
3.343630999999999687e-02
3.350526799999999777e-02
3.357426799999999739e-02
3.364331300000000108e-02
3.371240200000000242e-02
3.378153600000000090e-02
3.385072199999999976e-02
3.391995700000000058e-02
3.398924300000000231e-02
3.405858199999999697e-02
3.412797699999999684e-02
3.419742399999999710e-02
3.426693399999999889e-02
3.433649999999999897e-02
3.440612900000000057e-02
3.447581799999999835e-02
3.454557400000000250e-02
3.461539699999999914e-02
3.468528800000000162e-02
3.475524900000000195e-02
3.482527700000000170e-02
3.489538300000000204e-02
3.496555999999999970e-02
3.503581499999999793e-02
3.510614900000000316e-02
3.517656400000000044e-02
3.524705799999999778e-02
3.531763699999999895e-02
3.538830200000000342e-02
3.545905299999999732e-02
3.552989299999999989e-02
3.560082600000000208e-02
3.567185300000000336e-02
3.574297199999999786e-02
3.581418799999999680e-02
3.588550499999999810e-02
3.595692300000000174e-02
3.602844100000000133e-02
3.610006300000000168e-02
3.617179400000000017e-02
3.624363600000000268e-02
3.631558599999999692e-02
3.638764800000000160e-02
3.645982600000000073e-02
3.653212299999999968e-02
3.660453500000000054e-02
3.667706999999999912e-02
3.674972800000000234e-02
3.682251300000000116e-02
3.689542800000000095e-02
3.696847000000000327e-02
3.704164199999999962e-02
3.711495199999999967e-02
3.718840000000000340e-02
3.726198499999999747e-02
3.733571200000000007e-02
3.740958099999999731e-02
3.748359899999999939e-02
3.755776599999999937e-02
3.763208199999999726e-02
3.770654999999999840e-02
3.778117899999999807e-02
3.785596399999999889e-02
3.793090999999999824e-02
3.800601900000000199e-02
3.808129600000000059e-02
3.815674000000000149e-02
3.823235600000000206e-02
3.830814700000000073e-02
3.838411700000000232e-02
3.846026599999999990e-02
3.853659300000000093e-02
3.861311099999999857e-02
3.868981500000000240e-02
3.876670799999999695e-02
3.884379599999999988e-02
3.892108400000000162e-02
3.899856699999999787e-02
3.907625700000000313e-02
3.915414999999999868e-02
3.923225400000000113e-02
3.931057100000000248e-02
3.938910000000000328e-02
3.946784899999999929e-02
3.954682100000000283e-02
3.962601699999999949e-02
3.970544000000000157e-02
3.978509799999999791e-02
3.986499100000000240e-02
3.994511800000000168e-02
4.002549100000000332e-02
4.010611000000000037e-02
4.018697499999999978e-02
4.026809700000000269e-02
4.034947199999999734e-02
4.043111199999999822e-02
4.051301300000000050e-02
4.059518100000000101e-02
4.067762199999999662e-02
4.076034199999999802e-02
4.084333799999999987e-02
4.092661699999999847e-02
4.101018599999999709e-02
4.109405000000000002e-02
4.117820800000000087e-02
4.126266800000000234e-02
4.134742899999999804e-02
4.143250400000000194e-02
4.151789100000000121e-02
4.160359899999999805e-02
4.168962699999999993e-02
4.177598700000000054e-02
4.186267800000000039e-02
4.194970399999999738e-02
4.203707699999999908e-02
4.212479699999999855e-02
4.221286600000000166e-02
4.230129700000000159e-02
4.239008899999999885e-02
4.247925100000000259e-02
4.256878399999999840e-02
4.265870199999999973e-02
4.274899900000000280e-02
4.283969099999999919e-02
4.293077399999999794e-02
4.302226399999999756e-02
4.311416299999999702e-02
4.320647200000000271e-02
4.329920599999999981e-02
4.339236400000000271e-02
4.348595400000000027e-02
4.357998800000000006e-02
4.367446500000000259e-02
4.376939700000000155e-02
4.386478700000000230e-02
4.396064200000000116e-02
4.405697399999999875e-02
4.415378699999999990e-02
4.425108800000000092e-02
4.434888399999999814e-02
4.444718699999999911e-02
4.454599699999999690e-02
4.464532799999999801e-02
4.474518799999999824e-02
4.484558100000000241e-02
4.494652200000000264e-02
4.504800999999999944e-02
4.515005999999999881e-02
4.525268500000000083e-02
4.535588200000000014e-02
4.545967299999999905e-02
4.556405499999999914e-02
4.566904900000000322e-02
4.577465700000000332e-02
4.588089499999999793e-02
4.598776999999999726e-02
4.609528899999999763e-02
4.620346799999999754e-02
4.631231400000000026e-02
4.642184099999999841e-02
4.653205700000000167e-02
4.664297800000000160e-02
4.675461399999999990e-02
4.686697199999999980e-02
4.698007199999999772e-02
4.709391999999999745e-02
4.720853299999999697e-02
4.732392400000000332e-02
4.744009999999999894e-02
4.755708599999999842e-02
4.767488300000000123e-02
4.779351899999999959e-02
4.791299599999999936e-02
4.803333399999999698e-02
4.815455200000000324e-02
4.827666299999999744e-02
4.839967900000000101e-02
4.852362000000000342e-02
4.864850300000000266e-02
4.877434700000000262e-02
4.890116299999999749e-02
4.902897800000000084e-02
4.915780200000000044e-02
4.928765799999999808e-02
4.941856499999999763e-02
4.955054099999999656e-02
4.968360799999999716e-02
4.981778900000000121e-02
4.995310299999999870e-02
5.008957199999999887e-02
5.022721699999999762e-02
5.036606600000000100e-02
5.050614099999999745e-02
5.064745999999999831e-02
5.079005699999999957e-02
5.093395299999999709e-02
5.107917299999999855e-02
5.122574800000000150e-02
5.137370499999999868e-02
5.152307099999999668e-02
5.167387400000000158e-02
5.182615299999999980e-02
5.197992900000000110e-02
5.213523700000000094e-02
5.229211200000000170e-02
5.245058600000000043e-02
5.261069899999999688e-02
5.277248100000000303e-02
5.293596899999999938e-02
5.310120399999999907e-02
5.326822800000000080e-02
5.343707699999999949e-02
5.360779499999999975e-02
5.378042499999999976e-02
5.395501500000000200e-02
5.413160100000000141e-02
5.431024400000000057e-02
5.449098299999999978e-02
5.467387299999999783e-02
5.485896400000000311e-02
5.504631599999999791e-02
5.523597799999999808e-02
5.542801299999999820e-02
5.562248100000000139e-02
5.581943699999999953e-02
5.601895600000000169e-02
5.622109799999999713e-02
5.642593299999999756e-02
5.663353200000000032e-02
5.684397399999999850e-02
5.705733200000000227e-02
5.727368199999999937e-02
5.749311700000000330e-02
5.771571400000000129e-02
5.794156699999999938e-02
5.817076599999999875e-02
5.840341000000000282e-02
5.863960099999999953e-02
5.887944299999999659e-02
5.912303900000000223e-02
5.937051000000000134e-02
5.962197500000000067e-02
5.987754800000000266e-02
6.013736900000000302e-02
6.040156299999999839e-02
6.067027500000000267e-02
6.094365200000000093e-02
6.122184499999999696e-02
6.150501600000000263e-02
6.179332700000000206e-02
6.208696200000000248e-02
6.238609900000000041e-02
6.269092900000000634e-02
6.300166199999999994e-02
6.331849800000000084e-02
6.364167499999999478e-02
6.397141500000000369e-02
6.430797300000000438e-02
6.465159400000000667e-02
6.500256799999999668e-02
6.536116499999999885e-02
6.572770299999999843e-02
6.610250500000000584e-02
6.648588900000000634e-02
6.687822899999999737e-02
6.727990500000000096e-02
6.769130399999999381e-02
6.811286499999999466e-02
6.854503600000000363e-02
6.898828599999999589e-02
6.944313600000000253e-02
6.991013100000000036e-02
7.038983699999999677e-02
7.088287199999999955e-02
7.138989900000000666e-02
7.191162600000000626e-02
7.244879799999999481e-02
7.300222700000000287e-02
7.357277700000000586e-02
7.416138099999999844e-02
7.476905000000000356e-02
7.539685100000000084e-02
7.604595999999999578e-02
7.671762999999999499e-02
7.741323899999999480e-02
7.813426900000000619e-02
7.888232900000000103e-02
7.965917899999999663e-02
8.046672500000000283e-02
8.130708300000000222e-02
8.218252700000000521e-02
8.309560300000000399e-02
8.404907600000000034e-02
8.504601600000000206e-02
8.608982699999999377e-02
8.718427300000000657e-02
8.833356200000000436e-02
8.954236699999999771e-02
9.081596100000000060e-02
9.216024000000000438e-02
9.358188500000000354e-02
9.508845200000000386e-02
9.668856100000000620e-02
9.839204000000000006e-02
1.002102099999999940e-01
1.021561299999999978e-01
1.042449899999999957e-01
1.064945199999999953e-01
1.089256100000000060e-01
1.115629900000000008e-01
1.144362000000000018e-01
1.175808500000000006e-01
1.210402000000000006e-01
1.248674300000000015e-01
1.291286199999999995e-01
1.339068999999999954e-01
1.393084199999999884e-01
1.454707799999999940e-01
1.525756699999999966e-01
1.608677699999999933e-01
1.706842000000000081e-01
1.825017300000000009e-01
1.970145100000000038e-01
2.152666000000000024e-01
2.388840499999999867e-01
2.704854600000000109e-01
3.143777799999999956e-01
3.774860500000000174e-01
4.698087300000000077e-01
5.948144199999999548e-01
