1.043000000000000000e+03
0.000000000000000000e+00
2.083999999999999986e+01
6.069759099999999519e-01
7.395365799999999989e-01
8.468772799999999545e-01
9.165052799999999777e-01
9.558538800000000446e-01
9.767903100000000505e-01
9.877226900000000143e-01
9.934241200000000216e-01
9.964170500000000263e-01
9.980059300000000411e-01
9.988616700000000348e-01
9.993298099999999851e-01
9.995878900000000344e-01
9.997247500000000509e-01
9.997768400000000000e-01
9.997382200000000108e-01
9.995485499999999801e-01
9.990563399999999872e-01
9.979562800000000289e-01
9.957065600000000183e-01
9.914491199999999615e-01
9.839330299999999863e-01
9.712339599999999518e-01
9.500042199999999548e-01
9.166976199999999908e-01
8.698189899999999586e-01
8.084506399999999982e-01
7.316058899999999809e-01
6.398462099999999708e-01
5.377469099999999669e-01
4.339073299999999800e-01
3.373134400000000199e-01
2.540442600000000217e-01
1.865033200000000002e-01
1.342321800000000065e-01
9.517399999999999471e-02
6.673020100000000288e-02
4.639999899999999733e-02
3.206525400000000137e-02
2.205790399999999971e-02
1.512265200000000032e-02
1.034256100000000012e-02
7.061341300000000161e-03
4.815914200000000200e-03
3.282863599999999785e-03
2.238004500000000205e-03
1.526801400000000076e-03
1.043174999999999918e-03
7.145391400000000205e-04
4.913448900000000254e-04
3.398302899999999837e-04
2.370219699999999929e-04
1.673032099999999950e-04
1.200657399999999940e-04
8.810694299999999931e-05
6.653796300000000444e-05
5.204083599999999662e-05
4.236377899999999838e-05
3.597846100000000118e-05
3.184740099999999876e-05
2.926621899999999973e-05
2.775659000000000050e-05
2.699368799999999924e-05
2.675693799999999850e-05
2.689661799999999849e-05
2.731119599999999939e-05
2.793194300000000031e-05
2.871246600000000029e-05
2.962161999999999914e-05
3.063867899999999777e-05
3.175002699999999979e-05
3.294695100000000080e-05
3.422408200000000061e-05
3.557838900000000133e-05
3.700843100000000108e-05
3.851390600000000042e-05
4.009528899999999869e-05
4.175361800000000211e-05
4.349034500000000246e-05
4.530720600000000194e-05
4.720616899999999726e-05
4.918936999999999827e-05
5.125907400000000077e-05
5.341766499999999943e-05
5.566761299999999763e-05
5.801147200000000191e-05
6.045186500000000062e-05
6.299147900000000419e-05
6.563307400000000240e-05
6.837945699999999375e-05
7.123347999999999345e-05
7.419806900000000560e-05
7.727618500000000288e-05
8.047085399999999640e-05
8.378512599999999623e-05
8.722212800000000293e-05
9.078501899999999762e-05
9.447699299999999772e-05
9.830130099999999621e-05
1.022612599999999934e-04
1.063601700000000032e-04
1.106014399999999973e-04
1.149884799999999972e-04
1.195247400000000004e-04
1.242137399999999957e-04
1.290589999999999988e-04
1.340640999999999892e-04
1.392326699999999905e-04
1.445683300000000118e-04
1.500747600000000126e-04
1.557557000000000104e-04
1.616148800000000087e-04
1.676560599999999995e-04
1.738830800000000076e-04
1.802997400000000004e-04
1.869099200000000056e-04
1.937174799999999951e-04
2.007263699999999875e-04
2.079404799999999976e-04
2.153637900000000057e-04
2.230002599999999905e-04
2.308538699999999866e-04
2.389286400000000042e-04
2.472285999999999863e-04
2.557577700000000244e-04
2.645201999999999818e-04
2.735199500000000069e-04
2.827610899999999914e-04
2.922476899999999897e-04
3.019838200000000018e-04
3.119735599999999879e-04
3.222210499999999937e-04
3.327302999999999880e-04
3.435054100000000136e-04
3.545505200000000079e-04
3.658696399999999938e-04
3.774668400000000257e-04
3.893462100000000237e-04
4.015118199999999880e-04
4.139676500000000073e-04
4.267177699999999733e-04
4.397661500000000145e-04
4.531168399999999943e-04
4.667737799999999984e-04
4.807409100000000044e-04
4.950221600000000296e-04
5.096214600000000374e-04
5.245427000000000423e-04
5.397897299999999477e-04
5.553663400000000052e-04
5.712762900000000442e-04
5.875234499999999966e-04
6.041114100000000457e-04
6.210440199999999866e-04
6.383247699999999684e-04
6.559573200000000034e-04
6.739453500000000237e-04
6.922922300000000076e-04
7.110015099999999729e-04
7.300766300000000519e-04
7.495209600000000061e-04
7.693378700000000304e-04
7.895306299999999607e-04
8.101024999999999979e-04
8.310565599999999780e-04
8.523961299999999706e-04
8.741240599999999718e-04
8.962435499999999887e-04
9.187574599999999772e-04
9.416687500000000361e-04
9.649801700000000190e-04
9.886946099999999790e-04
1.012814600000000106e-03
1.037342899999999998e-03
1.062282099999999931e-03
1.087634700000000105e-03
1.113403100000000040e-03
1.139589799999999936e-03
1.166196900000000076e-03
1.193226799999999978e-03
1.220681500000000107e-03
1.248563199999999911e-03
1.276874000000000108e-03
1.305615499999999941e-03
1.334789999999999978e-03
1.364399000000000080e-03
1.394444400000000028e-03
1.424927500000000048e-03
1.455850199999999921e-03
1.487213899999999906e-03
1.519019799999999981e-03
1.551269600000000073e-03
1.583964100000000022e-03
1.617104600000000055e-03
1.650692399999999964e-03
1.684728300000000022e-03
1.719213200000000103e-03
1.754148000000000079e-03
1.789533500000000006e-03
1.825370200000000056e-03
1.861658900000000066e-03
1.898399999999999957e-03
1.935593900000000082e-03
1.973240900000000110e-03
2.011341499999999994e-03
2.049895500000000099e-03
2.088903400000000164e-03
2.128365000000000118e-03
2.168280099999999894e-03
2.208648699999999927e-03
2.249470899999999815e-03
2.290745700000000086e-03
2.332473399999999975e-03
2.374653200000000075e-03
2.417284500000000183e-03
2.460366800000000128e-03
2.503899200000000037e-03
2.547881300000000206e-03
2.592311899999999794e-03
2.637190000000000194e-03
2.682514999999999900e-03
2.728285500000000169e-03
2.774500499999999793e-03
2.821158600000000030e-03
2.868258600000000037e-03
2.915798900000000134e-03
2.963778299999999914e-03
3.012195200000000132e-03
3.061048199999999875e-03
3.110335200000000164e-03
3.160054600000000019e-03
3.210204899999999795e-03
3.260783900000000044e-03
3.311789600000000083e-03
3.363220300000000201e-03
3.415073700000000045e-03
3.467347899999999837e-03
3.520040299999999990e-03
3.573149199999999925e-03
3.626671599999999919e-03
3.680605899999999861e-03
3.734948799999999926e-03
3.789698499999999935e-03
3.844852299999999834e-03
3.900407299999999935e-03
3.956361200000000321e-03
4.012710899999999935e-03
4.069454000000000127e-03
4.126587400000000273e-03
4.184108199999999819e-03
4.242014100000000149e-03
4.300301400000000433e-03
4.358967299999999719e-03
4.418008999999999652e-03
4.477423200000000408e-03
4.537206099999999825e-03
4.597356099999999959e-03
4.657868299999999573e-03
4.718740499999999650e-03
4.779969299999999900e-03
4.841550699999999825e-03
4.903482300000000342e-03
4.965759299999999814e-03
5.028379599999999693e-03
5.091339299999999950e-03
5.154634800000000225e-03
5.218262300000000090e-03
5.282218600000000187e-03
5.346499799999999622e-03
5.411102899999999973e-03
5.476023499999999739e-03
5.541258000000000294e-03
5.606803100000000081e-03
5.672655100000000006e-03
5.738810199999999639e-03
5.805264200000000152e-03
5.872013500000000316e-03
5.939054800000000307e-03
6.006383799999999960e-03
6.073996400000000045e-03
6.141889400000000339e-03
6.210058899999999944e-03
6.278500900000000100e-03
6.347211099999999773e-03
6.416185799999999870e-03
6.485421699999999699e-03
6.554914200000000295e-03
6.624659500000000360e-03
6.694654000000000403e-03
6.764893400000000258e-03
6.835373999999999964e-03
6.906092200000000028e-03
6.977043100000000081e-03
7.048223600000000366e-03
7.119629500000000319e-03
7.191257099999999979e-03
7.263102100000000047e-03
7.335160900000000164e-03
7.407428700000000428e-03
7.479902800000000351e-03
7.552578600000000100e-03
7.625452700000000250e-03
7.698520599999999700e-03
7.771778400000000156e-03
7.845222900000000527e-03
7.918849599999999711e-03
7.992654099999999678e-03
8.066634600000000682e-03
8.140784700000000540e-03
8.215102400000000304e-03
8.289582999999999674e-03
8.364222899999999156e-03
8.439019299999999529e-03
8.513966600000000620e-03
8.589061900000000138e-03
8.664301600000000325e-03
8.739681900000000753e-03
8.815199100000000593e-03
8.890849500000000752e-03
8.966629400000000402e-03
9.042535000000000850e-03
9.118562599999999532e-03
9.194709400000000699e-03
9.270970700000000578e-03
9.347342899999999677e-03
9.423824000000000783e-03
9.500409499999999327e-03
9.577095500000000483e-03
9.653878399999999554e-03
9.730755400000000790e-03
9.807723600000000166e-03
9.884778400000000451e-03
9.961917100000000289e-03
1.003913700000000006e-02
1.011643299999999933e-02
1.019380200000000007e-02
1.027124299999999935e-02
1.034875000000000031e-02
1.042632200000000002e-02
1.050395399999999937e-02
1.058164399999999943e-02
1.065938900000000002e-02
1.073718499999999978e-02
1.081502999999999978e-02
1.089291899999999917e-02
1.097085100000000021e-02
1.104882299999999928e-02
1.112683100000000022e-02
1.120487199999999940e-02
1.128294300000000014e-02
1.136104299999999949e-02
1.143916700000000009e-02
1.151731299999999951e-02
1.159547799999999934e-02
1.167366000000000063e-02
1.175185599999999976e-02
1.183006300000000004e-02
1.190827799999999957e-02
1.198649899999999942e-02
1.206472299999999942e-02
1.214294800000000063e-02
1.222117099999999942e-02
1.229939000000000032e-02
1.237760100000000023e-02
1.245580399999999914e-02
1.253399399999999969e-02
1.261217100000000015e-02
1.269033299999999982e-02
1.276847400000000014e-02
1.284659600000000006e-02
1.292469299999999925e-02
1.300276499999999946e-02
1.308081000000000001e-02
1.315882500000000073e-02
1.323680900000000042e-02
1.331475699999999998e-02
1.339267100000000009e-02
1.347054599999999991e-02
1.354838300000000065e-02
1.362617600000000026e-02
1.370392599999999995e-02
1.378162999999999958e-02
1.385928600000000017e-02
1.393689199999999934e-02
1.401444800000000053e-02
1.409195000000000066e-02
1.416939799999999972e-02
1.424678899999999929e-02
1.432412199999999990e-02
1.440139500000000086e-02
1.447860599999999977e-02
1.455575500000000008e-02
1.463283899999999992e-02
1.470985600000000032e-02
1.478680700000000077e-02
1.486368799999999990e-02
1.494049700000000050e-02
1.501723599999999978e-02
1.509390000000000037e-02
1.517049000000000002e-02
1.524700399999999977e-02
1.532344100000000015e-02
1.539979900000000047e-02
1.547607600000000007e-02
1.555227300000000014e-02
1.562838600000000105e-02
1.570441800000000124e-02
1.578036299999999864e-02
1.585622299999999915e-02
1.593199600000000035e-02
1.600767999999999983e-02
1.608327600000000052e-02
1.615878200000000001e-02
1.623419699999999882e-02
1.630952000000000096e-02
1.638474900000000054e-02
1.645988400000000101e-02
1.653492599999999840e-02
1.660987200000000122e-02
1.668472000000000011e-02
1.675947200000000095e-02
1.683412499999999840e-02
1.690867899999999938e-02
1.698313499999999990e-02
1.705749000000000154e-02
1.713174199999999842e-02
1.720589399999999936e-02
1.727994299999999900e-02
1.735389000000000029e-02
1.742773300000000081e-02
1.750147200000000056e-02
1.757510400000000111e-02
1.764863399999999985e-02
1.772205500000000045e-02
1.779537100000000080e-02
1.786857999999999849e-02
1.794168200000000046e-02
1.801467500000000083e-02
1.808755999999999906e-02
1.816033800000000156e-02
1.823300500000000005e-02
1.830556200000000092e-02
1.837801199999999913e-02
1.845035000000000078e-02
1.852257699999999840e-02
1.859469500000000136e-02
1.866670100000000082e-02
1.873859599999999972e-02
1.881037799999999913e-02
1.888205100000000039e-02
1.895360999999999921e-02
1.902505800000000094e-02
1.909639100000000075e-02
1.916761499999999896e-02
1.923872299999999924e-02
1.930972200000000139e-02
1.938060499999999867e-02
1.945137599999999939e-02
1.952203400000000061e-02
1.959257899999999886e-02
1.966301200000000055e-02
1.973333000000000031e-02
1.980353500000000058e-02
1.987362700000000135e-02
1.994360400000000019e-02
2.001346999999999848e-02
2.008322300000000074e-02
2.015286100000000108e-02
2.022238599999999845e-02
2.029179999999999873e-02
2.036109900000000056e-02
2.043028699999999837e-02
2.049936000000000119e-02
2.056832199999999999e-02
2.063717099999999929e-02
2.070590900000000151e-02
2.077453199999999833e-02
2.084304600000000049e-02
2.091144600000000020e-02
2.097973399999999988e-02
2.104791300000000143e-02
2.111597900000000000e-02
2.118393400000000149e-02
2.125177899999999842e-02
2.131951199999999880e-02
2.138713600000000103e-02
2.145465100000000166e-02
2.152205399999999880e-02
2.158935000000000021e-02
2.165653600000000054e-02
2.172361100000000031e-02
2.179058099999999984e-02
2.185743999999999881e-02
2.192419199999999860e-02
2.199083799999999866e-02
2.205737500000000059e-02
2.212380599999999933e-02
2.219013099999999836e-02
2.225635000000000113e-02
2.232246300000000072e-02
2.238847100000000007e-02
2.245437399999999917e-02
2.252017099999999855e-02
2.258586699999999906e-02
2.265145799999999932e-02
2.271694499999999881e-02
2.278233099999999942e-02
2.284761299999999926e-02
2.291279499999999969e-02
2.297787600000000124e-02
2.304285400000000150e-02
2.310773199999999888e-02
2.317251099999999980e-02
2.323719100000000079e-02
2.330177099999999890e-02
2.336625399999999950e-02
2.343063800000000016e-02
2.349492300000000089e-02
2.355911399999999906e-02
2.362320799999999971e-02
2.368720599999999885e-02
2.375110799999999994e-02
2.381491700000000142e-02
2.387863000000000138e-02
2.394225100000000120e-02
2.400577799999999845e-02
2.406921199999999955e-02
2.413255499999999998e-02
2.419580699999999973e-02
2.425896699999999934e-02
2.432203900000000016e-02
2.438502000000000031e-02
2.444791199999999873e-02
2.451071499999999889e-02
2.457343199999999922e-02
2.463606000000000129e-02
2.469860399999999900e-02
2.476106000000000140e-02
2.482343099999999997e-02
2.488571800000000112e-02
2.494792100000000137e-02
2.501004000000000074e-02
2.507207700000000164e-02
2.513403100000000112e-02
2.519590400000000160e-02
2.525769699999999909e-02
2.531940900000000105e-02
2.538104199999999949e-02
2.544259499999999841e-02
2.550407099999999969e-02
2.556546999999999986e-02
2.562679199999999893e-02
2.568803700000000037e-02
2.574920699999999965e-02
2.581030100000000077e-02
2.587132300000000162e-02
2.593227099999999979e-02
2.599314600000000169e-02
2.605394999999999933e-02
2.611468200000000017e-02
2.617534399999999969e-02
2.623593600000000137e-02
2.629645900000000119e-02
2.635691299999999918e-02
2.641729799999999878e-02
2.647761800000000137e-02
2.653787100000000107e-02
2.659806099999999923e-02
2.665818299999999849e-02
2.671824199999999969e-02
2.677823799999999935e-02
2.683817000000000147e-02
2.689804100000000101e-02
2.695785100000000142e-02
2.701760099999999873e-02
2.707729099999999986e-02
2.713692200000000082e-02
2.719649500000000109e-02
2.725601000000000065e-02
2.731546899999999847e-02
2.737487300000000096e-02
2.743422200000000116e-02
2.749351599999999909e-02
2.755275600000000116e-02
2.761194299999999990e-02
2.767108000000000068e-02
2.773016299999999865e-02
2.778919800000000107e-02
2.784818199999999910e-02
2.790711800000000159e-02
2.796600600000000159e-02
2.802484499999999962e-02
2.808363900000000052e-02
2.814238700000000135e-02
2.820109000000000157e-02
2.825974900000000067e-02
2.831836399999999865e-02
2.837693700000000138e-02
2.843546900000000141e-02
2.849395899999999926e-02
2.855240900000000082e-02
2.861081999999999861e-02
2.866919299999999907e-02
2.872752799999999870e-02
2.878582699999999994e-02
2.884408800000000037e-02
2.890231500000000134e-02
2.896050699999999992e-02
2.901866700000000146e-02
2.907679399999999956e-02
2.913488800000000115e-02
2.919295200000000118e-02
2.925098500000000018e-02
2.930899000000000004e-02
2.936696399999999887e-02
2.942491300000000046e-02
2.948283399999999943e-02
2.954072900000000168e-02
2.959859899999999974e-02
2.965644599999999950e-02
2.971426799999999854e-02
2.977206699999999928e-02
2.982984500000000067e-02
2.988760400000000164e-02
2.994534000000000085e-02
3.000306000000000153e-02
3.006076099999999834e-02
3.011844300000000169e-02
3.017611099999999852e-02
3.023376100000000136e-02
3.029139700000000116e-02
3.034902000000000086e-02
3.040663199999999941e-02
3.046422799999999945e-02
3.052181600000000022e-02
3.057939200000000038e-02
3.063696100000000075e-02
3.069451999999999944e-02
3.075207199999999835e-02
3.080961700000000095e-02
3.086715799999999871e-02
3.092469100000000068e-02
3.098222200000000023e-02
3.103975200000000031e-02
3.109727799999999903e-02
3.115480400000000122e-02
3.121232999999999994e-02
3.126985599999999865e-02
3.132738499999999926e-02
3.138491499999999934e-02
3.144245200000000268e-02
3.149998899999999907e-02
3.155753800000000303e-02
3.161508999999999847e-02
3.167264899999999717e-02
3.173021599999999859e-02
3.178779400000000116e-02
3.184538299999999794e-02
3.190298400000000228e-02
3.196059500000000136e-02
3.201822199999999896e-02
3.207585999999999771e-02
3.213351600000000086e-02
3.219119100000000094e-02
3.224888100000000007e-02
3.230658899999999667e-02
3.236431599999999714e-02
3.242206599999999939e-02
3.247983399999999909e-02
3.253762799999999900e-02
3.259544400000000119e-02
3.265328299999999823e-02
3.271115200000000028e-02
3.276904299999999770e-02
3.282696799999999804e-02
3.288491400000000120e-02
3.294289499999999982e-02
3.300090900000000188e-02
3.305895300000000203e-02
3.311702600000000080e-02
3.317513700000000038e-02
3.323328500000000130e-02
3.329146699999999820e-02
3.334968900000000180e-02
3.340794500000000139e-02
3.346624599999999811e-02
3.352458400000000310e-02
3.358296699999999829e-02
3.364139399999999808e-02
3.369986299999999657e-02
3.375837599999999966e-02
3.381693699999999830e-02
3.387554699999999891e-02
3.393420600000000148e-02
3.399291599999999802e-02
3.405167500000000347e-02
3.411048700000000183e-02
3.416935399999999901e-02
3.422827600000000192e-02
3.428725199999999723e-02
3.434628599999999671e-02
3.440537999999999930e-02
3.446453399999999806e-02
3.452374799999999994e-02
3.458302500000000335e-02
3.464236500000000135e-02
3.470177199999999879e-02
3.476124299999999723e-02
3.482078000000000256e-02
3.488038899999999776e-02
3.494006799999999774e-02
3.499981800000000198e-02
3.505963799999999714e-02
3.511953400000000086e-02
3.517950300000000086e-02
3.523955100000000090e-02
3.529967700000000153e-02
3.535988600000000009e-02
3.542017199999999977e-02
3.548053999999999791e-02
3.554099100000000094e-02
3.560152600000000139e-02
3.566215200000000252e-02
3.572286300000000053e-02
3.578366300000000028e-02
3.584455699999999911e-02
3.590553999999999968e-02
3.596661599999999986e-02
3.602778899999999757e-02
3.608905899999999972e-02
3.615042899999999781e-02
3.621189699999999984e-02
3.627346499999999779e-02
3.633513700000000346e-02
3.639691300000000296e-02
3.645879800000000059e-02
3.652078699999999900e-02
3.658288700000000143e-02
3.664509600000000200e-02
3.670741999999999755e-02
3.676985900000000196e-02
3.683241100000000240e-02
3.689508100000000318e-02
3.695787100000000325e-02
3.702078400000000102e-02
3.708381599999999861e-02
3.714697399999999927e-02
3.721026000000000195e-02
3.727367100000000127e-02
3.733721400000000051e-02
3.740088600000000124e-02
3.746469300000000030e-02
3.752863800000000305e-02
3.759271699999999772e-02
3.765693299999999660e-02
3.772129500000000191e-02
3.778579800000000238e-02
3.785044299999999751e-02
3.791523699999999747e-02
3.798018000000000227e-02
3.804527600000000287e-02
3.811052100000000137e-02
3.817592200000000102e-02
3.824148000000000130e-02
3.830719700000000116e-02
3.837307499999999955e-02
3.843911700000000181e-02
3.850532300000000102e-02
3.857170000000000043e-02
3.863824200000000320e-02
3.870496200000000248e-02
3.877184899999999712e-02
3.883891899999999953e-02
3.890616400000000003e-02
3.897359200000000135e-02
3.904120299999999655e-02
3.910899899999999846e-02
3.917698599999999698e-02
3.924516200000000010e-02
3.931352899999999984e-02
3.938209599999999838e-02
3.945085799999999837e-02
3.951982400000000201e-02
3.958899200000000340e-02
3.965836799999999940e-02
3.972794899999999851e-02
3.979774199999999706e-02
3.986775099999999988e-02
3.993797699999999951e-02
4.000842200000000182e-02
4.007909099999999725e-02
4.014998300000000020e-02
4.022110599999999953e-02
4.029245699999999680e-02
4.036404600000000065e-02
4.043586899999999928e-02
4.050793500000000186e-02
4.058024300000000195e-02
4.065279699999999746e-02
4.072560000000000069e-02
4.079865700000000206e-02
4.087197000000000052e-02
4.094554499999999986e-02
4.101938000000000112e-02
4.109348000000000167e-02
4.116785199999999784e-02
4.124249499999999707e-02
4.131741800000000159e-02
4.139262099999999750e-02
4.146810599999999764e-02
4.154387899999999884e-02
4.161994499999999847e-02
4.169630299999999706e-02
4.177296199999999682e-02
4.184992600000000257e-02
4.192719200000000201e-02
4.200477200000000272e-02
4.208266699999999721e-02
4.216088400000000264e-02
4.223941999999999974e-02
4.231828499999999715e-02
4.239748399999999917e-02
4.247701899999999781e-02
4.255689299999999842e-02
4.263711299999999732e-02
4.271768399999999882e-02
4.279860900000000135e-02
4.287989400000000173e-02
4.296154499999999682e-02
4.304356100000000102e-02
4.312595699999999949e-02
4.320872900000000127e-02
4.329188500000000217e-02
4.337543199999999849e-02
4.345937400000000200e-02
4.354371900000000156e-02
4.362846900000000305e-02
4.371362899999999690e-02
4.379920699999999972e-02
4.388520900000000141e-02
4.397163899999999986e-02
4.405850499999999781e-02
4.414581499999999797e-02
4.423356800000000089e-02
4.432177899999999865e-02
4.441044899999999768e-02
4.449958400000000175e-02
4.458919199999999972e-02
4.467928399999999967e-02
4.476986100000000107e-02
4.486092900000000078e-02
4.495250399999999730e-02
4.504458599999999757e-02
4.513718199999999792e-02
4.523030299999999948e-02
4.532395699999999805e-02
4.541814699999999899e-02
4.551288500000000292e-02
4.560818199999999711e-02
4.570404100000000081e-02
4.580047000000000285e-02
4.589747999999999745e-02
4.599508299999999911e-02
4.609328099999999984e-02
4.619209099999999762e-02
4.629151499999999836e-02
4.639156900000000056e-02
4.649225600000000264e-02
4.659359200000000312e-02
4.669558299999999884e-02
4.679823999999999790e-02
4.690157600000000038e-02
4.700560100000000102e-02
4.711032300000000256e-02
4.721576000000000245e-02
4.732191599999999859e-02
4.742880499999999749e-02
4.753643999999999925e-02
4.764483500000000343e-02
4.775400099999999731e-02
4.786394900000000285e-02
4.797469099999999986e-02
4.808624499999999968e-02
4.819862500000000188e-02
4.831184100000000120e-02
4.842590499999999826e-02
4.854083800000000282e-02
4.865665400000000057e-02
4.877336699999999803e-02
4.889098900000000275e-02
4.900954300000000263e-02
4.912903899999999935e-02
4.924950000000000161e-02
4.937093699999999669e-02
4.949337200000000075e-02
4.961682099999999845e-02
4.974130499999999955e-02
4.986684000000000255e-02
4.999344800000000283e-02
5.012114699999999784e-02
5.024996000000000324e-02
5.037990600000000208e-02
5.051100599999999718e-02
5.064327999999999885e-02
5.077675699999999875e-02
5.091145600000000077e-02
5.104740299999999814e-02
5.118462399999999801e-02
5.132313799999999732e-02
5.146297400000000161e-02
5.160416300000000150e-02
5.174672599999999983e-02
5.189069400000000110e-02
5.203609900000000232e-02
5.218296499999999782e-02
5.233132499999999798e-02
5.248120800000000141e-02
5.263265200000000199e-02
5.278568699999999780e-02
5.294034999999999713e-02
5.309667400000000342e-02
5.325469399999999826e-02
5.341444900000000273e-02
5.357597800000000327e-02
5.373932000000000014e-02
5.390451799999999849e-02
5.407161600000000290e-02
5.424065100000000084e-02
5.441167599999999910e-02
5.458472999999999797e-02
5.475987100000000163e-02
5.493713900000000289e-02
5.511659000000000003e-02
5.529827999999999827e-02
5.548225700000000010e-02
5.566858499999999960e-02
5.585731599999999714e-02
5.604851599999999961e-02
5.624224600000000268e-02
5.643857299999999882e-02
5.663756300000000188e-02
5.683928399999999687e-02
5.704381299999999877e-02
5.725122199999999745e-02
5.746159299999999831e-02
5.767500400000000194e-02
5.789153999999999828e-02
5.811128799999999706e-02
5.833433899999999894e-02
5.856078900000000198e-02
5.879073199999999833e-02
5.902427799999999947e-02
5.926152300000000345e-02
5.950259000000000104e-02
5.974758399999999942e-02
5.999663100000000165e-02
6.024985800000000336e-02
6.050739100000000065e-02
6.076936799999999722e-02
6.103593499999999950e-02
6.130723700000000054e-02
6.158343299999999992e-02
6.186468500000000259e-02
6.215116400000000180e-02
6.244304800000000100e-02
6.274052700000000427e-02
6.304379599999999917e-02
6.335306200000000165e-02
6.366853399999999885e-02
6.399045100000000375e-02
6.431905200000000156e-02
6.465458100000000263e-02
6.499730800000000364e-02
6.534750799999999860e-02
6.570547799999999772e-02
6.607152500000000594e-02
6.644598399999999960e-02
6.682919700000000685e-02
6.722153000000000156e-02
6.762336900000000262e-02
6.803513299999999764e-02
6.845724599999999938e-02
6.889018399999999320e-02
6.933443200000000139e-02
6.979051999999999478e-02
7.025898999999999339e-02
7.074045399999999428e-02
7.123553800000000102e-02
7.174491099999999455e-02
7.226931300000000169e-02
7.280951700000000415e-02
7.336635099999999632e-02
7.394070899999999336e-02
7.453355899999999923e-02
7.514592999999999967e-02
7.577893900000000349e-02
7.643379999999999619e-02
7.711181799999999864e-02
7.781440800000000158e-02
7.854310400000000247e-02
7.929957699999999610e-02
8.008566500000000032e-02
8.090335099999999835e-02
8.175481099999999668e-02
8.264244299999999599e-02
8.356887799999999922e-02
8.453702200000000333e-02
8.555007000000000583e-02
8.661157599999999568e-02
8.772549799999999898e-02
8.889623700000000295e-02
9.012870500000000340e-02
9.142844399999999760e-02
9.280167500000000014e-02
9.425543999999999589e-02
9.579773199999999655e-02
9.743766500000000663e-02
9.918569000000000691e-02
1.010538400000000059e-01
1.030560499999999963e-01
1.052085299999999946e-01
1.075303199999999987e-01
1.100438499999999986e-01
1.127758199999999988e-01
1.157582100000000003e-01
1.190297000000000022e-01
1.226375400000000032e-01
1.266400500000000040e-01
1.311100699999999952e-01
1.361398400000000120e-01
1.418478300000000081e-01
1.483888499999999888e-01
1.559689200000000109e-01
1.648682399999999992e-01
1.754769800000000046e-01
1.883537000000000128e-01
2.043227999999999989e-01
2.246427799999999864e-01
2.513032599999999728e-01
2.875460699999999870e-01
3.386959700000000129e-01
4.130115799999999893e-01
5.205999599999999727e-01
