9.250000000000000000e+02
0.000000000000000000e+00
1.848000000000000043e+01
6.069998699999999969e-01
7.395501700000000067e-01
8.468803200000000198e-01
9.165026499999999743e-01
9.558503600000000100e-01
9.767877499999999547e-01
9.877213799999999821e-01
9.934235799999999728e-01
9.964169899999999469e-01
9.980061099999999463e-01
9.988619699999999879e-01
9.993300999999999989e-01
9.995881899999999876e-01
9.997251000000000332e-01
9.997773800000000488e-01
9.997393500000000266e-01
9.995510600000000467e-01
9.990620599999999740e-01
9.979684399999999567e-01
9.957308799999999849e-01
9.914943000000000506e-01
9.840121299999999849e-01
9.713690900000000461e-01
9.502314299999999880e-01
9.170417199999999491e-01
8.702918299999999885e-01
8.090677899999999534e-01
7.323809900000000095e-01
6.407676900000000009e-01
5.387556000000000012e-01
4.349131900000000051e-01
3.382363600000000137e-01
2.548361699999999730e-01
1.871486499999999997e-01
1.347383000000000053e-01
9.556015599999999333e-02
6.701916500000000554e-02
4.661334699999999942e-02
3.222131699999999932e-02
2.217135599999999970e-02
1.520478500000000018e-02
1.040186799999999988e-02
7.104107600000000335e-03
4.846739099999999682e-03
3.305091799999999858e-03
2.254054900000000000e-03
1.538418900000000037e-03
1.051615600000000090e-03
7.207056600000000517e-04
4.958861400000000525e-04
3.432126500000000249e-04
2.395808400000000113e-04
1.692800600000000098e-04
1.216347500000000063e-04
8.939410300000000004e-05
6.763469700000000328e-05
5.301386800000000327e-05
4.326215600000000023e-05
3.683859900000000057e-05
3.269672000000000295e-05
3.012574600000000110e-05
2.864283499999999865e-05
2.791998999999999965e-05
2.773444599999999911e-05
2.793498999999999866e-05
2.841910799999999889e-05
2.911745500000000056e-05
2.998330100000000080e-05
3.098536000000000042e-05
3.210290399999999813e-05
3.332243100000000283e-05
3.463542100000000125e-05
3.603676699999999662e-05
3.752373999999999727e-05
3.909525200000000026e-05
4.075136899999999936e-05
4.249297899999999708e-05
4.432155000000000258e-05
4.623897600000000335e-05
4.824746800000000093e-05
5.034947000000000093e-05
5.254762100000000231e-05
5.484470600000000337e-05
5.724363299999999885e-05
5.974742499999999827e-05
6.235918400000000045e-05
6.508211700000000475e-05
6.791949300000000678e-05
7.087465899999999535e-05
7.395104300000000157e-05
7.715213000000000496e-05
8.048146999999999636e-05
8.394267900000000106e-05
8.753944700000000612e-05
9.127549899999999432e-05
9.515464599999999779e-05
9.918073899999999726e-05
1.033577000000000015e-04
1.076894999999999995e-04
1.121801499999999969e-04
1.168337499999999959e-04
1.216544300000000007e-04
1.266463699999999921e-04
1.318138100000000091e-04
1.371610299999999989e-04
1.426923600000000068e-04
1.484121900000000011e-04
1.543249199999999915e-04
1.604350499999999946e-04
1.667470899999999871e-04
1.732655700000000013e-04
1.799950799999999924e-04
1.869402599999999868e-04
1.941057899999999866e-04
2.014963400000000068e-04
2.091166400000000125e-04
2.169714899999999869e-04
2.250656400000000050e-04
2.334039200000000115e-04
2.419911899999999940e-04
2.508322900000000202e-04
2.599321600000000019e-04
2.692956500000000209e-04
2.789277099999999763e-04
2.888332800000000238e-04
2.990173200000000226e-04
3.094848100000000229e-04
3.202406800000000037e-04
3.312899500000000179e-04
3.426376199999999817e-04
3.542886100000000225e-04
3.662479899999999933e-04
3.785206899999999817e-04
3.911117100000000122e-04
4.040260399999999865e-04
4.172686300000000206e-04
4.308444300000000135e-04
4.447584200000000154e-04
4.590155099999999769e-04
4.736205999999999966e-04
4.885785700000000367e-04
5.038942899999999904e-04
5.195726399999999823e-04
5.356183999999999945e-04
5.520363299999999805e-04
5.688312799999999678e-04
5.860078400000000472e-04
6.035707800000000237e-04
6.215246999999999482e-04
6.398742599999999569e-04
6.586239299999999694e-04
6.777782699999999796e-04
6.973418099999999925e-04
7.173188499999999567e-04
7.377138199999999516e-04
7.585310399999999542e-04
7.797747999999999529e-04
8.014491800000000162e-04
8.235583699999999901e-04
8.461064999999999602e-04
8.690975400000000009e-04
8.925354299999999812e-04
9.164240899999999586e-04
9.407672299999999621e-04
9.655687000000000037e-04
9.908321100000000783e-04
1.016560899999999993e-03
1.042758900000000056e-03
1.069429300000000098e-03
1.096575600000000011e-03
1.124201000000000020e-03
1.152308699999999913e-03
1.180901700000000065e-03
1.209983100000000013e-03
1.239555899999999914e-03
1.269622900000000072e-03
1.300186899999999923e-03
1.331250300000000070e-03
1.362816100000000018e-03
1.394886400000000049e-03
1.427463799999999965e-03
1.460550500000000083e-03
1.494148700000000069e-03
1.528260600000000023e-03
1.562887999999999908e-03
1.598033000000000006e-03
1.633697300000000029e-03
1.669882699999999942e-03
1.706590499999999970e-03
1.743822599999999895e-03
1.781580199999999907e-03
1.819864399999999950e-03
1.858676799999999917e-03
1.898018200000000082e-03
1.937889599999999919e-03
1.978292100000000019e-03
2.019226299999999936e-03
2.060692800000000092e-03
2.102692399999999892e-03
2.145225399999999873e-03
2.188292100000000136e-03
2.231892899999999950e-03
2.276027999999999819e-03
2.320697500000000208e-03
2.365901100000000149e-03
2.411638900000000110e-03
2.457910499999999953e-03
2.504715700000000045e-03
2.552053700000000112e-03
2.599924300000000087e-03
2.648326600000000097e-03
2.697260099999999969e-03
2.746723600000000164e-03
2.796716500000000043e-03
2.847237500000000029e-03
2.898285600000000215e-03
2.949859500000000159e-03
3.001957899999999849e-03
3.054578999999999975e-03
3.107721899999999794e-03
3.161384499999999893e-03
3.215565100000000124e-03
3.270262199999999977e-03
3.325473800000000070e-03
3.381197600000000053e-03
3.437431800000000180e-03
3.494174200000000133e-03
3.551422399999999962e-03
3.609174399999999852e-03
3.667427500000000184e-03
3.726179200000000104e-03
3.785427200000000131e-03
3.845168500000000107e-03
3.905400399999999980e-03
3.966120499999999799e-03
4.027325200000000070e-03
4.089012300000000044e-03
4.151178099999999760e-03
4.213820200000000134e-03
4.276934500000000201e-03
4.340518699999999612e-03
4.404568600000000403e-03
4.469081800000000021e-03
4.534053599999999899e-03
4.599481800000000155e-03
4.665362200000000223e-03
4.731690999999999675e-03
4.798464900000000422e-03
4.865679900000000231e-03
4.933332099999999942e-03
5.001417799999999594e-03
5.069933399999999694e-03
5.138874499999999609e-03
5.208237600000000314e-03
5.278018300000000308e-03
5.348212100000000226e-03
5.418815700000000242e-03
5.489824299999999588e-03
5.561233999999999969e-03
5.633039900000000148e-03
5.705238799999999902e-03
5.777825599999999659e-03
5.850796099999999722e-03
5.924145700000000257e-03
5.997870599999999969e-03
6.071965700000000153e-03
6.146426299999999641e-03
6.221248799999999808e-03
6.296427500000000010e-03
6.371959100000000424e-03
6.447837700000000338e-03
6.524059900000000328e-03
6.600620199999999820e-03
6.677514399999999982e-03
6.754737299999999910e-03
6.832284899999999973e-03
6.910151800000000066e-03
6.988333999999999692e-03
7.066825900000000410e-03
7.145623700000000057e-03
7.224722299999999930e-03
7.304116599999999591e-03
7.383802400000000210e-03
7.463774200000000345e-03
7.544028099999999966e-03
7.624558600000000234e-03
7.705361600000000186e-03
7.786431800000000181e-03
7.867764699999999986e-03
7.949355099999999563e-03
8.031198800000000082e-03
8.113291099999999506e-03
8.195626500000000730e-03
8.278201299999999457e-03
8.361009900000000716e-03
8.444047499999999401e-03
8.527309599999999615e-03
8.610792500000000529e-03
8.694490399999999300e-03
8.778398899999999630e-03
8.862513100000000282e-03
8.946829499999999630e-03
9.031342300000000031e-03
9.116047099999999986e-03
9.200938999999999993e-03
9.286014400000000557e-03
9.371267600000000170e-03
9.456695100000000673e-03
9.542292000000000829e-03
9.628053799999999537e-03
9.713975700000000366e-03
9.800054100000000351e-03
9.886284400000000527e-03
9.972660799999999784e-03
1.005918199999999985e-02
1.014583999999999972e-02
1.023263299999999966e-02
1.031955600000000056e-02
1.040660499999999933e-02
1.049377500000000032e-02
1.058106299999999993e-02
1.066846400000000077e-02
1.075597499999999922e-02
1.084359099999999965e-02
1.093130699999999948e-02
1.101912099999999978e-02
1.110702799999999969e-02
1.119502399999999960e-02
1.128310499999999987e-02
1.137126800000000035e-02
1.145950800000000019e-02
1.154782199999999925e-02
1.163620599999999963e-02
1.172465599999999997e-02
1.181316900000000010e-02
1.190174100000000040e-02
1.199036799999999951e-02
1.207904800000000022e-02
1.216777500000000047e-02
1.225654699999999958e-02
1.234536099999999914e-02
1.243421200000000004e-02
1.252309799999999987e-02
1.261201600000000020e-02
1.270096100000000020e-02
1.278992999999999970e-02
1.287892199999999925e-02
1.296793100000000025e-02
1.305695599999999977e-02
1.314599299999999991e-02
1.323503900000000053e-02
1.332409099999999971e-02
1.341314600000000079e-02
1.350220100000000013e-02
1.359125299999999932e-02
1.368030100000000061e-02
1.376933900000000023e-02
1.385836600000000043e-02
1.394737899999999933e-02
1.403637599999999971e-02
1.412535399999999969e-02
1.421430899999999962e-02
1.430324099999999952e-02
1.439214500000000029e-02
1.448102000000000070e-02
1.456986400000000008e-02
1.465867300000000054e-02
1.474744499999999965e-02
1.483617899999999969e-02
1.492487299999999996e-02
1.501352199999999963e-02
1.510212600000000044e-02
1.519068099999999928e-02
1.527918800000000084e-02
1.536764200000000080e-02
1.545604199999999970e-02
1.554438699999999979e-02
1.563267399999999918e-02
1.572089999999999946e-02
1.580906500000000062e-02
1.589716600000000077e-02
1.598520200000000044e-02
1.607317299999999963e-02
1.616107300000000149e-02
1.624890199999999910e-02
1.633665899999999990e-02
1.642434300000000097e-02
1.651195100000000041e-02
1.659948199999999874e-02
1.668693499999999996e-02
1.677430800000000166e-02
1.686160100000000037e-02
1.694881000000000165e-02
1.703593299999999963e-02
1.712297299999999967e-02
1.720992699999999986e-02
1.729679099999999886e-02
1.738356599999999960e-02
1.747024999999999967e-02
1.755684399999999853e-02
1.764334399999999831e-02
1.772975200000000140e-02
1.781606300000000004e-02
1.790227900000000011e-02
1.798839699999999972e-02
1.807441699999999887e-02
1.816033900000000104e-02
1.824616299999999927e-02
1.833188300000000021e-02
1.841750400000000121e-02
1.850302300000000039e-02
1.858843699999999932e-02
1.867374800000000043e-02
1.875895400000000129e-02
1.884405700000000086e-02
1.892905099999999882e-02
1.901393900000000053e-02
1.909872099999999906e-02
1.918339499999999892e-02
1.926796100000000012e-02
1.935241700000000023e-02
1.943676500000000168e-02
1.952100199999999910e-02
1.960512999999999839e-02
1.968914600000000112e-02
1.977305099999999982e-02
1.985684399999999850e-02
1.994052699999999956e-02
2.002409700000000112e-02
2.010755399999999971e-02
2.019089799999999879e-02
2.027413100000000079e-02
2.035724900000000087e-02
2.044025199999999903e-02
2.052314400000000011e-02
2.060592199999999874e-02
2.068858599999999839e-02
2.077113499999999960e-02
2.085357200000000077e-02
2.093589100000000161e-02
2.101809899999999842e-02
2.110019100000000078e-02
2.118217000000000017e-02
2.126403300000000163e-02
2.134578499999999907e-02
2.142741899999999963e-02
2.150894100000000017e-02
2.159034799999999879e-02
2.167164200000000138e-02
2.175282099999999857e-02
2.183388699999999974e-02
2.191484000000000140e-02
2.199568000000000009e-02
2.207640599999999981e-02
2.215701900000000002e-02
2.223751900000000073e-02
2.231790900000000036e-02
2.239818299999999859e-02
2.247834799999999869e-02
2.255839999999999929e-02
2.263834099999999933e-02
2.271817300000000123e-02
2.279789200000000016e-02
2.287750100000000147e-02
2.295700100000000118e-02
2.303639099999999981e-02
2.311567200000000030e-02
2.319484600000000160e-02
2.327390899999999888e-02
2.335286699999999938e-02
2.343171599999999827e-02
2.351046000000000039e-02
2.358909699999999984e-02
2.366762799999999958e-02
2.374605299999999961e-02
2.382437299999999938e-02
2.390259100000000081e-02
2.398070299999999905e-02
2.405871500000000135e-02
2.413662199999999994e-02
2.421442799999999965e-02
2.429213200000000100e-02
2.436973699999999896e-02
2.444724200000000097e-02
2.452464600000000064e-02
2.460195299999999932e-02
2.467915999999999860e-02
2.475627099999999983e-02
2.483328599999999955e-02
2.491020399999999829e-02
2.498702699999999846e-02
2.506375699999999901e-02
2.514039200000000099e-02
2.521693300000000040e-02
2.529338199999999967e-02
2.536974100000000121e-02
2.544600699999999965e-02
2.552218499999999932e-02
2.559827300000000125e-02
2.567427400000000040e-02
2.575018600000000130e-02
2.582601099999999941e-02
2.590175200000000011e-02
2.597740499999999855e-02
2.605297599999999852e-02
2.612846300000000108e-02
2.620386699999999874e-02
2.627919100000000036e-02
2.635443200000000055e-02
2.642959500000000017e-02
2.650467899999999974e-02
2.657968399999999926e-02
2.665460999999999872e-02
2.672946299999999845e-02
2.680424000000000001e-02
2.687894199999999942e-02
2.695357099999999909e-02
2.702812699999999901e-02
2.710261200000000162e-02
2.717702599999999996e-02
2.725137000000000045e-02
2.732564700000000152e-02
2.739985500000000074e-02
2.747399700000000000e-02
2.754807500000000173e-02
2.762208500000000108e-02
2.769603400000000132e-02
2.776991900000000055e-02
2.784374400000000013e-02
2.791750800000000060e-02
2.799121300000000090e-02
2.806485800000000155e-02
2.813844799999999993e-02
2.821198100000000056e-02
2.828545899999999891e-02
2.835888199999999845e-02
2.843225200000000161e-02
2.850557100000000038e-02
2.857883799999999877e-02
2.865205700000000161e-02
2.872522699999999901e-02
2.879834900000000086e-02
2.887142599999999865e-02
2.894445699999999982e-02
2.901744499999999935e-02
2.909039000000000069e-02
2.916329200000000038e-02
2.923615300000000083e-02
2.930897699999999995e-02
2.938176099999999930e-02
2.945450900000000025e-02
2.952722099999999933e-02
2.959989799999999949e-02
2.967254299999999914e-02
2.974515399999999934e-02
2.981773600000000093e-02
2.989028800000000097e-02
2.996280999999999944e-02
3.003530600000000120e-02
3.010777599999999929e-02
3.018022000000000066e-02
3.025264100000000025e-02
3.032504000000000102e-02
3.039741899999999844e-02
3.046977899999999892e-02
3.054211800000000004e-02
3.061444099999999918e-02
3.068674899999999928e-02
3.075904399999999927e-02
3.083132400000000023e-02
3.090359100000000109e-02
3.097584999999999922e-02
3.104809899999999914e-02
3.112033900000000033e-02
3.119257500000000016e-02
3.126480400000000021e-02
3.133703000000000183e-02
3.140925199999999862e-02
3.148147800000000024e-02
3.155370100000000344e-02
3.162592599999999865e-02
3.169815200000000027e-02
3.177038599999999768e-02
3.184262699999999835e-02
3.191487500000000227e-02
3.198713100000000198e-02
3.205939800000000284e-02
3.213167599999999791e-02
3.220396899999999896e-02
3.227627599999999958e-02
3.234859899999999872e-02
3.242094100000000173e-02
3.249330100000000221e-02
3.256568299999999805e-02
3.263808800000000260e-02
3.271051900000000040e-02
3.278297200000000050e-02
3.285545100000000079e-02
3.292796399999999707e-02
3.300050300000000048e-02
3.307307500000000039e-02
3.314568100000000322e-02
3.321832000000000257e-02
3.329099700000000273e-02
3.336371500000000212e-02
3.343647000000000286e-02
3.350926600000000283e-02
3.358210600000000046e-02
3.365499200000000163e-02
3.372792499999999888e-02
3.380090699999999809e-02
3.387393799999999927e-02
3.394702100000000083e-02
3.402015600000000278e-02
3.409334599999999660e-02
3.416659699999999994e-02
3.423990300000000209e-02
3.431326900000000041e-02
3.438670199999999816e-02
3.446019399999999955e-02
3.453375399999999984e-02
3.460738399999999798e-02
3.468108200000000196e-02
3.475485400000000169e-02
3.482869599999999927e-02
3.490261399999999847e-02
3.497660899999999878e-02
3.505068599999999757e-02
3.512484200000000334e-02
3.519908299999999907e-02
3.527340699999999968e-02
3.534781900000000254e-02
3.542232099999999967e-02
3.549691700000000283e-02
3.557160100000000130e-02
3.564638299999999677e-02
3.572126099999999721e-02
3.579624000000000000e-02
3.587131899999999873e-02
3.594650299999999771e-02
3.602179500000000228e-02
3.609719100000000069e-02
3.617270300000000050e-02
3.624832299999999896e-02
3.632405799999999935e-02
3.639991199999999955e-02
3.647588200000000114e-02
3.655197799999999886e-02
3.662819400000000281e-02
3.670454000000000078e-02
3.678101300000000129e-02
3.685762000000000066e-02
3.693435700000000099e-02
3.701122899999999966e-02
3.708824100000000096e-02
3.716539600000000332e-02
3.724269200000000085e-02
3.732013700000000322e-02
3.739772699999999866e-02
3.747546999999999684e-02
3.755336599999999775e-02
3.763142199999999771e-02
3.770963499999999829e-02
3.778800699999999846e-02
3.786654799999999987e-02
3.794525599999999665e-02
3.802413100000000268e-02
3.810318199999999933e-02
3.818240800000000101e-02
3.826181199999999921e-02
3.834139899999999823e-02
3.842116899999999807e-02
3.850112900000000199e-02
3.858127799999999663e-02
3.866162499999999808e-02
3.874216600000000149e-02
3.882290800000000319e-02
3.890385100000000318e-02
3.898500299999999724e-02
3.906636299999999978e-02
3.914793600000000123e-02
3.922972799999999843e-02
3.931174099999999727e-02
3.939397299999999880e-02
3.947643599999999670e-02
3.955912600000000001e-02
3.964205099999999760e-02
3.972521400000000175e-02
3.980861599999999806e-02
3.989226700000000209e-02
3.997616500000000100e-02
4.006031499999999912e-02
4.014471900000000232e-02
4.022938799999999787e-02
4.031431700000000229e-02
4.039951800000000232e-02
4.048498700000000006e-02
4.057073600000000307e-02
4.065676399999999802e-02
4.074307499999999665e-02
4.082968099999999961e-02
4.091657700000000258e-02
4.100377100000000136e-02
4.109126700000000076e-02
4.117906799999999923e-02
4.126718599999999737e-02
4.135561699999999730e-02
4.144436900000000173e-02
4.153344800000000059e-02
4.162285799999999869e-02
4.171260400000000035e-02
4.180269300000000188e-02
4.189312500000000328e-02
4.198390999999999929e-02
4.207505300000000115e-02
4.216655700000000034e-02
4.225842700000000118e-02
4.235067199999999893e-02
4.244329399999999947e-02
4.253630299999999753e-02
4.262969999999999954e-02
4.272349599999999969e-02
4.281769299999999695e-02
4.291230099999999992e-02
4.300732200000000061e-02
4.310276400000000174e-02
4.319863000000000175e-02
4.329493599999999914e-02
4.339167800000000297e-02
4.348887099999999839e-02
4.358651899999999718e-02
4.368462800000000312e-02
4.378320599999999813e-02
4.388225800000000038e-02
4.398179399999999767e-02
4.408182599999999757e-02
4.418235300000000060e-02
4.428338600000000097e-02
4.438493400000000089e-02
4.448700299999999719e-02
4.458960900000000227e-02
4.469274699999999795e-02
4.479643700000000145e-02
4.490068600000000215e-02
4.500549699999999848e-02
4.511088500000000334e-02
4.521685799999999866e-02
4.532342400000000104e-02
4.543059299999999828e-02
4.553837300000000005e-02
4.564677899999999844e-02
4.575581799999999671e-02
4.586549799999999760e-02
4.597583799999999804e-02
4.608683999999999698e-02
4.619851700000000144e-02
4.631088700000000197e-02
4.642395299999999697e-02
4.653773099999999885e-02
4.665223100000000234e-02
4.676746899999999901e-02
4.688345599999999697e-02
4.700020299999999734e-02
4.711772499999999919e-02
4.723603299999999672e-02
4.735514500000000127e-02
4.747507299999999958e-02
4.759582899999999922e-02
4.771743299999999660e-02
4.783989500000000034e-02
4.796323200000000148e-02
4.808745899999999907e-02
4.821259499999999698e-02
4.833865500000000121e-02
4.846565800000000174e-02
4.859361400000000025e-02
4.872255000000000336e-02
4.885247699999999832e-02
4.898341700000000132e-02
4.911539000000000182e-02
4.924841199999999836e-02
4.938250400000000068e-02
4.951769100000000257e-02
4.965398800000000307e-02
4.979142200000000185e-02
4.993000999999999689e-02
5.006977900000000176e-02
5.021074799999999949e-02
5.035294600000000259e-02
5.049639599999999895e-02
5.064111899999999833e-02
5.078714299999999987e-02
5.093450100000000008e-02
5.108321100000000337e-02
5.123330699999999877e-02
5.138481799999999877e-02
5.153776699999999822e-02
5.169219500000000328e-02
5.184812500000000185e-02
5.200559300000000273e-02
5.216463300000000192e-02
5.232527499999999748e-02
5.248756000000000255e-02
5.265152499999999763e-02
5.281719900000000217e-02
5.298462899999999837e-02
5.315385000000000248e-02
5.332490399999999936e-02
5.349783600000000000e-02
5.367268599999999723e-02
5.384950299999999995e-02
5.402833199999999836e-02
5.420922100000000188e-02
5.439221899999999860e-02
5.457737299999999847e-02
5.476474399999999715e-02
5.495438400000000195e-02
5.514634799999999781e-02
5.534069600000000172e-02
5.553748800000000291e-02
5.573678800000000239e-02
5.593865700000000274e-02
5.614316800000000024e-02
5.635038800000000125e-02
5.656039000000000205e-02
5.677324499999999996e-02
5.698903999999999775e-02
5.720784500000000022e-02
5.742975000000000163e-02
5.765484299999999729e-02
5.788320999999999744e-02
5.811494600000000066e-02
5.835015300000000182e-02
5.858892899999999793e-02
5.883137900000000309e-02
5.907761699999999894e-02
5.932775500000000285e-02
5.958191300000000024e-02
5.984021400000000268e-02
6.010279400000000105e-02
6.036978199999999684e-02
6.064132199999999751e-02
6.091756699999999886e-02
6.119866699999999826e-02
6.148478400000000066e-02
6.177608999999999878e-02
6.207276099999999713e-02
6.237498300000000190e-02
6.268294900000000169e-02
6.299687199999999543e-02
6.331695599999999369e-02
6.364344099999999504e-02
6.397654899999999367e-02
6.431653399999999465e-02
6.466366399999999570e-02
6.501820699999999453e-02
6.538046899999999662e-02
6.575074000000000196e-02
6.612935699999999972e-02
6.651666000000000523e-02
6.691301600000000571e-02
6.731880499999999545e-02
6.773442799999999930e-02
6.816033300000000350e-02
6.859696699999999481e-02
6.904481399999999602e-02
6.950440300000000626e-02
6.997628499999999918e-02
7.046103500000000519e-02
7.095929199999999326e-02
7.147172100000000194e-02
7.199904299999999868e-02
7.254201899999999925e-02
7.310147599999999857e-02
7.367830699999999844e-02
7.427344499999999350e-02
7.488792399999999461e-02
7.552283999999999387e-02
7.617939999999999434e-02
7.685887800000000547e-02
7.756267499999999759e-02
7.829231000000000384e-02
7.904943100000000333e-02
7.983584000000000513e-02
8.065349600000000507e-02
8.150455400000000683e-02
8.239135899999999735e-02
8.331650499999999904e-02
8.428285300000000480e-02
8.529354599999999786e-02
8.635208799999999352e-02
8.746234299999999795e-02
8.862865000000000326e-02
8.985584200000000521e-02
9.114933000000000063e-02
9.251523000000000385e-02
9.396044200000000512e-02
9.549277999999999933e-02
9.712117900000000192e-02
9.885584599999999722e-02
1.007085399999999992e-01
1.026928500000000022e-01
1.048246099999999986e-01
1.071223399999999965e-01
1.096078800000000047e-01
1.123071600000000031e-01
1.152512299999999962e-01
1.184775700000000043e-01
1.220318799999999954e-01
1.259705000000000130e-01
1.303636099999999909e-01
1.352999199999999902e-01
1.408930899999999986e-01
1.472911699999999990e-01
1.546906500000000129e-01
1.633577300000000065e-01
1.736616300000000113e-01
1.861284699999999903e-01
2.015307699999999980e-01
2.210413099999999909e-01
2.465039800000000114e-01
2.809111200000000141e-01
3.291859300000000155e-01
3.990827200000000019e-01
5.009662499999999463e-01
