1.027000000000000000e+03
0.000000000000000000e+00
2.051999999999999957e+01
6.069782400000000022e-01
7.395377199999999540e-01
8.468772199999999861e-01
9.165045600000000237e-01
9.558531599999999795e-01
9.767897700000000016e-01
9.877224000000000004e-01
9.934239400000000053e-01
9.964169299999999785e-01
9.980058699999999616e-01
9.988616700000000348e-01
9.993298099999999851e-01
9.995878900000000344e-01
9.997247500000000509e-01
9.997768999999999684e-01
9.997383399999999476e-01
9.995487899999999648e-01
9.990569400000000044e-01
9.979575299999999816e-01
9.957091200000000031e-01
9.914539500000000283e-01
9.839415599999999928e-01
9.712486900000000256e-01
9.500290799999999702e-01
9.167354699999999967e-01
8.698713200000000034e-01
8.085191800000000040e-01
7.316923100000000124e-01
6.399492599999999642e-01
5.378599200000000469e-01
4.340201599999999882e-01
3.374171000000000253e-01
2.541333399999999854e-01
1.865760399999999986e-01
1.342893400000000070e-01
9.521772000000000569e-02
6.676299900000000342e-02
4.642428500000000263e-02
3.208307199999999720e-02
2.207090000000000093e-02
1.513209100000000029e-02
1.034939999999999992e-02
7.066289899999999777e-03
4.819493299999999883e-03
3.285453399999999947e-03
2.239880899999999956e-03
1.528164100000000076e-03
1.044168500000000003e-03
7.152675499999999785e-04
4.918832599999999706e-04
3.402327999999999928e-04
2.373276899999999937e-04
1.675403800000000115e-04
1.202547900000000054e-04
8.826270600000000088e-05
6.667122900000000568e-05
5.215951000000000165e-05
4.247368600000000133e-05
3.608393700000000315e-05
3.195172400000000003e-05
2.937190400000000006e-05
2.786562100000000044e-05
2.710766999999999927e-05
2.687721299999999965e-05
2.702435100000000095e-05
2.744743699999999868e-05
2.807766000000000114e-05
2.886859499999999969e-05
2.978907699999999953e-05
3.081837300000000242e-05
3.194288699999999983e-05
3.315392299999999736e-05
3.444615100000000162e-05
3.581656299999999734e-05
3.726377300000000004e-05
3.878751200000000039e-05
4.038830599999999725e-05
4.206724800000000066e-05
4.382583600000000159e-05
4.566586700000000240e-05
4.758936100000000211e-05
4.959851099999999964e-05
5.169564999999999691e-05
5.388321399999999764e-05
5.616374599999999812e-05
5.853986299999999711e-05
6.101425199999999826e-05
6.358967900000000127e-05
6.626895599999999822e-05
6.905496400000000362e-05
7.195065000000000542e-05
7.495898900000000169e-05
7.808303100000000250e-05
8.132587400000000231e-05
8.469064800000000324e-05
8.818056099999999390e-05
9.179885100000000563e-05
9.554879199999999372e-05
9.943373899999999636e-05
1.034570599999999998e-04
1.076221700000000057e-04
1.119325499999999961e-04
1.163916999999999990e-04
1.210031800000000059e-04
1.257705700000000097e-04
1.306974999999999934e-04
1.357876599999999982e-04
1.410447300000000105e-04
1.464724600000000081e-04
1.520746300000000114e-04
1.578550399999999881e-04
1.638175499999999915e-04
1.699660199999999933e-04
1.763043499999999953e-04
1.828365099999999907e-04
1.895664200000000098e-04
1.964980800000000070e-04
2.036355000000000055e-04
2.109827199999999897e-04
2.185437900000000125e-04
2.263227900000000070e-04
2.343237999999999875e-04
2.425509599999999997e-04
2.510083699999999781e-04
2.597001699999999954e-04
2.686305400000000188e-04
2.778036299999999998e-04
2.872235799999999840e-04
2.968946100000000228e-04
3.068209000000000019e-04
3.170066300000000240e-04
3.274559600000000008e-04
3.381731499999999862e-04
3.491623199999999974e-04
3.604276899999999772e-04
3.719734099999999857e-04
3.838036799999999913e-04
3.959226600000000139e-04
4.083345100000000194e-04
4.210433699999999993e-04
4.340533299999999820e-04
4.473685399999999734e-04
4.609930600000000135e-04
4.749309999999999968e-04
4.891863799999999606e-04
5.037632099999999821e-04
5.186655300000000187e-04
5.338973100000000364e-04
5.494625100000000411e-04
5.653650199999999933e-04
5.816086800000000532e-04
5.981973999999999929e-04
6.151349500000000354e-04
6.324251299999999586e-04
6.500717099999999858e-04
6.680783099999999634e-04
6.864485900000000121e-04
7.051862199999999956e-04
7.242946899999999546e-04
7.437775500000000156e-04
7.636382399999999855e-04
7.838802400000000536e-04
8.045068199999999472e-04
8.255212999999999527e-04
8.469269399999999458e-04
8.687269899999999507e-04
8.909244800000000030e-04
9.135226100000000014e-04
9.365242400000000104e-04
9.599325099999999516e-04
9.837501000000000665e-04
1.007979999999999900e-03
1.032624900000000089e-03
1.057687400000000000e-03
1.083170399999999972e-03
1.109076199999999924e-03
1.135407400000000089e-03
1.162166199999999918e-03
1.189355200000000081e-03
1.216976399999999958e-03
1.245032400000000003e-03
1.273524899999999927e-03
1.302456100000000047e-03
1.331827999999999962e-03
1.361642400000000067e-03
1.391901199999999927e-03
1.422605900000000053e-03
1.453758500000000044e-03
1.485360299999999908e-03
1.517412799999999940e-03
1.549917500000000002e-03
1.582875600000000068e-03
1.616288600000000001e-03
1.650157300000000072e-03
1.684482900000000040e-03
1.719266400000000030e-03
1.754508799999999948e-03
1.790210800000000034e-03
1.826373299999999944e-03
1.862996700000000031e-03
1.900081799999999918e-03
1.937628800000000106e-03
1.975638599999999818e-03
2.014110799999999785e-03
2.053046399999999914e-03
2.092444800000000001e-03
2.132306599999999816e-03
2.172631700000000193e-03
2.213419600000000095e-03
2.254670700000000090e-03
2.296384399999999975e-03
2.338560300000000047e-03
2.381197900000000135e-03
2.424297199999999805e-03
2.467856699999999848e-03
2.511876599999999897e-03
2.556355699999999977e-03
2.601293399999999884e-03
2.646688400000000042e-03
2.692539900000000177e-03
2.738846699999999881e-03
2.785607900000000147e-03
2.832822300000000133e-03
2.880488300000000161e-03
2.928604599999999787e-03
2.977169799999999835e-03
3.026182300000000193e-03
3.075640399999999847e-03
3.125542800000000090e-03
3.175887300000000170e-03
3.226672299999999976e-03
3.277896000000000195e-03
3.329556000000000009e-03
3.381650899999999807e-03
3.434177999999999970e-03
3.487135499999999885e-03
3.540521300000000135e-03
3.594332600000000200e-03
3.648567499999999866e-03
3.703223299999999947e-03
3.758297800000000126e-03
3.813788299999999916e-03
3.869692100000000131e-03
3.926006600000000318e-03
3.982729299999999625e-03
4.039857099999999597e-03
4.097387699999999883e-03
4.155317300000000054e-03
4.213643700000000228e-03
4.272364100000000317e-03
4.331475100000000029e-03
4.390973599999999609e-03
4.450856199999999631e-03
4.511120700000000212e-03
4.571762899999999921e-03
4.632780300000000073e-03
4.694168900000000172e-03
4.755925400000000393e-03
4.818047399999999918e-03
4.880530299999999780e-03
4.943371299999999892e-03
5.006566599999999825e-03
5.070113099999999824e-03
5.134007000000000327e-03
5.198244500000000039e-03
5.262821899999999865e-03
5.327735999999999583e-03
5.392983100000000099e-03
5.458559400000000117e-03
5.524460699999999939e-03
5.590683800000000210e-03
5.657224500000000364e-03
5.724079400000000109e-03
5.791244600000000284e-03
5.858715599999999787e-03
5.926489400000000199e-03
5.994562099999999755e-03
6.062929100000000356e-03
6.131586599999999838e-03
6.200531500000000182e-03
6.269758599999999613e-03
6.339265000000000178e-03
6.409046199999999908e-03
6.479098499999999712e-03
6.549417499999999823e-03
6.619999700000000348e-03
6.690840200000000050e-03
6.761935999999999641e-03
6.833282799999999824e-03
6.904876300000000432e-03
6.976712500000000101e-03
7.048787499999999671e-03
7.121097800000000116e-03
7.193637999999999595e-03
7.266405499999999823e-03
7.339395099999999894e-03
7.412604100000000189e-03
7.486027200000000201e-03
7.559660799999999570e-03
7.633501200000000070e-03
7.707544099999999801e-03
7.781785400000000401e-03
7.856221899999999911e-03
7.930847799999999823e-03
8.005661900000000594e-03
8.080657600000000843e-03
8.155832099999999613e-03
8.231181699999999546e-03
8.306701700000000341e-03
8.382388399999999434e-03
8.458238999999999341e-03
8.534247999999999487e-03
8.610413399999999190e-03
8.686728799999999737e-03
8.763192200000000445e-03
8.839800000000000088e-03
8.916547500000000098e-03
8.993430999999999648e-03
9.070446700000000043e-03
9.147591899999999929e-03
9.224861900000000739e-03
9.302252900000000310e-03
9.379761299999999150e-03
9.457384200000000171e-03
9.535117100000000540e-03
9.612956100000000226e-03
9.690899399999999483e-03
9.768941399999999872e-03
9.847080299999999911e-03
9.925311399999999298e-03
1.000363100000000068e-02
1.008203700000000029e-02
1.016052400000000064e-02
1.023909199999999999e-02
1.031773400000000028e-02
1.039644800000000084e-02
1.047523000000000030e-02
1.055407899999999920e-02
1.063298900000000068e-02
1.071195900000000006e-02
1.079098399999999999e-02
1.087006199999999978e-02
1.094918899999999980e-02
1.102836299999999936e-02
1.110758000000000058e-02
1.118683699999999982e-02
1.126613100000000041e-02
1.134545900000000045e-02
1.142481899999999925e-02
1.150420700000000067e-02
1.158362100000000054e-02
1.166305699999999924e-02
1.174251200000000009e-02
1.182198400000000066e-02
1.190147100000000027e-02
1.198096899999999930e-02
1.206047600000000053e-02
1.213998900000000034e-02
1.221950500000000030e-02
1.229902199999999973e-02
1.237853700000000022e-02
1.245804799999999934e-02
1.253755200000000042e-02
1.261704599999999982e-02
1.269652999999999927e-02
1.277599800000000022e-02
1.285544999999999917e-02
1.293488299999999945e-02
1.301429500000000038e-02
1.309368399999999953e-02
1.317304700000000023e-02
1.325238100000000058e-02
1.333168600000000058e-02
1.341095800000000060e-02
1.349019599999999944e-02
1.356939799999999988e-02
1.364856000000000055e-02
1.372768299999999921e-02
1.380676200000000020e-02
1.388579700000000007e-02
1.396478599999999987e-02
1.404372700000000064e-02
1.412261599999999930e-02
1.420145499999999998e-02
1.428023900000000013e-02
1.435896799999999973e-02
1.443763900000000037e-02
1.451625100000000085e-02
1.459480299999999994e-02
1.467329199999999924e-02
1.475171699999999926e-02
1.483007700000000054e-02
1.490837000000000065e-02
1.498659299999999944e-02
1.506474699999999986e-02
1.514282900000000001e-02
1.522083899999999990e-02
1.529877299999999989e-02
1.537663099999999998e-02
1.545441300000000018e-02
1.553211600000000032e-02
1.560973899999999921e-02
1.568728100000000084e-02
1.576474099999999878e-02
1.584211900000000173e-02
1.591940999999999842e-02
1.599661600000000169e-02
1.607373499999999872e-02
1.615076699999999990e-02
1.622770899999999988e-02
1.630455999999999919e-02
1.638132100000000077e-02
1.645798999999999873e-02
1.653456500000000107e-02
1.661104500000000136e-02
1.668743199999999857e-02
1.676372300000000121e-02
1.683991599999999991e-02
1.691601200000000110e-02
1.699200799999999942e-02
1.706790700000000022e-02
1.714370600000000161e-02
1.721940400000000065e-02
1.729499899999999840e-02
1.737049400000000021e-02
1.744588500000000125e-02
1.752117300000000100e-02
1.759635699999999997e-02
1.767143599999999870e-02
1.774640900000000118e-02
1.782127799999999943e-02
1.789603899999999900e-02
1.797069399999999886e-02
1.804524100000000006e-02
1.811967999999999912e-02
1.819401199999999899e-02
1.826823299999999831e-02
1.834234800000000137e-02
1.841635100000000094e-02
1.849024399999999943e-02
1.856402700000000031e-02
1.863770000000000010e-02
1.871126099999999987e-02
1.878471099999999908e-02
1.885805100000000067e-02
1.893127699999999983e-02
1.900439199999999842e-02
1.907739400000000099e-02
1.915028499999999953e-02
1.922306199999999909e-02
1.929572599999999916e-02
1.936827799999999919e-02
1.944071600000000025e-02
1.951304099999999833e-02
1.958525200000000091e-02
1.965735099999999999e-02
1.972933500000000062e-02
1.980120499999999881e-02
1.987296200000000096e-02
1.994460600000000014e-02
2.001613600000000034e-02
2.008755099999999863e-02
2.015885300000000088e-02
2.023004200000000016e-02
2.030111700000000047e-02
2.037207799999999833e-02
2.044292500000000068e-02
2.051365900000000006e-02
2.058428199999999889e-02
2.065478800000000031e-02
2.072518300000000119e-02
2.079546499999999909e-02
2.086563400000000096e-02
2.093568999999999986e-02
2.100563199999999978e-02
2.107546500000000156e-02
2.114518400000000090e-02
2.121479100000000020e-02
2.128428599999999948e-02
2.135367100000000115e-02
2.142294299999999985e-02
2.149210500000000093e-02
2.156115700000000093e-02
2.163009899999999985e-02
2.169892899999999875e-02
2.176764999999999950e-02
2.183626199999999865e-02
2.190476499999999965e-02
2.197315700000000011e-02
2.204144400000000031e-02
2.210961999999999997e-02
2.217768900000000043e-02
2.224565100000000170e-02
2.231350500000000084e-02
2.238125399999999973e-02
2.244889499999999996e-02
2.251643099999999995e-02
2.258386100000000021e-02
2.265118600000000024e-02
2.271840699999999949e-02
2.278552400000000144e-02
2.285253599999999968e-02
2.291944599999999957e-02
2.298625400000000110e-02
2.305295699999999892e-02
2.311956000000000080e-02
2.318606200000000034e-02
2.325246099999999858e-02
2.331876000000000088e-02
2.338495999999999977e-02
2.345106200000000168e-02
2.351706300000000124e-02
2.358296500000000087e-02
2.364877099999999899e-02
2.371447900000000011e-02
2.378009099999999973e-02
2.384560599999999836e-02
2.391102499999999895e-02
2.397635000000000044e-02
2.404157999999999989e-02
2.410671699999999973e-02
2.417175800000000152e-02
2.423670899999999864e-02
2.430156799999999909e-02
2.436633399999999991e-02
2.443100900000000006e-02
2.449559399999999901e-02
2.456008999999999970e-02
2.462449699999999866e-02
2.468881399999999990e-02
2.475304299999999888e-02
2.481718700000000097e-02
2.488124200000000133e-02
2.494521300000000080e-02
2.500909800000000044e-02
2.507289899999999919e-02
2.513661400000000157e-02
2.520024800000000148e-02
2.526379700000000103e-02
2.532726700000000053e-02
2.539065500000000156e-02
2.545396100000000064e-02
2.551718799999999968e-02
2.558033499999999918e-02
2.564340500000000106e-02
2.570639599999999941e-02
2.576931000000000013e-02
2.583214600000000027e-02
2.589490800000000120e-02
2.595759599999999945e-02
2.602020799999999953e-02
2.608274699999999988e-02
2.614521399999999995e-02
2.620760700000000082e-02
2.626992900000000089e-02
2.633218299999999859e-02
2.639436499999999949e-02
2.645647699999999908e-02
2.651852199999999923e-02
2.658049900000000049e-02
2.664240799999999937e-02
2.670425400000000019e-02
2.676603199999999863e-02
2.682774500000000006e-02
2.688939499999999996e-02
2.695098099999999886e-02
2.701250599999999863e-02
2.707396800000000034e-02
2.713536999999999894e-02
2.719671300000000083e-02
2.725799599999999961e-02
2.731922100000000117e-02
2.738038599999999961e-02
2.744149800000000167e-02
2.750255199999999955e-02
2.756354999999999916e-02
2.762449299999999996e-02
2.768538499999999986e-02
2.774622300000000041e-02
2.780700800000000111e-02
2.786774200000000090e-02
2.792842699999999873e-02
2.798905999999999963e-02
2.804964600000000099e-02
2.811018399999999987e-02
2.817067499999999919e-02
2.823111799999999949e-02
2.829151800000000161e-02
2.835187100000000071e-02
2.841218200000000110e-02
2.847244999999999984e-02
2.853267500000000040e-02
2.859285799999999877e-02
2.865300299999999981e-02
2.871310700000000160e-02
2.877317399999999858e-02
2.883320099999999928e-02
2.889319099999999862e-02
2.895314599999999905e-02
2.901306600000000055e-02
2.907295000000000018e-02
2.913280199999999931e-02
2.919262099999999846e-02
2.925240800000000058e-02
2.931216400000000166e-02
2.937189100000000067e-02
2.943158699999999864e-02
2.949125699999999989e-02
2.955089899999999853e-02
2.961051300000000150e-02
2.967010299999999975e-02
2.972966800000000076e-02
2.978920900000000052e-02
2.984872800000000145e-02
2.990822500000000009e-02
2.996769900000000042e-02
3.002715499999999982e-02
3.008659199999999881e-02
3.014601000000000086e-02
3.020541200000000093e-02
3.026479500000000059e-02
3.032416500000000015e-02
3.038351800000000172e-02
3.044285999999999867e-02
3.050218700000000005e-02
3.056150499999999923e-02
3.062080999999999831e-02
3.068010700000000160e-02
3.073939300000000027e-02
3.079867400000000158e-02
3.085794500000000121e-02
3.091721199999999947e-02
3.097647200000000142e-02
3.103573100000000043e-02
3.109498499999999860e-02
3.115423800000000076e-02
3.121348800000000104e-02
3.127273900000000079e-02
3.133199400000000190e-02
3.139124799999999660e-02
3.145050299999999771e-02
3.150976400000000260e-02
3.156902999999999793e-02
3.162830300000000344e-02
3.168757999999999991e-02
3.174686799999999753e-02
3.180616299999999841e-02
3.186546999999999991e-02
3.192478399999999772e-02
3.198411300000000151e-02
3.204345699999999741e-02
3.210281200000000140e-02
3.216218600000000233e-02
3.222157099999999746e-02
3.228097800000000184e-02
3.234039999999999832e-02
3.239984399999999709e-02
3.245930699999999974e-02
3.251879299999999723e-02
3.257830099999999701e-02
3.263783499999999699e-02
3.269739099999999926e-02
3.275697300000000173e-02
3.281658500000000228e-02
3.287622300000000303e-02
3.293589100000000186e-02
3.299558899999999878e-02
3.305531999999999915e-02
3.311508099999999760e-02
3.317487999999999687e-02
3.323471199999999959e-02
3.329457699999999881e-02
3.335448399999999675e-02
3.341442699999999655e-02
3.347441200000000200e-02
3.353443700000000027e-02
3.359450399999999726e-02
3.365461499999999884e-02
3.371477099999999755e-02
3.377497200000000033e-02
3.383521700000000076e-02
3.389551500000000106e-02
3.395586099999999691e-02
3.401625500000000218e-02
3.407670200000000038e-02
3.413720399999999738e-02
3.419775900000000118e-02
3.425836899999999685e-02
3.431903900000000257e-02
3.437976499999999963e-02
3.444055099999999980e-02
3.450139599999999668e-02
3.456230500000000150e-02
3.462327999999999933e-02
3.468431500000000028e-02
3.474542099999999856e-02
3.480659099999999784e-02
3.486783100000000191e-02
3.492914099999999689e-02
3.499052300000000254e-02
3.505197499999999911e-02
3.511350600000000266e-02
3.517511100000000196e-02
3.523679500000000131e-02
3.529855199999999693e-02
3.536039600000000227e-02
3.542231800000000125e-02
3.548432099999999922e-02
3.554641499999999787e-02
3.560859000000000246e-02
3.567085400000000184e-02
3.573320399999999758e-02
3.579564799999999936e-02
3.585818400000000128e-02
3.592081400000000230e-02
3.598353600000000346e-02
3.604635600000000162e-02
3.610927600000000265e-02
3.617229300000000120e-02
3.623541400000000051e-02
3.629863600000000218e-02
3.636196299999999715e-02
3.642539699999999825e-02
3.648894300000000285e-02
3.655259300000000128e-02
3.661635500000000321e-02
3.668023299999999959e-02
3.674422599999999789e-02
3.680833399999999811e-02
3.687255799999999972e-02
3.693690499999999904e-02
3.700137500000000301e-02
3.706596799999999775e-02
3.713068399999999714e-02
3.719552999999999748e-02
3.726050300000000037e-02
3.732560900000000265e-02
3.739084699999999789e-02
3.745622199999999735e-02
3.752173100000000261e-02
3.758738200000000251e-02
3.765317099999999917e-02
3.771910400000000330e-02
3.778518000000000154e-02
3.785140399999999822e-02
3.791777799999999921e-02
3.798429999999999862e-02
3.805097899999999866e-02
3.811781100000000144e-02
3.818479899999999844e-02
3.825194800000000089e-02
3.831926000000000082e-02
3.838673199999999980e-02
3.845437200000000055e-02
3.852218000000000309e-02
3.859015899999999888e-02
3.865831000000000128e-02
3.872663900000000020e-02
3.879514299999999721e-02
3.886382699999999663e-02
3.893269600000000275e-02
3.900174800000000275e-02
3.907098600000000199e-02
3.914041399999999837e-02
3.921003599999999673e-02
3.927985199999999705e-02
3.934986499999999776e-02
3.942007599999999834e-02
3.949049100000000256e-02
3.956111500000000086e-02
3.963194400000000228e-02
3.970298500000000314e-02
3.977423900000000290e-02
3.984570899999999999e-02
3.991739799999999977e-02
3.998930800000000119e-02
4.006144400000000161e-02
4.013381199999999788e-02
4.020640600000000009e-02
4.027923600000000298e-02
4.035230399999999856e-02
4.042561000000000071e-02
4.049915800000000038e-02
4.057295600000000030e-02
4.064700400000000047e-02
4.072130499999999931e-02
4.079586300000000165e-02
4.087067800000000056e-02
4.094575699999999929e-02
4.102110500000000215e-02
4.109672100000000272e-02
4.117261199999999732e-02
4.124877999999999878e-02
4.132522599999999963e-02
4.140196000000000154e-02
4.147898400000000346e-02
4.155629899999999793e-02
4.163391100000000261e-02
4.171182200000000256e-02
4.179003800000000157e-02
4.186855999999999911e-02
4.194739799999999685e-02
4.202655000000000279e-02
4.210602100000000042e-02
4.218582099999999835e-02
4.226594799999999763e-02
4.234641000000000099e-02
4.242721199999999887e-02
4.250835599999999714e-02
4.258984700000000012e-02
4.267169199999999718e-02
4.275389000000000272e-02
4.283645400000000297e-02
4.291938199999999898e-02
4.300268399999999935e-02
4.308636500000000147e-02
4.317042599999999786e-02
4.325487499999999819e-02
4.333971400000000140e-02
4.342495300000000225e-02
4.351059699999999808e-02
4.359665100000000015e-02
4.368311899999999942e-02
4.377001199999999703e-02
4.385732500000000256e-02
4.394507799999999853e-02
4.403326700000000093e-02
4.412189899999999915e-02
4.421098500000000125e-02
4.430052999999999769e-02
4.439054099999999864e-02
4.448102000000000306e-02
4.457198099999999663e-02
4.466342599999999913e-02
4.475536199999999992e-02
4.484779800000000122e-02
4.494073999999999985e-02
4.503420000000000339e-02
4.512817799999999796e-02
4.522268799999999700e-02
4.531773599999999735e-02
4.541332599999999692e-02
4.550947200000000220e-02
4.560618100000000258e-02
4.570346000000000131e-02
4.580131900000000006e-02
4.589976400000000262e-02
4.599880800000000214e-02
4.609845600000000293e-02
4.619872199999999762e-02
4.629961400000000282e-02
4.640113900000000097e-02
4.650331299999999751e-02
4.660613799999999834e-02
4.670963100000000146e-02
4.681379699999999727e-02
4.691865299999999767e-02
4.702420899999999737e-02
4.713046900000000122e-02
4.723745599999999711e-02
4.734517299999999734e-02
4.745363400000000148e-02
4.756285300000000216e-02
4.767283800000000210e-02
4.778360899999999772e-02
4.789517399999999869e-02
4.800755200000000195e-02
4.812074799999999791e-02
4.823478300000000329e-02
4.834966699999999895e-02
4.846542000000000211e-02
4.858205100000000110e-02
4.869957600000000136e-02
4.881801799999999775e-02
4.893738400000000044e-02
4.905769599999999786e-02
4.917896900000000293e-02
4.930122199999999871e-02
4.942446899999999865e-02
4.954873399999999706e-02
4.967403000000000096e-02
4.980037699999999984e-02
4.992779700000000292e-02
5.005630900000000022e-02
5.018593400000000149e-02
5.031669099999999673e-02
5.044860400000000106e-02
5.058169400000000343e-02
5.071598299999999920e-02
5.085149399999999709e-02
5.098825299999999727e-02
5.112628599999999995e-02
5.126561599999999996e-02
5.140626799999999802e-02
5.154826900000000073e-02
5.169164799999999976e-02
5.183643500000000015e-02
5.198265600000000208e-02
5.213033799999999829e-02
5.227951699999999757e-02
5.243022399999999750e-02
5.258249100000000203e-02
5.273634900000000181e-02
5.289183599999999763e-02
5.304898300000000094e-02
5.320782999999999763e-02
5.336841600000000185e-02
5.353077500000000266e-02
5.369495199999999718e-02
5.386098500000000011e-02
5.402891700000000269e-02
5.419879400000000153e-02
5.437066000000000121e-02
5.454456099999999835e-02
5.472054300000000343e-02
5.489866399999999980e-02
5.507896799999999898e-02
5.526151099999999927e-02
5.544634899999999894e-02
5.563353699999999680e-02
5.582313600000000237e-02
5.601520799999999689e-02
5.620980999999999894e-02
5.640701599999999732e-02
5.660688900000000051e-02
5.680949999999999889e-02
5.701491999999999671e-02
5.722322700000000151e-02
5.743449899999999997e-02
5.764881899999999698e-02
5.786626799999999848e-02
5.808693899999999716e-02
5.831091499999999789e-02
5.853829900000000197e-02
5.876918500000000156e-02
5.900367699999999743e-02
5.924188300000000212e-02
5.948391599999999779e-02
5.972988500000000339e-02
5.997991600000000117e-02
6.023413300000000220e-02
6.049266799999999944e-02
6.075565899999999658e-02
6.102324600000000321e-02
6.129558799999999807e-02
6.157283100000000148e-02
6.185514500000000027e-02
6.214269599999999727e-02
6.243567199999999762e-02
6.273425400000000318e-02
6.303864000000000689e-02
6.334904600000000607e-02
6.366567300000000595e-02
6.398876800000000142e-02
6.431855300000000053e-02
6.465529700000000046e-02
6.499925300000000683e-02
6.535071100000000577e-02
6.570996299999999624e-02
6.607732199999999390e-02
6.645311399999999369e-02
6.683769100000000463e-02
6.723141700000000165e-02
6.763468699999999889e-02
6.804791100000000259e-02
6.847152099999999353e-02
6.890600199999999398e-02
6.935182199999999353e-02
6.980953400000000642e-02
7.027967999999999715e-02
7.076285799999999793e-02
7.125971500000000125e-02
7.177092899999999720e-02
7.229723000000000399e-02
7.283939400000000175e-02
7.339825499999999558e-02
7.397472900000000295e-02
7.456976899999999409e-02
7.518442699999999812e-02
7.581981999999999611e-02
7.647716300000000078e-02
7.715778099999999473e-02
7.786308999999999592e-02
7.859463999999999340e-02
7.935412199999999916e-02
8.014337000000000544e-02
8.096438599999999930e-02
8.181937799999999816e-02
8.271074999999999955e-02
8.364115699999999376e-02
8.461352399999999552e-02
8.563108699999999462e-02
8.669742199999999621e-02
8.781652199999999409e-02
8.899282699999999657e-02
9.023131400000000690e-02
9.153755800000000498e-02
9.291785199999999523e-02
9.437931300000000634e-02
9.593001800000000578e-02
9.757919600000000693e-02
9.933741399999999888e-02
1.012168499999999971e-01
1.032316199999999962e-01
1.053981499999999960e-01
1.077357300000000018e-01
1.102671399999999996e-01
1.130194499999999935e-01
1.160251800000000055e-01
1.193236300000000000e-01
1.229628900000000052e-01
1.270023399999999913e-01
1.315162900000000079e-01
1.365988599999999886e-01
1.423711599999999966e-01
1.489916699999999927e-01
1.566716900000000023e-01
1.656990499999999866e-01
1.764755399999999863e-01
1.895777399999999946e-01
2.058589299999999955e-01
2.266256500000000118e-01
2.539493700000000076e-01
2.912119000000000235e-01
3.439593300000000076e-01
4.207182800000000000e-01
5.312398099999999790e-01
