8.990000000000000000e+02
0.000000000000000000e+00
1.795999899999999982e+01
6.070045800000000158e-01
7.395528000000000102e-01
8.468808500000000183e-01
9.165022400000000236e-01
9.558498300000000114e-01
9.767874500000000015e-01
9.877213200000000137e-01
9.934237000000000206e-01
9.964171600000000240e-01
9.980062800000000234e-01
9.988621500000000042e-01
9.993302200000000468e-01
9.995883100000000354e-01
9.997252199999999700e-01
9.997775599999999541e-01
9.997397099999999481e-01
9.995518899999999984e-01
9.990638499999999755e-01
9.979721900000000367e-01
9.957382099999999570e-01
9.915078299999999789e-01
9.840356099999999495e-01
9.714089599999999880e-01
9.502979499999999469e-01
9.171419100000000046e-01
8.704289200000000504e-01
8.092458200000000046e-01
7.326037899999999770e-01
6.410318600000000089e-01
5.390442600000000528e-01
4.352006299999999772e-01
3.384997499999999881e-01
2.550618399999999841e-01
1.873322000000000043e-01
1.348819400000000057e-01
9.566947100000000592e-02
6.710072599999999943e-02
4.667337199999999769e-02
3.226507800000000259e-02
2.220305200000000090e-02
1.522764599999999920e-02
1.041831200000000075e-02
7.115917700000000054e-03
4.855217900000000086e-03
3.311181199999999915e-03
2.258434200000000204e-03
1.541575799999999946e-03
1.053899500000000022e-03
7.223671400000000005e-04
4.971042500000000339e-04
3.441157199999999769e-04
2.402606300000000104e-04
1.698024900000000054e-04
1.220471200000000005e-04
8.973051400000000254e-05
6.791979799999999423e-05
5.326558300000000057e-05
4.349361199999999926e-05
3.705950399999999740e-05
3.291437000000000247e-05
3.034570199999999862e-05
2.886946099999999861e-05
2.815680500000000155e-05
2.798437699999999968e-05
2.820057500000000062e-05
2.870262300000000154e-05
2.942101700000000156e-05
3.030893800000000109e-05
3.133506500000000184e-05
3.247866700000000099e-05
3.372628300000000284e-05
3.506944299999999762e-05
3.650311199999999902e-05
3.802464199999999663e-05
3.963304000000000094e-05
4.132847599999999675e-05
4.311194800000000101e-05
4.498504100000000263e-05
4.694977500000000061e-05
4.900848200000000089e-05
5.116374099999999821e-05
5.341833100000000130e-05
5.577516999999999881e-05
5.823732100000000308e-05
6.080794599999999678e-05
6.349031200000000382e-05
6.628776500000000348e-05
6.920375700000000550e-05
7.224178300000000364e-05
7.540544899999999538e-05
7.869840200000000410e-05
8.212437399999999814e-05
8.568716299999999382e-05
8.939063300000000124e-05
9.323870500000000603e-05
9.723536600000000113e-05
1.013846699999999964e-04
1.056907299999999963e-04
1.101577200000000055e-04
1.147898699999999947e-04
1.195914600000000058e-04
1.245668200000000028e-04
1.297203900000000118e-04
1.350565600000000011e-04
1.405798800000000043e-04
1.462948899999999867e-04
1.522061600000000105e-04
1.583184099999999993e-04
1.646362699999999923e-04
1.711644999999999974e-04
1.779078999999999979e-04
1.848712900000000058e-04
1.920595199999999944e-04
1.994775100000000098e-04
2.071301900000000037e-04
2.150225300000000123e-04
2.231595399999999928e-04
2.315462800000000012e-04
2.401877700000000092e-04
2.490891199999999812e-04
2.582554899999999799e-04
2.676919400000000071e-04
2.774036800000000071e-04
2.873958700000000155e-04
2.976737199999999767e-04
3.082423899999999807e-04
3.191071699999999773e-04
3.302732399999999766e-04
3.417458199999999914e-04
3.535301900000000115e-04
3.656315699999999956e-04
3.780551800000000106e-04
3.908062599999999895e-04
4.038900999999999906e-04
4.173118499999999812e-04
4.310767699999999768e-04
4.451900299999999732e-04
4.596568499999999832e-04
4.744823700000000140e-04
4.896717699999999672e-04
5.052301599999999698e-04
5.211625799999999951e-04
5.374742299999999730e-04
5.541700500000000052e-04
5.712551600000000162e-04
5.887343999999999650e-04
6.066128300000000161e-04
6.248952699999999914e-04
6.435866200000000441e-04
6.626917200000000249e-04
6.822153200000000356e-04
7.021621000000000242e-04
7.225367599999999672e-04
7.433439000000000236e-04
7.645881299999999874e-04
7.862739100000000350e-04
8.084056899999999494e-04
8.309878200000000211e-04
8.540246599999999589e-04
8.775204199999999625e-04
9.014792699999999576e-04
9.259053599999999499e-04
9.508026999999999625e-04
9.761753000000000183e-04
1.002026999999999952e-03
1.028361499999999942e-03
1.055182800000000051e-03
1.082494200000000103e-03
1.110299500000000092e-03
1.138602000000000060e-03
1.167405399999999968e-03
1.196712599999999937e-03
1.226527000000000043e-03
1.256851800000000074e-03
1.287689899999999938e-03
1.319044199999999971e-03
1.350917600000000078e-03
1.383312700000000062e-03
1.416232400000000044e-03
1.449679099999999976e-03
1.483655200000000025e-03
1.518163000000000108e-03
1.553204799999999925e-03
1.588782900000000045e-03
1.624898899999999927e-03
1.661555099999999924e-03
1.698753099999999929e-03
1.736494699999999907e-03
1.774781600000000003e-03
1.813615100000000009e-03
1.852996599999999971e-03
1.892927599999999965e-03
1.933409000000000082e-03
1.974441999999999864e-03
2.016027499999999834e-03
2.058166299999999831e-03
2.100859300000000162e-03
2.144107100000000165e-03
2.187909999999999942e-03
2.232268500000000096e-03
2.277182899999999864e-03
2.322653300000000146e-03
2.368680199999999812e-03
2.415262899999999924e-03
2.462401800000000186e-03
2.510096199999999923e-03
2.558346100000000005e-03
2.607150899999999792e-03
2.656510099999999982e-03
2.706422899999999868e-03
2.756888500000000044e-03
2.807906099999999804e-03
2.859474600000000075e-03
2.911592800000000012e-03
2.964259800000000177e-03
3.017474200000000092e-03
3.071234300000000045e-03
3.125539000000000095e-03
3.180386500000000061e-03
3.235775000000000196e-03
3.291702799999999922e-03
3.348167999999999891e-03
3.405168699999999889e-03
3.462702499999999965e-03
3.520767399999999870e-03
3.579361100000000122e-03
3.638481299999999936e-03
3.698125500000000194e-03
3.758290999999999975e-03
3.818975499999999797e-03
3.880176200000000006e-03
3.941889900000000377e-03
4.004114300000000126e-03
4.066845900000000229e-03
4.130081699999999661e-03
4.193819100000000140e-03
4.258054800000000105e-03
4.322784999999999996e-03
4.388006399999999987e-03
4.453715900000000324e-03
4.519910099999999847e-03
4.586585300000000330e-03
4.653737399999999941e-03
4.721363499999999859e-03
4.789459499999999988e-03
4.858021199999999762e-03
4.927045700000000361e-03
4.996527899999999613e-03
5.066464199999999758e-03
5.136850800000000369e-03
5.207683400000000414e-03
5.278958000000000261e-03
5.350670299999999747e-03
5.422816100000000042e-03
5.495390900000000044e-03
5.568390200000000387e-03
5.641809700000000039e-03
5.715645400000000237e-03
5.789892300000000144e-03
5.864546200000000063e-03
5.939601899999999955e-03
6.015055800000000327e-03
6.090902700000000274e-03
6.167137500000000223e-03
6.243756500000000216e-03
6.320754100000000077e-03
6.398125999999999640e-03
6.475867199999999803e-03
6.553973099999999864e-03
6.632438899999999922e-03
6.711259500000000405e-03
6.790429800000000009e-03
6.869945700000000370e-03
6.949801499999999979e-03
7.029992500000000269e-03
7.110514200000000139e-03
7.191360899999999813e-03
7.272528500000000062e-03
7.354011300000000244e-03
7.435804699999999656e-03
7.517903099999999859e-03
7.600302800000000025e-03
7.682997300000000106e-03
7.765982799999999672e-03
7.849253699999999417e-03
7.932805500000000842e-03
8.016631899999999630e-03
8.100729399999999358e-03
8.185092399999999851e-03
8.269716099999999473e-03
8.354594899999999782e-03
8.439724299999999679e-03
8.525099600000000596e-03
8.610716100000000497e-03
8.696568199999999207e-03
8.782650300000000021e-03
8.868959699999999849e-03
8.955488899999999169e-03
9.042235100000000497e-03
9.129191700000000714e-03
9.216355199999999928e-03
9.303720700000000371e-03
9.391282699999999733e-03
9.479036600000000784e-03
9.566978599999999625e-03
9.655102199999999676e-03
9.743403600000000511e-03
9.831879300000000502e-03
9.920522600000000399e-03
1.000933000000000031e-02
1.009829599999999966e-02
1.018741700000000069e-02
1.027668900000000031e-02
1.036610599999999993e-02
1.045566399999999993e-02
1.054535900000000068e-02
1.063518599999999960e-02
1.072514100000000054e-02
1.081521899999999918e-02
1.090541700000000058e-02
1.099572899999999923e-02
1.108615200000000016e-02
1.117668100000000081e-02
1.126731199999999981e-02
1.135804099999999928e-02
1.144886500000000078e-02
1.153977900000000001e-02
1.163077700000000013e-02
1.172185899999999940e-02
1.181301799999999978e-02
1.190424999999999990e-02
1.199555300000000081e-02
1.208692199999999994e-02
1.217835400000000061e-02
1.226984400000000024e-02
1.236138999999999988e-02
1.245298599999999922e-02
1.254462999999999932e-02
1.263631800000000055e-02
1.272804699999999928e-02
1.281981299999999935e-02
1.291161199999999940e-02
1.300344200000000047e-02
1.309529800000000001e-02
1.318717699999999958e-02
1.327907799999999972e-02
1.337099400000000063e-02
1.346292399999999938e-02
1.355486499999999928e-02
1.364681300000000069e-02
1.373876599999999948e-02
1.383071999999999947e-02
1.392267200000000052e-02
1.401461900000000073e-02
1.410656000000000063e-02
1.419848899999999990e-02
1.429040500000000082e-02
1.438230599999999922e-02
1.447418699999999947e-02
1.456604799999999984e-02
1.465788399999999950e-02
1.474969400000000069e-02
1.484147400000000033e-02
1.493322300000000068e-02
1.502493799999999984e-02
1.511661499999999991e-02
1.520825500000000038e-02
1.529985300000000041e-02
1.539140800000000052e-02
1.548291599999999935e-02
1.557437599999999915e-02
1.566578600000000099e-02
1.575714500000000018e-02
1.584844900000000056e-02
1.593969599999999973e-02
1.603088299999999924e-02
1.612201099999999859e-02
1.621307799999999882e-02
1.630407899999999910e-02
1.639501599999999837e-02
1.648588299999999979e-02
1.657668099999999936e-02
1.666740900000000108e-02
1.675806399999999960e-02
1.684864200000000048e-02
1.693914599999999868e-02
1.702957000000000082e-02
1.711991800000000133e-02
1.721018200000000095e-02
1.730036500000000158e-02
1.739046500000000078e-02
1.748047999999999963e-02
1.757040799999999917e-02
1.766024700000000044e-02
1.774999899999999894e-02
1.783966099999999971e-02
1.792923000000000086e-02
1.801870800000000133e-02
1.810809199999999924e-02
1.819738200000000153e-02
1.828657499999999936e-02
1.837567099999999967e-02
1.846466999999999900e-02
1.855356999999999840e-02
1.864237200000000080e-02
1.873107099999999844e-02
1.881966900000000067e-02
1.890816500000000108e-02
1.899655899999999967e-02
1.908484800000000148e-02
1.917303500000000147e-02
1.926111399999999932e-02
1.934908899999999987e-02
1.943695700000000123e-02
1.952471799999999993e-02
1.961237199999999944e-02
1.969991600000000134e-02
1.978735300000000058e-02
1.987468100000000168e-02
1.996189900000000170e-02
2.004900600000000116e-02
2.013600200000000007e-02
2.022288900000000084e-02
2.030966400000000158e-02
2.039632799999999829e-02
2.048287899999999898e-02
2.056931899999999910e-02
2.065564699999999920e-02
2.074186100000000033e-02
2.082796400000000089e-02
2.091395299999999902e-02
2.099983000000000058e-02
2.108559200000000022e-02
2.117124199999999984e-02
2.125677800000000048e-02
2.134220100000000161e-02
2.142751199999999925e-02
2.151270799999999844e-02
2.159778999999999866e-02
2.168275999999999884e-02
2.176761600000000005e-02
2.185235899999999828e-02
2.193698800000000101e-02
2.202150599999999972e-02
2.210590999999999945e-02
2.219020000000000020e-02
2.227437900000000040e-02
2.235844500000000110e-02
2.244240000000000124e-02
2.252624199999999841e-02
2.260997299999999849e-02
2.269359300000000149e-02
2.277710299999999993e-02
2.286050099999999835e-02
2.294378899999999916e-02
2.302696599999999941e-02
2.311003400000000152e-02
2.319299400000000150e-02
2.327584499999999987e-02
2.335858700000000010e-02
2.344121999999999872e-02
2.352374800000000057e-02
2.360616600000000134e-02
2.368848000000000134e-02
2.377068800000000162e-02
2.385278999999999872e-02
2.393478699999999904e-02
2.401667799999999964e-02
2.409846699999999842e-02
2.418015299999999937e-02
2.426173699999999850e-02
2.434321700000000033e-02
2.442459799999999875e-02
2.450587599999999935e-02
2.458705599999999949e-02
2.466813500000000076e-02
2.474911499999999862e-02
2.482999699999999949e-02
2.491078299999999884e-02
2.499147100000000121e-02
2.507206400000000154e-02
2.515256199999999984e-02
2.523296499999999956e-02
2.531327499999999966e-02
2.539349200000000015e-02
2.547361700000000048e-02
2.555365100000000014e-02
2.563359399999999913e-02
2.571344700000000039e-02
2.579321199999999939e-02
2.587288999999999908e-02
2.595247900000000052e-02
2.603198400000000107e-02
2.611140199999999884e-02
2.619073499999999971e-02
2.626998700000000159e-02
2.634915499999999910e-02
2.642824100000000162e-02
2.650724700000000114e-02
2.658617300000000114e-02
2.666502100000000056e-02
2.674378999999999992e-02
2.682248300000000113e-02
2.690110000000000071e-02
2.697964200000000159e-02
2.705811199999999875e-02
2.713650700000000068e-02
2.721483099999999836e-02
2.729308399999999871e-02
2.737126700000000121e-02
2.744938099999999839e-02
2.752742899999999909e-02
2.760540900000000089e-02
2.768332299999999926e-02
2.776117399999999957e-02
2.783896199999999835e-02
2.791668799999999853e-02
2.799435100000000065e-02
2.807195700000000155e-02
2.814950199999999986e-02
2.822699000000000041e-02
2.830442199999999922e-02
2.838179799999999975e-02
2.845912100000000042e-02
2.853639100000000123e-02
2.861360799999999871e-02
2.869077399999999875e-02
2.876789299999999924e-02
2.884496199999999830e-02
2.892198400000000127e-02
2.899896199999999966e-02
2.907589500000000091e-02
2.915278300000000156e-02
2.922962999999999950e-02
2.930643600000000168e-02
2.938320300000000010e-02
2.945993300000000065e-02
2.953662500000000038e-02
2.961328300000000066e-02
2.968990399999999960e-02
2.976649400000000098e-02
2.984305099999999891e-02
2.991958000000000117e-02
2.999607799999999894e-02
3.007254900000000050e-02
3.014899399999999841e-02
3.022541299999999959e-02
3.030180899999999899e-02
3.037818499999999852e-02
3.045453899999999922e-02
3.053087200000000057e-02
3.060718999999999940e-02
3.068349000000000076e-02
3.075977400000000014e-02
3.083604599999999890e-02
3.091230400000000156e-02
3.098855400000000149e-02
3.106479200000000079e-02
3.114102399999999979e-02
3.121724899999999900e-02
3.129346999999999684e-02
3.136968600000000079e-02
3.144590199999999780e-02
3.152211800000000175e-02
3.159833299999999928e-02
3.167455300000000112e-02
3.175077600000000139e-02
3.182700299999999954e-02
3.190324099999999885e-02
3.197948600000000141e-02
3.205574299999999766e-02
3.213201100000000199e-02
3.220829399999999842e-02
3.228459100000000137e-02
3.236090800000000073e-02
3.243724299999999755e-02
3.251359599999999878e-02
3.258997200000000177e-02
3.266637000000000013e-02
3.274279799999999657e-02
3.281924900000000173e-02
3.289573300000000339e-02
3.297224299999999830e-02
3.304879000000000150e-02
3.312536700000000278e-02
3.320198099999999847e-02
3.327863300000000191e-02
3.335532499999999817e-02
3.343205900000000008e-02
3.350883300000000176e-02
3.358565599999999846e-02
3.366252399999999922e-02
3.373944000000000248e-02
3.381640500000000077e-02
3.389342499999999786e-02
3.397049800000000175e-02
3.404762599999999750e-02
3.412481400000000331e-02
3.420206199999999835e-02
3.427936899999999704e-02
3.435674300000000209e-02
3.443418100000000120e-02
3.451168899999999817e-02
3.458926500000000098e-02
3.466691400000000006e-02
3.474463500000000288e-02
3.482243399999999933e-02
3.490031100000000330e-02
3.497827099999999828e-02
3.505630800000000130e-02
3.513443499999999858e-02
3.521264300000000180e-02
3.529094499999999718e-02
3.536933300000000280e-02
3.544781699999999952e-02
3.552639900000000017e-02
3.560507699999999887e-02
3.568385500000000043e-02
3.576273499999999689e-02
3.584171800000000158e-02
3.592080999999999746e-02
3.600000999999999896e-02
3.607932500000000237e-02
3.615875200000000234e-02
3.623829399999999729e-02
3.631795899999999688e-02
3.639773999999999787e-02
3.647765099999999983e-02
3.655768599999999896e-02
3.663784999999999958e-02
3.671814500000000064e-02
3.679857400000000056e-02
3.687914099999999723e-02
3.695984900000000295e-02
3.704069900000000332e-02
3.712169099999999833e-02
3.720283499999999660e-02
3.728412799999999971e-02
3.736557100000000020e-02
3.744717300000000026e-02
3.752893599999999885e-02
3.761085900000000343e-02
3.769294499999999853e-02
3.777520000000000183e-02
3.785762599999999839e-02
3.794022600000000051e-02
3.802300200000000019e-02
3.810596100000000069e-02
3.818910200000000255e-02
3.827242599999999828e-02
3.835594300000000345e-02
3.843964999999999882e-02
3.852355500000000099e-02
3.860766100000000145e-02
3.869196800000000019e-02
3.877648000000000206e-02
3.886119999999999852e-02
3.894613699999999873e-02
3.903129000000000320e-02
3.911665799999999860e-02
3.920225399999999888e-02
3.928807799999999711e-02
3.937413199999999919e-02
3.946042100000000247e-02
3.954694799999999844e-02
3.963372099999999676e-02
3.972073599999999954e-02
3.980800500000000047e-02
3.989552300000000218e-02
3.998330600000000318e-02
4.007134999999999864e-02
4.015965800000000085e-02
4.024823799999999868e-02
4.033709299999999748e-02
4.042623199999999944e-02
4.051565000000000027e-02
4.060535900000000059e-02
4.069536199999999881e-02
4.078566299999999978e-02
4.087626600000000138e-02
4.096717400000000203e-02
4.105839499999999753e-02
4.114993299999999965e-02
4.124179499999999776e-02
4.133398099999999881e-02
4.142650199999999699e-02
4.151935899999999874e-02
4.161255800000000088e-02
4.170610799999999868e-02
4.180000700000000013e-02
4.189426799999999840e-02
4.198889399999999883e-02
4.208388899999999933e-02
4.217926000000000314e-02
4.227501200000000070e-02
4.237115400000000115e-02
4.246768699999999702e-02
4.256462300000000282e-02
4.266196500000000308e-02
4.275972000000000106e-02
4.285789699999999897e-02
4.295649399999999785e-02
4.305552700000000316e-02
4.315499999999999892e-02
4.325491900000000278e-02
4.335529400000000255e-02
4.345612599999999770e-02
4.355742800000000220e-02
4.365920599999999901e-02
4.376146899999999729e-02
4.386422000000000238e-02
4.396747100000000102e-02
4.407123100000000238e-02
4.417550199999999844e-02
4.428029800000000266e-02
4.438562699999999694e-02
4.449149599999999843e-02
4.459791600000000134e-02
4.470489200000000302e-02
4.481243699999999663e-02
4.492055999999999827e-02
4.502926799999999730e-02
4.513857100000000233e-02
4.524847900000000117e-02
4.535900400000000138e-02
4.547016000000000252e-02
4.558194799999999713e-02
4.569438099999999919e-02
4.580747699999999922e-02
4.592124399999999995e-02
4.603568799999999822e-02
4.615082599999999896e-02
4.626666799999999691e-02
4.638322799999999857e-02
4.650051499999999921e-02
4.661854399999999787e-02
4.673732800000000159e-02
4.685687999999999659e-02
4.697721500000000272e-02
4.709834200000000137e-02
4.722027899999999695e-02
4.734304200000000185e-02
4.746663899999999797e-02
4.759109400000000045e-02
4.771641299999999919e-02
4.784262200000000131e-02
4.796972900000000262e-02
4.809775200000000056e-02
4.822670999999999902e-02
4.835662200000000188e-02
4.848749900000000335e-02
4.861936699999999667e-02
4.875224100000000171e-02
4.888613900000000206e-02
4.902108399999999949e-02
4.915709000000000051e-02
4.929418499999999731e-02
4.943238600000000177e-02
4.957171500000000230e-02
4.971219200000000227e-02
4.985384300000000185e-02
4.999669300000000177e-02
5.014076099999999897e-02
5.028607300000000058e-02
5.043265999999999721e-02
5.058053900000000075e-02
5.072974000000000233e-02
5.088029399999999952e-02
5.103222699999999945e-02
5.118556300000000336e-02
5.134034199999999715e-02
5.149658399999999803e-02
5.165432799999999935e-02
5.181360200000000027e-02
5.197444200000000264e-02
5.213687899999999709e-02
5.230095199999999778e-02
5.246669799999999911e-02
5.263414999999999760e-02
5.280334899999999942e-02
5.297433599999999687e-02
5.314715200000000306e-02
5.332183499999999798e-02
5.349843600000000338e-02
5.367699299999999923e-02
5.385755700000000035e-02
5.404017500000000279e-02
5.422489300000000317e-02
5.441176899999999872e-02
5.460085299999999781e-02
5.479219600000000134e-02
5.498586200000000340e-02
5.518190199999999795e-02
5.538038199999999883e-02
5.558136100000000274e-02
5.578490700000000163e-02
5.599108700000000188e-02
5.619996800000000292e-02
5.641162799999999838e-02
5.662613400000000158e-02
5.684356799999999710e-02
5.706401199999999729e-02
5.728754800000000064e-02
5.751426099999999708e-02
5.774424599999999907e-02
5.797759400000000035e-02
5.821440399999999737e-02
5.845477400000000101e-02
5.869881799999999983e-02
5.894663599999999670e-02
5.919834599999999891e-02
5.945407199999999670e-02
5.971393400000000323e-02
5.997806399999999760e-02
6.024659799999999843e-02
6.051967300000000299e-02
6.079744499999999857e-02
6.108006500000000283e-02
6.136769100000000199e-02
6.166049800000000108e-02
6.195865899999999926e-02
6.226236400000000060e-02
6.257180900000000601e-02
6.288718399999999875e-02
6.320872900000000516e-02
6.353664400000000323e-02
6.387118299999999804e-02
6.421258999999999995e-02
6.456112099999999909e-02
6.491706499999999602e-02
6.528070599999999390e-02
6.565234799999999926e-02
6.603232000000000546e-02
6.642095700000000269e-02
6.681863999999999859e-02
6.722573199999999638e-02
6.764265099999999808e-02
6.806982300000000152e-02
6.850770899999999997e-02
6.895679999999999865e-02
6.941759599999999808e-02
6.989067000000000196e-02
7.037659000000000276e-02
7.087598700000000140e-02
7.138954100000000080e-02
7.191795099999999386e-02
7.246199300000000232e-02
7.302247700000000230e-02
7.360029999999999351e-02
7.419639799999999674e-02
7.481180099999999722e-02
7.544760400000000145e-02
7.610499099999999684e-02
7.678525899999999460e-02
7.748979300000000126e-02
7.822011399999999337e-02
7.897785300000000064e-02
7.976481300000000385e-02
8.058295399999999831e-02
8.143441399999999664e-02
8.232153200000000282e-02
8.324690199999999762e-02
8.421336899999999626e-02
8.522406200000000320e-02
8.628247699999999631e-02
8.739247199999999882e-02
8.855835300000000632e-02
8.978494300000000594e-02
9.107763300000000506e-02
9.244251300000000393e-02
9.388644999999999630e-02
9.541723900000000091e-02
9.704375299999999649e-02
9.877616200000000068e-02
1.006261700000000009e-01
1.026072999999999985e-01
1.047352899999999948e-01
1.070285799999999982e-01
1.095088599999999995e-01
1.122019400000000000e-01
1.151386499999999952e-01
1.183562400000000014e-01
1.219000900000000026e-01
1.258261400000000030e-01
1.302040200000000036e-01
1.351217600000000074e-01
1.406920299999999957e-01
1.470615100000000064e-01
1.544247900000000062e-01
1.630452400000000079e-01
1.732879400000000014e-01
1.856725200000000076e-01
2.009612199999999960e-01
2.203098699999999910e-01
2.455335700000000065e-01
2.795754100000000242e-01
3.272782000000000191e-01
3.962922400000000178e-01
4.969808499999999740e-01
