1.011000000000000000e+03
0.000000000000000000e+00
2.020000100000000032e+01
6.069837799999999728e-01
7.395411699999999700e-01
8.468785899999999867e-01
9.165047400000000399e-01
9.558529300000000450e-01
9.767895300000000169e-01
9.877222799999999525e-01
9.934238800000000369e-01
9.964169299999999785e-01
9.980058699999999616e-01
9.988617300000000032e-01
9.993298600000000143e-01
9.995879500000000029e-01
9.997248100000000193e-01
9.997769600000000478e-01
9.997384499999999452e-01
9.995490900000000289e-01
9.990575900000000509e-01
9.979588999999999821e-01
9.957118600000000042e-01
9.914590100000000295e-01
9.839504999999999502e-01
9.712640000000000162e-01
9.500549400000000144e-01
9.167746900000000032e-01
8.699253200000000019e-01
8.085899399999999515e-01
7.317812999999999679e-01
6.400552999999999937e-01
5.379761499999999863e-01
4.341362400000000066e-01
3.375237600000000060e-01
2.542249899999999840e-01
1.866508400000000123e-01
1.343481099999999928e-01
9.526264700000000585e-02
6.679669000000000578e-02
4.644921800000000045e-02
3.210135199999999966e-02
2.208422300000000005e-02
1.514176000000000064e-02
1.035639900000000051e-02
7.071349799999999616e-03
4.823149599999999870e-03
3.288096500000000071e-03
2.241794300000000181e-03
1.529552399999999915e-03
1.045179700000000052e-03
7.160081899999999654e-04
4.924301200000000354e-04
3.406412100000000081e-04
2.376375500000000131e-04
1.677804699999999884e-04
1.204459400000000010e-04
8.842000500000000420e-05
6.680565300000000119e-05
5.227909100000000100e-05
4.258433199999999905e-05
3.619005300000000246e-05
3.205662500000000244e-05
2.947814399999999855e-05
2.797520400000000037e-05
2.722221900000000033e-05
2.699808500000000055e-05
2.715272599999999953e-05
2.758437000000000099e-05
2.822413800000000031e-05
2.902555599999999834e-05
2.995744600000000137e-05
3.099907200000000284e-05
3.213685299999999865e-05
3.336211699999999675e-05
3.466956300000000307e-05
3.605622299999999836e-05
3.752074200000000303e-05
3.906290700000000082e-05
4.068329099999999930e-05
4.238303499999999968e-05
4.416369100000000074e-05
4.602711100000000195e-05
4.797537600000000252e-05
5.001073800000000277e-05
5.213559099999999806e-05
5.435243699999999943e-05
5.666387400000000025e-05
5.907259399999999775e-05
6.158135499999999648e-05
6.419298699999999790e-05
6.691037599999999656e-05
6.973647400000000109e-05
7.267429500000000279e-05
7.572690800000000358e-05
7.889742799999999775e-05
8.218902800000000533e-05
8.560493699999999879e-05
8.914842299999999802e-05
9.282281099999999845e-05
9.663147599999999903e-05
1.005778299999999999e-04
1.046653499999999990e-04
1.088975399999999948e-04
1.132779700000000067e-04
1.178102099999999997e-04
1.224979399999999875e-04
1.273447999999999941e-04
1.323545600000000124e-04
1.375309499999999914e-04
1.428777900000000088e-04
1.483989000000000065e-04
1.540981900000000006e-04
1.599795399999999913e-04
1.660468999999999975e-04
1.723042499999999995e-04
1.787555999999999932e-04
1.854049600000000017e-04
1.922564300000000135e-04
1.993140800000000018e-04
2.065820300000000107e-04
2.140644099999999903e-04
2.217653999999999893e-04
2.296891600000000003e-04
2.378399200000000076e-04
2.462218700000000197e-04
2.548392500000000080e-04
2.636962999999999981e-04
2.727973300000000067e-04
2.821465299999999883e-04
2.917482599999999767e-04
3.016067499999999834e-04
3.117263000000000108e-04
3.221112399999999962e-04
3.327658299999999934e-04
3.436943800000000194e-04
3.549011900000000226e-04
3.663905399999999772e-04
3.781667000000000058e-04
3.902339999999999910e-04
4.025966599999999842e-04
4.152589799999999881e-04
4.282251799999999995e-04
4.414994599999999872e-04
4.550860599999999767e-04
4.689891600000000165e-04
4.832129600000000208e-04
4.977615900000000211e-04
5.126391799999999947e-04
5.278498299999999843e-04
5.433976199999999502e-04
5.592865600000000237e-04
5.755206199999999541e-04
5.921038699999999584e-04
6.090401999999999968e-04
6.263335199999999501e-04
6.439876699999999782e-04
6.620065500000000018e-04
6.803937700000000158e-04
6.991532300000000491e-04
7.182885300000000283e-04
7.378033499999999941e-04
7.577012300000000042e-04
7.779857800000000538e-04
7.986603900000000412e-04
8.197285400000000471e-04
8.411936600000000271e-04
8.630589599999999480e-04
8.853278100000000050e-04
9.080033099999999541e-04
9.310886399999999908e-04
9.545868400000000024e-04
9.785009299999999563e-04
1.002833899999999940e-03
1.027588600000000057e-03
1.052767899999999899e-03
1.078374300000000102e-03
1.104410699999999919e-03
1.130879599999999987e-03
1.157783600000000107e-03
1.185125100000000015e-03
1.212906300000000026e-03
1.241129799999999943e-03
1.269797700000000048e-03
1.298911999999999940e-03
1.328474799999999900e-03
1.358488199999999995e-03
1.388954100000000004e-03
1.419874399999999925e-03
1.451250500000000020e-03
1.483084300000000067e-03
1.515377299999999929e-03
1.548131099999999934e-03
1.581347000000000091e-03
1.615026299999999977e-03
1.649170300000000035e-03
1.683779999999999956e-03
1.718856699999999965e-03
1.754401299999999936e-03
1.790414599999999926e-03
1.826897399999999989e-03
1.863850499999999966e-03
1.901274500000000060e-03
1.939170100000000077e-03
1.977537299999999800e-03
2.016376900000000152e-03
2.055689199999999935e-03
2.095474200000000016e-03
2.135731999999999995e-03
2.176462699999999906e-03
2.217666000000000082e-03
2.259342200000000189e-03
2.301490900000000093e-03
2.344111399999999987e-03
2.387203699999999873e-03
2.430767500000000081e-03
2.474801600000000202e-03
2.519305800000000168e-03
2.564279400000000174e-03
2.609721199999999811e-03
2.655630500000000140e-03
2.702006399999999989e-03
2.748847699999999814e-03
2.796153300000000109e-03
2.843922000000000030e-03
2.892152399999999967e-03
2.940843099999999877e-03
2.989992700000000149e-03
3.039599899999999907e-03
3.089662600000000169e-03
3.140179400000000023e-03
3.191148600000000193e-03
3.242568099999999960e-03
3.294436300000000081e-03
3.346750700000000137e-03
3.399509900000000084e-03
3.452711299999999903e-03
3.506352900000000213e-03
3.560432499999999830e-03
3.614947700000000104e-03
3.669895900000000148e-03
3.725275200000000182e-03
3.781082299999999948e-03
3.837315400000000133e-03
3.893971400000000114e-03
3.951047499999999803e-03
4.008541299999999682e-03
4.066450099999999700e-03
4.124770399999999962e-03
4.183499599999999582e-03
4.242634900000000209e-03
4.302173400000000418e-03
4.362111400000000250e-03
4.422446200000000084e-03
4.483174099999999961e-03
4.544292600000000328e-03
4.605798500000000094e-03
4.667687700000000030e-03
4.729956900000000311e-03
4.792603700000000119e-03
4.855623499999999620e-03
4.919012999999999858e-03
4.982769500000000344e-03
5.046888299999999911e-03
5.111367000000000341e-03
5.176201000000000066e-03
5.241386599999999993e-03
5.306921000000000034e-03
5.372799499999999888e-03
5.439018799999999730e-03
5.505575300000000068e-03
5.572464800000000336e-03
5.639683500000000106e-03
5.707227199999999681e-03
5.775093099999999841e-03
5.843276199999999747e-03
5.911772600000000238e-03
5.980579199999999825e-03
6.049691200000000338e-03
6.119104999999999683e-03
6.188816399999999898e-03
6.258821099999999950e-03
6.329115899999999614e-03
6.399695799999999789e-03
6.470557299999999713e-03
6.541696399999999759e-03
6.613108300000000023e-03
6.684789400000000145e-03
6.756736000000000165e-03
6.828943300000000181e-03
6.901407099999999628e-03
6.974124299999999617e-03
7.047089700000000109e-03
7.120299200000000141e-03
7.193749299999999819e-03
7.267435499999999778e-03
7.341354199999999657e-03
7.415500000000000216e-03
7.489870299999999703e-03
7.564459899999999813e-03
7.639265200000000186e-03
7.714281800000000189e-03
7.789505599999999724e-03
7.864932499999999563e-03
7.940558699999999276e-03
8.016380499999999770e-03
8.092393200000000744e-03
8.168592100000000161e-03
8.244974500000000137e-03
8.321535799999999969e-03
8.398271199999999756e-03
8.475177900000000278e-03
8.552251400000000434e-03
8.629487800000000194e-03
8.706882600000000194e-03
8.784432899999999877e-03
8.862134100000000278e-03
8.939982399999999232e-03
9.017973199999999509e-03
9.096104699999999627e-03
9.174370200000000336e-03
9.252767999999999757e-03
9.331294299999999195e-03
9.409944499999999684e-03
9.488713899999999188e-03
9.567600699999999694e-03
9.646600999999999440e-03
9.725709399999999186e-03
9.804923999999999584e-03
9.884240100000000334e-03
9.963654000000000607e-03
1.004316300000000078e-02
1.012276299999999990e-02
1.020245099999999953e-02
1.028222300000000006e-02
1.036207599999999958e-02
1.044200500000000073e-02
1.052200799999999936e-02
1.060208099999999931e-02
1.068222199999999990e-02
1.076242600000000028e-02
1.084269000000000031e-02
1.092301199999999931e-02
1.100338699999999989e-02
1.108381299999999965e-02
1.116428600000000070e-02
1.124480400000000060e-02
1.132536299999999975e-02
1.140595999999999971e-02
1.148659100000000086e-02
1.156725500000000025e-02
1.164794799999999998e-02
1.172866699999999991e-02
1.180940899999999988e-02
1.189017099999999973e-02
1.197094999999999930e-02
1.205174399999999965e-02
1.213255100000000010e-02
1.221336500000000033e-02
1.229418600000000035e-02
1.237501100000000000e-02
1.245583700000000085e-02
1.253666099999999929e-02
1.261748000000000036e-02
1.269829299999999939e-02
1.277909699999999968e-02
1.285988799999999987e-02
1.294066599999999997e-02
1.302142599999999914e-02
1.310216800000000084e-02
1.318288800000000024e-02
1.326358400000000014e-02
1.334425399999999984e-02
1.342489600000000040e-02
1.350550699999999993e-02
1.358608600000000069e-02
1.366663000000000079e-02
1.374713600000000008e-02
1.382760400000000028e-02
1.390803000000000005e-02
1.398841399999999936e-02
1.406875299999999981e-02
1.414904399999999951e-02
1.422928600000000071e-02
1.430947699999999927e-02
1.438961499999999970e-02
1.446969900000000080e-02
1.454972700000000015e-02
1.462969599999999933e-02
1.470960500000000060e-02
1.478945299999999928e-02
1.486923799999999990e-02
1.494895800000000004e-02
1.502861100000000075e-02
1.510819600000000082e-02
1.518771200000000078e-02
1.526715699999999995e-02
1.534652899999999938e-02
1.542582699999999959e-02
1.550504999999999939e-02
1.558419599999999981e-02
1.566326399999999966e-02
1.574225200000000172e-02
1.582116100000000025e-02
1.589998600000000137e-02
1.597872700000000160e-02
1.605738500000000041e-02
1.613595699999999938e-02
1.621444199999999905e-02
1.629283999999999941e-02
1.637114799999999856e-02
1.644936599999999999e-02
1.652749300000000074e-02
1.660552599999999893e-02
1.668346700000000044e-02
1.676131399999999938e-02
1.683906699999999923e-02
1.691672199999999862e-02
1.699428099999999997e-02
1.707174300000000033e-02
1.714910600000000077e-02
1.722636799999999885e-02
1.730353199999999994e-02
1.738059299999999974e-02
1.745755400000000013e-02
1.753441099999999975e-02
1.761116600000000101e-02
1.768781599999999857e-02
1.776436299999999829e-02
1.784080500000000125e-02
1.791713899999999859e-02
1.799337000000000159e-02
1.806949299999999897e-02
1.814550700000000169e-02
1.822141600000000070e-02
1.829721399999999915e-02
1.837290499999999840e-02
1.844848699999999952e-02
1.852395800000000009e-02
1.859931999999999905e-02
1.867457100000000092e-02
1.874971200000000171e-02
1.882474099999999900e-02
1.889965899999999921e-02
1.897446599999999886e-02
1.904915999999999901e-02
1.912374199999999913e-02
1.919821099999999975e-02
1.927256800000000034e-02
1.934681099999999848e-02
1.942094200000000007e-02
1.949495999999999868e-02
1.956886199999999937e-02
1.964265299999999950e-02
1.971633000000000066e-02
1.978989100000000043e-02
1.986334099999999964e-02
1.993667500000000092e-02
2.000989599999999924e-02
2.008300299999999858e-02
2.015599399999999999e-02
2.022887400000000085e-02
2.030163800000000032e-02
2.037428700000000134e-02
2.044682399999999886e-02
2.051924499999999846e-02
2.059155299999999855e-02
2.066374799999999914e-02
2.073582800000000129e-02
2.080779500000000046e-02
2.087964900000000013e-02
2.095139000000000029e-02
2.102301599999999854e-02
2.109453099999999970e-02
2.116593199999999841e-02
2.123721900000000162e-02
2.130839600000000028e-02
2.137945800000000049e-02
2.145040999999999962e-02
2.152124999999999871e-02
2.159197800000000125e-02
2.166259499999999977e-02
2.173310100000000120e-02
2.180349599999999860e-02
2.187378099999999839e-02
2.194395500000000110e-02
2.201401999999999873e-02
2.208397499999999875e-02
2.215382299999999957e-02
2.222355999999999984e-02
2.229318799999999851e-02
2.236270900000000145e-02
2.243212199999999878e-02
2.250142999999999935e-02
2.257062899999999830e-02
2.263972200000000101e-02
2.270870800000000106e-02
2.277758900000000086e-02
2.284636500000000042e-02
2.291503699999999921e-02
2.298360299999999828e-02
2.305206699999999900e-02
2.312042599999999948e-02
2.318868400000000107e-02
2.325683799999999843e-02
2.332489000000000090e-02
2.339284299999999997e-02
2.346069400000000069e-02
2.352844399999999905e-02
2.359609299999999854e-02
2.366364400000000104e-02
2.373109799999999908e-02
2.379845100000000171e-02
2.386570699999999989e-02
2.393286700000000003e-02
2.399992899999999971e-02
2.406689700000000029e-02
2.413376799999999989e-02
2.420054599999999986e-02
2.426722799999999833e-02
2.433381800000000011e-02
2.440031399999999934e-02
2.446671799999999841e-02
2.453303000000000081e-02
2.459924999999999959e-02
2.466538199999999958e-02
2.473142199999999943e-02
2.479737400000000050e-02
2.486323799999999931e-02
2.492901299999999987e-02
2.499470100000000111e-02
2.506030399999999853e-02
2.512581800000000115e-02
2.519124899999999889e-02
2.525659499999999974e-02
2.532185799999999917e-02
2.538703600000000171e-02
2.545213299999999831e-02
2.551714700000000044e-02
2.558208299999999852e-02
2.564693599999999865e-02
2.571170999999999873e-02
2.577640499999999876e-02
2.584102200000000168e-02
2.590556100000000056e-02
2.597002299999999833e-02
2.603441100000000036e-02
2.609872300000000075e-02
2.616295999999999899e-02
2.622712199999999855e-02
2.629121200000000130e-02
2.635523099999999980e-02
2.641917800000000149e-02
2.648305299999999946e-02
2.654685999999999851e-02
2.661059799999999920e-02
2.667426499999999909e-02
2.673786699999999850e-02
2.680140199999999848e-02
2.686486999999999903e-02
2.692827199999999963e-02
2.699161099999999869e-02
2.705488500000000074e-02
2.711809800000000020e-02
2.718124900000000108e-02
2.724433700000000041e-02
2.730736699999999906e-02
2.737033599999999858e-02
2.743324499999999846e-02
2.749609800000000007e-02
2.755889300000000097e-02
2.762163200000000013e-02
2.768431600000000048e-02
2.774694600000000150e-02
2.780951900000000129e-02
2.787204299999999912e-02
2.793451200000000162e-02
2.799693099999999921e-02
2.805929999999999883e-02
2.812161999999999995e-02
2.818389099999999911e-02
2.824611399999999925e-02
2.830828900000000037e-02
2.837042000000000036e-02
2.843250300000000133e-02
2.849454400000000012e-02
2.855654100000000126e-02
2.861849600000000021e-02
2.868040800000000098e-02
2.874228200000000094e-02
2.880411399999999872e-02
2.886590699999999968e-02
2.892766100000000035e-02
2.898937999999999862e-02
2.905106199999999902e-02
2.911270800000000103e-02
2.917432000000000011e-02
2.923589899999999922e-02
2.929744499999999835e-02
2.935896099999999939e-02
2.942044300000000098e-02
2.948189699999999996e-02
2.954332200000000033e-02
2.960472000000000103e-02
2.966608899999999965e-02
2.972743300000000102e-02
2.978875099999999873e-02
2.985004700000000108e-02
2.991131899999999871e-02
2.997256599999999910e-02
3.003379499999999855e-02
3.009500199999999917e-02
3.015618999999999938e-02
3.021736100000000161e-02
3.027851299999999996e-02
3.033964899999999978e-02
3.040076800000000162e-02
3.046187399999999990e-02
3.052296700000000154e-02
3.058404699999999962e-02
3.064511500000000055e-02
3.070617299999999980e-02
3.076722100000000085e-02
3.082826199999999864e-02
3.088929300000000169e-02
3.095031900000000044e-02
3.101133899999999888e-02
3.107235599999999889e-02
3.113336699999999860e-02
3.119437799999999830e-02
3.125538700000000253e-02
3.131639600000000329e-02
3.137740499999999710e-02
3.143841399999999786e-02
3.149943100000000135e-02
3.156044699999999842e-02
3.162147099999999822e-02
3.168249900000000285e-02
3.174353399999999686e-02
3.180457999999999896e-02
3.186562999999999896e-02
3.192669499999999799e-02
3.198777099999999818e-02
3.204885899999999899e-02
3.210996099999999936e-02
3.217107400000000089e-02
3.223220599999999936e-02
3.229335700000000170e-02
3.235452199999999667e-02
3.241571000000000036e-02
3.247691700000000098e-02
3.253814599999999696e-02
3.259939700000000218e-02
3.266067100000000223e-02
3.272197000000000300e-02
3.278329600000000343e-02
3.284464799999999712e-02
3.290602900000000330e-02
3.296744100000000011e-02
3.302888200000000246e-02
3.309035700000000080e-02
3.315186500000000258e-02
3.321340700000000035e-02
3.327498200000000156e-02
3.333659800000000201e-02
3.339824799999999844e-02
3.345994299999999894e-02
3.352167500000000078e-02
3.358344700000000238e-02
3.364526500000000059e-02
3.370712700000000339e-02
3.376903400000000333e-02
3.383098500000000092e-02
3.389298899999999837e-02
3.395504099999999831e-02
3.401714200000000021e-02
3.407929800000000092e-02
3.414150299999999666e-02
3.420376800000000245e-02
3.426608400000000221e-02
3.432846099999999762e-02
3.439089699999999666e-02
3.445339199999999935e-02
3.451594699999999821e-02
3.457856900000000344e-02
3.464125099999999791e-02
3.470399999999999874e-02
3.476681599999999900e-02
3.482970199999999711e-02
3.489265600000000106e-02
3.495568400000000076e-02
3.501878299999999777e-02
3.508195699999999695e-02
3.514520499999999881e-02
3.520853100000000124e-02
3.527193499999999732e-02
3.533542199999999828e-02
3.539898600000000034e-02
3.546263699999999824e-02
3.552637200000000051e-02
3.559019399999999861e-02
3.565410499999999844e-02
3.571810200000000157e-02
3.578219199999999739e-02
3.584637499999999977e-02
3.591065499999999966e-02
3.597502799999999917e-02
3.603949800000000314e-02
3.610406800000000305e-02
3.616873899999999836e-02
3.623351100000000297e-02
3.629838999999999982e-02
3.636337399999999692e-02
3.642846599999999962e-02
3.649366600000000099e-02
3.655897799999999892e-02
3.662440200000000035e-02
3.668994500000000158e-02
3.675559899999999991e-02
3.682137700000000236e-02
3.688726900000000031e-02
3.695328900000000028e-02
3.701943199999999795e-02
3.708569700000000080e-02
3.715209299999999715e-02
3.721861900000000140e-02
3.728527599999999914e-02
3.735206600000000321e-02
3.741899099999999867e-02
3.748605399999999782e-02
3.755325799999999908e-02
3.762060400000000193e-02
3.768809499999999785e-02
3.775572800000000229e-02
3.782350899999999821e-02
3.789144400000000329e-02
3.795952699999999985e-02
3.802776699999999704e-02
3.809616300000000233e-02
3.816471999999999920e-02
3.823343700000000206e-02
3.830231700000000239e-02
3.837136199999999914e-02
3.844057399999999819e-02
3.850995699999999744e-02
3.857951200000000330e-02
3.864924599999999821e-02
3.871915499999999816e-02
3.878924300000000103e-02
3.885951299999999831e-02
3.892996900000000177e-02
3.900061199999999700e-02
3.907144800000000168e-02
3.914247500000000296e-02
3.921369499999999980e-02
3.928511199999999703e-02
3.935673499999999686e-02
3.942855800000000244e-02
3.950058699999999673e-02
3.957282399999999950e-02
3.964527699999999960e-02
3.971793900000000072e-02
3.979081999999999758e-02
3.986392500000000144e-02
3.993725000000000053e-02
4.001080199999999809e-02
4.008458599999999844e-02
4.015860000000000263e-02
4.023284800000000161e-02
4.030733599999999917e-02
4.038206899999999960e-02
4.045704399999999756e-02
4.053226900000000271e-02
4.060774300000000170e-02
4.068347399999999725e-02
4.075946300000000272e-02
4.083571600000000107e-02
4.091223299999999924e-02
4.098902299999999943e-02
4.106607999999999786e-02
4.114341700000000157e-02
4.122103399999999668e-02
4.129893300000000295e-02
4.137712300000000176e-02
4.145560000000000217e-02
4.153437900000000321e-02
4.161345200000000216e-02
4.169283099999999964e-02
4.177251800000000154e-02
4.185251899999999775e-02
4.193283200000000321e-02
4.201346599999999931e-02
4.209442800000000318e-02
4.217571800000000093e-02
4.225734200000000329e-02
4.233930300000000174e-02
4.242160899999999901e-02
4.250425800000000309e-02
4.258726499999999915e-02
4.267062600000000316e-02
4.275435200000000241e-02
4.283844299999999689e-02
4.292291000000000162e-02
4.300774999999999737e-02
4.309297699999999759e-02
4.317858799999999692e-02
4.326459800000000133e-02
4.335100199999999959e-02
4.343781199999999926e-02
4.352503600000000306e-02
4.361267399999999711e-02
4.370073199999999908e-02
4.378922300000000212e-02
4.387814599999999982e-02
4.396750800000000237e-02
4.405731699999999862e-02
4.414758099999999824e-02
4.423830299999999965e-02
4.432949399999999707e-02
4.442115900000000173e-02
4.451330399999999660e-02
4.460593300000000039e-02
4.469905799999999985e-02
4.479268599999999823e-02
4.488682399999999878e-02
4.498147599999999940e-02
4.507665300000000125e-02
4.517236399999999957e-02
4.526861799999999658e-02
4.536541599999999869e-02
4.546277199999999852e-02
4.556069199999999986e-02
4.565918800000000333e-02
4.575826599999999883e-02
4.585793600000000192e-02
4.595820600000000145e-02
4.605908699999999856e-02
4.616059000000000134e-02
4.626271900000000076e-02
4.636548800000000331e-02
4.646891000000000216e-02
4.657298700000000319e-02
4.667773800000000334e-02
4.678316799999999998e-02
4.688929000000000014e-02
4.699611699999999698e-02
4.710365799999999964e-02
4.721192600000000128e-02
4.732093200000000305e-02
4.743068999999999757e-02
4.754120900000000094e-02
4.765250499999999778e-02
4.776459200000000155e-02
4.787747600000000214e-02
4.799117900000000186e-02
4.810571300000000133e-02
4.822109299999999960e-02
4.833732500000000043e-02
4.845443700000000298e-02
4.857243599999999661e-02
4.869133600000000173e-02
4.881115999999999927e-02
4.893192300000000217e-02
4.905363499999999821e-02
4.917632000000000253e-02
4.929999300000000029e-02
4.942467400000000177e-02
4.955038099999999751e-02
4.967712600000000200e-02
4.980494099999999841e-02
4.993383600000000228e-02
5.006383400000000150e-02
5.019495599999999891e-02
5.032722700000000216e-02
5.046066300000000282e-02
5.059529100000000057e-02
5.073112999999999928e-02
5.086820899999999757e-02
5.100654799999999878e-02
5.114617600000000153e-02
5.128711500000000117e-02
5.142939500000000275e-02
5.157304199999999950e-02
5.171808199999999855e-02
5.186454199999999959e-02
5.201245799999999753e-02
5.216185699999999897e-02
5.231277299999999991e-02
5.246523399999999948e-02
5.261927500000000008e-02
5.277492899999999820e-02
5.293223300000000214e-02
5.309122100000000094e-02
5.325193300000000129e-02
5.341440399999999866e-02
5.357867899999999711e-02
5.374479299999999904e-02
5.391279200000000105e-02
5.408271800000000185e-02
5.425461799999999751e-02
5.442853300000000116e-02
5.460451499999999930e-02
5.478261400000000031e-02
5.496288099999999816e-02
5.514536400000000227e-02
5.533012400000000136e-02
5.551721500000000170e-02
5.570669500000000052e-02
5.589862200000000197e-02
5.609305900000000067e-02
5.629007899999999981e-02
5.648973599999999873e-02
5.669210899999999748e-02
5.689726800000000084e-02
5.710528399999999921e-02
5.731623999999999747e-02
5.753021299999999671e-02
5.774728600000000184e-02
5.796754700000000121e-02
5.819108700000000245e-02
5.841799799999999876e-02
5.864837800000000101e-02
5.888232999999999662e-02
5.911995500000000181e-02
5.936136499999999927e-02
5.960667499999999785e-02
5.985600499999999685e-02
6.010947700000000143e-02
6.036722299999999763e-02
6.062937499999999924e-02
6.089607999999999827e-02
6.116747899999999682e-02
6.144373100000000143e-02
6.172499399999999831e-02
6.201143900000000153e-02
6.230324500000000015e-02
6.260058999999999763e-02
6.290368000000000348e-02
6.321270800000000634e-02
6.352789000000000352e-02
6.384944900000000256e-02
6.417763199999999835e-02
6.451267700000000438e-02
6.485485300000000397e-02
6.520442699999999536e-02
6.556169700000000211e-02
6.592696900000000193e-02
6.630055599999999660e-02
6.668280799999999620e-02
6.707409000000000288e-02
6.747478199999999704e-02
6.788528000000000617e-02
6.830602900000000421e-02
6.873747700000000516e-02
6.918010099999999385e-02
6.963442999999999716e-02
7.010100800000000631e-02
7.058042300000000324e-02
7.107328599999999941e-02
7.158028299999999455e-02
7.210210699999999862e-02
7.263953200000000665e-02
7.319337900000000285e-02
7.376451800000000114e-02
7.435390399999999844e-02
7.496254099999999365e-02
7.559153400000000189e-02
7.624206699999999670e-02
7.691541300000000192e-02
7.761297400000000124e-02
7.833624599999999827e-02
7.908687000000000356e-02
7.986662499999999665e-02
8.067747200000000007e-02
8.152153299999999325e-02
8.240115600000000318e-02
8.331889700000000287e-02
8.427759999999999418e-02
8.528038100000000232e-02
8.633070399999999422e-02
8.743242199999999575e-02
8.858981000000000494e-02
8.980766699999999381e-02
9.109135699999999780e-02
9.244692300000000029e-02
9.388119000000000325e-02
9.540191300000000485e-02
9.701789900000000466e-02
9.873925899999999589e-02
1.005775899999999945e-01
1.025463399999999997e-01
1.046611100000000016e-01
1.069401900000000044e-01
1.094051099999999999e-01
1.120813999999999977e-01
1.149996499999999949e-01
1.181967299999999998e-01
1.217175499999999938e-01
1.256174300000000021e-01
1.299652500000000044e-01
1.348478899999999980e-01
1.403765800000000008e-01
1.466959700000000089e-01
1.539977299999999993e-01
1.625409999999999910e-01
1.726845100000000133e-01
1.849380700000000100e-01
2.000483600000000084e-01
2.191454499999999916e-01
2.440008200000000071e-01
2.774825100000000155e-01
3.243104800000000121e-01
3.919732599999999900e-01
4.908023200000000141e-01
