1.060000000000000000e+03
0.000000000000000000e+00
2.117999999999999972e+01
6.069707300000000139e-01
7.395334199999999969e-01
8.468761399999999995e-01
9.165053399999999462e-01
9.558542399999999661e-01
9.767906699999999720e-01
9.877229899999999674e-01
9.934242399999999584e-01
9.964171099999999948e-01
9.980059300000000411e-01
9.988616700000000348e-01
9.993298099999999851e-01
9.995878900000000344e-01
9.997246899999999714e-01
9.997767800000000316e-01
9.997380999999999629e-01
9.995482599999999662e-01
9.990558000000000494e-01
9.979550799999999944e-01
9.957040499999999517e-01
9.914444700000000221e-01
9.839248699999999515e-01
9.712199599999999933e-01
9.499804400000000371e-01
9.166614400000000495e-01
8.697689800000000249e-01
8.083850099999999594e-01
7.315230999999999817e-01
6.397474399999999450e-01
5.376384899999999689e-01
4.337989099999999820e-01
3.372137199999999946e-01
2.539584599999999970e-01
1.864331999999999934e-01
1.341769999999999907e-01
9.513174700000000261e-02
6.669845400000000424e-02
4.637646299999999971e-02
3.204795700000000191e-02
2.204527499999999959e-02
1.511346499999999954e-02
1.033589600000000067e-02
7.056512899999999901e-03
4.812417599999999594e-03
3.280330399999999841e-03
2.236166700000000174e-03
1.525464800000000086e-03
1.042199400000000083e-03
7.138230100000000000e-04
4.908149099999999489e-04
3.394335800000000008e-04
2.367202500000000008e-04
1.670688200000000102e-04
1.198786299999999964e-04
8.795257600000000323e-05
6.640571500000000123e-05
5.192293199999999803e-05
4.225448699999999780e-05
3.587349800000000258e-05
3.174353699999999978e-05
2.916096299999999960e-05
2.764798800000000076e-05
2.688014900000000108e-05
2.663713200000000035e-05
2.676939399999999844e-05
2.717551999999999896e-05
2.778684599999999881e-05
2.855702599999999895e-05
2.945493500000000058e-05
3.045984200000000089e-05
3.155812399999999757e-05
3.274103800000000106e-05
3.400319499999999962e-05
3.534152300000000332e-05
3.675454400000000227e-05
3.824190600000000031e-05
3.980404299999999799e-05
4.144194499999999680e-05
4.315700800000000224e-05
4.495092100000000100e-05
4.682558600000000281e-05
4.878308400000000010e-05
5.082562699999999719e-05
5.295553300000000173e-05
5.517520899999999779e-05
5.748714499999999693e-05
5.989390399999999684e-05
6.239810300000000305e-05
6.500243000000000167e-05
6.770961799999999551e-05
7.052245899999999557e-05
7.344379999999999637e-05
7.647652799999999523e-05
7.962359100000000322e-05
8.288797100000000397e-05
8.627270299999999974e-05
8.978087100000000027e-05
9.341559799999999498e-05
9.718005499999999837e-05
1.010774399999999983e-04
1.051110200000000052e-04
1.092840799999999981e-04
1.135999500000000066e-04
1.180620099999999962e-04
1.226736600000000014e-04
1.274383699999999940e-04
1.323596099999999997e-04
1.374408900000000067e-04
1.426857800000000073e-04
1.480978400000000064e-04
1.536807200000000020e-04
1.594380400000000033e-04
1.653735100000000124e-04
1.714908299999999899e-04
1.777937000000000050e-04
1.842859199999999982e-04
1.909712600000000029e-04
1.978535300000000010e-04
2.049365600000000029e-04
2.122241999999999933e-04
2.197203299999999997e-04
2.274288299999999955e-04
2.353535800000000080e-04
2.434985500000000033e-04
2.518676299999999960e-04
2.604647900000000064e-04
2.692939599999999976e-04
2.783591300000000184e-04
2.876642699999999806e-04
2.972133200000000243e-04
3.070102799999999956e-04
3.170591399999999976e-04
3.273638999999999846e-04
3.379284800000000141e-04
3.487569300000000036e-04
3.598531800000000246e-04
3.712211899999999748e-04
3.828649600000000254e-04
3.947884299999999914e-04
4.069955000000000100e-04
4.194901299999999789e-04
4.322762299999999953e-04
4.453576999999999796e-04
4.587384199999999866e-04
4.724222199999999995e-04
4.864129300000000016e-04
5.007144099999999648e-04
5.153304100000000295e-04
5.302647499999999479e-04
5.455210899999999490e-04
5.611031099999999648e-04
5.770145800000000018e-04
5.932591200000000148e-04
6.098402699999999534e-04
6.267615800000000525e-04
6.440266700000000502e-04
6.616390299999999874e-04
6.796020299999999507e-04
6.979191099999999641e-04
7.165936400000000057e-04
7.356289400000000367e-04
7.550282800000000013e-04
7.747948399999999864e-04
7.949317800000000505e-04
8.154422999999999836e-04
8.363294799999999472e-04
8.575961700000000456e-04
8.792455200000000521e-04
9.012802600000000084e-04
9.237033700000000418e-04
9.465175100000000402e-04
9.697255399999999597e-04
9.933300300000000478e-04
1.017333499999999993e-03
1.041738699999999974e-03
1.066547799999999994e-03
1.091763500000000105e-03
1.117387999999999975e-03
1.143423599999999953e-03
1.169872499999999923e-03
1.196736699999999915e-03
1.224018400000000031e-03
1.251719500000000049e-03
1.279842100000000036e-03
1.308387800000000104e-03
1.337358600000000067e-03
1.366756000000000004e-03
1.396581800000000094e-03
1.426837299999999913e-03
1.457524100000000006e-03
1.488643700000000019e-03
1.520197299999999927e-03
1.552186099999999921e-03
1.584611400000000012e-03
1.617474100000000073e-03
1.650775300000000044e-03
1.684516100000000086e-03
1.718696999999999933e-03
1.753319099999999962e-03
1.788382800000000092e-03
1.823888899999999945e-03
1.859837800000000091e-03
1.896230199999999902e-03
1.933066200000000063e-03
1.970346100000000024e-03
2.008070199999999889e-03
2.046238900000000010e-03
2.084851699999999784e-03
2.123909099999999814e-03
2.163410399999999862e-03
2.203356200000000133e-03
2.243745599999999885e-03
2.284578499999999953e-03
2.325854500000000200e-03
2.367572899999999952e-03
2.409733399999999977e-03
2.452335300000000034e-03
2.495377799999999851e-03
2.538860100000000022e-03
2.582781499999999876e-03
2.627140799999999870e-03
2.671937000000000097e-03
2.717169199999999816e-03
2.762836199999999919e-03
2.808936399999999861e-03
2.855468999999999802e-03
2.902432300000000031e-03
2.949825000000000103e-03
2.997645599999999941e-03
3.045892299999999799e-03
3.094563700000000066e-03
3.143657700000000027e-03
3.193173100000000139e-03
3.243107600000000052e-03
3.293459299999999985e-03
3.344226200000000124e-03
3.395406499999999855e-03
3.446998100000000197e-03
3.498998499999999862e-03
3.551405599999999871e-03
3.604217399999999974e-03
3.657431300000000152e-03
3.711044799999999987e-03
3.765055700000000029e-03
3.819461399999999826e-03
3.874259299999999791e-03
3.929446900000000374e-03
3.985021299999999718e-03
4.040979800000000371e-03
4.097320100000000249e-03
4.154038599999999859e-03
4.211133300000000253e-03
4.268600600000000203e-03
4.326438099999999759e-03
4.384642499999999964e-03
4.443210500000000125e-03
4.502139500000000225e-03
4.561426099999999970e-03
4.621067599999999741e-03
4.681060100000000376e-03
4.741400899999999655e-03
4.802086399999999818e-03
4.863113599999999842e-03
4.924478900000000235e-03
4.986179099999999906e-03
5.048210299999999692e-03
5.110570200000000111e-03
5.173254300000000062e-03
5.236259200000000121e-03
5.299581700000000062e-03
5.363218500000000062e-03
5.427165400000000424e-03
5.491419200000000056e-03
5.555976600000000001e-03
5.620833000000000426e-03
5.685985600000000376e-03
5.751430499999999821e-03
5.817164199999999737e-03
5.883182399999999958e-03
5.949481900000000260e-03
6.016058399999999612e-03
6.082909200000000127e-03
6.150029599999999770e-03
6.217415900000000314e-03
6.285064899999999802e-03
6.352971800000000065e-03
6.421133899999999749e-03
6.489547000000000024e-03
6.558206900000000325e-03
6.627110299999999961e-03
6.696253099999999701e-03
6.765631000000000249e-03
6.835241300000000249e-03
6.905079399999999867e-03
6.975141399999999943e-03
7.045423599999999648e-03
7.115922400000000356e-03
7.186633500000000167e-03
7.257553699999999726e-03
7.328678400000000065e-03
7.400004699999999762e-03
7.471527399999999645e-03
7.543244400000000301e-03
7.615150400000000354e-03
7.687242700000000185e-03
7.759517100000000098e-03
7.831969299999999926e-03
7.904596599999999182e-03
7.977393500000000762e-03
8.050357899999999178e-03
8.123486299999999743e-03
8.196772999999999212e-03
8.270216199999999573e-03
8.343811099999999190e-03
8.417555099999999776e-03
8.491443499999999298e-03
8.565472399999999459e-03
8.639639200000000241e-03
8.713940200000000816e-03
8.788370499999999946e-03
8.862927600000000683e-03
8.937608499999999401e-03
9.012408600000000602e-03
9.087324100000000390e-03
9.162352400000000480e-03
9.237490600000000315e-03
9.312733099999999722e-03
9.388077999999999354e-03
9.463521699999999717e-03
9.539061200000000657e-03
9.614692100000000671e-03
9.690411399999999606e-03
9.766215499999999702e-03
9.842102400000000278e-03
9.918067600000000233e-03
9.994108200000000747e-03
1.007022100000000073e-02
1.014640300000000002e-02
1.022264999999999979e-02
1.029896100000000057e-02
1.037533000000000032e-02
1.045175599999999955e-02
1.052823599999999984e-02
1.060476599999999985e-02
1.068134299999999939e-02
1.075796499999999954e-02
1.083462800000000066e-02
1.091133000000000033e-02
1.098806599999999946e-02
1.106483599999999977e-02
1.114163500000000043e-02
1.121846200000000023e-02
1.129531299999999953e-02
1.137218499999999993e-02
1.144907700000000021e-02
1.152598399999999954e-02
1.160290500000000016e-02
1.167983700000000021e-02
1.175677699999999951e-02
1.183372199999999964e-02
1.191066999999999994e-02
1.198761999999999918e-02
1.206456700000000000e-02
1.214150999999999946e-02
1.221844600000000086e-02
1.229537399999999954e-02
1.237228899999999986e-02
1.244919100000000008e-02
1.252607600000000057e-02
1.260294399999999961e-02
1.267979099999999928e-02
1.275661500000000066e-02
1.283341399999999959e-02
1.291018499999999937e-02
1.298692800000000001e-02
1.306363900000000015e-02
1.314031700000000032e-02
1.321695999999999982e-02
1.329356500000000024e-02
1.337013100000000038e-02
1.344665500000000007e-02
1.352313699999999931e-02
1.359957300000000022e-02
1.367596299999999931e-02
1.375230300000000044e-02
1.382859300000000013e-02
1.390483099999999944e-02
1.398101499999999942e-02
1.405714500000000006e-02
1.413321499999999932e-02
1.420922800000000083e-02
1.428517900000000028e-02
1.436106900000000061e-02
1.443689400000000046e-02
1.451265499999999931e-02
1.458834900000000045e-02
1.466397499999999923e-02
1.473953100000000016e-02
1.481501699999999977e-02
1.489042999999999964e-02
1.496576900000000029e-02
1.504103300000000053e-02
1.511621999999999966e-02
1.519133100000000063e-02
1.526636200000000033e-02
1.534131300000000052e-02
1.541618299999999997e-02
1.549097099999999921e-02
1.556567399999999983e-02
1.564029200000000008e-02
1.571482600000000118e-02
1.578927200000000003e-02
1.586363099999999957e-02
1.593790000000000137e-02
1.601208000000000145e-02
1.608617000000000033e-02
1.616016600000000011e-02
1.623406999999999975e-02
1.630788099999999977e-02
1.638159700000000121e-02
1.645521800000000062e-02
1.652874400000000146e-02
1.660217199999999838e-02
1.667550199999999830e-02
1.674873199999999882e-02
1.682186499999999835e-02
1.689489699999999900e-02
1.696782900000000024e-02
1.704065899999999967e-02
1.711338800000000021e-02
1.718601399999999946e-02
1.725853600000000140e-02
1.733095600000000153e-02
1.740327100000000141e-02
1.747548000000000157e-02
1.754758500000000096e-02
1.761958400000000063e-02
1.769147600000000112e-02
1.776326099999999894e-02
1.783493900000000104e-02
1.790650900000000101e-02
1.797797199999999831e-02
1.804932600000000095e-02
1.812057200000000146e-02
1.819170599999999846e-02
1.826273299999999974e-02
1.833364900000000047e-02
1.840445599999999959e-02
1.847515300000000110e-02
1.854573699999999964e-02
1.861621299999999951e-02
1.868657599999999988e-02
1.875682700000000022e-02
1.882696700000000001e-02
1.889699499999999976e-02
1.896691099999999949e-02
1.903671599999999867e-02
1.910640900000000128e-02
1.917599000000000040e-02
1.924545700000000054e-02
1.931481100000000117e-02
1.938405400000000126e-02
1.945318500000000131e-02
1.952220099999999944e-02
1.959110600000000049e-02
1.965989699999999910e-02
1.972857700000000061e-02
1.979714299999999969e-02
1.986559699999999873e-02
1.993393699999999880e-02
2.000216599999999831e-02
2.007028099999999884e-02
2.013828399999999935e-02
2.020617400000000036e-02
2.027395400000000028e-02
2.034162000000000123e-02
2.040917399999999868e-02
2.047661500000000009e-02
2.054394600000000043e-02
2.061116500000000074e-02
2.067827200000000101e-02
2.074526800000000074e-02
2.081215399999999938e-02
2.087892800000000146e-02
2.094559000000000004e-02
2.101214399999999996e-02
2.107858699999999932e-02
2.114491900000000160e-02
2.121114199999999880e-02
2.127725600000000133e-02
2.134325899999999984e-02
2.140915599999999863e-02
2.147494299999999981e-02
2.154061900000000043e-02
2.160619000000000081e-02
2.167165299999999906e-02
2.173700699999999916e-02
2.180225599999999903e-02
2.186739799999999970e-02
2.193243200000000170e-02
2.199736100000000000e-02
2.206218399999999857e-02
2.212690200000000038e-02
2.219151499999999846e-02
2.225602399999999925e-02
2.232042899999999927e-02
2.238472899999999904e-02
2.244892700000000046e-02
2.251302100000000112e-02
2.257701399999999942e-02
2.264090399999999989e-02
2.270469300000000148e-02
2.276838000000000126e-02
2.283196700000000162e-02
2.289545299999999964e-02
2.295883900000000172e-02
2.302212600000000040e-02
2.308531700000000103e-02
2.314840599999999984e-02
2.321139900000000061e-02
2.327429300000000145e-02
2.333709200000000025e-02
2.339979400000000154e-02
2.346240000000000131e-02
2.352490999999999957e-02
2.358732700000000168e-02
2.364964799999999881e-02
2.371187699999999926e-02
2.377401100000000114e-02
2.383605399999999888e-02
2.389800400000000047e-02
2.395986199999999844e-02
2.402162899999999920e-02
2.408330700000000171e-02
2.414489400000000008e-02
2.420639200000000019e-02
2.426780200000000151e-02
2.432912200000000164e-02
2.439035700000000140e-02
2.445150399999999891e-02
2.451256300000000110e-02
2.457353699999999946e-02
2.463442600000000093e-02
2.469523100000000151e-02
2.475595300000000068e-02
2.481658900000000001e-02
2.487714400000000034e-02
2.493761699999999873e-02
2.499800900000000159e-02
2.505831799999999956e-02
2.511854800000000096e-02
2.517869899999999883e-02
2.523877100000000012e-02
2.529876500000000084e-02
2.535867899999999855e-02
2.541851800000000106e-02
2.547828099999999846e-02
2.553796800000000117e-02
2.559757799999999930e-02
2.565711600000000064e-02
2.571657899999999983e-02
2.577596899999999927e-02
2.583528699999999845e-02
2.589453200000000135e-02
2.595370799999999895e-02
2.601281199999999974e-02
2.607184599999999922e-02
2.613081199999999979e-02
2.618971100000000093e-02
2.624854100000000023e-02
2.630730300000000063e-02
2.636599900000000107e-02
2.642463100000000051e-02
2.648319699999999999e-02
2.654169899999999846e-02
2.660013699999999939e-02
2.665851299999999827e-02
2.671682599999999908e-02
2.677507900000000024e-02
2.683327199999999829e-02
2.689140300000000122e-02
2.694947599999999999e-02
2.700748999999999858e-02
2.706544699999999942e-02
2.712334500000000009e-02
2.718118799999999849e-02
2.723897600000000155e-02
2.729670899999999886e-02
2.735438800000000031e-02
2.741201199999999949e-02
2.746958500000000122e-02
2.752710499999999963e-02
2.758457500000000007e-02
2.764199300000000012e-02
2.769936200000000168e-02
2.775668400000000022e-02
2.781395399999999837e-02
2.787117999999999887e-02
2.792835800000000035e-02
2.798548899999999881e-02
2.804257699999999909e-02
2.809961899999999929e-02
2.815661800000000131e-02
2.821357400000000168e-02
2.827048899999999934e-02
2.832736099999999882e-02
2.838419199999999906e-02
2.844098399999999902e-02
2.849773699999999868e-02
2.855445300000000047e-02
2.861112899999999903e-02
2.866776999999999867e-02
2.872437599999999938e-02
2.878094499999999875e-02
2.883747999999999867e-02
2.889398300000000155e-02
2.895045099999999857e-02
2.900688900000000098e-02
2.906329399999999993e-02
2.911967000000000028e-02
2.917601499999999959e-02
2.923233199999999976e-02
2.928862200000000027e-02
2.934488500000000111e-02
2.940111999999999934e-02
2.945733099999999979e-02
2.951351600000000006e-02
2.956967599999999960e-02
2.962581400000000031e-02
2.968192999999999873e-02
2.973802600000000074e-02
2.979409900000000097e-02
2.985015300000000080e-02
2.990618899999999969e-02
2.996220600000000164e-02
3.001820499999999919e-02
3.007418800000000170e-02
3.013015499999999874e-02
3.018610899999999916e-02
3.024204800000000054e-02
3.029797399999999835e-02
3.035388699999999954e-02
3.040978899999999957e-02
3.046567899999999898e-02
3.052156199999999861e-02
3.057743400000000056e-02
3.063329899999999925e-02
3.068915800000000110e-02
3.074500900000000023e-02
3.080085499999999851e-02
3.085669699999999890e-02
3.091253299999999898e-02
3.096836999999999854e-02
3.102420300000000020e-02
3.108003499999999891e-02
3.113586600000000162e-02
3.119169899999999981e-02
3.124753400000000042e-02
3.130337200000000292e-02
3.135921099999999795e-02
3.141505599999999676e-02
3.147090599999999988e-02
3.152676299999999932e-02
3.158262700000000200e-02
3.163849900000000048e-02
3.169437900000000169e-02
3.175026899999999763e-02
3.180617100000000114e-02
3.186208399999999885e-02
3.191801200000000255e-02
3.197395100000000046e-02
3.202990399999999793e-02
3.208587300000000087e-02
3.214185700000000284e-02
3.219786300000000018e-02
3.225388399999999656e-02
3.230992299999999734e-02
3.236598499999999989e-02
3.242206599999999939e-02
3.247817199999999960e-02
3.253430100000000158e-02
3.259045299999999840e-02
3.264663000000000287e-02
3.270283300000000060e-02
3.275906299999999799e-02
3.281532200000000093e-02
3.287161100000000197e-02
3.292792700000000267e-02
3.298427899999999829e-02
3.304065800000000053e-02
3.309707299999999769e-02
3.315352299999999725e-02
3.321000899999999867e-02
3.326652900000000301e-02
3.332308700000000123e-02
3.337968499999999922e-02
3.343632099999999802e-02
3.349299699999999658e-02
3.354971500000000079e-02
3.360647700000000265e-02
3.366328400000000165e-02
3.372013199999999988e-02
3.377702800000000061e-02
3.383397300000000330e-02
3.389096600000000153e-02
3.394800399999999690e-02
3.400509799999999749e-02
3.406224000000000057e-02
3.411943499999999657e-02
3.417668499999999832e-02
3.423399099999999834e-02
3.429135299999999664e-02
3.434877100000000016e-02
3.440624800000000039e-02
3.446378199999999836e-02
3.452138200000000323e-02
3.457903899999999892e-02
3.463676200000000149e-02
3.469454899999999814e-02
3.475240200000000168e-02
3.481032299999999718e-02
3.486831099999999906e-02
3.492636999999999825e-02
3.498449499999999740e-02
3.504269599999999818e-02
3.510097000000000217e-02
3.515932000000000085e-02
3.521773999999999738e-02
3.527624199999999932e-02
3.533482200000000184e-02
3.539347999999999800e-02
3.545221700000000115e-02
3.551103900000000119e-02
3.556994299999999970e-02
3.562893699999999941e-02
3.568801299999999760e-02
3.574717799999999751e-02
3.580642900000000073e-02
3.586577299999999663e-02
3.592520999999999909e-02
3.598474000000000117e-02
3.604436300000000287e-02
3.610408300000000209e-02
3.616390399999999672e-02
3.622381799999999791e-02
3.628383599999999987e-02
3.634395800000000259e-02
3.640418100000000073e-02
3.646450899999999912e-02
3.652494399999999669e-02
3.658548699999999987e-02
3.664613900000000118e-02
3.670690599999999748e-02
3.676778099999999938e-02
3.682877500000000109e-02
3.688988099999999937e-02
3.695110599999999745e-02
3.701245400000000019e-02
3.707391799999999737e-02
3.713550799999999763e-02
3.719722100000000253e-02
3.725906100000000304e-02
3.732102699999999967e-02
3.738312399999999674e-02
3.744535100000000172e-02
3.750771299999999808e-02
3.757020800000000077e-02
3.763283800000000179e-02
3.769560899999999798e-02
3.775852200000000269e-02
3.782157199999999775e-02
3.788477199999999712e-02
3.794811299999999860e-02
3.801160299999999798e-02
3.807524600000000009e-02
3.813903800000000011e-02
3.820298200000000338e-02
3.826708300000000035e-02
3.833134500000000278e-02
3.839576199999999995e-02
3.846034400000000048e-02
3.852508999999999795e-02
3.858999899999999983e-02
3.865508000000000138e-02
3.872032799999999830e-02
3.878574800000000183e-02
3.885134300000000346e-02
3.891711700000000107e-02
3.898306900000000214e-02
3.904920399999999708e-02
3.911552199999999979e-02
3.918202199999999691e-02
3.924871600000000293e-02
3.931559600000000126e-02
3.938267399999999946e-02
3.944994500000000015e-02
3.951741400000000071e-02
3.958508399999999955e-02
3.965295499999999668e-02
3.972103400000000228e-02
3.978931899999999661e-02
3.985781599999999730e-02
3.992652900000000227e-02
3.999545399999999973e-02
4.006459899999999935e-02
4.013396799999999903e-02
4.020355999999999930e-02
4.027337999999999751e-02
4.034342999999999957e-02
4.041371099999999800e-02
4.048423100000000247e-02
4.055498899999999962e-02
4.062598600000000282e-02
4.069723199999999985e-02
4.076872399999999924e-02
4.084046899999999730e-02
4.091246800000000045e-02
4.098472400000000015e-02
4.105724000000000179e-02
4.113002100000000272e-02
4.120307000000000136e-02
4.127638799999999719e-02
4.134998100000000093e-02
4.142385299999999659e-02
4.149800900000000237e-02
4.157244799999999796e-02
4.164717300000000261e-02
4.172219299999999770e-02
4.179751100000000247e-02
4.187312700000000304e-02
4.194904499999999731e-02
4.202527600000000030e-02
4.210181500000000077e-02
4.217866800000000249e-02
4.225584500000000021e-02
4.233334600000000086e-02
4.241117099999999751e-02
4.248933099999999824e-02
4.256783100000000042e-02
4.264666899999999816e-02
4.272585400000000061e-02
4.280538899999999924e-02
4.288528099999999732e-02
4.296553100000000125e-02
4.304614699999999988e-02
4.312713099999999911e-02
4.320849100000000165e-02
4.329022800000000004e-02
4.337235200000000290e-02
4.345486300000000329e-02
4.353777300000000183e-02
4.362108199999999852e-02
4.370479699999999662e-02
4.378892100000000148e-02
4.387346300000000143e-02
4.395842900000000025e-02
4.404382400000000225e-02
4.412965499999999680e-02
4.421592099999999831e-02
4.430263899999999783e-02
4.438981000000000177e-02
4.447743700000000161e-02
4.456553199999999798e-02
4.465410100000000160e-02
4.474314699999999700e-02
4.483267999999999975e-02
4.492270599999999975e-02
4.501323000000000130e-02
4.510426099999999966e-02
4.519581000000000293e-02
4.528787699999999722e-02
4.538047700000000240e-02
4.547361700000000090e-02
4.556729600000000019e-02
4.566153099999999826e-02
4.575632899999999836e-02
4.585169599999999734e-02
4.594764500000000224e-02
4.604417799999999811e-02
4.614130799999999893e-02
4.623904100000000156e-02
4.633739199999999808e-02
4.643636599999999975e-02
4.653597300000000131e-02
4.663622399999999696e-02
4.673712700000000331e-02
4.683869699999999858e-02
4.694093800000000150e-02
4.704386399999999774e-02
4.714748600000000234e-02
4.725181700000000151e-02
4.735686599999999746e-02
4.746264199999999933e-02
4.756916299999999764e-02
4.767643299999999723e-02
4.778447400000000039e-02
4.789328899999999861e-02
4.800289900000000165e-02
4.811331299999999783e-02
4.822454600000000008e-02
4.833661000000000207e-02
4.844952400000000076e-02
4.856329399999999991e-02
4.867794000000000287e-02
4.879348000000000019e-02
4.890992499999999993e-02
4.902729000000000115e-02
4.914559400000000078e-02
4.926485600000000270e-02
4.938508600000000165e-02
4.950630699999999940e-02
4.962853300000000245e-02
4.975178799999999818e-02
4.987608600000000003e-02
5.000144599999999800e-02
5.012789399999999923e-02
5.025543999999999845e-02
5.038411200000000173e-02
5.051393099999999803e-02
5.064491599999999816e-02
5.077708899999999748e-02
5.091047700000000259e-02
5.104510100000000244e-02
5.118098499999999829e-02
5.131815700000000313e-02
5.145663799999999899e-02
5.159645499999999940e-02
5.173763599999999657e-02
5.188021100000000246e-02
5.202420399999999751e-02
5.216964699999999955e-02
5.231657299999999816e-02
5.246500700000000100e-02
5.261498700000000195e-02
5.276653900000000119e-02
5.291970099999999955e-02
5.307450899999999888e-02
5.323099700000000212e-02
5.338920300000000313e-02
5.354916299999999685e-02
5.371091900000000280e-02
5.387451099999999993e-02
5.403997700000000293e-02
5.420736599999999988e-02
5.437671799999999750e-02
5.454808099999999826e-02
5.472150099999999878e-02
5.489702899999999997e-02
5.507471399999999684e-02
5.525460799999999673e-02
5.543676799999999738e-02
5.562124799999999814e-02
5.580810099999999885e-02
5.599739399999999895e-02
5.618918700000000155e-02
5.638354300000000124e-02
5.658052899999999746e-02
5.678021199999999657e-02
5.698266300000000284e-02
5.718796000000000296e-02
5.739617699999999961e-02
5.760739399999999927e-02
5.782169499999999934e-02
5.803916199999999831e-02
5.825988900000000220e-02
5.848396599999999834e-02
5.871148799999999918e-02
5.894255999999999801e-02
5.917727899999999930e-02
5.941576099999999749e-02
5.965811399999999820e-02
5.990445600000000176e-02
6.015491500000000324e-02
6.040961300000000089e-02
6.066868799999999839e-02
6.093227500000000102e-02
6.120052599999999815e-02
6.147358900000000209e-02
6.175162599999999696e-02
6.203480399999999895e-02
6.232329500000000078e-02
6.261727999999999739e-02
6.291695699999999558e-02
6.322252800000000006e-02
6.353419999999999901e-02
6.385219100000000259e-02
6.417673799999999706e-02
6.450809500000000141e-02
6.484650799999999715e-02
6.519225200000000608e-02
6.554561100000000362e-02
6.590688999999999576e-02
6.627640899999999446e-02
6.665451099999999962e-02
6.704153899999999722e-02
6.743787199999999593e-02
6.784391400000000516e-02
6.826008899999999602e-02
6.868684299999999743e-02
6.912465399999999371e-02
6.957402799999999610e-02
7.003550999999999527e-02
7.050966499999999915e-02
7.099711100000000163e-02
7.149850600000000334e-02
7.201454799999999767e-02
7.254598299999999444e-02
7.309362299999999646e-02
7.365831700000000093e-02
7.424100499999999880e-02
7.484267699999999635e-02
7.546440499999999829e-02
7.610735300000000259e-02
7.677277899999999933e-02
7.746203999999999590e-02
7.817660299999999729e-02
7.891807700000000314e-02
7.968819900000000123e-02
8.048888299999999718e-02
8.132220800000000693e-02
8.219044699999999981e-02
8.309611699999999712e-02
8.404196799999999468e-02
8.503104000000000218e-02
8.606671500000000197e-02
8.715273399999999560e-02
8.829323899999999559e-02
8.949290199999999917e-02
9.075691600000000692e-02
9.209114300000000031e-02
9.350218600000000102e-02
9.499753299999999512e-02
9.658570599999999340e-02
9.827643599999999480e-02
1.000809099999999952e-01
1.020120500000000069e-01
1.040848399999999979e-01
1.063168000000000030e-01
1.087285499999999933e-01
1.113444600000000062e-01
1.141936699999999971e-01
1.173112199999999938e-01
1.207397100000000001e-01
1.245314099999999952e-01
1.287512199999999996e-01
1.334807299999999919e-01
1.388239099999999948e-01
1.449154900000000079e-01
1.519329399999999886e-01
1.601149299999999887e-01
1.697896600000000089e-01
1.814202099999999984e-01
1.956790999999999947e-01
2.135750800000000005e-01
2.366746700000000037e-01
2.674942599999999837e-01
3.101696400000000242e-01
3.713825599999999727e-01
4.609143399999999779e-01
5.838596200000000236e-01
