9.390000000000000000e+02
0.000000000000000000e+00
1.876000000000000156e+01
6.069971899999999643e-01
7.395486199999999899e-01
8.468799000000000188e-01
9.165028899999999590e-01
9.558506599999999631e-01
9.767879200000000317e-01
9.877214399999999506e-01
9.934235799999999728e-01
9.964169299999999785e-01
9.980060499999999779e-01
9.988619100000000195e-01
9.993300400000000305e-01
9.995881300000000191e-01
9.997250399999999537e-01
9.997773199999999694e-01
9.997391700000000103e-01
9.995507000000000142e-01
9.990612300000000223e-01
9.979667100000000346e-01
9.957273599999999503e-01
9.914878599999999986e-01
9.840009199999999456e-01
9.713500699999999544e-01
9.501996000000000331e-01
9.169936800000000332e-01
8.702260899999999522e-01
8.089821900000000454e-01
7.322738199999999642e-01
6.406405600000000256e-01
5.386166000000000009e-01
4.347747599999999824e-01
3.381094599999999728e-01
2.547274199999999822e-01
1.870601500000000084e-01
1.346690100000000057e-01
9.550739099999999704e-02
6.697976599999999614e-02
4.658432299999999693e-02
3.220014300000000051e-02
2.215600399999999998e-02
1.519370100000000043e-02
1.039388800000000043e-02
7.098368800000000138e-03
4.842615199999999835e-03
3.302126399999999982e-03
2.251920100000000171e-03
1.536878300000000088e-03
1.050499600000000082e-03
7.198928500000000442e-04
4.952894500000000391e-04
3.427697500000000228e-04
2.392469500000000049e-04
1.690230899999999904e-04
1.214315999999999979e-04
8.922810200000000596e-05
6.749379799999999526e-05
5.288929200000000008e-05
4.314747299999999928e-05
3.672903799999999744e-05
3.258870899999999983e-05
3.001654099999999847e-05
2.853029400000000050e-05
2.780238499999999893e-05
2.761032900000000160e-05
2.780311300000000039e-05
2.827834900000000067e-05
2.896677099999999920e-05
2.982169499999999908e-05
3.081185100000000154e-05
3.191650499999999877e-05
3.312214899999999993e-05
3.442023099999999764e-05
3.580561000000000225e-05
3.727551699999999895e-05
3.882881700000000321e-05
4.046552900000000008e-05
4.218648600000000177e-05
4.399309499999999693e-05
4.588719500000000307e-05
4.787092999999999806e-05
4.994668800000000124e-05
5.211703699999999708e-05
5.438468699999999899e-05
5.675248800000000306e-05
5.922337700000000331e-05
6.180039800000000671e-05
6.448665999999999762e-05
6.728537099999999855e-05
7.019979999999999829e-05
7.323327699999999940e-05
7.638921700000000361e-05
7.967108100000000503e-05
8.308239900000000664e-05
8.662675800000000054e-05
9.030782499999999793e-05
9.412928900000000346e-05
9.809491900000000025e-05
1.022085400000000052e-04
1.064740199999999988e-04
1.108952999999999952e-04
1.154763400000000003e-04
1.202211899999999995e-04
1.251339300000000069e-04
1.302186900000000134e-04
1.354796399999999991e-04
1.409210199999999893e-04
1.465470999999999983e-04
1.523621800000000016e-04
1.583706299999999931e-04
1.645768500000000098e-04
1.709852699999999954e-04
1.776003800000000067e-04
1.844266800000000060e-04
1.914687299999999872e-04
1.987311099999999994e-04
2.062184399999999866e-04
2.139353299999999865e-04
2.218865000000000041e-04
2.300766400000000015e-04
2.385104500000000095e-04
2.471926899999999814e-04
2.561281099999999922e-04
2.653215499999999737e-04
2.747777599999999738e-04
2.845015800000000056e-04
2.944978499999999742e-04
3.047713800000000127e-04
3.153270800000000174e-04
3.261697699999999730e-04
3.373043099999999757e-04
3.487356000000000158e-04
3.604684900000000125e-04
3.725078100000000191e-04
3.848584900000000144e-04
3.975253499999999835e-04
4.105132500000000222e-04
4.238269999999999928e-04
4.374714599999999913e-04
4.514513999999999853e-04
4.657716499999999741e-04
4.804369799999999796e-04
4.954521400000000495e-04
5.108218200000000375e-04
5.265508099999999941e-04
5.426436499999999930e-04
5.591051299999999762e-04
5.759397199999999719e-04
5.931521300000000248e-04
6.107467899999999977e-04
6.287282399999999643e-04
6.471009699999999811e-04
6.658693899999999907e-04
6.850378100000000100e-04
7.046106000000000331e-04
7.245919599999999742e-04
7.449862299999999472e-04
7.657974499999999638e-04
7.870298599999999952e-04
8.086873599999999619e-04
8.307740799999999495e-04
8.532938699999999699e-04
8.762505600000000065e-04
8.996480600000000480e-04
9.234900399999999582e-04
9.477801500000000061e-04
9.725220199999999983e-04
9.977192399999999014e-04
1.023375100000000013e-03
1.049493000000000084e-03
1.076076299999999914e-03
1.103128199999999946e-03
1.130651899999999968e-03
1.158650300000000103e-03
1.187126500000000107e-03
1.216083400000000101e-03
1.245523699999999921e-03
1.275450100000000055e-03
1.305865399999999940e-03
1.336771899999999926e-03
1.368172200000000033e-03
1.400068800000000028e-03
1.432463599999999910e-03
1.465359000000000063e-03
1.498757199999999935e-03
1.532659900000000108e-03
1.567069099999999961e-03
1.601986599999999893e-03
1.637414200000000082e-03
1.673353399999999956e-03
1.709805599999999993e-03
1.746772300000000054e-03
1.784254899999999965e-03
1.822254500000000102e-03
1.860772099999999938e-03
1.899808900000000099e-03
1.939365800000000025e-03
1.979443200000000069e-03
2.020042399999999808e-03
2.061163799999999810e-03
2.102807600000000145e-03
2.144974400000000149e-03
2.187664599999999959e-03
2.230878500000000111e-03
2.274615700000000035e-03
2.318876599999999868e-03
2.363661100000000008e-03
2.408968799999999886e-03
2.454799599999999901e-03
2.501152899999999849e-03
2.548028500000000095e-03
2.595425399999999865e-03
2.643343299999999924e-03
2.691780899999999827e-03
2.740737999999999942e-03
2.790213100000000189e-03
2.840205299999999829e-03
2.890713499999999787e-03
2.941736300000000019e-03
2.993272200000000015e-03
3.045319999999999798e-03
3.097878300000000192e-03
3.150945100000000082e-03
3.204518899999999823e-03
3.258597800000000069e-03
3.313180099999999805e-03
3.368263399999999949e-03
3.423846099999999955e-03
3.479925699999999837e-03
3.536500299999999816e-03
3.593567299999999871e-03
3.651124200000000018e-03
3.709169100000000042e-03
3.767698800000000153e-03
3.826711100000000036e-03
3.886202999999999966e-03
3.946172099999999995e-03
4.006615399999999966e-03
4.067529500000000020e-03
4.128912000000000207e-03
4.190759700000000303e-03
4.253069400000000083e-03
4.315838199999999861e-03
4.379062000000000406e-03
4.442738400000000032e-03
4.506863699999999646e-03
4.571434099999999688e-03
4.636446500000000401e-03
4.701897499999999758e-03
4.767783000000000264e-03
4.834099700000000360e-03
4.900843400000000349e-03
4.968010800000000407e-03
5.035597799999999569e-03
5.103601099999999745e-03
5.172016100000000234e-03
5.240838999999999741e-03
5.310065600000000302e-03
5.379692699999999959e-03
5.449715100000000409e-03
5.520129099999999955e-03
5.590930600000000236e-03
5.662115799999999956e-03
5.733679499999999943e-03
5.805618099999999837e-03
5.877927399999999941e-03
5.950602699999999953e-03
6.023639299999999572e-03
6.097033600000000171e-03
6.170780899999999715e-03
6.244876400000000036e-03
6.319316099999999770e-03
6.394095300000000349e-03
6.469209200000000139e-03
6.544653800000000375e-03
6.620423900000000153e-03
6.696515699999999911e-03
6.772924199999999680e-03
6.849644700000000024e-03
6.926672499999999774e-03
7.004003499999999702e-03
7.081633000000000372e-03
7.159555800000000012e-03
7.237767800000000258e-03
7.316263899999999806e-03
7.395039800000000225e-03
7.474090899999999947e-03
7.553412100000000268e-03
7.632999199999999755e-03
7.712847600000000310e-03
7.792951999999999692e-03
7.873308799999999275e-03
7.953912000000000482e-03
8.034758300000000020e-03
8.115841999999999848e-03
8.197158600000000600e-03
8.278704200000000513e-03
8.360474399999999820e-03
8.442462399999999673e-03
8.524666499999999925e-03
8.607080200000000528e-03
8.689699699999999319e-03
8.772520299999999466e-03
8.855538399999999741e-03
8.938747500000000096e-03
9.022144600000000375e-03
9.105724299999999605e-03
9.189482800000000826e-03
9.273415400000000267e-03
9.357518500000000169e-03
9.441786400000000759e-03
9.526215500000000808e-03
9.610801000000000413e-03
9.695538300000000609e-03
9.780424600000000440e-03
9.865454399999999333e-03
9.950622900000000853e-03
1.003592700000000004e-02
1.012136299999999954e-02
1.020692599999999985e-02
1.029261100000000012e-02
1.037841500000000021e-02
1.046433299999999927e-02
1.055036200000000063e-02
1.063649799999999944e-02
1.072273600000000007e-02
1.080907300000000064e-02
1.089550499999999977e-02
1.098202600000000063e-02
1.106863599999999975e-02
1.115532800000000081e-02
1.124209999999999966e-02
1.132894700000000067e-02
1.141586600000000021e-02
1.150285399999999986e-02
1.158990499999999930e-02
1.167701800000000081e-02
1.176418800000000008e-02
1.185141200000000040e-02
1.193868600000000044e-02
1.202600799999999949e-02
1.211337300000000020e-02
1.220077699999999946e-02
1.228821899999999953e-02
1.237569500000000079e-02
1.246320000000000067e-02
1.255073200000000021e-02
1.263828799999999926e-02
1.272586499999999940e-02
1.281345799999999979e-02
1.290106700000000044e-02
1.298868700000000050e-02
1.307631599999999929e-02
1.316394899999999944e-02
1.325158599999999923e-02
1.333922100000000006e-02
1.342685400000000022e-02
1.351448100000000006e-02
1.360209899999999944e-02
1.368970599999999940e-02
1.377729899999999980e-02
1.386487500000000046e-02
1.395243099999999951e-02
1.403996599999999921e-02
1.412747599999999992e-02
1.421495899999999923e-02
1.430241299999999993e-02
1.438983500000000013e-02
1.447722400000000034e-02
1.456457599999999922e-02
1.465188899999999954e-02
1.473915999999999941e-02
1.482639000000000006e-02
1.491357299999999941e-02
1.500070899999999922e-02
1.508779600000000054e-02
1.517483099999999974e-02
1.526181300000000081e-02
1.534873900000000013e-02
1.543560700000000049e-02
1.552241700000000016e-02
1.560916400000000002e-02
1.569584900000000130e-02
1.578246800000000089e-02
1.586902100000000052e-02
1.595550600000000124e-02
1.604192100000000065e-02
1.612826399999999979e-02
1.621453499999999867e-02
1.630072999999999939e-02
1.638684799999999900e-02
1.647288900000000098e-02
1.655884999999999996e-02
1.664473099999999942e-02
1.673053000000000040e-02
1.681624500000000050e-02
1.690187500000000023e-02
1.698741900000000013e-02
1.707287500000000124e-02
1.715824200000000063e-02
1.724352100000000124e-02
1.732870800000000169e-02
1.741380199999999906e-02
1.749880399999999975e-02
1.758371099999999840e-02
1.766852299999999848e-02
1.775323800000000105e-02
1.783785599999999916e-02
1.792237500000000081e-02
1.800679599999999853e-02
1.809111799999999978e-02
1.817533699999999974e-02
1.825945500000000082e-02
1.834346900000000113e-02
1.842738099999999962e-02
1.851118900000000081e-02
1.859489300000000123e-02
1.867848999999999898e-02
1.876198100000000049e-02
1.884536599999999881e-02
1.892864299999999847e-02
1.901181199999999946e-02
1.909487299999999832e-02
1.917782399999999957e-02
1.926066699999999868e-02
1.934340000000000018e-02
1.942602200000000112e-02
1.950853300000000151e-02
1.959093300000000135e-02
1.967322100000000115e-02
1.975539700000000093e-02
1.983746000000000120e-02
1.991940999999999851e-02
2.000124899999999872e-02
2.008297499999999944e-02
2.016458700000000118e-02
2.024608500000000047e-02
2.032746900000000079e-02
2.040873799999999919e-02
2.048989600000000050e-02
2.057093800000000042e-02
2.065186600000000136e-02
2.073267800000000091e-02
2.081337800000000043e-02
2.089396099999999909e-02
2.097443100000000171e-02
2.105478800000000136e-02
2.113502800000000015e-02
2.121515399999999996e-02
2.129516600000000079e-02
2.137506399999999918e-02
2.145484599999999964e-02
2.153451600000000007e-02
2.161407099999999859e-02
2.169351099999999866e-02
2.177283899999999869e-02
2.185205399999999923e-02
2.193115299999999837e-02
2.201014000000000095e-02
2.208901599999999951e-02
2.216777799999999909e-02
2.224642599999999970e-02
2.232496399999999923e-02
2.240338899999999925e-02
2.248170199999999924e-02
2.255990500000000162e-02
2.263799699999999998e-02
2.271597800000000125e-02
2.279385000000000092e-02
2.287161199999999950e-02
2.294926300000000099e-02
2.302680500000000088e-02
2.310424100000000106e-02
2.318156700000000014e-02
2.325878500000000057e-02
2.333589599999999833e-02
2.341290199999999933e-02
2.348979899999999871e-02
2.356659200000000079e-02
2.364328099999999863e-02
2.371986400000000023e-02
2.379634200000000158e-02
2.387271599999999869e-02
2.394898999999999986e-02
2.402515900000000079e-02
2.410122599999999990e-02
2.417719399999999907e-02
2.425305900000000042e-02
2.432882399999999889e-02
2.440449000000000090e-02
2.448005799999999899e-02
2.455552700000000060e-02
2.463089900000000124e-02
2.470617400000000088e-02
2.478135199999999955e-02
2.485643499999999964e-02
2.493142300000000117e-02
2.500631799999999960e-02
2.508111899999999894e-02
2.515582699999999866e-02
2.523044300000000170e-02
2.530496900000000007e-02
2.537940400000000124e-02
2.545374800000000173e-02
2.552800599999999892e-02
2.560217299999999890e-02
2.567625399999999905e-02
2.575024999999999883e-02
2.582415799999999984e-02
2.589798199999999995e-02
2.597172199999999917e-02
2.604537800000000097e-02
2.611895300000000031e-02
2.619244500000000170e-02
2.626585799999999957e-02
2.633918999999999844e-02
2.641244200000000125e-02
2.648561799999999897e-02
2.655871599999999957e-02
2.663173699999999908e-02
2.670468200000000042e-02
2.677755399999999855e-02
2.685035200000000094e-02
2.692307700000000012e-02
2.699573200000000145e-02
2.706831300000000010e-02
2.714082599999999984e-02
2.721327000000000121e-02
2.728564500000000073e-02
2.735795499999999977e-02
2.743019699999999991e-02
2.750237499999999904e-02
2.757448700000000169e-02
2.764653799999999828e-02
2.771852500000000080e-02
2.779045100000000074e-02
2.786231999999999945e-02
2.793412699999999957e-02
2.800587599999999899e-02
2.807756900000000014e-02
2.814920400000000059e-02
2.822078600000000118e-02
2.829231299999999949e-02
2.836378700000000141e-02
2.843520999999999896e-02
2.850658099999999959e-02
2.857790300000000172e-02
2.864917599999999842e-02
2.872040099999999957e-02
2.879158000000000064e-02
2.886271300000000165e-02
2.893380300000000099e-02
2.900484799999999974e-02
2.907585199999999925e-02
2.914681499999999953e-02
2.921773700000000057e-02
2.928862200000000027e-02
2.935946700000000020e-02
2.943027800000000069e-02
2.950105100000000036e-02
2.957179199999999952e-02
2.964249799999999976e-02
2.971317399999999845e-02
2.978381899999999957e-02
2.985443399999999914e-02
2.992502000000000009e-02
2.999557900000000138e-02
3.006611199999999900e-02
3.013662099999999885e-02
3.020710700000000040e-02
3.027756900000000070e-02
3.034801000000000165e-02
3.041843099999999925e-02
3.048883599999999833e-02
3.055922100000000100e-02
3.062959000000000168e-02
3.069994399999999984e-02
3.077028500000000139e-02
3.084061299999999936e-02
3.091092999999999966e-02
3.098123699999999828e-02
3.105153500000000164e-02
3.112182800000000069e-02
3.119211300000000048e-02
3.126239399999999891e-02
3.133266800000000102e-02
3.140294600000000103e-02
3.147321899999999673e-02
3.154349299999999884e-02
3.161377099999999885e-02
3.168405199999999727e-02
3.175433700000000053e-02
3.182462600000000169e-02
3.189492599999999706e-02
3.196522999999999726e-02
3.203554799999999703e-02
3.210587799999999742e-02
3.217621899999999896e-02
3.224657499999999954e-02
3.231694499999999970e-02
3.238733500000000320e-02
3.245774299999999724e-02
3.252816900000000261e-02
3.259861800000000281e-02
3.266908999999999785e-02
3.273958700000000055e-02
3.281011100000000291e-02
3.288065999999999905e-02
3.295123900000000022e-02
3.302184899999999895e-02
3.309249100000000166e-02
3.316316400000000192e-02
3.323387399999999658e-02
3.330462099999999953e-02
3.337540499999999688e-02
3.344623000000000040e-02
3.351709600000000316e-02
3.358800700000000306e-02
3.365895900000000218e-02
3.372995899999999686e-02
3.380100400000000255e-02
3.387210100000000168e-02
3.394325100000000067e-02
3.401444900000000215e-02
3.408570200000000244e-02
3.415701499999999891e-02
3.422838100000000217e-02
3.429980900000000055e-02
3.437129800000000152e-02
3.444284899999999761e-02
3.451446400000000164e-02
3.458615000000000300e-02
3.465789899999999896e-02
3.472971899999999917e-02
3.480161400000000155e-02
3.487357900000000177e-02
3.494561799999999774e-02
3.501773600000000070e-02
3.508993600000000213e-02
3.516221399999999719e-02
3.523457399999999767e-02
3.530702000000000146e-02
3.537955100000000214e-02
3.545217199999999708e-02
3.552488599999999858e-02
3.559768900000000180e-02
3.567058599999999718e-02
3.574358300000000238e-02
3.581667300000000026e-02
3.588986799999999838e-02
3.596316299999999938e-02
3.603656599999999904e-02
3.611007299999999948e-02
3.618368899999999805e-02
3.625741600000000064e-02
3.633125499999999980e-02
3.640521299999999877e-02
3.647928300000000124e-02
3.655347600000000141e-02
3.662779199999999930e-02
3.670223100000000183e-02
3.677679600000000049e-02
3.685148800000000169e-02
3.692631100000000333e-02
3.700127100000000224e-02
3.707636500000000002e-02
3.715159400000000306e-02
3.722696799999999917e-02
3.730248299999999739e-02
3.737814400000000203e-02
3.745394900000000027e-02
3.752990800000000071e-02
3.760601999999999695e-02
3.768228700000000181e-02
3.775871199999999983e-02
3.783529599999999743e-02
3.791204499999999838e-02
3.798896100000000164e-02
3.806604400000000027e-02
3.814329600000000015e-02
3.822072599999999654e-02
3.829833099999999796e-02
3.837611900000000020e-02
3.845408599999999844e-02
3.853224200000000127e-02
3.861058500000000282e-02
3.868911800000000151e-02
3.876784400000000269e-02
3.884677200000000163e-02
3.892589700000000097e-02
3.900522700000000342e-02
3.908476599999999995e-02
3.916451299999999802e-02
3.924447300000000194e-02
3.932464900000000319e-02
3.940504400000000018e-02
3.948566700000000207e-02
3.956651299999999760e-02
3.964758699999999803e-02
3.972889899999999808e-02
3.981044499999999986e-02
3.989223000000000074e-02
3.997426099999999705e-02
4.005654200000000054e-02
4.013907199999999786e-02
4.022185899999999870e-02
4.030490300000000303e-02
4.038821199999999972e-02
4.047178500000000317e-02
4.055563000000000223e-02
4.063975100000000173e-02
4.072415100000000010e-02
4.080883400000000216e-02
4.089380100000000046e-02
4.097906500000000202e-02
4.106462000000000306e-02
4.115047699999999781e-02
4.123663899999999854e-02
4.132311000000000317e-02
4.140989500000000212e-02
4.149699999999999916e-02
4.158442799999999967e-02
4.167218100000000258e-02
4.176027000000000211e-02
4.184869299999999931e-02
4.193746300000000121e-02
4.202657600000000299e-02
4.211604599999999726e-02
4.220587399999999739e-02
4.229606300000000180e-02
4.238662499999999722e-02
4.247755899999999807e-02
4.256887399999999960e-02
4.266057200000000077e-02
4.275266500000000219e-02
4.284515199999999746e-02
4.293804600000000055e-02
4.303134599999999810e-02
4.312506700000000304e-02
4.321920499999999665e-02
4.331377499999999880e-02
4.340877800000000203e-02
4.350422000000000317e-02
4.360011200000000336e-02
4.369646299999999789e-02
4.379327200000000114e-02
4.389055099999999987e-02
4.398830599999999785e-02
4.408654599999999729e-02
4.418527299999999713e-02
4.428450400000000231e-02
4.438423700000000000e-02
4.448448900000000206e-02
4.458525800000000261e-02
4.468656000000000017e-02
4.478840199999999799e-02
4.489079099999999933e-02
4.499373599999999945e-02
4.509724700000000003e-02
4.520133099999999737e-02
4.530599700000000063e-02
4.541125900000000243e-02
4.551712100000000066e-02
4.562359299999999701e-02
4.573068799999999851e-02
4.583841599999999988e-02
4.594678399999999746e-02
4.605580499999999827e-02
4.616549200000000241e-02
4.627585000000000032e-02
4.638689800000000280e-02
4.649864100000000028e-02
4.661109299999999928e-02
4.672426400000000146e-02
4.683817199999999736e-02
4.695282099999999875e-02
4.706823100000000204e-02
4.718441100000000249e-02
4.730137799999999809e-02
4.741914199999999746e-02
4.753771400000000175e-02
4.765711699999999884e-02
4.777735799999999894e-02
4.789845999999999687e-02
4.802042599999999800e-02
4.814328300000000199e-02
4.826703999999999717e-02
4.839171800000000023e-02
4.851733099999999688e-02
4.864389400000000002e-02
4.877142999999999756e-02
4.889995199999999653e-02
4.902948099999999976e-02
4.916003699999999671e-02
4.929163699999999926e-02
4.942429799999999845e-02
4.955804700000000090e-02
4.969289899999999871e-02
4.982887999999999901e-02
4.996600699999999978e-02
5.010430899999999965e-02
5.024380199999999713e-02
5.038451000000000041e-02
5.052646200000000115e-02
5.066968499999999903e-02
5.081419599999999898e-02
5.096002699999999802e-02
5.110720199999999741e-02
5.125575100000000217e-02
5.140570600000000240e-02
5.155708999999999986e-02
5.170993499999999854e-02
5.186426999999999704e-02
5.202013300000000312e-02
5.217755200000000204e-02
5.233656200000000314e-02
5.249720100000000028e-02
5.265949699999999956e-02
5.282349499999999809e-02
5.298922999999999828e-02
5.315674100000000041e-02
5.332606699999999783e-02
5.349725100000000261e-02
5.367033899999999746e-02
5.384537200000000245e-02
5.402239799999999925e-02
5.420146099999999939e-02
5.438261099999999737e-02
5.456590299999999893e-02
5.475138100000000174e-02
5.493910600000000144e-02
5.512912899999999894e-02
5.532151500000000166e-02
5.551631399999999716e-02
5.571359399999999823e-02
5.591341899999999893e-02
5.611585100000000131e-02
5.632096200000000219e-02
5.652882199999999940e-02
5.673950500000000258e-02
5.695308699999999946e-02
5.716964599999999758e-02
5.738927099999999865e-02
5.761203899999999684e-02
5.783804099999999976e-02
5.806737399999999799e-02
5.830012999999999862e-02
5.853640699999999863e-02
5.877631500000000259e-02
5.901995699999999789e-02
5.926744600000000140e-02
5.951889999999999958e-02
5.977444400000000296e-02
6.003420400000000073e-02
6.029830900000000132e-02
6.056690599999999675e-02
6.084013399999999711e-02
6.111814499999999872e-02
6.140109900000000065e-02
6.168916399999999772e-02
6.198251199999999655e-02
6.228132499999999849e-02
6.258579300000000067e-02
6.289611800000000086e-02
6.321251399999999743e-02
6.353519100000000475e-02
6.386438799999999416e-02
6.420034900000000377e-02
6.454332200000000019e-02
6.489358800000000205e-02
6.525143199999999810e-02
6.561714400000000225e-02
6.599105099999999502e-02
6.637348199999999754e-02
6.676478700000000599e-02
6.716535199999999761e-02
6.757555899999999338e-02
6.799583900000000236e-02
6.842663899999999744e-02
6.886842099999999911e-02
6.932169900000000051e-02
6.978701099999999602e-02
7.026491299999999829e-02
7.075602599999999964e-02
7.126099599999999312e-02
7.178051800000000149e-02
7.231533499999999448e-02
7.286623899999999932e-02
7.343409200000000636e-02
7.401981200000000427e-02
7.462438200000000299e-02
7.524887500000000673e-02
7.589443799999999463e-02
7.656229999999999980e-02
7.725382599999999766e-02
7.797046800000000111e-02
7.871381199999999412e-02
7.948558799999999591e-02
8.028767300000000384e-02
8.112213000000000063e-02
8.199121800000000460e-02
8.289741000000000470e-02
8.384343199999999552e-02
8.483229600000000148e-02
8.586733800000000139e-02
8.695223900000000061e-02
8.809111299999999867e-02
8.928853999999999957e-02
9.054967799999999456e-02
9.188028400000000651e-02
9.328687200000000679e-02
9.477682399999999563e-02
9.635852999999999779e-02
9.804157199999999350e-02
9.983694599999999586e-02
1.017573600000000050e-01
1.038175300000000051e-01
1.060346699999999975e-01
1.084289799999999943e-01
1.110243800000000058e-01
1.138493800000000000e-01
1.169382699999999969e-01
1.203326799999999974e-01
1.240836200000000056e-01
1.282543399999999945e-01
1.329242599999999885e-01
1.381943999999999950e-01
1.441953900000000066e-01
1.510990000000000111e-01
1.591356100000000107e-01
1.686212400000000056e-01
1.800003299999999862e-01
1.939161399999999869e-01
2.113297899999999896e-01
2.337279200000000057e-01
2.634899900000000073e-01
3.045214099999999924e-01
3.631677899999999903e-01
4.488683600000000218e-01
5.686065599999999831e-01
