9.670000000000000000e+02
0.000000000000000000e+00
1.932000000000000028e+01
6.069923000000000401e-01
7.395459399999999572e-01
8.468794800000000178e-01
9.165036100000000241e-01
9.558514399999999966e-01
9.767884599999999695e-01
9.877216800000000463e-01
9.934236400000000522e-01
9.964168700000000101e-01
9.980059300000000411e-01
9.988617899999999716e-01
9.993299799999999511e-01
9.995880099999999713e-01
9.997249200000000169e-01
9.997771399999999531e-01
9.997388699999999462e-01
9.995499799999999491e-01
9.990596800000000055e-01
9.979633700000000163e-01
9.957207999999999615e-01
9.914756399999999914e-01
9.839795799999999648e-01
9.713137699999999652e-01
9.501387500000000319e-01
9.169017099999999809e-01
8.700999600000000056e-01
8.088179800000000474e-01
7.320678800000000042e-01
6.403959999999999653e-01
5.383492100000000224e-01
4.345082900000000192e-01
3.378651400000000082e-01
2.545179699999999823e-01
1.868896200000000063e-01
1.345354199999999889e-01
9.540559399999999635e-02
6.690368800000000282e-02
4.652824299999999691e-02
3.215918300000000091e-02
2.212627600000000028e-02
1.517221700000000000e-02
1.037840100000000064e-02
7.087221399999999588e-03
4.834594700000000023e-03
3.296352900000000096e-03
2.247758700000000113e-03
1.533871499999999973e-03
1.048319000000000030e-03
7.183027299999999917e-04
4.941207000000000411e-04
3.419009699999999894e-04
2.385911099999999871e-04
1.685175400000000101e-04
1.210312800000000065e-04
8.890047299999999982e-05
6.721526700000000313e-05
5.264268500000000232e-05
4.292017199999999954e-05
3.651169799999999928e-05
3.237429699999999779e-05
2.979967799999999845e-05
2.830675799999999987e-05
2.756876900000000127e-05
2.736378900000000040e-05
2.754118600000000157e-05
2.799882299999999991e-05
2.866759300000000063e-05
2.950089400000000100e-05
3.046749200000000072e-05
3.154665700000000312e-05
3.272484900000000290e-05
3.399346000000000301e-05
3.534728999999999882e-05
3.678348700000000224e-05
3.830082600000000212e-05
3.989922699999999962e-05
4.157941699999999683e-05
4.334270099999999694e-05
4.519079100000000316e-05
4.712571900000000043e-05
4.914974100000000021e-05
5.126529499999999822e-05
5.347496700000000188e-05
5.578145600000000080e-05
5.818756799999999746e-05
6.069619500000000308e-05
6.331030500000000302e-05
6.603295299999999417e-05
6.886724400000000400e-05
7.181635700000000145e-05
7.488354499999999862e-05
7.807210200000000639e-05
8.138538400000000473e-05
8.482682500000000077e-05
8.839987999999999904e-05
9.210809399999999680e-05
9.595504499999999500e-05
9.994436600000000518e-05
1.040797400000000018e-04
1.083649200000000047e-04
1.128036800000000042e-04
1.173998599999999978e-04
1.221573500000000003e-04
1.270800599999999869e-04
1.321719800000000064e-04
1.374371200000000005e-04
1.428795699999999978e-04
1.485033900000000114e-04
1.543127600000000082e-04
1.603118400000000084e-04
1.665048599999999961e-04
1.728960799999999982e-04
1.794897799999999890e-04
1.862903200000000023e-04
1.933019999999999866e-04
2.005292499999999944e-04
2.079764500000000067e-04
2.156480899999999989e-04
2.235485999999999962e-04
2.316824999999999896e-04
2.400542699999999943e-04
2.486684799999999912e-04
2.575296700000000269e-04
2.666423700000000252e-04
2.760112100000000255e-04
2.856407999999999842e-04
2.955356899999999894e-04
3.057005499999999746e-04
3.161399799999999906e-04
3.268586000000000082e-04
3.378610400000000126e-04
3.491519599999999774e-04
3.607359799999999817e-04
3.726177099999999822e-04
3.848017999999999925e-04
3.972928399999999948e-04
4.100954699999999884e-04
4.232142500000000214e-04
4.366537600000000075e-04
4.504186200000000260e-04
4.645133200000000251e-04
4.789424099999999842e-04
4.937103900000000285e-04
5.088217999999999604e-04
5.242810600000000079e-04
5.400925299999999882e-04
5.562606999999999578e-04
5.727899299999999506e-04
5.896845299999999837e-04
6.069487400000000282e-04
6.245869400000000383e-04
6.426032599999999912e-04
6.610019500000000351e-04
6.797870699999999933e-04
6.989627100000000027e-04
7.185329500000000235e-04
7.385017800000000503e-04
7.588730700000000150e-04
7.796507600000000034e-04
8.008386899999999590e-04
8.224405499999999907e-04
8.444601600000000135e-04
8.669010700000000453e-04
8.897669600000000182e-04
9.130612599999999961e-04
9.367874600000000197e-04
9.609489900000000445e-04
9.855491799999999917e-04
1.010591199999999988e-03
1.036078200000000024e-03
1.062013400000000026e-03
1.088399799999999933e-03
1.115240399999999901e-03
1.142537899999999983e-03
1.170295299999999901e-03
1.198515199999999892e-03
1.227200099999999940e-03
1.256352999999999984e-03
1.285975900000000055e-03
1.316071499999999991e-03
1.346641900000000074e-03
1.377689400000000003e-03
1.409216200000000096e-03
1.441224199999999915e-03
1.473715499999999961e-03
1.506691899999999980e-03
1.540155000000000083e-03
1.574106700000000051e-03
1.608548700000000031e-03
1.643482099999999963e-03
1.678908599999999994e-03
1.714829499999999916e-03
1.751245900000000105e-03
1.788159000000000103e-03
1.825569800000000032e-03
1.863479300000000019e-03
1.901888200000000084e-03
1.940797400000000101e-03
1.980207400000000024e-03
2.020118999999999908e-03
2.060532600000000106e-03
2.101448100000000152e-03
2.142866599999999986e-03
2.184787499999999837e-03
2.227211399999999911e-03
2.270137900000000070e-03
2.313567299999999983e-03
2.357499199999999948e-03
2.401933099999999793e-03
2.446868899999999920e-03
2.492306100000000156e-03
2.538243999999999830e-03
2.584682100000000073e-03
2.631619600000000177e-03
2.679055300000000167e-03
2.726988899999999941e-03
2.775418799999999821e-03
2.824344199999999968e-03
2.873763899999999972e-03
2.923676499999999789e-03
2.974080599999999810e-03
3.024974799999999991e-03
3.076357499999999787e-03
3.128227300000000020e-03
3.180582099999999975e-03
3.233420400000000007e-03
3.286740299999999903e-03
3.340539500000000179e-03
3.394816499999999890e-03
3.449568799999999918e-03
3.504794299999999981e-03
3.560490899999999796e-03
3.616655900000000177e-03
3.673287300000000009e-03
3.730382300000000071e-03
3.787938499999999979e-03
3.845953100000000079e-03
3.904423699999999987e-03
3.963347100000000345e-03
4.022720700000000267e-03
4.082541900000000168e-03
4.142807299999999755e-03
4.203513699999999673e-03
4.264658799999999569e-03
4.326238799999999884e-03
4.388250399999999926e-03
4.450690900000000075e-03
4.513556600000000370e-03
4.576844200000000119e-03
4.640549899999999763e-03
4.704670999999999680e-03
4.769203700000000309e-03
4.834143899999999820e-03
4.899488799999999859e-03
4.965233599999999657e-03
5.031375700000000062e-03
5.097910800000000041e-03
5.164835100000000033e-03
5.232145100000000146e-03
5.299836399999999746e-03
5.367905400000000209e-03
5.436348300000000237e-03
5.505160400000000398e-03
5.574338600000000067e-03
5.643878100000000210e-03
5.713775299999999599e-03
5.784025899999999804e-03
5.854625300000000122e-03
5.925570100000000263e-03
5.996855399999999857e-03
6.068477400000000209e-03
6.140431899999999887e-03
6.212714599999999594e-03
6.285320999999999964e-03
6.358246799999999962e-03
6.431487399999999757e-03
6.505039100000000254e-03
6.578897600000000422e-03
6.653057399999999684e-03
6.727515699999999689e-03
6.802266900000000262e-03
6.877306799999999970e-03
6.952631299999999584e-03
7.028236099999999806e-03
7.104115999999999730e-03
7.180267500000000330e-03
7.256685799999999971e-03
7.333366200000000085e-03
7.410304599999999707e-03
7.487495900000000135e-03
7.564936799999999809e-03
7.642622100000000425e-03
7.720547300000000016e-03
7.798708500000000286e-03
7.877100300000000263e-03
7.955719700000000658e-03
8.034560799999999892e-03
8.113620800000000480e-03
8.192893999999999177e-03
8.272375900000000087e-03
8.352063599999999186e-03
8.431951499999999766e-03
8.512034999999999393e-03
8.592310400000000709e-03
8.672773800000000213e-03
8.753419900000000003e-03
8.834244700000000450e-03
8.915244600000000325e-03
8.996415000000000661e-03
9.077751099999999823e-03
9.159249300000000052e-03
9.240905799999999184e-03
9.322715000000000515e-03
9.404673199999999747e-03
9.486777700000000729e-03
9.569022800000000217e-03
9.651404800000000853e-03
9.733920000000000072e-03
9.816564599999999183e-03
9.899334100000000553e-03
9.982223599999999475e-03
1.006523099999999914e-02
1.014835199999999937e-02
1.023158199999999948e-02
1.031491600000000036e-02
1.039835300000000080e-02
1.048188700000000050e-02
1.056551499999999928e-02
1.064923299999999927e-02
1.073303800000000030e-02
1.081692499999999980e-02
1.090089200000000057e-02
1.098493400000000002e-02
1.106904799999999973e-02
1.115323000000000009e-02
1.123747699999999919e-02
1.132178600000000035e-02
1.140615199999999926e-02
1.149057300000000045e-02
1.157504399999999961e-02
1.165956400000000073e-02
1.174412799999999951e-02
1.182873299999999926e-02
1.191337599999999983e-02
1.199805299999999984e-02
1.208276200000000036e-02
1.216749900000000002e-02
1.225226199999999988e-02
1.233704700000000029e-02
1.242184999999999991e-02
1.250666999999999925e-02
1.259150399999999989e-02
1.267634699999999927e-02
1.276119700000000017e-02
1.284605299999999964e-02
1.293090900000000085e-02
1.301576599999999979e-02
1.310061799999999964e-02
1.318546299999999970e-02
1.327030000000000050e-02
1.335512399999999947e-02
1.343993500000000008e-02
1.352472799999999975e-02
1.360950200000000075e-02
1.369425399999999945e-02
1.377898200000000038e-02
1.386368299999999991e-02
1.394835500000000082e-02
1.403299499999999950e-02
1.411760199999999993e-02
1.420217300000000023e-02
1.428670500000000024e-02
1.437119799999999996e-02
1.445564700000000029e-02
1.454005199999999949e-02
1.462441100000000035e-02
1.470871999999999978e-02
1.479298000000000071e-02
1.487718499999999937e-02
1.496133799999999937e-02
1.504543199999999921e-02
1.512946899999999956e-02
1.521344600000000026e-02
1.529736100000000064e-02
1.538121100000000054e-02
1.546499699999999942e-02
1.554871499999999941e-02
1.563236499999999876e-02
1.571594399999999905e-02
1.579944999999999961e-02
1.588288499999999936e-02
1.596624199999999855e-02
1.604952499999999851e-02
1.613272899999999843e-02
1.621585299999999882e-02
1.629889799999999916e-02
1.638186000000000156e-02
1.646473799999999960e-02
1.654753100000000074e-02
1.663023799999999858e-02
1.671285900000000005e-02
1.679539099999999979e-02
1.687783400000000128e-02
1.696018499999999915e-02
1.704244499999999982e-02
1.712461200000000086e-02
1.720668399999999987e-02
1.728866199999999978e-02
1.737054400000000165e-02
1.745232899999999907e-02
1.753401799999999844e-02
1.761560499999999946e-02
1.769709400000000002e-02
1.777848400000000065e-02
1.785977000000000051e-02
1.794095500000000148e-02
1.802203800000000064e-02
1.810301699999999903e-02
1.818389299999999958e-02
1.826466200000000095e-02
1.834532599999999861e-02
1.842588400000000001e-02
1.850633499999999876e-02
1.858667799999999884e-02
1.866691399999999973e-02
1.874704099999999901e-02
1.882705800000000068e-02
1.890696799999999969e-02
1.898676700000000162e-02
1.906645499999999951e-02
1.914603299999999980e-02
1.922549900000000006e-02
1.930485300000000029e-02
1.938409500000000049e-02
1.946322600000000014e-02
1.954224300000000081e-02
1.962114900000000092e-02
1.969993999999999912e-02
1.977861900000000075e-02
1.985718499999999942e-02
1.993563599999999963e-02
2.001397300000000087e-02
2.009219500000000019e-02
2.017030499999999948e-02
2.024829900000000085e-02
2.032617899999999977e-02
2.040394599999999919e-02
2.048159600000000122e-02
2.055913200000000080e-02
2.063655500000000087e-02
2.071386000000000061e-02
2.079105399999999979e-02
2.086812999999999862e-02
2.094509500000000038e-02
2.102194199999999832e-02
2.109867699999999971e-02
2.117529500000000023e-02
2.125180100000000072e-02
2.132819199999999929e-02
2.140446899999999888e-02
2.148063299999999898e-02
2.155668300000000009e-02
2.163261899999999877e-02
2.170844200000000140e-02
2.178415300000000054e-02
2.185975000000000071e-02
2.193523400000000137e-02
2.201060599999999853e-02
2.208586800000000155e-02
2.216101599999999866e-02
2.223605299999999868e-02
2.231097799999999867e-02
2.238579300000000105e-02
2.246049799999999888e-02
2.253509299999999910e-02
2.260957800000000170e-02
2.268395399999999923e-02
2.275821899999999967e-02
2.283237700000000092e-02
2.290642799999999951e-02
2.298036999999999996e-02
2.305420500000000122e-02
2.312793200000000035e-02
2.320155499999999871e-02
2.327506999999999840e-02
2.334848000000000132e-02
2.342178500000000052e-02
2.349498699999999843e-02
2.356808399999999956e-02
2.364107799999999940e-02
2.371396900000000141e-02
2.378675699999999865e-02
2.385944300000000101e-02
2.393202999999999997e-02
2.400451500000000057e-02
2.407689999999999830e-02
2.414918500000000010e-02
2.422137200000000143e-02
2.429345999999999936e-02
2.436545099999999978e-02
2.443734599999999868e-02
2.450914300000000060e-02
2.458084599999999995e-02
2.465245099999999884e-02
2.472396400000000105e-02
2.479538300000000070e-02
2.486670900000000073e-02
2.493794300000000061e-02
2.500908400000000087e-02
2.508013499999999993e-02
2.515109399999999884e-02
2.522196599999999844e-02
2.529274899999999979e-02
2.536344199999999993e-02
2.543404900000000024e-02
2.550456900000000124e-02
2.557500299999999893e-02
2.564535299999999921e-02
2.571561699999999964e-02
2.578579799999999866e-02
2.585589699999999921e-02
2.592591400000000129e-02
2.599584900000000143e-02
2.606570299999999910e-02
2.613547800000000018e-02
2.620517500000000069e-02
2.627479300000000115e-02
2.634433300000000103e-02
2.641379799999999875e-02
2.648318699999999831e-02
2.655250199999999866e-02
2.662174200000000032e-02
2.669091000000000172e-02
2.676000599999999938e-02
2.682903000000000024e-02
2.689798399999999978e-02
2.696686800000000148e-02
2.703568300000000132e-02
2.710443200000000122e-02
2.717311299999999874e-02
2.724172700000000030e-02
2.731027600000000138e-02
2.737876200000000093e-02
2.744718499999999894e-02
2.751554499999999889e-02
2.758384300000000025e-02
2.765208099999999850e-02
2.772026000000000004e-02
2.778838000000000141e-02
2.785644099999999915e-02
2.792444599999999860e-02
2.799239599999999925e-02
2.806029100000000109e-02
2.812813000000000119e-02
2.819591800000000037e-02
2.826365499999999864e-02
2.833133700000000157e-02
2.839897200000000149e-02
2.846655799999999945e-02
2.853409599999999838e-02
2.860158499999999882e-02
2.866902899999999865e-02
2.873642900000000083e-02
2.880378399999999894e-02
2.887109499999999940e-02
2.893836600000000009e-02
2.900559499999999860e-02
2.907278400000000082e-02
2.913993200000000033e-02
2.920704500000000092e-02
2.927411900000000122e-02
2.934115899999999860e-02
2.940816200000000158e-02
2.947513400000000006e-02
2.954207199999999908e-02
2.960897800000000107e-02
2.967585299999999857e-02
2.974269900000000091e-02
2.980951800000000013e-02
2.987630700000000125e-02
2.994307100000000166e-02
3.000981000000000135e-02
3.007652599999999926e-02
3.014321799999999940e-02
3.020988800000000071e-02
3.027653699999999920e-02
3.034316700000000075e-02
3.040977799999999842e-02
3.047637300000000105e-02
3.054294899999999979e-02
3.060951300000000139e-02
3.067606100000000099e-02
3.074259699999999998e-02
3.080912099999999834e-02
3.087563399999999902e-02
3.094213999999999992e-02
3.100863699999999862e-02
3.107512600000000152e-02
3.114160900000000065e-02
3.120808699999999894e-02
3.127456499999999723e-02
3.134103500000000320e-02
3.140750900000000012e-02
3.147398299999999705e-02
3.154045700000000091e-02
3.160693099999999783e-02
3.167341299999999749e-02
3.173989800000000250e-02
3.180639100000000330e-02
3.187289100000000042e-02
3.193939800000000079e-02
3.200591700000000178e-02
3.207244699999999699e-02
3.213899199999999817e-02
3.220554800000000051e-02
3.227211900000000189e-02
3.233870900000000020e-02
3.240531700000000292e-02
3.247193999999999775e-02
3.253858500000000181e-02
3.260525300000000071e-02
3.267194699999999979e-02
3.273866000000000276e-02
3.280540199999999740e-02
3.287216999999999917e-02
3.293896799999999903e-02
3.300579599999999697e-02
3.307265399999999994e-02
3.313954499999999942e-02
3.320647000000000182e-02
3.327342900000000020e-02
3.334042799999999834e-02
3.340746499999999730e-02
3.347453799999999813e-02
3.354165700000000250e-02
3.360881699999999916e-02
3.367601700000000253e-02
3.374326600000000093e-02
3.381056300000000181e-02
3.387790899999999772e-02
3.394530300000000306e-02
3.401275000000000132e-02
3.408024800000000049e-02
3.414780299999999741e-02
3.421540900000000218e-02
3.428307900000000102e-02
3.435080499999999815e-02
3.441859399999999680e-02
3.448644299999999857e-02
3.455435500000000187e-02
3.462233399999999767e-02
3.469037999999999983e-02
3.475849699999999931e-02
3.482668500000000306e-02
3.489493999999999929e-02
3.496327300000000304e-02
3.503168000000000254e-02
3.510016199999999725e-02
3.516872599999999738e-02
3.523736799999999808e-02
3.530609600000000209e-02
3.537490599999999763e-02
3.544380099999999700e-02
3.551278299999999916e-02
3.558185700000000146e-02
3.565102099999999802e-02
3.572027800000000114e-02
3.578962799999999694e-02
3.585907399999999773e-02
3.592862200000000034e-02
3.599826999999999888e-02
3.606801899999999977e-02
3.613787100000000196e-02
3.620782899999999693e-02
3.627789800000000286e-02
3.634807500000000052e-02
3.641836300000000221e-02
3.648876799999999782e-02
3.655928399999999745e-02
3.662992300000000173e-02
3.670068099999999889e-02
3.677155800000000280e-02
3.684256200000000231e-02
3.691369299999999742e-02
3.698495000000000255e-02
3.705634199999999906e-02
3.712786399999999654e-02
3.719951999999999981e-02
3.727131300000000036e-02
3.734324900000000197e-02
3.741532200000000086e-02
3.748753999999999975e-02
3.755990800000000296e-02
3.763242099999999923e-02
3.770508599999999877e-02
3.777790400000000104e-02
3.785087899999999700e-02
3.792401399999999895e-02
3.799730500000000205e-02
3.807076399999999999e-02
3.814438700000000182e-02
3.821817799999999848e-02
3.829214000000000229e-02
3.836627299999999935e-02
3.844058499999999934e-02
3.851507199999999742e-02
3.858974600000000116e-02
3.866459800000000141e-02
3.873963999999999880e-02
3.881487299999999974e-02
3.889029499999999834e-02
3.896591399999999733e-02
3.904173200000000260e-02
3.911774999999999974e-02
3.919397300000000001e-02
3.927040100000000339e-02
3.934704099999999927e-02
3.942389400000000099e-02
3.950096300000000005e-02
3.957825200000000126e-02
3.965575999999999823e-02
3.973349600000000009e-02
3.981146199999999885e-02
3.988966000000000039e-02
3.996809199999999673e-02
4.004676299999999911e-02
4.012567899999999743e-02
4.020483799999999969e-02
4.028425000000000061e-02
4.036391200000000179e-02
4.044383000000000006e-02
4.052400999999999920e-02
4.060445399999999816e-02
4.068516600000000177e-02
4.076614600000000310e-02
4.084740600000000277e-02
4.092894500000000130e-02
4.101076299999999869e-02
4.109287300000000198e-02
4.117527199999999887e-02
4.125796600000000008e-02
4.134096200000000193e-02
4.142426300000000283e-02
4.150787000000000226e-02
4.159178999999999654e-02
4.167603000000000280e-02
4.176059000000000021e-02
4.184547400000000056e-02
4.193069399999999752e-02
4.201624500000000068e-02
4.210213899999999676e-02
4.218837999999999755e-02
4.227497100000000146e-02
4.236191899999999788e-02
4.244922500000000015e-02
4.253689599999999765e-02
4.262493900000000058e-02
4.271336299999999725e-02
4.280216600000000260e-02
4.289135300000000012e-02
4.298093900000000273e-02
4.307092399999999655e-02
4.316131000000000134e-02
4.325211000000000333e-02
4.334332400000000252e-02
4.343496300000000004e-02
4.352702900000000180e-02
4.361953600000000042e-02
4.371248199999999695e-02
4.380587500000000106e-02
4.389972200000000213e-02
4.399403600000000025e-02
4.408881800000000184e-02
4.418407399999999680e-02
4.427981400000000067e-02
4.437604500000000285e-02
4.447277300000000017e-02
4.457000600000000229e-02
4.466775399999999702e-02
4.476602400000000148e-02
4.486482199999999865e-02
4.496415699999999765e-02
4.506403999999999965e-02
4.516447299999999665e-02
4.526547300000000051e-02
4.536704300000000273e-02
4.546919499999999698e-02
4.557193400000000144e-02
4.567527400000000182e-02
4.577922100000000188e-02
4.588378600000000279e-02
4.598898099999999822e-02
4.609481199999999890e-02
4.620129199999999797e-02
4.630843199999999660e-02
4.641624200000000339e-02
4.652473299999999867e-02
4.663391399999999853e-02
4.674380300000000044e-02
4.685440300000000280e-02
4.696572899999999773e-02
4.707779699999999762e-02
4.719061799999999668e-02
4.730420199999999659e-02
4.741856099999999796e-02
4.753371299999999827e-02
4.764966699999999972e-02
4.776644000000000029e-02
4.788404699999999903e-02
4.800249999999999656e-02
4.812181399999999887e-02
4.824200299999999858e-02
4.836308599999999958e-02
4.848507800000000090e-02
4.860799799999999948e-02
4.873185199999999911e-02
4.885666799999999893e-02
4.898245999999999850e-02
4.910924700000000170e-02
4.923704599999999959e-02
4.936587399999999709e-02
4.949575300000000344e-02
4.962670100000000223e-02
4.975874000000000269e-02
4.989189299999999966e-02
5.002617499999999912e-02
5.016161100000000178e-02
5.029822500000000196e-02
5.043603900000000195e-02
5.057507399999999764e-02
5.071536100000000047e-02
5.085691400000000306e-02
5.099977199999999877e-02
5.114394800000000157e-02
5.128947999999999841e-02
5.143639099999999797e-02
5.158470600000000100e-02
5.173446200000000189e-02
5.188568300000000189e-02
5.203840500000000285e-02
5.219265399999999805e-02
5.234846800000000216e-02
5.250587699999999941e-02
5.266491699999999859e-02
5.282562999999999842e-02
5.298804099999999961e-02
5.315219999999999667e-02
5.331813900000000050e-02
5.348590000000000289e-02
5.365552400000000305e-02
5.382705899999999655e-02
5.400054199999999860e-02
5.417602500000000265e-02
5.435355399999999837e-02
5.453317600000000265e-02
5.471493999999999663e-02
5.489890299999999890e-02
5.508511499999999700e-02
5.527363700000000046e-02
5.546452100000000274e-02
5.565782999999999842e-02
5.585362399999999755e-02
5.605196600000000168e-02
5.625292700000000118e-02
5.645656999999999759e-02
5.666296900000000053e-02
5.687219999999999775e-02
5.708433699999999889e-02
5.729945699999999809e-02
5.751764799999999761e-02
5.773899300000000234e-02
5.796358000000000066e-02
5.819150399999999806e-02
5.842285600000000217e-02
5.865774299999999830e-02
5.889626600000000267e-02
5.913852900000000218e-02
5.938465099999999663e-02
5.963474500000000289e-02
5.988893700000000320e-02
6.014735300000000062e-02
6.041012700000000096e-02
6.067739800000000044e-02
6.094931399999999749e-02
6.122602099999999853e-02
6.150768300000000049e-02
6.179446699999999876e-02
6.208654499999999993e-02
6.238409500000000052e-02
6.268731499999999346e-02
6.299641000000000268e-02
6.331157699999999389e-02
6.363304699999999814e-02
6.396104399999999468e-02
6.429582100000000300e-02
6.463763100000000095e-02
6.498674999999999591e-02
6.534345399999999526e-02
6.570804900000000448e-02
6.608085299999999496e-02
6.646220399999999695e-02
6.685244999999999382e-02
6.725197300000000655e-02
6.766115899999999850e-02
6.808044800000000174e-02
6.851026400000000127e-02
6.895110799999999707e-02
6.940346199999999910e-02
6.986787199999999753e-02
7.034491700000000680e-02
7.083519500000000357e-02
7.133936899999999970e-02
7.185813000000000617e-02
7.239221799999999429e-02
7.294244299999999570e-02
7.350965600000000655e-02
7.409478699999999529e-02
7.469881300000000279e-02
7.532282199999999761e-02
7.596794499999999506e-02
7.663544999999999385e-02
7.732667799999999592e-02
7.804308799999999657e-02
7.878629099999999441e-02
7.955800000000000372e-02
8.036012200000000605e-02
8.119471400000000116e-02
8.206405499999999686e-02
8.297061899999999546e-02
8.391715600000000663e-02
8.490668199999999721e-02
8.594254399999999572e-02
8.702845100000000667e-02
8.816854699999999989e-02
8.936741900000000349e-02
9.063025600000000626e-02
9.196285199999999771e-02
9.337175600000000020e-02
9.486439100000000624e-02
9.644919600000000093e-02
9.813582199999999756e-02
9.993533799999999856e-02
1.018605199999999961e-01
1.039262100000000050e-01
1.061497299999999977e-01
1.085514499999999938e-01
1.111554700000000062e-01
1.139905499999999960e-01
1.170912699999999973e-01
1.204996299999999965e-01
1.242671699999999962e-01
1.284577699999999989e-01
1.331517000000000117e-01
1.384511400000000003e-01
1.444883600000000101e-01
1.514373599999999931e-01
1.595317900000000066e-01
1.690924600000000000e-01
1.805711200000000016e-01
1.946225299999999880e-01
2.122265200000000018e-01
2.349010300000000107e-01
2.650792000000000148e-01
3.067569399999999780e-01
3.664132399999999734e-01
4.536273200000000005e-01
5.746841999999999784e-01
