8.630000000000000000e+02
0.000000000000000000e+00
1.723999999999999844e+01
6.070128099999999582e-01
7.395576200000000266e-01
8.468824000000000352e-01
9.165021199999999757e-01
9.558494699999999789e-01
9.767873900000000331e-01
9.877215599999999984e-01
9.934240600000000532e-01
9.964175800000000249e-01
9.980066399999999449e-01
9.988624499999999573e-01
9.993305199999999999e-01
9.995885500000000201e-01
9.997254599999999547e-01
9.997779100000000474e-01
9.997403599999999946e-01
9.995532000000000306e-01
9.990667100000000245e-01
9.979782099999999767e-01
9.957500700000000426e-01
9.915296999999999583e-01
9.840733400000000186e-01
9.714728000000000252e-01
9.504044099999999773e-01
9.173018299999999847e-01
8.706471300000000468e-01
8.095288299999999770e-01
7.329573600000000022e-01
6.414506399999999608e-01
5.395016700000000442e-01
4.356560700000000064e-01
3.389170200000000133e-01
2.554192200000000024e-01
1.876227699999999943e-01
1.351092000000000126e-01
9.584228699999999823e-02
6.722956200000000659e-02
4.676808400000000143e-02
3.233404100000000087e-02
2.225293799999999989e-02
1.526357499999999971e-02
1.044411899999999997e-02
7.134425899999999668e-03
4.868484600000000384e-03
3.320694400000000039e-03
2.265264700000000145e-03
1.546491600000000086e-03
1.057450300000000029e-03
7.249456199999999677e-04
4.989913400000000037e-04
3.455119100000000019e-04
2.413095199999999989e-04
1.706067400000000104e-04
1.226804700000000035e-04
9.024595099999999548e-05
6.835559899999999714e-05
5.364953200000000281e-05
4.384601899999999861e-05
3.739538099999999913e-05
3.324496399999999919e-05
3.067959900000000076e-05
2.921337700000000096e-05
2.851614399999999997e-05
2.836364699999999918e-05
2.860366999999999985e-05
2.913304199999999862e-05
2.988201000000000022e-05
3.080362499999999936e-05
3.186650400000000155e-05
3.304993499999999920e-05
3.434049699999999940e-05
3.572981199999999746e-05
3.721295099999999688e-05
3.878740199999999947e-05
4.045231600000000275e-05
4.220803000000000185e-05
4.405571199999999850e-05
4.599712700000000099e-05
4.803448599999999728e-05
5.017032900000000244e-05
5.240743499999999809e-05
5.474879800000000124e-05
5.719756199999999872e-05
5.975700700000000315e-05
6.243053899999999800e-05
6.522166200000000208e-05
6.813397299999999460e-05
7.117116900000000244e-05
7.433701100000000004e-05
7.763536299999999749e-05
8.107014599999999398e-05
8.464536900000000296e-05
8.836510800000000059e-05
9.223351700000000368e-05
9.625480700000000462e-05
1.004332699999999973e-04
1.047732699999999998e-04
1.092792199999999969e-04
1.139556000000000038e-04
1.188069700000000007e-04
1.238379300000000112e-04
1.290531500000000097e-04
1.344573799999999896e-04
1.400553999999999872e-04
1.458520400000000016e-04
1.518522300000000116e-04
1.580608999999999964e-04
1.644830599999999945e-04
1.711237900000000091e-04
1.779881600000000018e-04
1.850813399999999955e-04
1.924085199999999872e-04
1.999749500000000055e-04
2.077858999999999989e-04
2.158467000000000014e-04
2.241626799999999929e-04
2.327392600000000001e-04
2.415818500000000086e-04
2.506959099999999936e-04
2.600869300000000005e-04
2.697604100000000073e-04
2.797218600000000066e-04
2.899768900000000249e-04
3.005310100000000003e-04
3.113898600000000023e-04
3.225589999999999859e-04
3.340440700000000206e-04
3.458507100000000130e-04
3.579845400000000039e-04
3.704511899999999940e-04
3.832562700000000100e-04
3.964054600000000155e-04
4.099043699999999828e-04
4.237586099999999926e-04
4.379738200000000059e-04
4.525555999999999806e-04
4.675095300000000091e-04
4.828411599999999780e-04
4.985560699999999797e-04
5.146598000000000492e-04
5.311578300000000278e-04
5.480556299999999595e-04
5.653586100000000192e-04
5.830722499999999942e-04
6.012018999999999740e-04
6.197528600000000313e-04
6.387304699999999703e-04
6.581399400000000066e-04
6.779864200000000531e-04
6.982751700000000171e-04
7.190112399999999942e-04
7.401996400000000233e-04
7.618454400000000118e-04
7.839534699999999587e-04
8.065286099999999887e-04
8.295756999999999524e-04
8.530994500000000031e-04
8.771045199999999518e-04
9.015955099999999577e-04
9.265769599999999859e-04
9.520531699999999851e-04
9.780286300000000117e-04
1.004507599999999957e-03
1.031494399999999907e-03
1.058992799999999975e-03
1.087007099999999895e-03
1.115541199999999910e-03
1.144598900000000016e-03
1.174183899999999958e-03
1.204299999999999945e-03
1.234950500000000020e-03
1.266139099999999927e-03
1.297869099999999923e-03
1.330143800000000050e-03
1.362966300000000063e-03
1.396339500000000084e-03
1.430266699999999938e-03
1.464750400000000043e-03
1.499793500000000087e-03
1.535398500000000055e-03
1.571568100000000001e-03
1.608304600000000058e-03
1.645610299999999927e-03
1.683487300000000107e-03
1.721937800000000046e-03
1.760963699999999960e-03
1.800566699999999994e-03
1.840748599999999895e-03
1.881511100000000025e-03
1.922855499999999961e-03
1.964783299999999996e-03
2.007295599999999857e-03
2.050393499999999918e-03
2.094078300000000187e-03
2.138350600000000004e-03
2.183211300000000108e-03
2.228660999999999837e-03
2.274700000000000159e-03
2.321329000000000014e-03
2.368548199999999902e-03
2.416357899999999927e-03
2.464757799999999985e-03
2.513748100000000145e-03
2.563328699999999939e-03
2.613498799999999962e-03
2.664258699999999883e-03
2.715607200000000158e-03
2.767543999999999820e-03
2.820067999999999794e-03
2.873178799999999943e-03
2.926875099999999823e-03
2.981155599999999860e-03
3.036019400000000180e-03
3.091464999999999838e-03
3.147491000000000091e-03
3.204095599999999891e-03
3.261277700000000165e-03
3.319034800000000059e-03
3.377365399999999931e-03
3.436267599999999998e-03
3.495739099999999912e-03
3.555777699999999788e-03
3.616381200000000178e-03
3.677547000000000194e-03
3.739272699999999887e-03
3.801555800000000138e-03
3.864393600000000026e-03
3.927783100000000263e-03
3.991721699999999963e-03
4.056206399999999837e-03
4.121233699999999993e-03
4.186800699999999875e-03
4.252904099999999660e-03
4.319541199999999727e-03
4.386707200000000174e-03
4.454399900000000252e-03
4.522615100000000263e-03
4.591349500000000382e-03
4.660598900000000044e-03
4.730360099999999894e-03
4.800628399999999629e-03
4.871400500000000293e-03
4.942672300000000053e-03
5.014439600000000080e-03
5.086697599999999604e-03
5.159443199999999737e-03
5.232671300000000039e-03
5.306377999999999616e-03
5.380558799999999968e-03
5.455208900000000326e-03
5.530324300000000193e-03
5.605899699999999930e-03
5.681931500000000045e-03
5.758413999999999894e-03
5.835342700000000112e-03
5.912713200000000065e-03
5.990520600000000251e-03
6.068760099999999900e-03
6.147426600000000310e-03
6.226514899999999707e-03
6.306020499999999591e-03
6.385937799999999789e-03
6.466262500000000135e-03
6.546989100000000054e-03
6.628112400000000376e-03
6.709627299999999794e-03
6.791529200000000210e-03
6.873812099999999578e-03
6.956471100000000130e-03
7.039501299999999760e-03
7.122897100000000030e-03
7.206652800000000296e-03
7.290763799999999857e-03
7.375225000000000010e-03
7.460030299999999975e-03
7.545174600000000183e-03
7.630652699999999726e-03
7.716459699999999970e-03
7.802589300000000068e-03
7.889036999999999786e-03
7.975797200000000683e-03
8.062863700000000647e-03
8.150232999999999783e-03
8.237898299999999244e-03
8.325854299999999389e-03
8.414095300000000444e-03
8.502617500000000245e-03
8.591414400000000479e-03
8.680480500000000571e-03
8.769812099999999694e-03
8.859401600000000460e-03
8.949245300000000305e-03
9.039336800000000519e-03
9.129672300000000670e-03
9.220245300000000713e-03
9.311051100000000344e-03
9.402084200000000724e-03
9.493339800000000217e-03
9.584812399999999982e-03
9.676496499999999445e-03
9.768388200000000313e-03
9.860481100000000401e-03
9.952770499999999410e-03
1.004525300000000052e-02
1.013791999999999992e-02
1.023077000000000014e-02
1.032379599999999967e-02
1.041699400000000060e-02
1.051035900000000037e-02
1.060388500000000039e-02
1.069757000000000000e-02
1.079140500000000044e-02
1.088539000000000000e-02
1.097951599999999993e-02
1.107378000000000008e-02
1.116817800000000083e-02
1.126270600000000080e-02
1.135735600000000074e-02
1.145212699999999945e-02
1.154701300000000007e-02
1.164200999999999951e-02
1.173711300000000041e-02
1.183231700000000018e-02
1.192762099999999936e-02
1.202301599999999922e-02
1.211850100000000027e-02
1.221407000000000048e-02
1.230972099999999916e-02
1.240544799999999948e-02
1.250124700000000005e-02
1.259711500000000074e-02
1.269304700000000070e-02
1.278903900000000031e-02
1.288508799999999940e-02
1.298118900000000062e-02
1.307733999999999980e-02
1.317353500000000011e-02
1.326977300000000033e-02
1.336604700000000069e-02
1.346235599999999998e-02
1.355869600000000029e-02
1.365506300000000027e-02
1.375145300000000029e-02
1.384786200000000071e-02
1.394428999999999981e-02
1.404072999999999953e-02
1.413718100000000040e-02
1.423363799999999985e-02
1.433009799999999945e-02
1.442655999999999973e-02
1.452301800000000039e-02
1.461947199999999968e-02
1.471591600000000076e-02
1.481234900000000070e-02
1.490876799999999933e-02
1.500516900000000049e-02
1.510155000000000004e-02
1.519790900000000076e-02
1.529424199999999956e-02
1.539054599999999974e-02
1.548682000000000010e-02
1.558305999999999927e-02
1.567926399999999831e-02
1.577542900000000053e-02
1.587155499999999900e-02
1.596763500000000086e-02
1.606367200000000106e-02
1.615966099999999878e-02
1.625559899999999905e-02
1.635148399999999946e-02
1.644731699999999949e-02
1.654308999999999988e-02
1.663880800000000146e-02
1.673446199999999856e-02
1.683005699999999896e-02
1.692558499999999994e-02
1.702104700000000095e-02
1.711644000000000013e-02
1.721176500000000040e-02
1.730701700000000093e-02
1.740219600000000172e-02
1.749730099999999983e-02
1.759232800000000083e-02
1.768727599999999830e-02
1.778214399999999973e-02
1.787693200000000163e-02
1.797163699999999864e-02
1.806625699999999876e-02
1.816079400000000094e-02
1.825524099999999844e-02
1.834960100000000011e-02
1.844387100000000057e-02
1.853805199999999931e-02
1.863213999999999843e-02
1.872613500000000139e-02
1.882003599999999832e-02
1.891384299999999963e-02
1.900755200000000047e-02
1.910116499999999981e-02
1.919467899999999921e-02
1.928809500000000163e-02
1.938141100000000117e-02
1.947462599999999835e-02
1.956773900000000066e-02
1.966075000000000114e-02
1.975365899999999980e-02
1.984646500000000063e-02
1.993916600000000122e-02
2.003176099999999862e-02
2.012425099999999925e-02
2.021663400000000069e-02
2.030891199999999841e-02
2.040108300000000041e-02
2.049314400000000133e-02
2.058509899999999906e-02
2.067694399999999919e-02
2.076868200000000012e-02
2.086031099999999944e-02
2.095182799999999873e-02
2.104323699999999936e-02
2.113453699999999838e-02
2.122572400000000137e-02
2.131680199999999928e-02
2.140776999999999958e-02
2.149862599999999985e-02
2.158937199999999904e-02
2.168000700000000114e-02
2.177052900000000027e-02
2.186094200000000126e-02
2.195124500000000117e-02
2.204143399999999864e-02
2.213151400000000144e-02
2.222148300000000021e-02
2.231134099999999842e-02
2.240108899999999903e-02
2.249072499999999961e-02
2.258025099999999910e-02
2.266966700000000098e-02
2.275897199999999884e-02
2.284816799999999856e-02
2.293725500000000014e-02
2.302623399999999959e-02
2.311510199999999848e-02
2.320386300000000165e-02
2.329251400000000027e-02
2.338105799999999970e-02
2.346949499999999994e-02
2.355782500000000099e-02
2.364604699999999990e-02
2.373416500000000151e-02
2.382217699999999994e-02
2.391008299999999864e-02
2.399788400000000058e-02
2.408558099999999827e-02
2.417317600000000108e-02
2.426066600000000018e-02
2.434805599999999987e-02
2.443534099999999931e-02
2.452252799999999830e-02
2.460961199999999946e-02
2.469659800000000016e-02
2.478348500000000093e-02
2.487027299999999830e-02
2.495696199999999920e-02
2.504355600000000154e-02
2.513005199999999995e-02
2.521645499999999873e-02
2.530276000000000053e-02
2.538897500000000113e-02
2.547509400000000021e-02
2.556111999999999967e-02
2.564705700000000088e-02
2.573290300000000141e-02
2.581865900000000075e-02
2.590432599999999835e-02
2.598990500000000065e-02
2.607539899999999911e-02
2.616080499999999878e-02
2.624612499999999862e-02
2.633136299999999999e-02
2.641651600000000100e-02
2.650158899999999901e-02
2.658657899999999907e-02
2.667149200000000150e-02
2.675632199999999905e-02
2.684107599999999844e-02
2.692575399999999966e-02
2.701035300000000083e-02
2.709487999999999827e-02
2.717933200000000049e-02
2.726371199999999898e-02
2.734802100000000014e-02
2.743225900000000050e-02
2.751642799999999903e-02
2.760053100000000106e-02
2.768456399999999831e-02
2.776853400000000097e-02
2.785243800000000020e-02
2.793627799999999842e-02
2.802005800000000046e-02
2.810377600000000045e-02
2.818743500000000027e-02
2.827103599999999939e-02
2.835458000000000076e-02
2.843806700000000090e-02
2.852150100000000119e-02
2.860488200000000161e-02
2.868821100000000165e-02
2.877149000000000026e-02
2.885471800000000142e-02
2.893789999999999904e-02
2.902103600000000005e-02
2.910412700000000047e-02
2.918717300000000028e-02
2.927017800000000086e-02
2.935314199999999873e-02
2.943606699999999979e-02
2.951895300000000055e-02
2.960180299999999945e-02
2.968461799999999942e-02
2.976739999999999942e-02
2.985014999999999891e-02
2.993287000000000031e-02
3.001556000000000016e-02
3.009822200000000086e-02
3.018085800000000138e-02
3.026347000000000065e-02
3.034606000000000109e-02
3.042862799999999923e-02
3.051117600000000096e-02
3.059370599999999829e-02
3.067622000000000057e-02
3.075871800000000086e-02
3.084120300000000106e-02
3.092367799999999958e-02
3.100614100000000095e-02
3.108859599999999959e-02
3.117104399999999845e-02
3.125348700000000340e-02
3.133592799999999901e-02
3.141836800000000207e-02
3.150080499999999978e-02
3.158324600000000232e-02
3.166569000000000328e-02
3.174813800000000213e-02
3.183059399999999678e-02
3.191306099999999951e-02
3.199553900000000339e-02
3.207802399999999665e-02
3.216052800000000073e-02
3.224304699999999690e-02
3.232558399999999749e-02
3.240814399999999984e-02
3.249072299999999913e-02
3.257332400000000072e-02
3.265595400000000093e-02
3.273861100000000079e-02
3.282129400000000086e-02
3.290401400000000226e-02
3.298676400000000175e-02
3.306955100000000258e-02
3.315237199999999940e-02
3.323523700000000081e-02
3.331814000000000303e-02
3.340109100000000081e-02
3.348408299999999782e-02
3.356712299999999732e-02
3.365021599999999669e-02
3.373335999999999696e-02
3.381655699999999709e-02
3.389981000000000244e-02
3.398312299999999703e-02
3.406649500000000219e-02
3.414993000000000195e-02
3.423343200000000114e-02
3.431700199999999923e-02
3.440063799999999727e-02
3.448434899999999748e-02
3.456813100000000194e-02
3.465199499999999794e-02
3.473593299999999662e-02
3.481995300000000071e-02
3.490405900000000117e-02
3.498824700000000010e-02
3.507252799999999865e-02
3.515689799999999893e-02
3.524136199999999830e-02
3.532592200000000265e-02
3.541057899999999758e-02
3.549533700000000180e-02
3.558019899999999985e-02
3.566516899999999657e-02
3.575024799999999836e-02
3.583543699999999776e-02
3.592073900000000014e-02
3.600616000000000233e-02
3.609169999999999739e-02
3.617736299999999711e-02
3.626315299999999936e-02
3.634906899999999774e-02
3.643511599999999656e-02
3.652129700000000118e-02
3.660761199999999771e-02
3.669406800000000329e-02
3.678067000000000142e-02
3.686741400000000113e-02
3.695430999999999716e-02
3.704135499999999803e-02
3.712855300000000164e-02
3.721591099999999736e-02
3.730343299999999696e-02
3.739111500000000254e-02
3.747896900000000087e-02
3.756699000000000149e-02
3.765518600000000021e-02
3.774355699999999703e-02
3.783211499999999949e-02
3.792085099999999848e-02
3.800977800000000101e-02
3.809889799999999910e-02
3.818821199999999916e-02
3.827772299999999961e-02
3.836743499999999835e-02
3.845735599999999810e-02
3.854748599999999886e-02
3.863782799999999906e-02
3.872838599999999659e-02
3.881916800000000112e-02
3.891017299999999929e-02
3.900140900000000077e-02
3.909287599999999863e-02
3.918458100000000305e-02
3.927652499999999963e-02
3.936871900000000341e-02
3.946115800000000312e-02
3.955385499999999888e-02
3.964680799999999866e-02
3.974002599999999774e-02
3.983350799999999664e-02
3.992726700000000239e-02
4.002129699999999735e-02
4.011561000000000293e-02
4.021021000000000317e-02
4.030510000000000342e-02
4.040028500000000106e-02
4.049577199999999932e-02
4.059156399999999665e-02
4.068766900000000269e-02
4.078408699999999665e-02
4.088082500000000258e-02
4.097789200000000187e-02
4.107528900000000094e-02
4.117302600000000146e-02
4.127110199999999701e-02
4.136953100000000105e-02
4.146831100000000075e-02
4.156745199999999779e-02
4.166696200000000183e-02
4.176684099999999900e-02
4.186709999999999737e-02
4.196774600000000022e-02
4.206877900000000059e-02
4.217021199999999859e-02
4.227204600000000062e-02
4.237429399999999985e-02
4.247695600000000321e-02
4.258004600000000334e-02
4.268356400000000023e-02
4.278752200000000144e-02
4.289192700000000330e-02
4.299678299999999675e-02
4.310209999999999736e-02
4.320788799999999985e-02
4.331414799999999676e-02
4.342089200000000260e-02
4.352813199999999716e-02
4.363586800000000127e-02
4.374411300000000113e-02
4.385287699999999844e-02
4.396216599999999697e-02
4.407199099999999786e-02
4.418235599999999902e-02
4.429327699999999896e-02
4.440476000000000145e-02
4.451681300000000230e-02
4.462944700000000264e-02
4.474267400000000311e-02
4.485650399999999843e-02
4.497094100000000039e-02
4.508600399999999897e-02
4.520169599999999954e-02
4.531803699999999852e-02
4.543503000000000125e-02
4.555268999999999985e-02
4.567102299999999809e-02
4.579005399999999670e-02
4.590978099999999673e-02
4.603022300000000205e-02
4.615139599999999731e-02
4.627330600000000016e-02
4.639596900000000218e-02
4.651939900000000294e-02
4.664360699999999665e-02
4.676861300000000055e-02
4.689442700000000241e-02
4.702106100000000288e-02
4.714853699999999731e-02
4.727686899999999914e-02
4.740606599999999671e-02
4.753615299999999766e-02
4.766713799999999779e-02
4.779904299999999939e-02
4.793188699999999941e-02
4.806568499999999688e-02
4.820045500000000316e-02
4.833621500000000182e-02
4.847298600000000263e-02
4.861078399999999716e-02
4.874963300000000055e-02
4.888955100000000331e-02
4.903056100000000028e-02
4.917268100000000280e-02
4.931593699999999719e-02
4.946035099999999962e-02
4.960594299999999957e-02
4.975274200000000258e-02
4.990076599999999918e-02
5.005004600000000081e-02
5.020060400000000284e-02
5.035246899999999692e-02
5.050566799999999662e-02
5.066022600000000264e-02
5.081617799999999657e-02
5.097354600000000152e-02
5.113236599999999854e-02
5.129266500000000117e-02
5.145447699999999847e-02
5.161783799999999922e-02
5.178277900000000100e-02
5.194933300000000032e-02
5.211754100000000334e-02
5.228744099999999700e-02
5.245906499999999917e-02
5.263245500000000160e-02
5.280765099999999712e-02
5.298470000000000263e-02
5.316363999999999812e-02
5.334452199999999839e-02
5.352738099999999888e-02
5.371227499999999683e-02
5.389925100000000219e-02
5.408835399999999821e-02
5.427964400000000189e-02
5.447317299999999973e-02
5.466899299999999906e-02
5.486716700000000141e-02
5.506775500000000295e-02
5.527081699999999986e-02
5.547641600000000062e-02
5.568461899999999770e-02
5.589550000000000074e-02
5.610912299999999686e-02
5.632556999999999842e-02
5.654491100000000325e-02
5.676723300000000028e-02
5.699260899999999963e-02
5.722113300000000041e-02
5.745289499999999688e-02
5.768797900000000034e-02
5.792649099999999662e-02
5.816853000000000301e-02
5.841419500000000209e-02
5.866359899999999683e-02
5.891685599999999662e-02
5.917407899999999749e-02
5.943539700000000092e-02
5.970093199999999822e-02
5.997082599999999791e-02
6.024521199999999937e-02
6.052423999999999998e-02
6.080806300000000247e-02
6.109683600000000159e-02
6.139073099999999700e-02
6.168992100000000173e-02
6.199459000000000219e-02
6.230492499999999712e-02
6.262113900000000621e-02
6.294342899999999519e-02
6.327202899999999353e-02
6.360716399999999382e-02
6.394907800000000642e-02
6.429804100000000022e-02
6.465431300000000492e-02
6.501819200000000243e-02
6.538996800000000664e-02
6.576996300000000073e-02
6.615852599999999528e-02
6.655599199999999438e-02
6.696275599999999828e-02
6.737920599999999705e-02
6.780577499999999869e-02
6.824290800000000490e-02
6.869107500000000421e-02
6.915079100000000312e-02
6.962259899999999335e-02
7.010706499999999619e-02
7.060480099999999481e-02
7.111647699999999739e-02
7.164277900000000365e-02
7.218445800000000689e-02
7.274232799999999499e-02
7.331723699999999344e-02
7.391011699999999740e-02
7.452197400000000471e-02
7.515387199999999657e-02
7.580697499999999867e-02
7.648253400000000479e-02
7.718191300000000477e-02
7.790658599999999989e-02
7.865814899999999665e-02
7.943835100000000427e-02
8.024909299999999357e-02
8.109246900000000036e-02
8.197074399999999816e-02
8.288642799999999811e-02
8.384228500000000250e-02
8.484136300000000297e-02
8.588701499999999711e-02
8.698300300000000318e-02
8.813346900000000594e-02
8.934307800000000632e-02
9.061703799999999698e-02
9.196119799999999400e-02
9.338217199999999940e-02
9.488744300000000187e-02
9.648553999999999464e-02
9.818620999999999599e-02
1.000006299999999931e-01
1.019417299999999943e-01
1.040245000000000059e-01
1.062664799999999965e-01
1.086882900000000068e-01
1.113143300000000030e-01
1.141737500000000044e-01
1.173016300000000040e-01
1.207406000000000035e-01
1.245429799999999976e-01
1.287737499999999924e-01
1.335145799999999938e-01
1.388696000000000097e-01
1.449736799999999937e-01
1.520045999999999897e-01
1.602014300000000058e-01
1.698929799999999990e-01
1.815432899999999961e-01
1.958264000000000116e-01
2.137536399999999948e-01
2.368958999999999926e-01
2.677772299999999772e-01
3.105464900000000084e-01
3.719043699999999841e-01
4.616501299999999919e-01
5.847552999999999779e-01
