1.112000000000000000e+03
0.000000000000000000e+00
2.221999900000000139e+01
6.069592799999999899e-01
7.395271100000000430e-01
8.468750099999999836e-01
9.165069500000000424e-01
9.558563799999999500e-01
9.767923400000000367e-01
9.877240699999999540e-01
9.934248300000000365e-01
9.964174000000000087e-01
9.980061099999999463e-01
9.988617300000000032e-01
9.993298099999999851e-01
9.995878299999999550e-01
9.997246899999999714e-01
9.997766599999999837e-01
9.997378599999999782e-01
9.995476599999999490e-01
9.990543100000000010e-01
9.979518099999999947e-01
9.956975000000000131e-01
9.914320100000000302e-01
9.839027500000000481e-01
9.711816300000000179e-01
9.499152899999999677e-01
9.165617200000000242e-01
8.696306299999999601e-01
8.082029800000000153e-01
7.312927200000000072e-01
6.394720099999999796e-01
5.373356900000000325e-01
4.334958199999999762e-01
3.369345999999999730e-01
2.537180499999999728e-01
1.862364300000000084e-01
1.340219199999999888e-01
9.501277700000000659e-02
6.660889100000000340e-02
4.630991799999999853e-02
3.199895500000000254e-02
2.200940800000000114e-02
1.508731800000000060e-02
1.031688000000000049e-02
7.042703699999999789e-03
4.802393700000000092e-03
3.273051199999999980e-03
2.230873799999999810e-03
1.521607199999999976e-03
1.039377100000000000e-03
7.117465099999999937e-04
4.892746800000000390e-04
3.382777799999999737e-04
2.358390000000000031e-04
1.663824500000000116e-04
1.193292800000000014e-04
8.749812700000000225e-05
6.601541099999999487e-05
5.157419600000000070e-05
4.193062000000000275e-05
3.556202900000000205e-05
3.143502899999999904e-05
2.884813899999999915e-05
2.732510600000000007e-05
2.654255499999999917e-05
2.628092099999999848e-05
2.639117699999999942e-05
2.677224600000000009e-05
2.735568200000000044e-05
2.809526099999999846e-05
2.895990699999999947e-05
2.992889099999999941e-05
3.098856199999999944e-05
3.213010499999999957e-05
3.334805299999999816e-05
3.463922600000000316e-05
3.600203500000000097e-05
3.743599900000000268e-05
3.894141600000000338e-05
4.051913900000000311e-05
4.217040600000000175e-05
4.389675100000000224e-05
4.569991899999999792e-05
4.758182300000000198e-05
4.954449800000000094e-05
5.159009400000000290e-05
5.372083299999999930e-05
5.593902099999999833e-05
5.824702700000000037e-05
6.064727900000000044e-05
6.314226599999999377e-05
6.573451500000000670e-05
6.842662000000000115e-05
7.122121300000000402e-05
7.412096600000000438e-05
7.712860699999999790e-05
8.024689999999999905e-05
8.347865500000000111e-05
8.682672299999999617e-05
9.029400099999999581e-05
9.388340500000000343e-05
9.759792000000000424e-05
1.014405500000000024e-04
1.054143400000000008e-04
1.095223699999999981e-04
1.137677599999999958e-04
1.181536599999999973e-04
1.226832700000000096e-04
1.273598000000000134e-04
1.321865100000000064e-04
1.371666899999999883e-04
1.423036400000000001e-04
1.476007200000000060e-04
1.530612899999999970e-04
1.586887499999999941e-04
1.644865399999999940e-04
1.704581100000000077e-04
1.766069200000000062e-04
1.829364800000000046e-04
1.894503100000000052e-04
1.961519599999999989e-04
2.030449699999999893e-04
2.101329299999999973e-04
2.174194400000000035e-04
2.249080900000000017e-04
2.326025299999999896e-04
2.405063699999999895e-04
2.486232799999999734e-04
2.569569000000000063e-04
2.655109300000000217e-04
2.742889899999999747e-04
2.832947900000000029e-04
2.925320300000000128e-04
3.020043700000000163e-04
3.117155000000000143e-04
3.216690999999999930e-04
3.318688499999999930e-04
3.423184700000000036e-04
3.530215799999999798e-04
3.639819000000000192e-04
3.752030599999999828e-04
3.866887099999999767e-04
3.984425299999999875e-04
4.104681099999999815e-04
4.227690799999999824e-04
4.353490700000000138e-04
4.482115899999999822e-04
4.613602399999999770e-04
4.747985799999999762e-04
4.885300900000000062e-04
5.025583100000000168e-04
5.168867100000000200e-04
5.315187199999999714e-04
5.464577099999999577e-04
5.617071900000000480e-04
5.772703999999999813e-04
5.931507299999999811e-04
6.093514400000000315e-04
6.258758400000000253e-04
6.427271299999999694e-04
6.599083999999999853e-04
6.774229700000000340e-04
6.952737499999999803e-04
7.134639899999999568e-04
7.319965500000000279e-04
7.508744600000000127e-04
7.701006800000000097e-04
7.896780699999999750e-04
8.096094200000000362e-04
8.298975900000000409e-04
8.505452399999999854e-04
8.715551200000000486e-04
8.929297899999999759e-04
9.146718099999999463e-04
9.367837299999999621e-04
9.592680700000000369e-04
9.821271500000000078e-04
1.005363300000000105e-03
1.028978799999999893e-03
1.052976099999999990e-03
1.077357099999999958e-03
1.102123900000000082e-03
1.127278700000000026e-03
1.152823299999999971e-03
1.178759799999999983e-03
1.205090100000000058e-03
1.231815700000000059e-03
1.258938299999999913e-03
1.286459999999999904e-03
1.314381799999999939e-03
1.342705700000000049e-03
1.371432899999999993e-03
1.400564800000000032e-03
1.430102599999999924e-03
1.460047799999999963e-03
1.490401300000000024e-03
1.521164399999999899e-03
1.552337999999999895e-03
1.583923099999999919e-03
1.615920500000000027e-03
1.648331100000000092e-03
1.681155500000000103e-03
1.714394499999999898e-03
1.748048799999999932e-03
1.782118600000000058e-03
1.816604500000000046e-03
1.851507000000000066e-03
1.886826199999999936e-03
1.922562500000000009e-03
1.958716000000000103e-03
1.995286399999999898e-03
2.032274399999999849e-03
2.069679599999999821e-03
2.107501500000000076e-03
2.145740699999999952e-03
2.184396099999999941e-03
2.223467900000000112e-03
2.262955499999999825e-03
2.302858499999999812e-03
2.343176199999999834e-03
2.383908000000000121e-03
2.425053400000000067e-03
2.466611300000000166e-03
2.508581199999999813e-03
2.550961899999999900e-03
2.593752500000000120e-03
2.636952100000000167e-03
2.680559600000000098e-03
2.724573699999999904e-03
2.768993100000000009e-03
2.813816800000000073e-03
2.859043199999999983e-03
2.904671000000000163e-03
2.950698600000000067e-03
2.997124600000000087e-03
3.043947300000000074e-03
3.091164899999999851e-03
3.138775900000000205e-03
3.186778400000000056e-03
3.235170600000000091e-03
3.283950500000000060e-03
3.333116200000000185e-03
3.382665799999999817e-03
3.432596999999999905e-03
3.482907999999999837e-03
3.533596200000000027e-03
3.584659899999999896e-03
3.636096399999999822e-03
3.687903499999999925e-03
3.740078799999999818e-03
3.792620000000000019e-03
3.845524700000000143e-03
3.898790100000000102e-03
3.952413800000000380e-03
4.006393300000000122e-03
4.060725700000000077e-03
4.115408299999999756e-03
4.170438700000000075e-03
4.225813800000000411e-03
4.281531100000000346e-03
4.337587399999999656e-03
4.393980399999999724e-03
4.450706300000000122e-03
4.507762799999999632e-03
4.565147200000000370e-03
4.622855700000000172e-03
4.680885499999999817e-03
4.739233300000000350e-03
4.797896400000000415e-03
4.856871900000000325e-03
4.916155699999999983e-03
4.975745499999999905e-03
5.035637400000000062e-03
5.095828799999999568e-03
5.156315899999999730e-03
5.217095799999999992e-03
5.278164999999999593e-03
5.339520099999999977e-03
5.401157299999999849e-03
5.463074000000000055e-03
5.525266800000000304e-03
5.587731500000000032e-03
5.650465399999999618e-03
5.713464700000000368e-03
5.776726200000000325e-03
5.840246099999999926e-03
5.904021199999999817e-03
5.968047800000000035e-03
6.032322500000000289e-03
6.096841799999999818e-03
6.161602199999999599e-03
6.226599700000000001e-03
6.291831399999999602e-03
6.357293600000000176e-03
6.422983000000000164e-03
6.488894999999999733e-03
6.555027300000000265e-03
6.621375700000000329e-03
6.687936400000000364e-03
6.754706600000000283e-03
6.821682199999999988e-03
6.888859399999999918e-03
6.956235499999999586e-03
7.023805800000000425e-03
7.091567899999999883e-03
7.159517599999999996e-03
7.227651300000000403e-03
7.295965700000000415e-03
7.364456999999999601e-03
7.433122000000000340e-03
7.501957000000000070e-03
7.570958699999999833e-03
7.640123399999999669e-03
7.709447300000000017e-03
7.778927700000000389e-03
7.848560799999999490e-03
7.918342000000000089e-03
7.988269399999999368e-03
8.058339399999999569e-03
8.128547999999999329e-03
8.198891800000000091e-03
8.269367700000000362e-03
8.339972200000000252e-03
8.410701499999999331e-03
8.481552800000000114e-03
8.552523299999999912e-03
8.623608399999999757e-03
8.694805200000000830e-03
8.766111000000000042e-03
8.837522000000000433e-03
8.909035500000000649e-03
8.980647700000000261e-03
9.052355800000000050e-03
9.124156099999999187e-03
9.196045800000000187e-03
9.268022100000000360e-03
9.340080400000000740e-03
9.412219700000000119e-03
9.484435399999999530e-03
9.556725599999999626e-03
9.629085699999999706e-03
9.701514600000000696e-03
9.774006899999999887e-03
9.846562499999999413e-03
9.919175900000000434e-03
9.991846000000000408e-03
1.006456799999999943e-02
1.013734200000000057e-02
1.021016200000000006e-02
1.028302700000000014e-02
1.035593400000000067e-02
1.042887900000000027e-02
1.050186200000000070e-02
1.057487600000000041e-02
1.064792300000000011e-02
1.072099699999999947e-02
1.079409800000000023e-02
1.086722000000000035e-02
1.094036399999999930e-02
1.101352499999999970e-02
1.108669999999999968e-02
1.115988899999999923e-02
1.123308899999999992e-02
1.130629600000000040e-02
1.137950799999999998e-02
1.145272399999999920e-02
1.152594000000000014e-02
1.159915400000000041e-02
1.167236500000000052e-02
1.174556900000000084e-02
1.181876500000000017e-02
1.189194900000000062e-02
1.196512100000000044e-02
1.203827700000000001e-02
1.211141699999999932e-02
1.218453700000000049e-02
1.225763600000000057e-02
1.233071099999999941e-02
1.240375999999999979e-02
1.247678099999999929e-02
1.254977399999999965e-02
1.262273400000000004e-02
1.269566100000000045e-02
1.276855300000000019e-02
1.284140700000000086e-02
1.291422300000000072e-02
1.298699700000000012e-02
1.305972900000000082e-02
1.313241700000000040e-02
1.320505800000000042e-02
1.327765099999999969e-02
1.335019399999999926e-02
1.342268800000000033e-02
1.349512700000000086e-02
1.356751299999999980e-02
1.363984199999999924e-02
1.371211399999999921e-02
1.378432700000000073e-02
1.385647899999999967e-02
1.392856900000000002e-02
1.400059600000000057e-02
1.407255800000000064e-02
1.414445299999999954e-02
1.421628100000000075e-02
1.428804000000000012e-02
1.435972899999999990e-02
1.443134599999999941e-02
1.450288999999999918e-02
1.457436099999999922e-02
1.464575499999999988e-02
1.471707400000000013e-02
1.478831499999999979e-02
1.485947699999999941e-02
1.493055899999999950e-02
1.500156000000000059e-02
1.507247899999999974e-02
1.514331399999999973e-02
1.521406600000000005e-02
1.528473300000000000e-02
1.535531300000000064e-02
1.542580699999999971e-02
1.549621200000000053e-02
1.556652799999999962e-02
1.563675499999999871e-02
1.570688900000000165e-02
1.577693399999999940e-02
1.584688600000000100e-02
1.591674400000000003e-02
1.598650999999999892e-02
1.605617800000000081e-02
1.612575399999999909e-02
1.619523200000000038e-02
1.626461200000000121e-02
1.633389700000000000e-02
1.640308099999999991e-02
1.647216799999999884e-02
1.654115499999999836e-02
1.661004099999999900e-02
1.667882899999999918e-02
1.674751400000000154e-02
1.681609599999999913e-02
1.688457700000000131e-02
1.695295399999999925e-02
1.702122899999999883e-02
1.708940000000000112e-02
1.715746699999999916e-02
1.722542800000000096e-02
1.729328600000000146e-02
1.736103599999999983e-02
1.742868100000000142e-02
1.749621900000000035e-02
1.756365199999999904e-02
1.763097799999999854e-02
1.769819499999999990e-02
1.776530600000000154e-02
1.783230699999999863e-02
1.789920199999999947e-02
1.796598699999999924e-02
1.803266400000000033e-02
1.809923199999999982e-02
1.816569100000000117e-02
1.823204000000000144e-02
1.829828099999999957e-02
1.836441100000000062e-02
1.843043200000000006e-02
1.849634199999999895e-02
1.856214399999999917e-02
1.862783399999999936e-02
1.869341399999999848e-02
1.875888200000000103e-02
1.882423999999999903e-02
1.888948899999999889e-02
1.895462700000000167e-02
1.901965400000000042e-02
1.908457100000000156e-02
1.914937599999999920e-02
1.921407099999999923e-02
1.927865499999999871e-02
1.934312800000000110e-02
1.940749199999999841e-02
1.947174399999999916e-02
1.953588599999999884e-02
1.959991800000000089e-02
1.966383899999999893e-02
1.972764899999999988e-02
1.979134999999999922e-02
1.985494000000000148e-02
1.991842099999999866e-02
1.998179200000000169e-02
2.004505300000000018e-02
2.010820400000000105e-02
2.017124600000000031e-02
2.023417900000000144e-02
2.029700200000000149e-02
2.035971699999999940e-02
2.042232299999999917e-02
2.048482199999999975e-02
2.054721099999999925e-02
2.060949200000000009e-02
2.067166600000000173e-02
2.073373099999999830e-02
2.079568999999999862e-02
2.085754100000000028e-02
2.091928599999999874e-02
2.098092400000000149e-02
2.104245700000000052e-02
2.110388300000000036e-02
2.116520300000000049e-02
2.122641700000000090e-02
2.128752700000000053e-02
2.134853199999999993e-02
2.140943299999999855e-02
2.147022999999999987e-02
2.153092300000000042e-02
2.159151200000000020e-02
2.165199799999999869e-02
2.171238099999999935e-02
2.177266400000000060e-02
2.183284200000000161e-02
2.189291999999999974e-02
2.195289699999999899e-02
2.201277199999999989e-02
2.207254599999999845e-02
2.213222200000000001e-02
2.219179599999999974e-02
2.225127299999999850e-02
2.231065000000000131e-02
2.236992900000000020e-02
2.242910999999999863e-02
2.248819399999999954e-02
2.254718000000000000e-02
2.260606700000000052e-02
2.266486200000000090e-02
2.272355900000000081e-02
2.278215999999999922e-02
2.284066800000000147e-02
2.289907999999999874e-02
2.295739800000000039e-02
2.301562399999999842e-02
2.307375500000000135e-02
2.313179500000000013e-02
2.318974199999999930e-02
2.324759800000000126e-02
2.330536199999999961e-02
2.336303699999999969e-02
2.342062099999999911e-02
2.347811500000000079e-02
2.353552000000000075e-02
2.359283699999999845e-02
2.365006500000000136e-02
2.370720499999999856e-02
2.376425999999999886e-02
2.382122700000000037e-02
2.387810900000000153e-02
2.393490399999999990e-02
2.399161600000000033e-02
2.404824300000000040e-02
2.410478500000000010e-02
2.416124600000000081e-02
2.421762200000000115e-02
2.427391699999999902e-02
2.433012999999999842e-02
2.438626099999999935e-02
2.444231300000000023e-02
2.449828399999999864e-02
2.455417600000000047e-02
2.460998899999999878e-02
2.466572300000000051e-02
2.472138000000000113e-02
2.477696000000000065e-02
2.483246299999999906e-02
2.488788999999999932e-02
2.494324200000000089e-02
2.499851800000000082e-02
2.505372100000000102e-02
2.510884999999999853e-02
2.516390400000000083e-02
2.521888699999999886e-02
2.527379999999999904e-02
2.532863800000000054e-02
2.538340700000000019e-02
2.543810800000000094e-02
2.549273700000000142e-02
2.554729600000000059e-02
2.560178899999999980e-02
2.565621400000000010e-02
2.571056999999999856e-02
2.576486000000000054e-02
2.581908600000000151e-02
2.587324599999999905e-02
2.592734099999999958e-02
2.598137000000000016e-02
2.603533699999999868e-02
2.608924199999999860e-02
2.614308300000000099e-02
2.619686499999999973e-02
2.625058400000000042e-02
2.630424300000000146e-02
2.635784299999999886e-02
2.641138200000000061e-02
2.646486500000000061e-02
2.651828900000000044e-02
2.657165599999999905e-02
2.662496500000000044e-02
2.667821899999999954e-02
2.673141799999999985e-02
2.678456200000000134e-02
2.683765299999999951e-02
2.689068999999999834e-02
2.694367199999999837e-02
2.699660499999999991e-02
2.704948600000000106e-02
2.710231399999999888e-02
2.715509400000000115e-02
2.720782299999999904e-02
2.726050500000000085e-02
2.731313700000000122e-02
2.736572199999999858e-02
2.741825999999999985e-02
2.747075100000000158e-02
2.752319699999999925e-02
2.757559899999999925e-02
2.762795399999999971e-02
2.768026900000000040e-02
2.773253800000000102e-02
2.778476499999999946e-02
2.783695200000000161e-02
2.788909700000000158e-02
2.794120099999999884e-02
2.799326599999999929e-02
2.804529099999999997e-02
2.809727899999999931e-02
2.814922900000000131e-02
2.820114199999999849e-02
2.825301900000000074e-02
2.830485799999999871e-02
2.835666400000000018e-02
2.840843599999999872e-02
2.846017299999999833e-02
2.851187800000000092e-02
2.856355000000000005e-02
2.861519200000000110e-02
2.866679999999999923e-02
2.871838000000000168e-02
2.876992899999999964e-02
2.882145200000000088e-02
2.887294400000000108e-02
2.892440900000000162e-02
2.897584799999999849e-02
2.902725899999999970e-02
2.907864599999999966e-02
2.913000799999999890e-02
2.918134600000000037e-02
2.923266000000000059e-02
2.928395199999999851e-02
2.933522300000000055e-02
2.938647200000000029e-02
2.943769800000000172e-02
2.948890800000000117e-02
2.954009499999999885e-02
2.959126600000000148e-02
2.964241999999999919e-02
2.969355499999999995e-02
2.974467399999999873e-02
2.979577900000000140e-02
2.984686799999999862e-02
2.989794100000000079e-02
2.994900199999999887e-02
3.000005099999999980e-02
3.005108600000000116e-02
3.010211100000000084e-02
3.015312599999999885e-02
3.020412999999999917e-02
3.025512600000000024e-02
3.030611199999999963e-02
3.035709099999999924e-02
3.040806399999999854e-02
3.045903000000000152e-02
3.050999000000000072e-02
3.056094599999999856e-02
3.061189699999999903e-02
3.066284600000000055e-02
3.071379100000000070e-02
3.076473399999999844e-02
3.081567799999999913e-02
3.086661900000000139e-02
3.091756299999999860e-02
3.096850799999999876e-02
3.101945299999999892e-02
3.107040200000000044e-02
3.112135499999999985e-02
3.117231100000000116e-02
3.122327299999999931e-02
3.127424000000000176e-02
3.132521399999999706e-02
3.137619400000000308e-02
3.142718199999999795e-02
3.147818100000000091e-02
3.152918799999999966e-02
3.158020999999999745e-02
3.163123899999999850e-02
3.168227900000000069e-02
3.173333400000000193e-02
3.178439999999999738e-02
3.183548199999999828e-02
3.188658099999999718e-02
3.193769199999999669e-02
3.198882200000000009e-02
3.203997000000000095e-02
3.209113699999999875e-02
3.214232300000000042e-02
3.219352699999999956e-02
3.224475300000000100e-02
3.229600199999999727e-02
3.234727300000000277e-02
3.239856700000000311e-02
3.244988199999999934e-02
3.250122400000000217e-02
3.255259600000000308e-02
3.260398999999999936e-02
3.265541000000000277e-02
3.270686400000000216e-02
3.275834400000000174e-02
3.280985399999999941e-02
3.286139700000000052e-02
3.291296999999999973e-02
3.296457600000000238e-02
3.301621600000000101e-02
3.306789000000000256e-02
3.311959700000000062e-02
3.317134499999999792e-02
3.322312599999999866e-02
3.327494500000000022e-02
3.332680500000000101e-02
3.337870500000000157e-02
3.343064300000000294e-02
3.348262600000000144e-02
3.353464999999999918e-02
3.358671800000000152e-02
3.363882800000000256e-02
3.369098499999999968e-02
3.374319199999999824e-02
3.379544200000000193e-02
3.384773800000000221e-02
3.390008600000000288e-02
3.395248599999999700e-02
3.400493400000000055e-02
3.405743499999999702e-02
3.410998700000000133e-02
3.416259600000000340e-02
3.421525999999999734e-02
3.426797699999999808e-02
3.432075300000000245e-02
3.437358900000000300e-02
3.442648100000000183e-02
3.447943199999999736e-02
3.453244600000000136e-02
3.458552100000000101e-02
3.463865800000000272e-02
3.469186300000000334e-02
3.474513099999999854e-02
3.479846200000000223e-02
3.485186400000000323e-02
3.490533299999999672e-02
3.495887300000000142e-02
3.501247999999999860e-02
3.506616099999999847e-02
3.511991700000000050e-02
3.517374399999999984e-02
3.522764500000000187e-02
3.528162499999999702e-02
3.533567900000000178e-02
3.538981100000000019e-02
3.544402499999999706e-02
3.549831700000000145e-02
3.555269199999999685e-02
3.560715200000000302e-02
3.566169400000000073e-02
3.571632100000000226e-02
3.577103499999999964e-02
3.582583699999999927e-02
3.588072600000000167e-02
3.593570699999999729e-02
3.599077800000000105e-02
3.604594199999999748e-02
3.610119999999999996e-02
3.615655400000000047e-02
3.621200499999999850e-02
3.626755300000000098e-02
3.632319700000000151e-02
3.637894600000000228e-02
3.643479200000000057e-02
3.649074599999999752e-02
3.654679999999999734e-02
3.660295899999999741e-02
3.665923000000000098e-02
3.671560399999999891e-02
3.677209099999999981e-02
3.682868899999999779e-02
3.688539899999999927e-02
3.694222099999999731e-02
3.699916200000000210e-02
3.705621900000000135e-02
3.711339100000000252e-02
3.717068600000000139e-02
3.722810000000000008e-02
3.728563700000000342e-02
3.734330100000000235e-02
3.740109099999999742e-02
3.745900499999999661e-02
3.751704799999999729e-02
3.757522600000000323e-02
3.763353099999999785e-02
3.769197299999999667e-02
3.775055000000000077e-02
3.780925999999999731e-02
3.786811200000000238e-02
3.792710600000000210e-02
3.798624099999999698e-02
3.804551800000000039e-02
3.810493999999999687e-02
3.816451099999999819e-02
3.822423099999999740e-02
3.828410100000000094e-02
3.834412200000000132e-02
3.840429699999999696e-02
3.846463199999999860e-02
3.852512300000000139e-02
3.858577099999999788e-02
3.864658599999999666e-02
3.870756200000000091e-02
3.876870100000000263e-02
3.883001199999999709e-02
3.889149100000000026e-02
3.895313999999999721e-02
3.901496200000000025e-02
3.907696199999999981e-02
3.913913699999999746e-02
3.920149400000000339e-02
3.926403099999999785e-02
3.932675299999999902e-02
3.938966199999999890e-02
3.945275799999999750e-02
3.951604699999999859e-02
3.957952599999999682e-02
3.964320200000000238e-02
3.970707200000000298e-02
3.977114300000000185e-02
3.983542000000000333e-02
3.989989699999999667e-02
3.996458299999999797e-02
4.002947700000000081e-02
4.009458400000000255e-02
4.015990299999999680e-02
4.022543900000000172e-02
4.029119800000000029e-02
4.035717199999999671e-02
4.042337800000000286e-02
4.048980800000000213e-02
4.055646799999999830e-02
4.062335899999999778e-02
4.069048499999999846e-02
4.075785400000000308e-02
4.082546000000000092e-02
4.089330900000000268e-02
4.096140699999999829e-02
4.102975500000000109e-02
4.109835299999999719e-02
4.116721100000000216e-02
4.123632599999999676e-02
4.130570199999999970e-02
4.137534300000000193e-02
4.144525200000000187e-02
4.151543600000000278e-02
4.158589199999999930e-02
4.165662500000000268e-02
4.172764300000000176e-02
4.179894199999999865e-02
4.187053400000000092e-02
4.194241800000000214e-02
4.201459500000000180e-02
4.208707099999999673e-02
4.215985199999999766e-02
4.223293799999999765e-02
4.230633799999999889e-02
4.238004599999999761e-02
4.245407899999999873e-02
4.252843199999999796e-02
4.260310900000000012e-02
4.267812099999999942e-02
4.275346499999999744e-02
4.282914799999999744e-02
4.290517399999999731e-02
4.298155000000000031e-02
4.305827599999999949e-02
4.313535599999999970e-02
4.321280100000000207e-02
4.329061099999999968e-02
4.336878999999999734e-02
4.344734499999999833e-02
4.352628399999999842e-02
4.360560299999999972e-02
4.368531300000000339e-02
4.376542199999999827e-02
4.384592500000000087e-02
4.392683900000000224e-02
4.400816200000000344e-02
4.408990200000000026e-02
4.417206700000000236e-02
4.425465700000000280e-02
4.433768200000000326e-02
4.442114400000000268e-02
4.450505600000000117e-02
4.458941500000000030e-02
4.467423599999999911e-02
4.475951899999999761e-02
4.484527199999999852e-02
4.493150099999999869e-02
4.501821500000000031e-02
4.510542000000000024e-02
4.519312100000000276e-02
4.528132800000000263e-02
4.537004599999999721e-02
4.545928199999999669e-02
4.554904600000000275e-02
4.563934000000000046e-02
4.573017699999999686e-02
4.582156600000000107e-02
4.591350999999999766e-02
4.600601599999999680e-02
4.609909999999999702e-02
4.619276499999999674e-02
4.628702299999999659e-02
4.638187600000000244e-02
4.647733999999999893e-02
4.657342300000000268e-02
4.667013099999999665e-02
4.676747700000000174e-02
4.686547099999999882e-02
4.696411600000000020e-02
4.706343300000000174e-02
4.716342300000000293e-02
4.726409899999999692e-02
4.736547499999999716e-02
4.746756299999999734e-02
4.757036600000000282e-02
4.767390700000000148e-02
4.777818500000000079e-02
4.788322400000000201e-02
4.798902900000000249e-02
4.809561400000000181e-02
4.820299100000000059e-02
4.831117399999999840e-02
4.842018000000000016e-02
4.853001600000000221e-02
4.864070200000000094e-02
4.875224799999999803e-02
4.886466999999999894e-02
4.897798600000000113e-02
4.909220699999999882e-02
4.920735200000000281e-02
4.932343200000000039e-02
4.944047000000000025e-02
4.955847900000000250e-02
4.967747599999999819e-02
4.979748299999999656e-02
4.991851399999999717e-02
5.004058799999999696e-02
5.016372399999999981e-02
5.028794300000000161e-02
5.041326200000000035e-02
5.053970599999999674e-02
5.066729700000000003e-02
5.079605100000000178e-02
5.092599200000000326e-02
5.105714100000000033e-02
5.118953100000000339e-02
5.132317200000000024e-02
5.145810199999999862e-02
5.159433599999999759e-02
5.173190300000000269e-02
5.187083399999999761e-02
5.201115099999999852e-02
5.215288700000000194e-02
5.229606900000000058e-02
5.244072200000000211e-02
5.258688300000000093e-02
5.273458400000000101e-02
5.288385599999999992e-02
5.303473000000000215e-02
5.318724400000000158e-02
5.334143000000000218e-02
5.349732900000000319e-02
5.365497600000000006e-02
5.381441099999999950e-02
5.397567200000000232e-02
5.413880599999999765e-02
5.430384700000000231e-02
5.447084499999999690e-02
5.463984599999999886e-02
5.481089299999999942e-02
5.498404099999999739e-02
5.515932999999999947e-02
5.533682200000000079e-02
5.551656299999999794e-02
5.569861499999999993e-02
5.588302800000000126e-02
5.606986600000000293e-02
5.625919299999999901e-02
5.645106400000000219e-02
5.664555000000000284e-02
5.684272199999999831e-02
5.704264299999999704e-02
5.724539199999999911e-02
5.745104300000000025e-02
5.765967400000000104e-02
5.787137199999999732e-02
5.808621299999999765e-02
5.830429100000000114e-02
5.852569600000000205e-02
5.875052499999999789e-02
5.897887400000000058e-02
5.921084800000000342e-02
5.944655799999999657e-02
5.968610900000000108e-02
5.992962000000000289e-02
6.017721399999999971e-02
6.042901400000000312e-02
6.068515800000000293e-02
6.094577899999999854e-02
6.121102300000000329e-02
6.148104399999999858e-02
6.175599200000000261e-02
6.203603700000000221e-02
6.232134999999999758e-02
6.261210899999999913e-02
6.290850800000000187e-02
6.321074799999999716e-02
6.351902299999999391e-02
6.383357200000000509e-02
6.415461000000000080e-02
6.448238300000000423e-02
6.481714500000000656e-02
6.515917200000000131e-02
6.550873100000000060e-02
6.586612799999999601e-02
6.623167500000000374e-02
6.660570899999999905e-02
6.698857199999999623e-02
6.738064400000000342e-02
6.778231299999999682e-02
6.819399399999999389e-02
6.861612899999999793e-02
6.904919399999999430e-02
6.949367400000000528e-02
6.995011099999999538e-02
7.041906600000000238e-02
7.090114100000000086e-02
7.139697700000000036e-02
7.190726000000000062e-02
7.243272700000000230e-02
7.297417500000000223e-02
7.353243199999999480e-02
7.410842199999999325e-02
7.470311200000000207e-02
7.531756200000000456e-02
7.595289500000000638e-02
7.661034899999999426e-02
7.729125000000000578e-02
7.799703600000000570e-02
7.872927899999999923e-02
7.948967099999999786e-02
8.028008000000000366e-02
8.110252799999999318e-02
8.195924000000000265e-02
8.285266199999999359e-02
8.378547399999999867e-02
8.476062900000000400e-02
8.578141799999999817e-02
8.685146300000000374e-02
8.797479399999999505e-02
8.915593500000000560e-02
9.039991299999999841e-02
9.171239999999999948e-02
9.309977999999999310e-02
9.456928100000000503e-02
9.612911200000000267e-02
9.778864700000000632e-02
9.955864400000000169e-02
1.014515000000000000e-01
1.034815899999999983e-01
1.056656700000000032e-01
1.080234100000000003e-01
1.105780600000000058e-01
1.133573199999999975e-01
1.163944199999999984e-01
1.197296600000000016e-01
1.234123399999999954e-01
1.275034499999999904e-01
1.320794200000000029e-01
1.372372400000000103e-01
1.431019500000000055e-01
1.498375100000000071e-01
1.576630599999999938e-01
1.668780099999999933e-01
1.779015999999999931e-01
1.913375400000000004e-01
2.080829100000000098e-01
2.295171599999999978e-01
2.578361900000000206e-01
2.966338700000000217e-01
3.517858099999999766e-01
4.322059200000000212e-01
5.467989399999999556e-01
