1.094000000000000000e+03
0.000000000000000000e+00
2.186000100000000046e+01
6.069626799999999767e-01
7.395288899999999943e-01
8.468751300000000315e-01
9.165062299999999773e-01
9.558555499999999983e-01
9.767917400000000194e-01
9.877236499999999531e-01
9.934245900000000518e-01
9.964172799999999608e-01
9.980059900000000095e-01
9.988617300000000032e-01
9.993298099999999851e-01
9.995878299999999550e-01
9.997246899999999714e-01
9.997766599999999837e-01
9.997379199999999466e-01
9.995478399999999652e-01
9.990547899999999704e-01
9.979528199999999627e-01
9.956995800000000285e-01
9.914359499999999548e-01
9.839097300000000379e-01
9.711937899999999457e-01
9.499359699999999629e-01
9.165934300000000423e-01
8.696747400000000017e-01
8.082611600000000340e-01
7.313664600000000515e-01
6.395602799999999810e-01
5.374327899999999936e-01
4.335930900000000143e-01
3.370242399999999749e-01
2.537953299999999857e-01
1.862997299999999967e-01
1.340718599999999872e-01
9.505112500000000020e-02
6.663779200000000125e-02
4.633141699999999974e-02
3.201480599999999982e-02
2.202102499999999963e-02
1.509579699999999934e-02
1.032305600000000059e-02
7.047194100000000148e-03
4.805657100000000105e-03
3.275424199999999939e-03
2.232601399999999993e-03
1.522867800000000070e-03
1.040300500000000032e-03
7.124267900000000407e-04
4.897798600000000070e-04
3.386573499999999772e-04
2.361288099999999887e-04
1.666084699999999935e-04
1.195104300000000022e-04
8.764818600000000054e-05
6.614445699999999906e-05
5.168962500000000233e-05
4.203791500000000051e-05
3.566528900000000214e-05
3.153735799999999906e-05
2.895193399999999940e-05
2.743225600000000124e-05
2.665459199999999865e-05
2.639913499999999843e-05
2.651668499999999869e-05
2.690605500000000001e-05
2.749872699999999866e-05
2.824843600000000060e-05
2.912409199999999932e-05
3.010496199999999998e-05
3.117740600000000044e-05
3.233263100000000089e-05
3.356520000000000179e-05
3.487195900000000207e-05
3.625136399999999805e-05
3.770297600000000241e-05
3.922713199999999670e-05
4.082473200000000322e-05
4.249706800000000259e-05
4.424571999999999690e-05
4.607249099999999846e-05
4.797934499999999963e-05
4.996837699999999790e-05
5.204178499999999931e-05
5.420186400000000178e-05
5.645096799999999785e-05
5.879153799999999838e-05
6.122606300000000537e-05
6.375708500000000555e-05
6.638721200000000653e-05
6.911910199999999910e-05
7.195545199999999440e-05
7.489900600000000549e-05
7.795255799999999471e-05
8.111896000000000438e-05
8.440107900000000331e-05
8.780184699999999873e-05
9.132423299999999913e-05
9.497124099999999509e-05
9.874592099999999670e-05
1.026513600000000017e-04
1.066907000000000050e-04
1.108670799999999997e-04
1.151837199999999943e-04
1.196438499999999980e-04
1.242507400000000090e-04
1.290077100000000022e-04
1.339180700000000058e-04
1.389852300000000008e-04
1.442125799999999941e-04
1.496035400000000079e-04
1.551615899999999877e-04
1.608902200000000013e-04
1.667929299999999955e-04
1.728732899999999896e-04
1.791348599999999886e-04
1.855812199999999992e-04
1.922159999999999906e-04
1.990428100000000121e-04
2.060653499999999972e-04
2.132872499999999966e-04
2.207122200000000123e-04
2.283439699999999923e-04
2.361862000000000054e-04
2.442426600000000025e-04
2.525170899999999740e-04
2.610132500000000204e-04
2.697349099999999853e-04
2.786858200000000090e-04
2.878697399999999751e-04
2.972905099999999896e-04
3.069518700000000160e-04
3.168575900000000062e-04
3.270114800000000236e-04
3.374173000000000059e-04
3.480788699999999764e-04
3.589999099999999785e-04
3.701841900000000184e-04
3.816355000000000225e-04
3.933575599999999798e-04
4.053541299999999909e-04
4.176288799999999736e-04
4.301855799999999884e-04
4.430278799999999790e-04
4.561594400000000115e-04
4.695839599999999925e-04
4.833050199999999828e-04
4.973262499999999515e-04
5.116512799999999766e-04
5.262835799999999618e-04
5.412267600000000107e-04
5.564842699999999988e-04
5.720595900000000067e-04
5.879561599999999499e-04
6.041774199999999607e-04
6.207266699999999717e-04
6.376072999999999897e-04
6.548226200000000158e-04
6.723758400000000171e-04
6.902702199999999778e-04
7.085088299999999905e-04
7.270949399999999995e-04
7.460315199999999550e-04
7.653217199999999554e-04
7.849683800000000367e-04
8.049745800000000350e-04
8.253431899999999748e-04
8.460769300000000465e-04
8.671787199999999663e-04
8.886512399999999760e-04
9.104972100000000490e-04
9.327191499999999821e-04
9.553197299999999486e-04
9.783013999999999166e-04
1.001666600000000002e-03
1.025417800000000094e-03
1.049557200000000075e-03
1.074087100000000079e-03
1.099009900000000057e-03
1.124327299999999938e-03
1.150041799999999923e-03
1.176155199999999977e-03
1.202669499999999914e-03
1.229586400000000097e-03
1.256907899999999906e-03
1.284635699999999922e-03
1.312771500000000074e-03
1.341316699999999971e-03
1.370272899999999943e-03
1.399641899999999953e-03
1.429424500000000056e-03
1.459622399999999966e-03
1.490236700000000056e-03
1.521268600000000087e-03
1.552719300000000033e-03
1.584589599999999951e-03
1.616880599999999998e-03
1.649593100000000014e-03
1.682727800000000020e-03
1.716285699999999925e-03
1.750267200000000080e-03
1.784673000000000075e-03
1.819503500000000046e-03
1.854759199999999946e-03
1.890440400000000095e-03
1.926547299999999911e-03
1.963080099999999894e-03
2.000039199999999965e-03
2.037424600000000124e-03
2.075235800000000200e-03
2.113473399999999964e-03
2.152136499999999977e-03
2.191225299999999872e-03
2.230739499999999983e-03
2.270678500000000103e-03
2.311042000000000131e-03
2.351829299999999828e-03
2.393039899999999890e-03
2.434673000000000045e-03
2.476728100000000123e-03
2.519204299999999817e-03
2.562100299999999983e-03
2.605415600000000019e-03
2.649149200000000016e-03
2.693299699999999932e-03
2.737865999999999824e-03
2.782846800000000117e-03
2.828241100000000036e-03
2.874047299999999902e-03
2.920263900000000072e-03
2.966889600000000102e-03
3.013922799999999881e-03
3.061361800000000129e-03
3.109204799999999800e-03
3.157450400000000150e-03
3.206096399999999996e-03
3.255141200000000092e-03
3.304582800000000192e-03
3.354418999999999977e-03
3.404648000000000136e-03
3.455267799999999986e-03
3.506276100000000045e-03
3.557670399999999893e-03
3.609448899999999783e-03
3.661609299999999800e-03
3.714148699999999820e-03
3.767064999999999997e-03
3.820356000000000012e-03
3.874018800000000179e-03
3.928050899999999644e-03
3.982449899999999758e-03
4.037213000000000433e-03
4.092337100000000179e-03
4.147820200000000047e-03
4.203659000000000215e-03
4.259851299999999931e-03
4.316393299999999635e-03
4.373282699999999842e-03
4.430516199999999863e-03
4.488090999999999609e-03
4.546004299999999859e-03
4.604252999999999992e-03
4.662833600000000113e-03
4.721743100000000068e-03
4.780978400000000100e-03
4.840536999999999791e-03
4.900414500000000242e-03
4.960608200000000099e-03
5.021114800000000405e-03
5.081931100000000069e-03
5.143053800000000134e-03
5.204479199999999771e-03
5.266204499999999761e-03
5.328225899999999675e-03
5.390539800000000020e-03
5.453143300000000242e-03
5.516032199999999774e-03
5.579203799999999866e-03
5.642653899999999952e-03
5.706379699999999944e-03
5.770377299999999814e-03
5.834642800000000400e-03
5.899173199999999812e-03
5.963964900000000291e-03
6.029014000000000074e-03
6.094317000000000137e-03
6.159870399999999718e-03
6.225670699999999794e-03
6.291713600000000198e-03
6.357996299999999976e-03
6.424515000000000434e-03
6.491265700000000208e-03
6.558244999999999873e-03
6.625448800000000200e-03
6.692874199999999767e-03
6.760517599999999946e-03
6.828374199999999970e-03
6.896441300000000219e-03
6.964715199999999863e-03
7.033192100000000210e-03
7.101868300000000432e-03
7.170740499999999837e-03
7.239804100000000325e-03
7.309056799999999812e-03
7.378493899999999731e-03
7.448112100000000256e-03
7.517907800000000161e-03
7.587877600000000021e-03
7.658017799999999875e-03
7.728324699999999763e-03
7.798794700000000191e-03
7.869424300000000400e-03
7.940209499999999893e-03
8.011147399999999849e-03
8.082234299999999441e-03
8.153466499999999575e-03
8.224841199999999297e-03
8.296353700000000039e-03
8.368001300000000447e-03
8.439780200000000093e-03
8.511687599999999757e-03
8.583718900000000471e-03
8.655872199999999420e-03
8.728141899999999898e-03
8.800527100000000297e-03
8.873023100000000316e-03
8.945626200000000861e-03
9.018334600000000451e-03
9.091143499999999184e-03
9.164050199999999174e-03
9.237050999999999595e-03
9.310143999999999365e-03
9.383324499999999915e-03
9.456589799999999893e-03
9.529936100000000604e-03
9.603361600000000567e-03
9.676862499999999354e-03
9.750436100000000814e-03
9.824078499999999714e-03
9.897787099999999505e-03
9.971558099999999758e-03
1.004538999999999953e-02
1.011927900000000012e-02
1.019322100000000057e-02
1.026721599999999915e-02
1.034125800000000074e-02
1.041534499999999946e-02
1.048947599999999931e-02
1.056364599999999945e-02
1.063785299999999920e-02
1.071209499999999960e-02
1.078636699999999983e-02
1.086066800000000040e-02
1.093499499999999944e-02
1.100934699999999919e-02
1.108371699999999987e-02
1.115810700000000044e-02
1.123251200000000005e-02
1.130692999999999976e-02
1.138135799999999941e-02
1.145579499999999952e-02
1.153023599999999926e-02
1.160468100000000037e-02
1.167912599999999974e-02
1.175356900000000017e-02
1.182800900000000044e-02
1.190244099999999972e-02
1.197686499999999973e-02
1.205127899999999981e-02
1.212567800000000084e-02
1.220006199999999937e-02
1.227442899999999990e-02
1.234877600000000054e-02
1.242309999999999942e-02
1.249740100000000000e-02
1.257167499999999917e-02
1.264592200000000041e-02
1.272013800000000062e-02
1.279432100000000086e-02
1.286847099999999938e-02
1.294258499999999951e-02
1.301666100000000055e-02
1.309069600000000062e-02
1.316469099999999920e-02
1.323864100000000064e-02
1.331254699999999923e-02
1.338640500000000053e-02
1.346021499999999933e-02
1.353397400000000070e-02
1.360768199999999942e-02
1.368133399999999986e-02
1.375493199999999923e-02
1.382847300000000085e-02
1.390195500000000056e-02
1.397537800000000011e-02
1.404873799999999985e-02
1.412203499999999980e-02
1.419526899999999994e-02
1.426843600000000066e-02
1.434153500000000074e-02
1.441456600000000018e-02
1.448752600000000057e-02
1.456041500000000016e-02
1.463323199999999949e-02
1.470597400000000013e-02
1.477864100000000035e-02
1.485123099999999946e-02
1.492374399999999920e-02
1.499617800000000063e-02
1.506853099999999959e-02
1.514080400000000076e-02
1.521299400000000052e-02
1.528510100000000059e-02
1.535712399999999977e-02
1.542905999999999965e-02
1.550091099999999916e-02
1.557267399999999989e-02
1.564434899999999837e-02
1.571593400000000085e-02
1.578743000000000160e-02
1.585883299999999926e-02
1.593014599999999920e-02
1.600136400000000056e-02
1.607248899999999883e-02
1.614352100000000095e-02
1.621445599999999862e-02
1.628529700000000066e-02
1.635603799999999983e-02
1.642668400000000042e-02
1.649723000000000162e-02
1.656767899999999835e-02
1.663802799999999915e-02
1.670827700000000055e-02
1.677842400000000012e-02
1.684847100000000028e-02
1.691841499999999915e-02
1.698825699999999966e-02
1.705799599999999888e-02
1.712763100000000080e-02
1.719716199999999848e-02
1.726658799999999938e-02
1.733590999999999951e-02
1.740512599999999993e-02
1.747423600000000063e-02
1.754324000000000161e-02
1.761213699999999993e-02
1.768092599999999959e-02
1.774960899999999953e-02
1.781818500000000027e-02
1.788665199999999941e-02
1.795500900000000094e-02
1.802325800000000033e-02
1.809139900000000106e-02
1.815943000000000071e-02
1.822735199999999875e-02
1.829516499999999865e-02
1.836286700000000147e-02
1.843045800000000026e-02
1.849794000000000091e-02
1.856531200000000048e-02
1.863257200000000002e-02
1.869972099999999901e-02
1.876676099999999986e-02
1.883368800000000121e-02
1.890050399999999853e-02
1.896720899999999876e-02
1.903380500000000086e-02
1.910028600000000104e-02
1.916665799999999961e-02
1.923291800000000162e-02
1.929906600000000014e-02
1.936510400000000104e-02
1.943102899999999897e-02
1.949684299999999981e-02
1.956254600000000010e-02
1.962813700000000036e-02
1.969361899999999901e-02
1.975898599999999922e-02
1.982424400000000128e-02
1.988939199999999879e-02
1.995442600000000080e-02
2.001935200000000067e-02
2.008416500000000104e-02
2.014886999999999928e-02
2.021346200000000148e-02
2.027794499999999861e-02
2.034231800000000159e-02
2.040658000000000055e-02
2.047073300000000137e-02
2.053477600000000111e-02
2.059870999999999924e-02
2.066253499999999924e-02
2.072625000000000162e-02
2.078985599999999892e-02
2.085335599999999998e-02
2.091674500000000048e-02
2.098002699999999832e-02
2.104320200000000043e-02
2.110626700000000147e-02
2.116922799999999827e-02
2.123208000000000040e-02
2.129482699999999881e-02
2.135746599999999856e-02
2.142000000000000154e-02
2.148242900000000080e-02
2.154475100000000087e-02
2.160696700000000123e-02
2.166908000000000029e-02
2.173109000000000152e-02
2.179299300000000009e-02
2.185479400000000030e-02
2.191649199999999922e-02
2.197808799999999979e-02
2.203957900000000011e-02
2.210096799999999861e-02
2.216225700000000118e-02
2.222344500000000139e-02
2.228453000000000031e-02
2.234551699999999877e-02
2.240640099999999940e-02
2.246718699999999957e-02
2.252787399999999982e-02
2.258846200000000012e-02
2.264895100000000050e-02
2.270934399999999936e-02
2.276963699999999882e-02
2.282983400000000024e-02
2.288993400000000067e-02
2.294993999999999854e-02
2.300984799999999941e-02
2.306966100000000172e-02
2.312937899999999852e-02
2.318900499999999865e-02
2.324853699999999967e-02
2.330797399999999867e-02
2.336731900000000098e-02
2.342657199999999967e-02
2.348573300000000169e-02
2.354480299999999957e-02
2.360378399999999918e-02
2.366267299999999865e-02
2.372147299999999986e-02
2.378018399999999935e-02
2.383880500000000111e-02
2.389734099999999903e-02
2.395578699999999922e-02
2.401414699999999958e-02
2.407242000000000062e-02
2.413060699999999836e-02
2.418870999999999868e-02
2.424672799999999864e-02
2.430465999999999877e-02
2.436251000000000042e-02
2.442027800000000012e-02
2.447796199999999894e-02
2.453556499999999876e-02
2.459308500000000064e-02
2.465052499999999952e-02
2.470788499999999888e-02
2.476516600000000165e-02
2.482236700000000143e-02
2.487949100000000011e-02
2.493653599999999873e-02
2.499350499999999919e-02
2.505039599999999908e-02
2.510721200000000028e-02
2.516395199999999985e-02
2.522061800000000020e-02
2.527720899999999840e-02
2.533372500000000138e-02
2.539017099999999957e-02
2.544654199999999908e-02
2.550284200000000126e-02
2.555907099999999918e-02
2.561522999999999925e-02
2.567132000000000094e-02
2.572733899999999838e-02
2.578329099999999985e-02
2.583917399999999948e-02
2.589498800000000073e-02
2.595073700000000150e-02
2.600642099999999832e-02
2.606203799999999918e-02
2.611759099999999903e-02
2.617307899999999840e-02
2.622850399999999971e-02
2.628386599999999948e-02
2.633916600000000066e-02
2.639440300000000031e-02
2.644958000000000031e-02
2.650469700000000067e-02
2.655975299999999845e-02
2.661475199999999847e-02
2.666969199999999832e-02
2.672457500000000041e-02
2.677939999999999834e-02
2.683416799999999852e-02
2.688888099999999989e-02
2.694353999999999846e-02
2.699814400000000170e-02
2.705269299999999918e-02
2.710718999999999976e-02
2.716163499999999995e-02
2.721602799999999975e-02
2.727037100000000158e-02
2.732466199999999956e-02
2.737890600000000146e-02
2.743309700000000004e-02
2.748724300000000148e-02
2.754133900000000149e-02
2.759539100000000036e-02
2.764939500000000022e-02
2.770335399999999948e-02
2.775726699999999866e-02
2.781113799999999914e-02
2.786496299999999954e-02
2.791874700000000070e-02
2.797248800000000021e-02
2.802618800000000049e-02
2.807984700000000153e-02
2.813346699999999881e-02
2.818704799999999927e-02
2.824058800000000050e-02
2.829409199999999985e-02
2.834755900000000134e-02
2.840098699999999907e-02
2.845438200000000029e-02
2.850774099999999964e-02
2.856106699999999901e-02
2.861435699999999999e-02
2.866761599999999993e-02
2.872084299999999937e-02
2.877403599999999936e-02
2.882720000000000074e-02
2.888033400000000056e-02
2.893343799999999882e-02
2.898651400000000142e-02
2.903956200000000140e-02
2.909258199999999878e-02
2.914557799999999838e-02
2.919854599999999883e-02
2.925149000000000152e-02
2.930440900000000001e-02
2.935730500000000021e-02
2.941017799999999863e-02
2.946302900000000169e-02
2.951585899999999846e-02
2.956866799999999934e-02
2.962145799999999982e-02
2.967422800000000041e-02
2.972698000000000007e-02
2.977971399999999880e-02
2.983243199999999901e-02
2.988513400000000070e-02
2.993781900000000093e-02
2.999049100000000107e-02
3.004314900000000163e-02
3.009579299999999916e-02
3.014842599999999900e-02
3.020104800000000117e-02
3.025365799999999925e-02
3.030625699999999964e-02
3.035884900000000025e-02
3.041143199999999866e-02
3.046400499999999886e-02
3.051657400000000117e-02
3.056913400000000128e-02
3.062169099999999949e-02
3.067424300000000034e-02
3.072679000000000035e-02
3.077933600000000089e-02
3.083187899999999954e-02
3.088441999999999923e-02
3.093695999999999946e-02
3.098950199999999863e-02
3.104204299999999833e-02
3.109458600000000045e-02
3.114713399999999993e-02
3.119968299999999889e-02
3.125223500000000321e-02
3.130479500000000331e-02
3.135735900000000131e-02
3.140993000000000257e-02
3.146250899999999961e-02
3.151509499999999991e-02
3.156768900000000294e-02
3.162029400000000018e-02
3.167290999999999856e-02
3.172554100000000293e-02
3.177817899999999668e-02
3.183083200000000335e-02
3.188350100000000159e-02
3.193618399999999941e-02
3.198888200000000320e-02
3.204159399999999963e-02
3.209432599999999941e-02
3.214708000000000149e-02
3.219984800000000313e-02
3.225263600000000119e-02
3.230544899999999997e-02
3.235828100000000263e-02
3.241113600000000011e-02
3.246401299999999990e-02
3.251691500000000040e-02
3.256984400000000057e-02
3.262279900000000094e-02
3.267578000000000149e-02
3.272879100000000013e-02
3.278182799999999897e-02
3.283489900000000072e-02
3.288799900000000109e-02
3.294112899999999955e-02
3.299429300000000093e-02
3.304748600000000092e-02
3.310072000000000014e-02
3.315398499999999693e-02
3.320728600000000252e-02
3.326062899999999989e-02
3.331400500000000070e-02
3.336742100000000127e-02
3.342087900000000056e-02
3.347437799999999908e-02
3.352791799999999683e-02
3.358150299999999866e-02
3.363512800000000025e-02
3.368880199999999686e-02
3.374251699999999965e-02
3.379628400000000282e-02
3.385009600000000313e-02
3.390395599999999898e-02
3.395786900000000164e-02
3.401183299999999826e-02
3.406584599999999685e-02
3.411991100000000277e-02
3.417403599999999791e-02
3.422820900000000249e-02
3.428244200000000325e-02
3.433673100000000228e-02
3.439107899999999801e-02
3.444548699999999686e-02
3.449995399999999934e-02
3.455448199999999748e-02
3.460907600000000250e-02
3.466372899999999729e-02
3.471844999999999792e-02
3.477323400000000009e-02
3.482808500000000168e-02
3.488300700000000060e-02
3.493799599999999894e-02
3.499305199999999672e-02
3.504818700000000148e-02
3.510338799999999926e-02
3.515866399999999919e-02
3.521401799999999971e-02
3.526944700000000238e-02
3.532495000000000079e-02
3.538053499999999768e-02
3.543619800000000208e-02
3.549194299999999802e-02
3.554777099999999884e-02
3.560367999999999866e-02
3.565967099999999695e-02
3.571575099999999697e-02
3.577192099999999819e-02
3.582817299999999788e-02
3.588451799999999720e-02
3.594095600000000307e-02
3.599748400000000320e-02
3.605410500000000296e-02
3.611082200000000075e-02
3.616763299999999765e-02
3.622453999999999952e-02
3.628154799999999680e-02
3.633865700000000337e-02
3.639586999999999684e-02
3.645318000000000169e-02
3.651059799999999828e-02
3.656812000000000257e-02
3.662574999999999859e-02
3.668348899999999968e-02
3.674133899999999786e-02
3.679929700000000165e-02
3.685737000000000041e-02
3.691555900000000057e-02
3.697385999999999728e-02
3.703228000000000075e-02
3.709081899999999710e-02
3.714948099999999809e-02
3.720826299999999837e-02
3.726716699999999688e-02
3.732619799999999793e-02
3.738535600000000153e-02
3.744464000000000126e-02
3.750405500000000142e-02
3.756360300000000096e-02
3.762328300000000042e-02
3.768309599999999926e-02
3.774304700000000179e-02
3.780313999999999897e-02
3.786337000000000036e-02
3.792373799999999850e-02
3.798425600000000096e-02
3.804491499999999859e-02
3.810572300000000107e-02
3.816667900000000196e-02
3.822778500000000024e-02
3.828904799999999914e-02
3.835045900000000341e-02
3.841203099999999926e-02
3.847375900000000321e-02
3.853565099999999716e-02
3.859769899999999920e-02
3.865991500000000303e-02
3.872229499999999686e-02
3.878484699999999730e-02
3.884756600000000004e-02
3.891045600000000299e-02
3.897352099999999708e-02
3.903676600000000052e-02
3.910018500000000258e-02
3.916378699999999852e-02
3.922757100000000274e-02
3.929153800000000085e-02
3.935569500000000304e-02
3.942004200000000236e-02
3.948457899999999882e-02
3.954930999999999724e-02
3.961423800000000300e-02
3.967936700000000011e-02
3.974469399999999708e-02
3.981022499999999770e-02
3.987596200000000091e-02
3.994191099999999661e-02
4.000806800000000080e-02
4.007443799999999695e-02
4.014102399999999737e-02
4.020782900000000049e-02
4.027485799999999672e-02
4.034211099999999994e-02
4.040958699999999681e-02
4.047729399999999700e-02
4.054523599999999839e-02
4.061340900000000309e-02
4.068182399999999838e-02
4.075047700000000023e-02
4.081937699999999697e-02
4.088851799999999870e-02
4.095791299999999857e-02
4.102756099999999712e-02
4.109746200000000127e-02
4.116762399999999988e-02
4.123805099999999779e-02
4.130873799999999763e-02
4.137969799999999948e-02
4.145092899999999747e-02
4.152243199999999801e-02
4.159421800000000224e-02
4.166628399999999788e-02
4.173863700000000204e-02
4.181127600000000138e-02
4.188421400000000294e-02
4.195744199999999757e-02
4.203097499999999820e-02
4.210480999999999946e-02
4.217895099999999925e-02
4.225340500000000082e-02
4.232817500000000260e-02
4.240326600000000196e-02
4.247868099999999730e-02
4.255441900000000305e-02
4.263049399999999794e-02
4.270690299999999745e-02
4.278365199999999841e-02
4.286074599999999818e-02
4.293818800000000213e-02
4.301598699999999859e-02
4.309414300000000142e-02
4.317266100000000106e-02
4.325154800000000077e-02
4.333080699999999896e-02
4.341044299999999995e-02
4.349046200000000056e-02
4.357086899999999818e-02
4.365166599999999869e-02
4.373286700000000166e-02
4.381446499999999689e-02
4.389647399999999783e-02
4.397889600000000343e-02
4.406173900000000254e-02
4.414500700000000000e-02
4.422870300000000116e-02
4.431283800000000023e-02
4.439741700000000152e-02
4.448244700000000135e-02
4.456792799999999971e-02
4.465386999999999829e-02
4.474028199999999927e-02
4.482717099999999899e-02
4.491453599999999796e-02
4.500239000000000322e-02
4.509074200000000310e-02
4.517959099999999811e-02
4.526895300000000066e-02
4.535882900000000328e-02
4.544922700000000176e-02
4.554015799999999725e-02
4.563162500000000205e-02
4.572364300000000131e-02
4.581621300000000147e-02
4.590934499999999724e-02
4.600305100000000313e-02
4.609733399999999676e-02
4.619220300000000112e-02
4.628767100000000245e-02
4.638374599999999653e-02
4.648043599999999997e-02
4.657774800000000215e-02
4.667569700000000210e-02
4.677428699999999773e-02
4.687353200000000247e-02
4.697344099999999772e-02
4.707402000000000114e-02
4.717528800000000272e-02
4.727724900000000036e-02
4.737991800000000003e-02
4.748330299999999754e-02
4.758741699999999991e-02
4.769227300000000030e-02
4.779788100000000040e-02
4.790425300000000081e-02
4.801140400000000058e-02
4.811934799999999929e-02
4.822808900000000176e-02
4.833765000000000284e-02
4.844804099999999725e-02
4.855927799999999739e-02
4.867137199999999747e-02
4.878434200000000137e-02
4.889819799999999689e-02
4.901295499999999694e-02
4.912863700000000278e-02
4.924524899999999789e-02
4.936281599999999686e-02
4.948135099999999981e-02
4.960087299999999672e-02
4.972139700000000051e-02
4.984294300000000066e-02
4.996553100000000053e-02
5.008917699999999862e-02
5.021390299999999723e-02
5.033972500000000183e-02
5.046666799999999925e-02
5.059475499999999820e-02
5.072399999999999826e-02
5.085442999999999908e-02
5.098606599999999656e-02
5.111893299999999835e-02
5.125305399999999928e-02
5.138845400000000008e-02
5.152516099999999988e-02
5.166319400000000256e-02
5.180258699999999716e-02
5.194336199999999987e-02
5.208554900000000182e-02
5.222917700000000163e-02
5.237427699999999686e-02
5.252088199999999790e-02
5.266901899999999748e-02
5.281871900000000009e-02
5.297002199999999855e-02
5.312295599999999896e-02
5.327756000000000158e-02
5.343387299999999979e-02
5.359192599999999806e-02
5.375176300000000101e-02
5.391342200000000251e-02
5.407694400000000179e-02
5.424237300000000345e-02
5.440974999999999978e-02
5.457912399999999969e-02
5.475054299999999874e-02
5.492404800000000309e-02
5.509970000000000145e-02
5.527753800000000106e-02
5.545762600000000292e-02
5.564001200000000258e-02
5.582475700000000263e-02
5.601191500000000240e-02
5.620155500000000026e-02
5.639373500000000039e-02
5.658852300000000168e-02
5.678598199999999874e-02
5.698618999999999907e-02
5.718921500000000158e-02
5.739513000000000253e-02
5.760402199999999778e-02
5.781596499999999694e-02
5.803104500000000332e-02
5.824935099999999782e-02
5.847097600000000089e-02
5.869600900000000038e-02
5.892455600000000293e-02
5.915671599999999808e-02
5.939259399999999994e-02
5.963230499999999656e-02
5.987596500000000321e-02
6.012369299999999889e-02
6.037561600000000001e-02
6.063186400000000059e-02
6.089257399999999792e-02
6.115789299999999790e-02
6.142796899999999893e-02
6.170296299999999956e-02
6.198303000000000146e-02
6.226834700000000167e-02
6.255909099999999723e-02
6.285546000000000189e-02
6.315764000000000100e-02
6.346584099999999506e-02
6.378028500000000600e-02
6.410119699999999865e-02
6.442882099999999723e-02
6.476340399999999664e-02
6.510522200000000426e-02
6.545454300000000392e-02
6.581167899999999793e-02
6.617692899999999545e-02
6.655062000000000477e-02
6.693311799999999978e-02
6.732477200000000495e-02
6.772598600000000191e-02
6.813717599999999375e-02
6.855876700000000656e-02
6.899123599999999745e-02
6.943507499999999888e-02
6.989081199999999661e-02
7.035900700000000119e-02
7.084026200000000106e-02
7.133520399999999928e-02
7.184453300000000209e-02
7.236896499999999344e-02
7.290929599999999844e-02
7.346634600000000181e-02
7.404103099999999327e-02
7.463432100000000347e-02
7.524725799999999742e-02
7.588095999999999730e-02
7.653665499999999511e-02
7.721566400000000330e-02
7.791940099999999925e-02
7.864943100000000575e-02
7.940743899999999633e-02
8.019526999999999906e-02
8.101492400000000205e-02
8.186861900000000358e-02
8.275876199999999960e-02
8.368801300000000554e-02
8.465930800000000256e-02
8.567587999999999593e-02
8.674133600000000222e-02
8.785966000000000609e-02
8.903531000000000639e-02
9.027327599999999952e-02
9.157916200000000562e-02
9.295926200000000084e-02
9.442071600000000176e-02
9.597164399999999485e-02
9.762128400000000261e-02
9.938024700000000489e-02
1.012607499999999966e-01
1.032769699999999957e-01
1.054453800000000052e-01
1.077853599999999967e-01
1.103197600000000028e-01
1.130757899999999955e-01
1.160860799999999943e-01
1.193901500000000004e-01
1.230363000000000012e-01
1.270842100000000030e-01
1.316085899999999975e-01
1.367040999999999951e-01
1.424926099999999918e-01
1.491335799999999878e-01
1.568397699999999895e-01
1.659011699999999867e-01
1.767228100000000079e-01
1.898862400000000117e-01
2.062528100000000086e-01
2.271424099999999890e-01
2.546492200000000095e-01
2.921938900000000117e-01
3.453832900000000095e-01
4.228164600000000051e-01
5.341182899999999956e-01
