8.870000000000000000e+02
0.000000000000000000e+00
1.771999900000000139e+01
6.070088099999999542e-01
7.395554800000000428e-01
8.468820500000000528e-01
9.165025399999999767e-01
9.558498899999999798e-01
9.767875099999999700e-01
9.877214399999999506e-01
9.934238199999999575e-01
9.964172799999999608e-01
9.980063999999999602e-01
9.988622700000000521e-01
9.993303399999999836e-01
9.995883700000000038e-01
9.997252800000000494e-01
9.997776699999999517e-01
9.997399399999999936e-01
9.995523099999999994e-01
9.990647400000000067e-01
9.979741600000000545e-01
9.957420200000000055e-01
9.915149199999999663e-01
9.840478299999999567e-01
9.714296500000000334e-01
9.503325200000000139e-01
9.171938899999999562e-01
8.704999100000000434e-01
8.093379099999999937e-01
7.327188799999999613e-01
6.411681799999999765e-01
5.391932099999999783e-01
4.353490199999999755e-01
3.386357099999999787e-01
2.551783300000000088e-01
1.874269399999999863e-01
1.349560599999999888e-01
9.572586399999999385e-02
6.714278499999999650e-02
4.670430700000000046e-02
3.228761599999999815e-02
2.221936500000000134e-02
1.523940200000000085e-02
1.042676099999999967e-02
7.121981099999999919e-03
4.859567199999999601e-03
3.314301799999999805e-03
2.260676399999999794e-03
1.543190399999999976e-03
1.055066699999999925e-03
7.232152899999999595e-04
4.977254400000000537e-04
3.445756699999999928e-04
2.406064699999999989e-04
1.700678999999999917e-04
1.222563300000000127e-04
8.990093200000000609e-05
6.806402199999999768e-05
5.339275600000000112e-05
4.361041999999999978e-05
3.717089600000000258e-05
3.302404700000000288e-05
3.045650399999999980e-05
2.898360100000000087e-05
2.827606499999999945e-05
2.811024799999999860e-05
2.833434000000000018e-05
2.884543900000000001e-05
2.957395700000000081e-05
3.047303300000000142e-05
3.151132499999999937e-05
3.266810399999999740e-05
3.392992900000000120e-05
3.528835099999999840e-05
3.673837999999999908e-05
3.827740500000000084e-05
3.990448400000000010e-05
4.161984199999999907e-05
4.342452699999999787e-05
4.532018999999999951e-05
4.730890900000000164e-05
4.939308600000000152e-05
5.157536699999999724e-05
5.385859499999999929e-05
5.624577199999999949e-05
5.874002499999999839e-05
6.134459499999999504e-05
6.406282799999999582e-05
6.689815899999999708e-05
6.985411199999999870e-05
7.293427200000000073e-05
7.614232200000000468e-05
7.948201500000000341e-05
8.295715800000000436e-05
8.657164999999999977e-05
9.032944200000000447e-05
9.423455799999999908e-05
9.829107899999999399e-05
1.025031600000000020e-04
1.068750099999999964e-04
1.114109100000000016e-04
1.161151899999999951e-04
1.209922299999999988e-04
1.260465099999999873e-04
1.312824999999999886e-04
1.367047999999999994e-04
1.423179800000000004e-04
1.481267399999999952e-04
1.541357900000000017e-04
1.603498800000000132e-04
1.667738499999999889e-04
1.734125399999999963e-04
1.802708600000000130e-04
1.873537500000000051e-04
1.946662200000000113e-04
2.022132700000000020e-04
2.099999699999999931e-04
2.180314199999999888e-04
2.263127500000000094e-04
2.348491400000000105e-04
2.436457599999999879e-04
2.527078300000000087e-04
2.620406200000000214e-04
2.716493600000000259e-04
2.815393700000000149e-04
2.917159299999999783e-04
3.021844000000000201e-04
3.129500500000000074e-04
3.240183000000000212e-04
3.353944599999999858e-04
3.470839300000000079e-04
3.590920200000000118e-04
3.714241599999999841e-04
3.840857000000000147e-04
3.970819800000000162e-04
4.104183800000000128e-04
4.241002300000000112e-04
4.381329300000000098e-04
4.525217499999999843e-04
4.672720099999999816e-04
4.823890299999999943e-04
4.978780599999999695e-04
5.137443700000000456e-04
5.299931500000000300e-04
5.466296600000000467e-04
5.636589499999999746e-04
5.810862600000000176e-04
5.989166700000000433e-04
6.171551599999999934e-04
6.358068200000000208e-04
6.548766400000000272e-04
6.743694500000000118e-04
6.942901500000000191e-04
7.146436800000000424e-04
7.354346499999999840e-04
7.566678700000000314e-04
7.783480099999999556e-04
8.004796100000000471e-04
8.230672700000000314e-04
8.461154100000000278e-04
8.696284500000000476e-04
8.936106999999999991e-04
9.180664799999999678e-04
9.429999599999999878e-04
9.684152299999999793e-04
9.943162999999999654e-04
1.020707299999999923e-03
1.047591799999999899e-03
1.074973799999999957e-03
1.102857199999999907e-03
1.131245199999999975e-03
1.160141499999999904e-03
1.189549700000000054e-03
1.219472999999999998e-03
1.249914499999999927e-03
1.280877699999999949e-03
1.312365499999999970e-03
1.344380899999999927e-03
1.376926799999999944e-03
1.410005800000000038e-03
1.443620799999999899e-03
1.477774100000000092e-03
1.512468400000000022e-03
1.547706000000000038e-03
1.583489100000000024e-03
1.619819900000000080e-03
1.656700299999999985e-03
1.694132500000000057e-03
1.732117999999999939e-03
1.770658700000000063e-03
1.809756200000000106e-03
1.849411899999999897e-03
1.889627199999999911e-03
1.930403499999999977e-03
1.971741700000000184e-03
2.013643299999999959e-03
2.056108599999999838e-03
2.099138899999999832e-03
2.142734600000000076e-03
2.186896499999999976e-03
2.231625100000000136e-03
2.276920500000000156e-03
2.322783200000000207e-03
2.369213399999999924e-03
2.416210700000000038e-03
2.463775499999999816e-03
2.511907399999999992e-03
2.560605999999999993e-03
2.609870900000000118e-03
2.659701699999999797e-03
2.710097700000000092e-03
2.761058299999999931e-03
2.812582300000000205e-03
2.864668800000000175e-03
2.917317200000000069e-03
2.970525800000000174e-03
3.024293300000000049e-03
3.078618799999999819e-03
3.133500200000000069e-03
3.188936299999999956e-03
3.244925300000000169e-03
3.301465400000000092e-03
3.358554599999999911e-03
3.416191099999999880e-03
3.474372400000000013e-03
3.533096999999999800e-03
3.592361899999999952e-03
3.652164900000000151e-03
3.712503900000000117e-03
3.773376100000000195e-03
3.834778699999999863e-03
3.896709099999999971e-03
3.959164499999999996e-03
4.022141499999999648e-03
4.085638100000000411e-03
4.149650199999999588e-03
4.214174999999999692e-03
4.279209800000000237e-03
4.344750199999999722e-03
4.410793999999999999e-03
4.477336499999999900e-03
4.544374999999999803e-03
4.611905700000000149e-03
4.679924799999999642e-03
4.748428699999999655e-03
4.817413199999999625e-03
4.886874900000000126e-03
4.956809300000000057e-03
5.027213099999999595e-03
5.098081699999999772e-03
5.169410699999999956e-03
5.241196600000000254e-03
5.313434599999999897e-03
5.386121100000000259e-03
5.459250899999999566e-03
5.532819799999999857e-03
5.606824100000000304e-03
5.681258199999999862e-03
5.756118299999999841e-03
5.831399499999999868e-03
5.907097400000000179e-03
5.983207400000000072e-03
6.059724399999999976e-03
6.136643699999999590e-03
6.213961199999999685e-03
6.291671199999999617e-03
6.369769100000000420e-03
6.448250699999999794e-03
6.527110499999999767e-03
6.606343199999999832e-03
6.685944699999999893e-03
6.765909999999999980e-03
6.846233299999999848e-03
6.926909999999999665e-03
7.007935600000000063e-03
7.089304299999999934e-03
7.171011500000000309e-03
7.253052200000000352e-03
7.335421200000000024e-03
7.418112800000000416e-03
7.501123000000000166e-03
7.584445599999999760e-03
7.668076499999999969e-03
7.752009699999999615e-03
7.836241299999999535e-03
7.920764400000000413e-03
8.005575299999999686e-03
8.090668400000000648e-03
8.176038999999999529e-03
8.261681499999999623e-03
8.347590499999999955e-03
8.433761999999999162e-03
8.520189699999999866e-03
8.606868800000000430e-03
8.693795699999999627e-03
8.780962800000000068e-03
8.868367400000000400e-03
8.956003000000000575e-03
9.043865800000000163e-03
9.131949400000000452e-03
9.220249999999999280e-03
9.308761900000000339e-03
9.397479699999999186e-03
9.486400500000000471e-03
9.575516900000000803e-03
9.664826099999999226e-03
9.754322500000000770e-03
9.844000500000000056e-03
9.933856300000000125e-03
1.002388499999999974e-02
1.011408199999999993e-02
1.020444199999999933e-02
1.029496000000000057e-02
1.038563300000000002e-02
1.047645399999999963e-02
1.056741999999999924e-02
1.065852699999999924e-02
1.074976899999999930e-02
1.084114199999999979e-02
1.093264199999999936e-02
1.102426500000000011e-02
1.111600499999999998e-02
1.120785799999999936e-02
1.129982099999999982e-02
1.139188799999999932e-02
1.148405700000000064e-02
1.157632100000000053e-02
1.166867800000000004e-02
1.176112399999999954e-02
1.185365300000000045e-02
1.194626300000000037e-02
1.203894800000000070e-02
1.213170600000000078e-02
1.222453199999999976e-02
1.231742199999999975e-02
1.241037199999999938e-02
1.250337999999999970e-02
1.259644099999999989e-02
1.268955000000000083e-02
1.278270500000000011e-02
1.287590199999999983e-02
1.296913799999999985e-02
1.306240799999999931e-02
1.315570999999999928e-02
1.324904000000000012e-02
1.334239400000000048e-02
1.343576900000000018e-02
1.352916200000000083e-02
1.362257000000000051e-02
1.371598899999999961e-02
1.380941599999999971e-02
1.390284900000000011e-02
1.399628399999999946e-02
1.408971699999999987e-02
1.418314600000000064e-02
1.427656899999999937e-02
1.436998100000000042e-02
1.446338100000000085e-02
1.455676499999999929e-02
1.465013100000000026e-02
1.474347500000000068e-02
1.483679700000000053e-02
1.493009099999999950e-02
1.502335599999999986e-02
1.511659100000000040e-02
1.520979100000000028e-02
1.530295500000000003e-02
1.539607999999999949e-02
1.548916399999999971e-02
1.558220400000000054e-02
1.567519800000000130e-02
1.576814400000000130e-02
1.586103999999999986e-02
1.595388400000000151e-02
1.604667300000000088e-02
1.613940499999999903e-02
1.623207899999999995e-02
1.632469300000000123e-02
1.641724400000000098e-02
1.650973000000000024e-02
1.660215099999999902e-02
1.669450299999999943e-02
1.678678600000000146e-02
1.687899600000000028e-02
1.697113399999999883e-02
1.706319699999999870e-02
1.715518200000000146e-02
1.724708999999999964e-02
1.733891900000000125e-02
1.743066700000000038e-02
1.752233099999999863e-02
1.761391199999999893e-02
1.770540699999999940e-02
1.779681600000000002e-02
1.788813800000000134e-02
1.797936899999999852e-02
1.807051200000000038e-02
1.816156099999999968e-02
1.825251799999999883e-02
1.834338199999999836e-02
1.843414800000000089e-02
1.852482199999999982e-02
1.861539699999999881e-02
1.870587300000000133e-02
1.879625199999999940e-02
1.888652899999999912e-02
1.897670699999999891e-02
1.906678499999999929e-02
1.915675799999999943e-02
1.924662900000000121e-02
1.933639499999999928e-02
1.942605700000000005e-02
1.951561500000000005e-02
1.960506500000000138e-02
1.969440999999999900e-02
1.978364800000000090e-02
1.987277700000000119e-02
1.996179999999999830e-02
2.005071199999999831e-02
2.013951699999999914e-02
2.022821099999999941e-02
2.031679600000000155e-02
2.040526999999999966e-02
2.049363400000000016e-02
2.058188600000000062e-02
2.067002800000000001e-02
2.075805699999999990e-02
2.084597599999999870e-02
2.093378300000000095e-02
2.102147600000000074e-02
2.110905799999999999e-02
2.119652600000000026e-02
2.128388399999999944e-02
2.137112600000000071e-02
2.145825700000000141e-02
2.154527599999999862e-02
2.163218100000000033e-02
2.171897500000000147e-02
2.180565300000000123e-02
2.189222199999999938e-02
2.197867599999999907e-02
2.206501900000000169e-02
2.215124900000000133e-02
2.223736600000000146e-02
2.232337200000000105e-02
2.240926600000000060e-02
2.249504600000000118e-02
2.258071700000000015e-02
2.266627699999999856e-02
2.275172599999999989e-02
2.283706300000000119e-02
2.292229000000000141e-02
2.300740800000000003e-02
2.309241700000000050e-02
2.317731500000000042e-02
2.326210600000000114e-02
2.334678700000000079e-02
2.343136100000000124e-02
2.351582600000000009e-02
2.360018300000000027e-02
2.368443599999999968e-02
2.376858100000000043e-02
2.385262200000000041e-02
2.393655700000000067e-02
2.402038700000000068e-02
2.410411499999999888e-02
2.418773600000000135e-02
2.427125700000000094e-02
2.435467599999999871e-02
2.443799199999999866e-02
2.452120699999999973e-02
2.460432200000000139e-02
2.468733700000000017e-02
2.477025399999999850e-02
2.485307100000000088e-02
2.493579099999999882e-02
2.501841600000000165e-02
2.510094300000000056e-02
2.518337600000000037e-02
2.526571199999999920e-02
2.534795700000000082e-02
2.543010700000000041e-02
2.551216599999999932e-02
2.559413400000000102e-02
2.567600999999999911e-02
2.575779900000000136e-02
2.583949599999999999e-02
2.592110599999999931e-02
2.600263099999999827e-02
2.608406699999999898e-02
2.616542000000000173e-02
2.624668700000000118e-02
2.632787099999999922e-02
2.640897199999999931e-02
2.648999399999999935e-02
2.657093300000000144e-02
2.665179200000000054e-02
2.673257500000000147e-02
2.681327799999999942e-02
2.689390599999999867e-02
2.697445799999999977e-02
2.705493600000000165e-02
2.713533900000000137e-02
2.721567100000000031e-02
2.729592999999999950e-02
2.737611900000000084e-02
2.745624099999999929e-02
2.753629299999999988e-02
2.761627900000000052e-02
2.769619800000000173e-02
2.777605299999999847e-02
2.785584300000000166e-02
2.793557400000000121e-02
2.801524099999999975e-02
2.809484900000000160e-02
2.817439700000000033e-02
2.825388699999999836e-02
2.833332100000000159e-02
2.841269999999999907e-02
2.849202400000000121e-02
2.857129500000000003e-02
2.865051500000000140e-02
2.872968299999999892e-02
2.880880400000000036e-02
2.888787500000000036e-02
2.896690000000000029e-02
2.904587999999999962e-02
2.912481700000000076e-02
2.920370900000000131e-02
2.928256099999999862e-02
2.936137100000000069e-02
2.944014400000000142e-02
2.951887799999999840e-02
2.959757699999999991e-02
2.967623999999999956e-02
2.975486999999999924e-02
2.983346799999999840e-02
2.991203599999999949e-02
2.999057399999999901e-02
3.006908299999999992e-02
3.014756700000000011e-02
3.022602599999999959e-02
3.030445999999999834e-02
3.038287199999999827e-02
3.046126500000000126e-02
3.053963599999999848e-02
3.061799100000000065e-02
3.069632900000000136e-02
3.077465299999999904e-02
3.085296200000000114e-02
3.093125999999999862e-02
3.100954699999999842e-02
3.108782699999999843e-02
3.116609700000000024e-02
3.124436400000000016e-02
3.132262499999999977e-02
3.140088500000000338e-02
3.147914300000000110e-02
3.155739999999999934e-02
3.163566100000000242e-02
3.171392499999999698e-02
3.179219700000000121e-02
3.187047300000000333e-02
3.194875999999999966e-02
3.202705499999999872e-02
3.210536399999999735e-02
3.218368399999999713e-02
3.226202000000000236e-02
3.234037399999999812e-02
3.241875000000000312e-02
3.249714199999999970e-02
3.257555899999999699e-02
3.265399900000000299e-02
3.273246400000000278e-02
3.281095600000000223e-02
3.288947799999999977e-02
3.296803300000000075e-02
3.304662199999999772e-02
3.312524399999999813e-02
3.320390000000000147e-02
3.328259699999999710e-02
3.336133399999999943e-02
3.344011300000000048e-02
3.351893999999999707e-02
3.359780799999999984e-02
3.367672900000000247e-02
3.375569400000000275e-02
3.383471400000000184e-02
3.391378700000000079e-02
3.399292000000000286e-02
3.407210499999999836e-02
3.415135300000000235e-02
3.423066400000000092e-02
3.431003900000000051e-02
3.438947700000000163e-02
3.446898600000000007e-02
3.454856199999999794e-02
3.462821600000000333e-02
3.470794099999999910e-02
3.478774099999999703e-02
3.486762200000000089e-02
3.494758500000000323e-02
3.502763099999999657e-02
3.510776200000000069e-02
3.518797800000000170e-02
3.526828800000000180e-02
3.534869100000000153e-02
3.542918700000000087e-02
3.550977999999999773e-02
3.559046999999999905e-02
3.567126799999999903e-02
3.575216199999999706e-02
3.583316899999999805e-02
3.591428299999999824e-02
3.599550900000000192e-02
3.607684700000000216e-02
3.615830500000000169e-02
3.623988100000000157e-02
3.632157700000000072e-02
3.640339900000000295e-02
3.648534400000000288e-02
3.656742300000000168e-02
3.664963300000000090e-02
3.673197699999999899e-02
3.681445900000000077e-02
3.689708199999999771e-02
3.697984700000000319e-02
3.706276000000000015e-02
3.714582000000000300e-02
3.722903500000000060e-02
3.731240000000000251e-02
3.739592399999999706e-02
3.747960899999999707e-02
3.756345800000000096e-02
3.764747499999999969e-02
3.773165900000000073e-02
3.781601400000000196e-02
3.790054799999999918e-02
3.798526199999999881e-02
3.807015700000000030e-02
3.815523500000000262e-02
3.824050699999999997e-02
3.832596499999999656e-02
3.841162499999999785e-02
3.849748100000000006e-02
3.858353900000000003e-02
3.866980200000000312e-02
3.875627400000000028e-02
3.884296100000000224e-02
3.892986500000000100e-02
3.901698800000000245e-02
3.910433499999999701e-02
3.919191300000000183e-02
3.927971799999999819e-02
3.936776100000000111e-02
3.945604300000000314e-02
3.954456700000000269e-02
3.963334100000000249e-02
3.972236400000000306e-02
3.981164499999999967e-02
3.990118200000000032e-02
3.999098400000000025e-02
4.008105800000000274e-02
4.017140000000000294e-02
4.026202100000000200e-02
4.035292599999999730e-02
4.044411299999999682e-02
4.053559500000000065e-02
4.062737200000000187e-02
4.071944599999999942e-02
4.081182600000000243e-02
4.090451800000000082e-02
4.099752000000000257e-02
4.109084600000000032e-02
4.118449600000000099e-02
4.127847800000000039e-02
4.137279099999999904e-02
4.146745100000000239e-02
4.156245299999999920e-02
4.165780499999999914e-02
4.175351900000000283e-02
4.184959099999999849e-02
4.194603499999999957e-02
4.204285499999999703e-02
4.214005500000000265e-02
4.223763900000000043e-02
4.233561799999999847e-02
4.243399600000000160e-02
4.253277899999999973e-02
4.263197600000000198e-02
4.273158700000000143e-02
4.283163000000000248e-02
4.293210100000000029e-02
4.303301100000000295e-02
4.313436500000000090e-02
4.323617700000000064e-02
4.333844800000000164e-02
4.344118400000000074e-02
4.354439999999999700e-02
4.364809800000000323e-02
4.375228700000000082e-02
4.385697499999999943e-02
4.396216900000000233e-02
4.406787799999999783e-02
4.417411200000000149e-02
4.428087900000000215e-02
4.438818600000000308e-02
4.449604499999999796e-02
4.460446500000000286e-02
4.471344900000000233e-02
4.482301300000000183e-02
4.493316599999999661e-02
4.504391600000000329e-02
4.515527200000000324e-02
4.526724699999999657e-02
4.537985099999999883e-02
4.549309199999999886e-02
4.560698199999999730e-02
4.572153500000000065e-02
4.583675799999999828e-02
4.595266700000000260e-02
4.606926799999999655e-02
4.618657799999999897e-02
4.630460599999999816e-02
4.642336799999999958e-02
4.654287499999999744e-02
4.666313899999999931e-02
4.678417700000000318e-02
4.690599799999999736e-02
4.702861600000000225e-02
4.715205000000000091e-02
4.727631100000000142e-02
4.740141700000000125e-02
4.752737700000000259e-02
4.765421499999999977e-02
4.778194100000000138e-02
4.791057099999999902e-02
4.804012900000000086e-02
4.817062200000000322e-02
4.830207699999999882e-02
4.843450299999999681e-02
4.856792800000000326e-02
4.870236299999999852e-02
4.883783299999999716e-02
4.897435399999999772e-02
4.911194700000000302e-02
4.925063300000000199e-02
4.939043500000000336e-02
4.953137400000000301e-02
4.967347200000000323e-02
4.981674999999999992e-02
4.996123499999999967e-02
5.010695400000000216e-02
5.025392399999999843e-02
5.040217599999999992e-02
5.055173899999999831e-02
5.070263099999999801e-02
5.085488800000000087e-02
5.100853400000000121e-02
5.116360300000000194e-02
5.132012100000000326e-02
5.147811800000000326e-02
5.163763100000000328e-02
5.179869000000000140e-02
5.196132500000000265e-02
5.212558099999999722e-02
5.229148599999999814e-02
5.245907600000000032e-02
5.262839400000000195e-02
5.279947799999999691e-02
5.297236899999999832e-02
5.314710400000000057e-02
5.332373499999999711e-02
5.350229499999999833e-02
5.368283799999999661e-02
5.386541000000000246e-02
5.405005799999999805e-02
5.423683299999999818e-02
5.442579100000000114e-02
5.461698000000000247e-02
5.481045699999999993e-02
5.500628400000000251e-02
5.520451400000000314e-02
5.540521400000000124e-02
5.560844799999999782e-02
5.581428100000000031e-02
5.602277800000000224e-02
5.623401299999999936e-02
5.644806100000000076e-02
5.666500000000000009e-02
5.688490300000000055e-02
5.710785499999999903e-02
5.733394599999999675e-02
5.756325600000000015e-02
5.779588599999999771e-02
5.803192800000000345e-02
5.827147900000000103e-02
5.851464700000000296e-02
5.876153700000000257e-02
5.901226400000000177e-02
5.926694300000000248e-02
5.952569800000000189e-02
5.978865500000000305e-02
6.005594899999999736e-02
6.032772000000000134e-02
6.060410699999999734e-02
6.088526200000000249e-02
6.117134899999999986e-02
6.146253299999999975e-02
6.175898400000000288e-02
6.206088500000000313e-02
6.236842599999999764e-02
6.268180900000000499e-02
6.300123800000000107e-02
6.332693999999999823e-02
6.365914599999999979e-02
6.399809600000000431e-02
6.434404900000000038e-02
6.469726600000000327e-02
6.505803799999999859e-02
6.542667000000000621e-02
6.580346800000000385e-02
6.618876799999999505e-02
6.658292600000000061e-02
6.698630799999999441e-02
6.739932299999999710e-02
6.782237400000000471e-02
6.825592399999999560e-02
6.870042499999999552e-02
6.915639299999999656e-02
6.962435699999999783e-02
7.010489000000000304e-02
7.059859500000000010e-02
7.110611299999999857e-02
7.162815299999999996e-02
7.216544399999999526e-02
7.271877699999999833e-02
7.328901399999999955e-02
7.387706600000000512e-02
7.448392400000000690e-02
7.511063699999999399e-02
7.575835300000000050e-02
7.642831699999999562e-02
7.712186899999999568e-02
7.784045500000000284e-02
7.858566200000000057e-02
7.935921099999999895e-02
8.016297199999999901e-02
8.099900200000000050e-02
8.186954300000000295e-02
8.277706099999999900e-02
8.372426800000000446e-02
8.471415899999999721e-02
8.575005800000000400e-02
8.683562999999999699e-02
8.797495800000000588e-02
8.917262400000000588e-02
9.043371699999999680e-02
9.176398800000000466e-02
9.316992000000000329e-02
9.465882899999999989e-02
9.623906799999999706e-02
9.792014999999999747e-02
9.971300499999999345e-02
1.016302500000000053e-01
1.036865000000000009e-01
1.058988399999999941e-01
1.082873099999999977e-01
1.108756399999999975e-01
1.136921000000000043e-01
1.167706800000000017e-01
1.201526200000000016e-01
1.238884400000000024e-01
1.280407500000000087e-01
1.326880599999999966e-01
1.379302900000000109e-01
1.438964199999999971e-01
1.507559699999999892e-01
1.587361100000000136e-01
1.681480399999999986e-01
1.794289599999999985e-01
1.932107100000000077e-01
2.104359100000000038e-01
2.325602599999999909e-01
2.619102300000000216e-01
3.023015600000000247e-01
3.599465800000000160e-01
4.441397200000000156e-01
5.624946400000000457e-01
