2001
0
20
0.3057022095
0.3169168532
0.32902354
0.34187451
0.3553234935
0.3692321181
0.3834733367
0.3979324996
0.4125074744
0.4271081686
0.4416554272
0.4560802877
0.470322907
0.4843316078
0.4980620146
0.5114762783
0.5245425105
0.5372338295
0.5495281816
0.5614076257
0.5728579164
0.5838681459
0.5944304466
0.6045396328
0.6141927242
0.6233890653
0.6321296692
0.6404173374
0.6482561231
0.6556515694
0.6626099944
0.6691388488
0.6752462387
0.6809409261
0.6862322688
0.6911298037
0.6956436634
0.6997840405
0.7035613656
0.7069861889
0.7100691199
0.7128207088
0.7152515054
0.7173720598
0.7191928029
0.7207240462
0.7219760418
0.7229587436
0.7236821055
0.7241557837
0.7243893743
0.7243921161
0.7241732478
0.7237415314
0.7231057882
0.7222743034
0.7212554812
0.7200572491
0.7186873555
0.7171534896
0.7154629827
0.7136229873
0.7116405964
0.7095226645
0.7072758079
0.7049066424
0.7024214864
0.6998265982
0.6971280575
0.6943318844
0.6914436817
0.6884691715
0.6854137182
0.6822826266
0.6790807843
0.6758131981
0.6724843979
0.6690989733
0.665661037
0.6621747613
0.6586440206
0.6550724506
0.6514636278
0.6478208303
0.6441472769
0.6404460073
0.6367198825
0.6329715252
0.6292036176
0.6254186034
0.6216187477
0.6178063154
0.6139833331
0.6101517677
0.6063135266
0.6024703979
0.5986240506
0.5947760344
0.5909279585
0.5870810747
0.5832369328
0.5793966651
0.575561583
0.5717327595
0.5679112673
0.5640982389
0.5602945089
0.5565010905
0.5527187586
0.5489484072
0.5451908112
0.5414466262
0.5377165079
0.5340012312
0.5303012729
0.5266172886
0.5229498148
0.5192992687
0.5156661272
0.5120509267
0.5084540248
0.5048758388
0.5013166666
0.4977768362
0.4942567348
0.4907566011
0.4872767329
0.4838173389
0.4803786576
0.4769609571
0.4735643566
0.4701890647
0.4668352306
0.4635030031
0.4601925015
0.4569038749
0.4536372125
0.4503926039
0.4471701086
0.443969816
0.4407917857
0.4376360476
0.4345026314
0.4313915968
0.4283029735
0.425236702
0.4221928418
0.4191713929
0.4161722958
0.4131955504
0.4102411568
0.4073090553
0.4043992162
0.4015116096
0.3986461759
0.3958028257
0.392981559
0.3901822567
0.3874048889
0.3846493661
0.3819156289
0.3792035878
0.3765131533
0.3738442361
0.3711967766
0.3685706556
0.3659657538
0.3633820415
0.3608193398
0.3582776189
0.3557567298
0.3532565534
0.35077703
0.3483180106
0.3458794057
0.3434610963
0.341062963
0.3386848569
0.3363267481
0.3339884281
0.3316698074
0.3293707967
0.327091217
0.3248310089
0.3225899935
0.3203680813
0.3181651533
0.3159810603
0.3138156831
0.3116689026
0.3095405698
0.307430625
0.3053388596
0.303265214
0.3012095094
0.2991716564
0.2971514761
0.2951489389
0.2931638062
0.2911960483
0.2892454565
0.2873119712
0.2853954136
0.2834956944
0.2816126943
0.2797462642
0.2778962553
0.2760626078
0.2742451429
0.2724437714
0.270658344
0.2688887417
0.2671348453
0.2653965652
0.2636737227
0.2619662285
0.2602739632
0.2585968077
0.2569346428
0.2552873194
0.253654778
0.2520368397
0.2504334152
 0.2488444
0.2472696453
0.2457090765
0.2441625446
0.2426299453
0.2411111742
0.2396061122
0.238114655
0.2366366684
0.2351720631
0.2337207198
0.2322825342
0.2308574021
0.2294452041
0.2280458361
0.2266591936
0.2252851576
0.2239236534
0.2225745469
0.2212377489
0.2199131548
0.2186006457
0.2173001468
0.2160115391
0.2147347331
0.2134696245
0.212216109
0.2109740973
0.20974347
0.2085241675
0.2073160708
0.2061190754
0.2049331069
0.2037580609
0.2025938481
0.2014403641
0.2002975494
0.1991652697
0.1980434656
0.1969320327
0.1958308816
0.1947399229
0.1936590821
0.1925882697
0.1915273964
0.1904763579
0.1894350946
0.1884035021
0.1873815209
0.1863690466
0.1853660047
0.1843723208
0.1833878905
0.1824126542
0.1814465374
0.1804894358
0.1795412898
0.1786020249
0.1776715517
0.1767497957
0.1758366823
0.1749321371
0.1740360856
0.1731484383
0.1722691506
0.1713981479
0.170535326
0.1696806401
0.1688340157
0.1679953635
0.1671646386
0.1663417667
0.1655266583
0.1647192687
0.1639195234
0.1631273478
0.1623426825
0.1615654677
0.160795629
0.1600330919
0.1592778116
0.1585297137
0.1577887386
0.1570548266
0.1563279182
0.1556079239
0.1548948139
0.1541885287
0.1534889787
0.1527961344
0.152109921
0.151430279
0.1507571638
0.1500905156
0.1494302601
0.1487763524
0.148128733
0.1474873573
0.1468521506
0.1462230831
0.1456000805
0.1449830979
0.1443720758
0.1437669694
0.1431677192
0.1425742805
0.1419866085
0.1414046288
0.1408283114
0.140257597
0.1396924257
0.1391327679
0.1385785788
0.138029784
0.1374863684
0.1369482428
0.1364154071
0.1358877718
0.1353653222
0.1348479986
0.1343357563
0.1338285506
0.1333263367
0.1328290701
0.1323367059
0.1318491995
0.1313665211
0.1308886111
0.1304154396
0.1299469471
0.1294831187
0.1290238947
0.1285692304
0.1281190962
0.1276734471
0.1272322387
0.1267954409
0.1263630092
0.1259349138
0.1255111098
0.1250915378
0.1246761978
0.12426503
0.1238580048
0.1234550849
0.1230562255
0.1226613969
0.1222705618
0.1218836904
0.121500738
0.1211216822
0.120746471
0.1203750893
0.1200074852
0.1196436435
0.1192835122
0.118927069
0.1185742766
0.1182251126
0.1178795323
0.1175375059
0.1171990111
0.1168640032
0.1165324673
0.1162043512
0.1158796474
0.1155583113
0.1152403131
0.1149256229
0.1146142259
0.1143060699
0.1140011474
0.1136994138
0.1134008467
0.1131054237
0.1128131077
0.1125238687
0.1122376919
0.11195454
0.1116743907
0.1113972217
0.1111229956
0.1108516902
0.110583283
0.1103177443
0.1100550443
0.1097951755
0.1095380932
0.1092837825
0.1090322137
0.1087833643
0.108537212
0.1082937345
0.1080529094
0.1078146994
0.1075790972
0.1073460653
0.1071155965
0.1068876609
0.1066622287
0.106439285
0.1062188074
0.1060007811
0.1057851687
0.1055719554
0.1053611264
0.1051526517
0.104946509
0.1047426909
0.1045411602
0.1043419093
0.1041449085
0.1039501503
0.1037575975
0.1035672426
0.1033790633
0.1031930447
0.1030091569
0.1028273925
0.1026477218
0.1024701297
0.1022946015
0.1021211222
0.101949662
0.101780206
0.1016127467
0.1014472544
0.1012837142
0.1011221185
0.1009624377
0.1008046567
0.1006487608
0.1004947349
0.1003425643
0.1001922265
0.1000437066
0.09989698976
0.09975206107
0.09960890561
0.09946750104
0.09932783991
0.09918989986
0.09905367345
0.09891913086
0.09878627211
0.09865508229
0.09852553159
0.09839762002
0.09827133268
0.09814663976
0.09802354872
0.0979020223
0.09778206795
0.09766365588
0.09754678607
0.09743142873
0.09731758386
0.09720523655
0.09709436446
0.09698496759
0.09687701613
0.09677051008
0.09666543454
0.09656177461
0.09645952284
0.09635865688
0.09625916928
0.09616104513
0.09606428444
0.09596885741
0.09587476403
0.0957819894
0.09569052607
0.09560035169
0.09551145881
0.09542384744
0.09533748776
0.09525237978
0.09516851604
0.0950858742
0.0950044468
0.09492423385
0.094845213
0.09476736933
0.09469070286
0.09461520612
0.09454085678
0.09446764737
0.09439557791
0.09432462603
0.09425479174
0.09418605268
0.09411841631
0.09405185282
0.09398636967
0.0939219445
0.09385857731
0.0937962532
0.09373497218
0.09367471188
0.09361546487
0.09355723113
0.09350000322
0.09344375879
0.09338849038
0.09333420545
0.09328088164
0.09322851151
0.0931770876
0.09312660247
0.09307704866
0.09302841872
0.0929807052
0.0929338932
0.09288797528
0.09284295142
0.09279881418
0.09275554866
0.0927131474
0.09267160296
0.09263090789
0.09259106219
0.09255205095
0.09251386672
0.09247650206
0.09243994951
0.09240420908
0.09236926585
0.09233511239
0.09230174869
0.09226915985
0.09223733842
0.0922062844
0.09217599034
0.09214644879
0.09211764485
0.09208958596
0.09206224978
0.09203564376
0.09200976044
0.09198457748
0.09196010977
0.09193633497
0.09191325307
0.09189085662
0.09186914563
0.09184810519
0.0918277353
0.09180802852
0.09178897738
0.09177057445
0.09175281972
0.09173570573
0.09171922505
0.09170337021
0.09168813378
0.09167352319
0.0916595161
0.09164611995
0.09163331985
0.0916211158
0.0916095078
0.09159848094
0.09158802778
0.09157815576
0.09156884998
0.09156011045
0.09155192971
0.09154430032
0.09153722227
0.09153068811
0.09152469039
0.09151922911
0.09151430428
0.09150990099
0.09150601178
0.09150264412
0.09149979055
0.09149743617
0.09149558842
0.09149423987
0.09149338305
0.09149301052
0.09149312973
0.09149372578
0.09149479866
0.09149634093
0.09149835259
0.09150083363
0.09150376171
0.09150715917
0.09151099622
0.09151528776
0.09152001888
0.09152518958
0.09153079242
0.09153683484
0.09154329449
0.09155018628
0.0915574953
0.09156522155
0.09157335758
0.09158191085
0.091590859
0.09160021693
0.09160996974
0.09162011743
0.09163065255
0.09164158255
0.09165289253
0.09166458249
0.09167665243
0.0916890949
0.09170190245
0.09171508253
0.09172862768
0.09174253792
0.09175679833
0.09177141637
0.09178638458
0.09180170298
0.0918173641
0.09183336794
0.09184971452
0.09186639637
0.09188340604
0.09190075099
0.09191842377
0.09193641692
0.09195473045
0.09197336435
0.09199231118
0.09201157838
0.09203115106
0.09205102921
0.09207121283
0.09209170192
0.09211248904
0.09213357419
0.0921549499
0.09217661619
0.09219857305
0.09222081304
0.09224334359
0.09226614982
0.09228923917
0.09231259674
0.09233623743
0.09236013889
0.09238431603
0.09240876138
0.09243346751
0.0924584344
0.09248366207
0.09250915051
0.09253489226
0.09256087989
0.09258712828
0.0926136151
0.09264035523
0.09266733378
0.0926945582
0.09272202104
0.0927497223
0.09277765453
0.09280582517
0.09283421934
0.09286285192
0.09289170802
0.09292078763
0.09295009077
0.09297960997
0.09300935268
0.09303931147
0.09306949377
0.09309987724
0.09313047677
0.09316129237
0.09319230914
0.09322352707
0.09325495362
0.09328658879
0.09331841767
0.09335044771
0.09338267148
0.09341508895
0.09344770759
0.0934805125
0.09351351112
0.09354668856
0.09358005971
0.09361361712
0.0936473608
0.0936812833
0.0937153846
0.09374966472
0.09378411621
0.09381875396
0.09385355562
0.0938885361
0.09392368793
0.09395900369
0.0939944908
0.09403014928
0.09406596422
0.09410195053
0.09413809329
0.09417439252
0.09421086311
0.09424748272
0.09428425878
0.09432119131
0.0943582803
0.0943955183
0.09443290532
0.09447044879
0.09450813383
0.09454596788
0.09458395094
0.09462207556
0.09466034174
0.09469875693
0.09473730624
0.0947759971
0.09481482208
0.09485378861
0.09489288926
0.09493213147
0.09497150034
0.09501100332
0.09505063295
0.0950903967
0.09513028711
0.09517031163
0.09521045536
0.09525072575
0.09529112279
0.09533163905
0.09537228197
0.0954130441
0.09545393288
0.09549493343
0.09553605318
0.09557729214
0.09561864287
0.0956601128
0.09570169449
0.09574338794
0.0957852006
0.09582711756
0.09586914629
0.09591128677
0.09595353156
0.09599588066
0.09603834152
0.09608090669
0.09612357616
0.09616634995
0.09620922804
0.09625221044
0.09629528224
0.09633846581
0.09638174623
0.09642512351
0.09646859765
0.09651216865
0.09655582905
0.09659959376
0.09664344788
0.09668739885
0.09673143923
0.09677557647
0.09681980312
0.09686411917
0.09690851718
0.09695301205
0.09699759632
0.09704226255
0.09708701819
0.09713186324
0.09717679024
0.09722179919
0.09726689011
0.09731207043
0.09735732526
0.09740266949
0.09744808823
0.09749358892
0.09753917158
0.09758482873
0.09763056785
0.09767638892
0.09772227705
0.09776824713
0.09781429172
0.09786041081
0.09790660441
0.09795287251
0.09799920768
0.09804562479
0.09809210896
0.09813866019
0.09818528593
0.09823198617
0.09827874601
0.09832558036
0.09837248921
0.09841945767
0.09846649319
0.09851359576
0.09856077284
0.09860800952
0.0986553058
0.09870267659
0.09875009954
0.09879759699
0.09884515405
0.09889277071
0.09894045442
0.09898819774
0.09903600067
0.0990838632
0.09913178533
0.09917976707
0.09922780842
0.09927590936
0.09932406992
0.09937228262
0.09942055494
0.09946888685
0.09951727092
0.0995657146
0.09961421043
0.09966276586
0.09971137345
0.09976003319
0.09980874509
0.09985751659
0.09990634024
0.0999552086
0.1000041366
0.1000531092
0.1001021415
0.1001512185
0.1002003476
0.1002495289
0.1002987549
0.100348033
0.1003973559
0.1004467309
0.100496158
0.1005456299
0.1005951464
0.1006447151
0.1006943211
0.1007439867
0.1007936895
0.100843437
0.1008932367
0.1009430736
0.1009929627
0.1010428891
0.1010928601
0.1011428833
0.1011929438
0.1012430415
0.1012931913
0.1013433784
0.1013936102
0.1014438868
0.1014942005
0.1015445516
0.1015949547
0.1016453877
0.1016958654
0.1017463803
0.10179694
0.1018475369
0.101898171
0.1019488499
0.101999566
0.1020503193
0.1021011099
0.1021519378
0.1022028029
0.1022537053
0.1023046449
0.1023556218
0.1024066359
0.1024576873
0.1025087759
0.1025599018
0.1026110575
0.1026622504
0.1027134806
0.102764748
0.1028160453
0.1028673798
0.1029187515
0.1029701531
0.1030215919
0.1030730605
0.1031245664
0.103176102
0.1032276675
0.1032792702
0.1033309102
0.10338258
0.1034342796
0.1034860089
0.1035377756
0.103589572
0.1036413983
0.1036932617
0.103745155
0.1037970707
0.1038490236
0.1039010063
0.1039530262
0.1040050685
0.1040571406
0.1041092426
0.1041613817
0.1042135432
0.1042657346
0.1043179631
0.104370214
0.1044224948
0.1044748053
0.1045271382
0.1045795083
0.1046319008
0.1046843305
0.1047367826
0.104789257
0.1048417687
0.1048943028
0.1049468666
0.1049994603
0.1050520763
0.1051047221
0.1051573977
0.1052100956
0.1052628234
0.1053155735
0.1053683534
0.1054211631
0.1054739952
0.1055268571
0.1055797413
0.1056326479
0.1056855842
0.1057385504
0.105791539
0.1058445573
0.105897598
0.105950661
0.1060037538
0.106056869
0.1061100066
0.1061631739
0.1062163636
0.1062695831
0.106322825
0.1063760892
0.1064293757
0.1064826921
0.1065360308
0.1065893918
0.1066427827
0.1066961959
0.1067496315
0.1068030894
0.1068565696
0.1069100797
0.1069636121
0.1070171669
0.107070744
0.1071243435
0.1071779728
0.1072316244
0.107285291
0.1073389873
0.107392706
0.1074464545
0.1075002179
0.1075540036
0.1076078191
0.1076616496
0.1077155098
0.1077693924
0.1078232899
0.1078772172
0.1079311669
0.1079851389
0.1080391333
0.10809315
0.108147189
0.1082012504
0.1082553342
0.1083094403
0.1083635688
0.1084177196
0.1084718928
0.1085260883
0.1085803062
0.1086345464
0.108688809
0.1087430939
0.1087974012
0.1088517308
0.1089060828
0.1089604571
0.1090148538
0.1090692654
0.1091237068
0.1091781631
0.1092326492
0.1092871502
0.109341681
0.1093962267
0.1094507948
0.1095053926
0.1095600054
0.1096146405
0.1096692979
0.1097239777
0.1097786725
0.109833397
0.1098881438
0.1099429056
0.1099976972
0.1100525036
0.1101073325
0.1101621911
0.1102170646
0.1102719605
0.1103268787
0.1103818119
0.1104367748
0.1104917601
0.1105467603
0.1106017902
0.1106568351
0.1107119098
0.1107669994
0.1108221114
0.1108772457
0.1109324023
0.1109875813
0.1110427827
0.1110979989
0.111153245
0.1112085134
0.1112637967
0.1113191098
0.1113744378
0.1114297882
0.1114851683
0.1115405634
0.1115959808
0.1116514206
0.1117068827
0.1117623672
0.111817874
0.1118734032
0.1119289547
0.1119845212
0.1120401174
0.112095736
0.1121513695
0.1122070327
0.1122627184
0.1123184189
0.1123741493
0.112429902
0.1124856696
0.112541467
0.1125972867
0.1126531214
0.1127089858
0.1127648726
0.1128207743
0.1128767058
0.1129326597
0.1129886284
0.113044627
0.1131006479
0.1131566912
0.1132127568
0.1132688448
0.1133249551
0.1133810952
0.1134372503
0.1134934276
0.1135496348
0.1136058643
0.1136621088
0.113718383
0.1137746796
0.1138309985
0.1138873398
0.1139437109
0.1140000969
0.1140565127
0.1141129509
0.1141694114
0.1142258942
0.1142824069
0.1143389344
0.1143954918
0.1144520715
0.1145086735
0.1145653054
0.1146219522
0.1146786287
0.1147353277
0.1147920564
0.1148488075
0.1149055809
0.1149623767
0.1150191948
0.1150760427
0.115132913
0.1151898131
0.1152467355
0.1153036803
0.1153606474
0.1154176444
0.1154746711
0.1155317128
0.1155887842
0.1156458855
0.1157030016
0.1157601476
0.1158173233
0.1158745214
0.1159317493
0.1159889996
0.1160462722
0.1161035746
0.1161608994
0.116218254
0.1162756383
0.1163330376
0.1163904741
0.116447933
0.1165054142
0.1165629253
0.1166204661
0.1166780293
0.1167356223
0.1167932451
0.1168508902
0.1169085577
0.1169662625
0.1170239896
0.117081739
0.1171395257
0.1171973348
0.1172551662
0.1173130348
0.1173709258
0.1174288467
0.1174867898
0.1175447702
0.117602773
0.1176608056
0.117718868
0.1177769527
0.1178350672
0.117893219
0.1179513931
0.1180095971
0.1180678234
0.1181260869
0.1181843802
0.1182426959
0.1183010489
0.1183594242
0.1184178367
0.1184762716
0.1185347363
0.1185932383
0.1186517626
0.1187103167
0.1187689081
0.1188275218
0.1188861728
0.1189448461
0.1190035567
0.119062297
0.1191210672
0.1191798672
0.119238697
0.119297564
0.1193564609
0.1194153801
0.119474344
0.1195333302
0.1195923463
0.1196513996
0.1197104827
0.119769603
0.1198287532
0.1198879331
0.1199471429
0.1200063899
0.1200656667
0.1201249808
0.1201843247
0.1202436984
0.1203031093
0.1203625575
0.120422028
0.1204815432
0.1205410883
0.1206006631
0.1206602752
0.1207199171
0.1207796037
0.1208393127
0.1208990589
0.1209588423
0.121018663
0.1210785136
0.1211384013
0.1211983263
0.1212582812
0.1213182732
0.1213783026
0.1214383692
0.121498473
0.1215586066
0.1216187775
0.1216789857
0.1217392311
0.1217995137
0.1218598261
0.1219201833
0.1219805703
0.1220410019
0.1221014634
0.1221619695
0.1222225055
0.1222830862
0.1223437041
0.1224043593
0.1224650443
0.1225257739
0.1225865483
0.1226473525
0.122708194
0.1227690801
0.1228300035
0.1228909642
0.1229519695
0.1230130047
0.1230740845
0.1231352091
0.1231963709
0.12325757
0.1233188063
0.1233800873
0.123441413
0.1235027686
0.1235641763
0.1236256212
0.1236871034
0.1237486303
0.1238101944
0.1238718107
0.1239334568
0.1239951551
0.1240568906
0.1241186634
0.1241804883
0.1242423505
0.1243042573
0.1243662089
0.1244281977
0.1244902313
0.124552317
0.1246144399
0.1246766075
0.1247388124
0.1248010695
0.1248633713
0.1249257177
0.1249881089
0.1250505447
0.1251130253
0.1251755506
0.1252381206
0.1253007352
0.1253633946
0.1254260987
0.1254888624
0.1255516559
0.125614509
0.1256774068
0.1257403493
0.1258033365
0.1258663684
0.1259294599
0.1259925812
0.1260557622
0.1261190027
0.126182273
0.126245603
0.1263089776
0.1263723969
0.1264358759
0.1264993995
0.1265629679
0.1266265959
0.1266902536
0.1267539859
0.1268177629
0.1268815845
0.1269454509
0.1270093769
0.1270733625
0.1271373928
0.1272014678
0.1272656024
0.1273297817
0.1273940206
0.1274583042
0.1275226474
0.1275870502
0.1276514977
0.1277160048
0.1277805567
0.1278451681
0.1279098243
0.12797454
0.1280393153
0.1281041503
0.12816903
0.1282339692
0.1282989681
0.1283640116
0.1284291148
0.1284942776
 0.1285595
0.128624782
0.1286901087
0.128755495
0.1288209409
0.1288864464
0.1289520115
0.1290176362
0.1290833205
0.1291490495
0.129214853
0.1292807013
0.129346624
0.1294125915
0.1294786334
0.129544735
0.1296108812
0.129677102
0.1297433823
0.1298097223
0.1298761219
0.1299425811
0.1300091147
0.1300756931
0.130142346
0.1302090585
0.1302758306
0.1303426772
0.1304095685
0.1304765344
0.1305435747
0.1306106597
0.1306778193
0.1307450533
0.130812332
0.1308797002
0.130947113
0.1310146004
0.1310821623
0.1311497837
0.1312174648
0.1312852204
0.1313530356
0.1314209253
0.1314888895
0.1315569133
0.1316250116
0.1316931844
0.1317614168
0.1318297237
0.1318980902
0.1319665313
0.1320350468
0.1321036369
0.1321722865
0.1322410256
0.1323098242
0.1323786974
0.1324476451
0.1325166523
0.132585749
0.1326549053
0.132724151
0.1327934563
0.132862851
0.1329323053
0.1330018491
0.1330714524
0.1331411451
0.1332108974
0.1332807392
0.1333506554
0.1334206611
0.1334907264
0.1335608661
0.1336310953
0.133701399
0.1337717921
0.1338422447
0.1339127868
0.1339834183
0.1340541244
0.1341249049
0.1341957599
0.1342667043
0.1343377382
0.1344088465
0.1344800293
0.1345513165
0.1346226633
0.1346941143
0.134765625
0.13483724
0.1349089295
0.1349807084
0.1350525767
0.1351245195
0.1351965666
0.1352686882
0.1353408843
0.1354131848
0.1354855746
0.1355580389
0.1356306076
0.1357032508
0.1357759982
0.1358488202
0.1359217465
0.1359947473
0.1360678524
0.1361410469
0.1362143308
0.1362877041
0.1363611668
0.1364347339
0.1365083903
0.1365821362
0.1366559863
0.136729911
0.1368039548
0.1368780732
0.1369523108
0.1370266229
0.1371010542
0.13717556
0.137250185
0.1373248845
0.1373997033
0.1374746114
0.1375496238
0.1376247406
0.1376999468
0.1377752572
0.137850672
0.1379261911
0.1380018145
0.1380775422
0.1381533593
0.1382292956
0.1383053362
0.1383814663
0.1384577155
0.1385340691
0.1386105269
0.1386870891
0.1387637705
0.1388405412
0.1389174312
0.1389944404
0.139071539
0.1391487569
0.1392260939
0.1393035352
0.1393810809
0.1394587457
0.1395365298
0.1396144181
0.1396924257
0.1397705525
0.1398487836
0.1399271339
0.1400056034
0.1400841773
0.1401628852
0.1402416974
0.1403206438
0.1403996944
0.1404788792
0.1405581683
0.1406375915
0.140717119
0.1407967806
0.1408765763
0.1409564763
0.1410365105
0.1411166638
0.1411969364
0.141277343
0.1413578838
0.1414385438
0.141519323
0.1416002363
0.1416812837
0.1417624503
0.141843766
0.1419252008
0.1420067549
0.1420884579
0.1421702802
0.1422522515
0.142334342
0.1424165815
0.1424989551
0.1425814629
0.1426640898
0.1427468807
0.1428297907
0.1429128498
0.142996043
0.1430793852
0.1431628615
0.1432464868
0.1433302462
0.1434141546
0.1434981972
0.1435823888
0.1436667293
0.1437512189
0.1438358575
0.1439206302
0.1440055668
0.1440906376
0.1441758722
0.1442612559
0.1443467885
0.1444324702
0.1445183158
0.1446043104
0.144690454
0.1447767615
0.1448632181
0.1449498385
0.145036608
0.1451235414
0.1452106386
0.1452978998
0.1453853101
0.1454728991
0.1455606371
0.145648554
0.1457366198
0.1458248645
0.1459132731
0.1460018456
0.1460905969
0.1461794972
0.1462685913
0.1463578492
0.1464472711
0.1465368718
0.1466266513
0.1467166096
0.1468067318
0.1468970478
0.1469875276
0.1470781863
0.1471690387
0.1472600698
0.147351265
0.1474426687
0.1475342363
0.1476259977
0.1477179527
0.1478100866
0.1479024142
0.1479949355
0.1480876356
0.1481805295
0.148273617
0.1483669132
0.1484603882
0.1485540569
0.1486479342
0.1487420052
0.1488362849
0.1489307582
0.1490254253
0.1491203159
0.1492154002
0.1493106782
0.1494061798
0.149501875
0.1495977938
0.1496939212
0.1497902572
0.1498868018
0.14998357
0.1500805467
0.1501777321
0.150275141
0.1503727734
0.1504706293
0.1505687088
0.1506670117
0.1507655233
0.1508642733
0.1509632617
0.1510624588
0.1511618942
0.1512615681
0.1513614655
0.1514616013
0.1515619755
0.1516625732
0.1517634243
0.1518645138
0.1519658417
0.152067408
0.1521692276
0.1522713006
0.1523736119
0.1524761617
0.1525789797
0.1526820362
0.1527853608
0.1528889388
0.1529927701
0.1530968547
0.1532012075
0.1533058286
0.1534107029
0.1535158455
0.1536212564
0.1537269354
0.1538328826
0.153939113
0.1540456116
0.1541523933
0.1542594433
0.1543667763
0.1544743925
0.1545822918
0.1546904743
0.1547989398
0.1549077034
0.1550167501
0.1551260948
0.1552357376
0.1553456783
0.1554559171
0.1555664539
0.1556772888
0.1557884365
0.1558998823
0.1560116559
0.1561237276
0.1562361121
0.1563488096
0.1564618349
0.1565751731
0.1566888392
0.1568028331
0.1569171399
0.1570317894
0.1571467668
0.1572620869
0.1573777199
0.1574937105
0.1576100439
0.1577267051
0.1578437239
0.1579610854
0.1580788046
0.1581968814
0.1583153009
0.1584340781
0.1585532278
0.1586727351
0.1587926149
0.1589128673
0.1590334773
0.1591544747
0.1592758447
0.1593975872
0.1595197171
0.1596422344
0.1597651541
0.1598884463
0.1600121409
0.1601362377
0.160260722
0.1603856236
0.1605109274
0.1606366485
0.160762772
0.1608893126
0.1610162854
0.1611436754
0.1612714827
0.161399737
0.1615284085
0.1616575271
0.1617870778
0.1619170755
0.1620475203
0.1621784121
0.1623097658
0.1624415666
0.1625738442
0.1627065688
0.1628397852
0.1629734486
0.1631076038
0.1632422507
0.1633773595
0.163512975
0.1636490822
0.1637856811
0.1639227718
0.164060384
0.1641985029
0.1643371284
0.1644762754
0.164615944
0.1647561491
0.1648968756
0.1650381535
0.165179953
0.1653223187
0.1654652208
0.1656086892
0.1657527089
0.1658972949
0.166042462
0.1661881953
0.1663345098
0.1664814204
0.1666289121
0.1667769998
0.1669256985
0.1670749933
0.1672249138
0.1673754454
0.1675266027
0.1676784009
0.1678308249
0.1679838896
0.16813761
0.168291986
0.1684470177
0.1686027199
0.1687591076
0.1689161658
0.1690739095
0.1692323387
0.1693914831
0.1695513278
0.1697118878
0.169873178
0.1700351834
0.1701979339
0.1703614295
0.1705256701
0.1706906706
0.1708564311
0.1710229814
0.1711903065
0.1713584214
0.171527341
0.1716970652
0.1718675941
0.1720389575
0.1722111553
0.1723841876
0.1725580841
0.17273283
0.1729084402
0.1730849445
0.1732623279
0.1734406203
0.1736198068
0.1737999171
0.1739809662
0.1741629392
0.1743458807
0.1745297611
0.1747146249
0.1749004722
0.1750873178
0.1752751619
0.1754640341
0.1756539345
0.1758448631
0.1760368645
0.176229924
0.1764240563
0.1766192913
0.176815629
0.1770130992
0.177211687
0.177411437
0.1776123345
0.177814424
0.1780176908
0.1782221794
0.178427875
0.1786348224
0.1788430214
0.179052487
0.179263249
0.1794753075
0.1796886921
0.1799034178
0.1801194996
0.1803369671
0.1805558205
0.1807760894
0.1809977889
0.1812209487
0.1814455837
0.1816717088
0.1818993539
0.1821285486
0.1823592931
0.1825916171
0.1828255653
0.1830611378
0.1832983643
0.1835372597
0.1837778836
0.1840202212
0.1842643321
0.1845102161
0.184757933
0.1850074828
0.1852588952
0.1855122149
0.1857674718
0.1860246956
0.1862839162
0.1865451634
0.1868084669
0.1870738864
0.1873414218
0.1876111478
0.1878830642
0.1881572455
0.1884336919
0.1887124926
0.1889936477
0.1892772168
0.1895632297
0.1898517609
0.1901428401
0.1904365122
0.1907328367
0.1910318583
0.1913336217
0.1916381866
0.1919456273
0.1922559738
0.1925693005
0.1928856522
0.1932051182
0.1935277432
0.1938536018
0.1941827536
0.1945152879
0.1948512644
0.1951907724
0.1955338717
0.1958806664
0.1962312162
0.1965856254
0.1969439834
0.1973063797
0.1976729333
0.198043704
0.1984188408
0.198798418
0.19918257
0.1995714158
0.1999650747
0.2003636658
0.2007673383
0.2011762112
0.2015904486
0.2020101994
0.2024356127
0.2028668672
0.2033041269
0.2037475705
0.2041973919
0.2046537995
0.2051169872
0.2055871934
0.2060646266
0.2065495402
0.2070422024
0.2075428665
0.2080518156
0.2085693777
0.2090958357
0.2096315473
0.2101768702
0.2107321918
0.2112978995
0.2118744254
0.2124622464
0.2130618393
0.2136737257
0.2142984867
0.2149367034
0.2155890465
0.2162562162
0.2169389427
0.2176380903
0.2183545232
0.21908921
0.2198432237
0.2206177264
0.22141397
0.2222333699
0.2230774909
0.2239480317
0.2248469293
0.2257763296
0.2267386466
0.2277366072
0.2287733555
0.229852438
0.2309779525
0.2321546972
0.2333882451
0.2346851975
0.2360534519
0.2375025302
0.2390440553
0.2406924516
0.2424658686
0.2443874776
0.2464874685
0.2488057762
0.2513960898
0.2543314099
0.2577107251
0.2616651654
0.2663574815
0.2719660997
0.2786501944
0.2865093946
0.2955623567
0.3057528138
