3.680000000000000000e+02
0.000000000000000000e+00
1.835000000000000142e+01
3.071483400000000197e-01
3.721274399999999760e-01
4.452735199999999782e-01
5.152741100000000074e-01
5.764922500000000394e-01
6.266648799999999797e-01
6.654363300000000203e-01
6.934843099999999927e-01
7.119697299999999673e-01
7.222092700000000143e-01
7.255057099999999703e-01
7.230687700000000273e-01
7.159790999999999794e-01
7.051839800000000436e-01
6.915192599999999690e-01
6.757215899999999831e-01
6.584162700000000257e-01
6.401086400000000065e-01
6.211939499999999947e-01
6.019764499999999963e-01
5.826890500000000417e-01
5.635089899999999874e-01
5.445707400000000531e-01
5.259752899999999842e-01
5.077974200000000549e-01
4.900915599999999817e-01
4.728961300000000256e-01
4.562369299999999850e-01
4.401298200000000049e-01
4.245829300000000250e-01
4.095982300000000076e-01
3.951730099999999912e-01
3.813008700000000140e-01
3.679725799999999936e-01
3.551767200000000013e-01
3.429003400000000257e-01
3.311292800000000258e-01
3.198486300000000226e-01
3.090429000000000093e-01
2.986963100000000204e-01
2.887929699999999822e-01
2.793170200000000269e-01
2.702527000000000124e-01
2.615844600000000186e-01
2.532970900000000025e-01
2.453756599999999954e-01
2.378056299999999901e-01
2.305728900000000026e-01
2.236637300000000050e-01
2.170648699999999931e-01
2.107634800000000030e-01
2.047471999999999903e-01
1.990040499999999879e-01
1.935225600000000101e-01
1.882916500000000048e-01
1.833006699999999989e-01
1.785394299999999990e-01
1.739980600000000099e-01
1.696671499999999888e-01
1.655376699999999979e-01
1.616009200000000090e-01
1.578486100000000003e-01
1.542727499999999863e-01
1.508657200000000087e-01
1.476201900000000122e-01
1.445291499999999951e-01
1.415858999999999868e-01
1.387840100000000132e-01
1.361173400000000033e-01
1.335800000000000043e-01
1.311663499999999871e-01
1.288710100000000081e-01
1.266888100000000128e-01
1.246148299999999959e-01
1.226443499999999992e-01
1.207728500000000010e-01
1.189960000000000045e-01
1.173096799999999995e-01
1.157099399999999972e-01
1.141929899999999942e-01
1.127552200000000032e-01
1.113931799999999944e-01
1.101035600000000031e-01
1.088831900000000047e-01
1.077290500000000067e-01
1.066382500000000039e-01
1.056080199999999969e-01
1.046357200000000015e-01
1.037188099999999946e-01
1.028548900000000044e-01
1.020416400000000029e-01
1.012768400000000069e-01
1.005583899999999975e-01
9.988425700000000407e-02
9.925251499999999949e-02
9.866130400000000522e-02
9.810886500000000343e-02
9.759350899999999496e-02
9.711360900000000351e-02
9.666762499999999314e-02
9.625408800000000153e-02
9.587156800000000423e-02
9.551872299999999982e-02
9.519424999999999415e-02
9.489693500000000170e-02
9.462557000000000607e-02
9.437904499999999475e-02
9.415626500000000287e-02
9.395620200000000255e-02
9.377787299999999771e-02
9.362033000000000160e-02
9.348266600000000592e-02
9.336401499999999465e-02
9.326355199999999956e-02
9.318049300000000312e-02
9.311407800000000290e-02
9.306358500000000422e-02
9.302832199999999663e-02
9.300763200000000674e-02
9.300087399999999727e-02
9.300746000000000013e-02
9.302679399999999599e-02
9.305834000000000328e-02
9.310155400000000303e-02
9.315595000000000125e-02
9.322103099999999587e-02
9.329633399999999466e-02
9.338142700000000296e-02
9.347588599999999415e-02
9.357930700000000046e-02
9.369130400000000303e-02
9.381150500000000336e-02
9.393955800000000633e-02
9.407512799999999398e-02
9.421789599999999543e-02
9.436754899999999502e-02
9.452379499999999379e-02
9.468635200000000141e-02
9.485495100000000679e-02
9.502933900000000433e-02
9.520926300000000231e-02
9.539449999999999319e-02
9.558481000000000616e-02
9.577999299999999383e-02
9.597983200000000104e-02
9.618414200000000025e-02
9.639272799999999697e-02
9.660542799999999319e-02
9.682204599999999495e-02
9.704244099999999318e-02
9.726644299999999410e-02
9.749391699999999938e-02
9.772471300000000471e-02
9.795869899999999630e-02
9.819574699999999989e-02
9.843572200000000327e-02
9.867852900000000094e-02
9.892403299999999455e-02
9.917214500000000321e-02
9.942275999999999891e-02
9.967576699999999845e-02
9.993109099999999967e-02
1.001886399999999955e-01
1.004483300000000023e-01
1.007100600000000040e-01
1.009737899999999938e-01
1.012394300000000052e-01
1.015069100000000057e-01
1.017761699999999991e-01
1.020471399999999945e-01
1.023197599999999957e-01
1.025940000000000046e-01
1.028697699999999993e-01
1.031470399999999954e-01
1.034257600000000055e-01
1.037058899999999950e-01
1.039873800000000043e-01
1.042701999999999934e-01
1.045542899999999942e-01
1.048396300000000031e-01
1.051261899999999944e-01
1.054139399999999976e-01
1.057028200000000029e-01
1.059928499999999996e-01
1.062839700000000054e-01
1.065761600000000031e-01
1.068694099999999980e-01
1.071636799999999973e-01
1.074589700000000009e-01
1.077552499999999969e-01
1.080525100000000044e-01
1.083507300000000062e-01
1.086498899999999990e-01
1.089500000000000052e-01
1.092510099999999956e-01
1.095529499999999962e-01
1.098557899999999948e-01
1.101595199999999969e-01
1.104641499999999971e-01
1.107696600000000059e-01
1.110760400000000009e-01
1.113833000000000045e-01
1.116914299999999943e-01
1.120004400000000067e-01
1.123103099999999965e-01
1.126210400000000056e-01
1.129326499999999955e-01
1.132451299999999994e-01
1.135584899999999980e-01
1.138727100000000020e-01
1.141878300000000040e-01
1.145038200000000062e-01
1.148207200000000011e-01
1.151385099999999995e-01
1.154571999999999959e-01
1.157768099999999939e-01
1.160973500000000019e-01
1.164188099999999976e-01
1.167412099999999980e-01
1.170645700000000067e-01
1.173889000000000044e-01
1.177142000000000049e-01
1.180404800000000032e-01
1.183677800000000058e-01
1.186960900000000041e-01
1.190254200000000068e-01
1.193558100000000066e-01
1.196872699999999984e-01
1.200197999999999959e-01
1.203534400000000060e-01
1.206881900000000007e-01
1.210240699999999975e-01
1.213611200000000029e-01
1.216993400000000031e-01
1.220387500000000014e-01
1.223793900000000046e-01
1.227212699999999934e-01
1.230644099999999991e-01
1.234088500000000005e-01
1.237545899999999977e-01
1.241016800000000059e-01
1.244501300000000060e-01
1.247999800000000048e-01
1.251512499999999917e-01
1.255039699999999925e-01
1.258581599999999967e-01
1.262138600000000110e-01
1.265711200000000092e-01
1.269299399999999911e-01
1.272903700000000138e-01
1.276524400000000059e-01
1.280161900000000019e-01
1.283816500000000138e-01
1.287488599999999928e-01
1.291178500000000062e-01
1.294886799999999949e-01
1.298613700000000037e-01
1.302359700000000065e-01
1.306125200000000097e-01
1.309910599999999925e-01
1.313716500000000065e-01
1.317543200000000081e-01
1.321391299999999935e-01
1.325261100000000025e-01
1.329153499999999877e-01
1.333068599999999992e-01
1.337007100000000004e-01
1.340969700000000098e-01
1.344956599999999891e-01
1.348968700000000021e-01
1.353006700000000118e-01
1.357070800000000077e-01
1.361161899999999980e-01
1.365280700000000014e-01
1.369427900000000087e-01
1.373604099999999884e-01
1.377809899999999921e-01
1.382046299999999950e-01
1.386313999999999880e-01
1.390613900000000069e-01
1.394946599999999926e-01
1.399312900000000137e-01
1.403714000000000073e-01
1.408150599999999919e-01
1.412623699999999982e-01
1.417134300000000013e-01
1.421683400000000042e-01
1.426271899999999870e-01
1.430901099999999926e-01
1.435572099999999907e-01
1.440285900000000119e-01
1.445044000000000051e-01
1.449847200000000114e-01
1.454697299999999915e-01
1.459595399999999987e-01
1.464542899999999870e-01
1.469541199999999936e-01
1.474592100000000072e-01
1.479696899999999871e-01
1.484857499999999997e-01
1.490075399999999939e-01
1.495352500000000084e-01
1.500690699999999989e-01
1.506091800000000092e-01
1.511558100000000016e-01
1.517091499999999871e-01
1.522694400000000059e-01
1.528368999999999978e-01
1.534117899999999923e-01
1.539943699999999915e-01
1.545848700000000131e-01
1.551836099999999996e-01
1.557909000000000099e-01
1.564070100000000130e-01
1.570323000000000135e-01
1.576671000000000045e-01
1.583117800000000130e-01
1.589667499999999900e-01
1.596323799999999904e-01
1.603091199999999994e-01
1.609974399999999917e-01
1.616977900000000079e-01
1.624107100000000137e-01
1.631367400000000023e-01
1.638764600000000016e-01
1.646305000000000129e-01
1.653995099999999996e-01
1.661841900000000094e-01
1.669853000000000032e-01
1.678036699999999881e-01
1.686401499999999887e-01
1.694956699999999872e-01
1.703712599999999966e-01
1.712680000000000036e-01
1.721870600000000029e-01
1.731297400000000042e-01
1.740974200000000027e-01
1.750915899999999914e-01
1.761139499999999913e-01
1.771662999999999988e-01
1.782506100000000038e-01
1.793691199999999930e-01
1.805242300000000077e-01
1.817186799999999935e-01
1.829554700000000089e-01
1.842379700000000009e-01
1.855700200000000022e-01
1.869559100000000029e-01
1.884005400000000052e-01
1.899095500000000103e-01
1.914894000000000041e-01
1.931476299999999868e-01
1.948930899999999911e-01
1.967362300000000119e-01
1.986895899999999993e-01
2.007684000000000135e-01
2.029913700000000043e-01
2.053819299999999903e-01
2.079701100000000136e-01
2.107952700000000068e-01
2.139105799999999891e-01
2.173908499999999966e-01
2.213466600000000006e-01
2.259530700000000059e-01
2.315155700000000039e-01
2.386527200000000126e-01
2.489679800000000054e-01
2.683690499999999979e-01
