3.960000000000000000e+02
0.000000000000000000e+00
1.975000000000000000e+01
3.088675100000000118e-01
3.734682500000000016e-01
4.460726999999999887e-01
5.155654499999999807e-01
5.763734600000000041e-01
6.262410899999999447e-01
6.647988599999999915e-01
6.927044999999999453e-01
7.111002199999999496e-01
7.212881399999999665e-01
7.245609800000000211e-01
7.221220099999999809e-01
7.150473600000000207e-01
7.042811500000000224e-01
6.906558900000000500e-01
6.749047000000000240e-01
6.576496400000000353e-01
6.393936300000000461e-01
6.205301899999999815e-01
6.013625299999999507e-01
5.821228600000000197e-01
5.629880400000000229e-01
5.440922400000000048e-01
5.255363600000000357e-01
5.073950900000000486e-01
4.897230599999999878e-01
4.725586500000000245e-01
4.559277600000000152e-01
4.398463699999999865e-01
4.243226900000000024e-01
4.093589200000000150e-01
3.949524200000000262e-01
3.810969000000000162e-01
3.677832500000000060e-01
3.550001700000000038e-01
3.427348399999999851e-01
3.309732100000000177e-01
3.197004199999999852e-01
3.089010999999999840e-01
2.985595799999999911e-01
2.886600200000000171e-01
2.791866399999999859e-01
2.701237499999999958e-01
2.614558599999999844e-01
2.531678700000000171e-01
2.452448499999999865e-01
2.376723400000000097e-01
2.304362799999999933e-01
2.235229900000000047e-01
2.169192600000000026e-01
2.106123000000000023e-01
2.045897499999999869e-01
1.988397199999999976e-01
1.933507299999999984e-01
1.881117499999999942e-01
1.831121699999999908e-01
1.783417900000000000e-01
1.737908099999999900e-01
1.694498399999999905e-01
1.653098299999999909e-01
1.613621600000000045e-01
1.575985000000000025e-01
1.540109100000000009e-01
1.505917800000000084e-01
1.473337999999999870e-01
1.442299800000000076e-01
1.412736199999999887e-01
1.384583299999999906e-01
1.357779400000000136e-01
1.332266000000000006e-01
1.307986800000000005e-01
1.284888100000000088e-01
1.262918299999999938e-01
1.242028200000000054e-01
1.222170699999999971e-01
1.203300699999999973e-01
1.185375099999999987e-01
1.168352599999999963e-01
1.152193799999999962e-01
1.136860999999999983e-01
1.122318100000000013e-01
1.108530499999999946e-01
1.095465099999999997e-01
1.083090599999999987e-01
1.071376700000000043e-01
1.060294400000000026e-01
1.049816199999999977e-01
1.039915700000000054e-01
1.030567599999999973e-01
1.021747699999999981e-01
1.013433100000000059e-01
1.005601599999999957e-01
9.982319900000000135e-02
9.913042199999999582e-02
9.847988900000000101e-02
9.786976099999999956e-02
9.729826499999999490e-02
9.676371500000000014e-02
9.626450400000000074e-02
9.579907399999999795e-02
9.536596399999999751e-02
9.496374400000000271e-02
9.459108099999999353e-02
9.424667800000000040e-02
9.392929799999999441e-02
9.363775700000000202e-02
9.337093700000000107e-02
9.312774999999999526e-02
9.290716799999999831e-02
9.270820000000000449e-02
9.252989999999999826e-02
9.237137400000000609e-02
9.223175000000000123e-02
9.211020899999999845e-02
9.200596099999999722e-02
9.191824499999999565e-02
9.184634699999999485e-02
9.178956600000000299e-02
9.174725400000000031e-02
9.171877100000000449e-02
9.170351899999999723e-02
9.170091199999999554e-02
9.171041100000000557e-02
9.173147399999999341e-02
9.176360799999999651e-02
9.180632199999999576e-02
9.185916199999999421e-02
9.192168000000000561e-02
9.199345899999999965e-02
9.207408899999999785e-02
9.216319000000000594e-02
9.226039799999999347e-02
9.236534700000000042e-02
9.247770199999999496e-02
9.259714900000000359e-02
9.272337699999999572e-02
9.285609400000000013e-02
9.299500300000000663e-02
9.313985700000000645e-02
9.329038100000000555e-02
9.344632899999999465e-02
9.360747799999999397e-02
9.377359600000000073e-02
9.394447499999999951e-02
9.411989199999999667e-02
9.429966700000000368e-02
9.448360699999999723e-02
9.467153300000000216e-02
9.486327299999999796e-02
9.505866500000000052e-02
9.525754999999999639e-02
9.545978200000000691e-02
9.566520900000000105e-02
9.587370600000000298e-02
9.608514599999999628e-02
9.629938799999999965e-02
9.651632599999999951e-02
9.673584300000000191e-02
9.695783299999999327e-02
9.718219200000000058e-02
9.740881599999999529e-02
9.763761599999999652e-02
9.786850199999999611e-02
9.810139199999999560e-02
9.833620499999999598e-02
9.857285000000000352e-02
9.881126899999999325e-02
9.905137899999999496e-02
9.929311999999999860e-02
9.953642599999999729e-02
9.978123799999999433e-02
1.000274899999999967e-01
1.002751399999999987e-01
1.005241300000000032e-01
1.007744099999999948e-01
1.010259200000000052e-01
1.012786299999999945e-01
1.015324999999999978e-01
1.017874799999999996e-01
1.020435299999999934e-01
1.023006300000000035e-01
1.025587200000000060e-01
1.028177900000000061e-01
1.030777999999999972e-01
1.033387100000000003e-01
1.036005200000000015e-01
1.038631700000000047e-01
1.041266599999999959e-01
1.043909600000000049e-01
1.046560599999999952e-01
1.049219099999999932e-01
1.051885300000000023e-01
1.054558599999999985e-01
1.057239199999999990e-01
1.059926699999999972e-01
1.062621200000000016e-01
1.065322300000000055e-01
1.068030100000000038e-01
1.070744299999999982e-01
1.073464999999999975e-01
1.076191999999999982e-01
1.078925099999999970e-01
1.081664400000000026e-01
1.084409800000000063e-01
1.087161299999999942e-01
1.089918700000000046e-01
1.092681999999999959e-01
1.095451300000000044e-01
1.098226399999999991e-01
1.101007299999999939e-01
1.103794099999999972e-01
1.106586700000000006e-01
1.109385100000000041e-01
1.112189400000000022e-01
1.114999500000000004e-01
1.117815499999999934e-01
1.120637399999999950e-01
1.123465099999999967e-01
1.126298800000000017e-01
1.129138499999999962e-01
1.131984099999999993e-01
1.134835899999999953e-01
1.137693800000000033e-01
1.140557900000000041e-01
1.143428199999999978e-01
1.146304800000000068e-01
1.149187900000000068e-01
1.152077400000000029e-01
1.154973400000000039e-01
1.157876099999999991e-01
1.160785599999999973e-01
1.163701800000000036e-01
1.166624899999999937e-01
1.169555199999999934e-01
1.172492499999999993e-01
1.175437099999999957e-01
1.178388999999999964e-01
1.181348499999999996e-01
1.184315600000000052e-01
1.187290399999999940e-01
1.190273099999999973e-01
1.193263799999999958e-01
1.196262800000000015e-01
1.199270000000000058e-01
1.202285599999999982e-01
1.205309900000000045e-01
1.208343100000000003e-01
1.211385100000000048e-01
1.214436200000000021e-01
1.217496700000000043e-01
1.220566700000000060e-01
1.223646300000000020e-01
1.226735800000000043e-01
1.229835299999999937e-01
1.232945000000000013e-01
1.236065300000000061e-01
1.239196099999999995e-01
1.242337899999999967e-01
1.245490800000000065e-01
1.248654899999999957e-01
1.251830800000000021e-01
1.255018300000000087e-01
1.258217799999999942e-01
1.261429599999999984e-01
1.264654100000000003e-01
1.267891399999999946e-01
1.271141600000000038e-01
1.274405299999999963e-01
1.277682499999999999e-01
1.280973699999999882e-01
1.284279100000000062e-01
1.287598899999999880e-01
1.290933599999999903e-01
1.294283400000000028e-01
1.297648799999999991e-01
1.301029900000000017e-01
1.304427200000000120e-01
1.307840899999999917e-01
1.311271499999999979e-01
1.314719299999999869e-01
1.318184699999999931e-01
1.321668199999999904e-01
1.325169999999999959e-01
1.328690600000000110e-01
1.332230399999999870e-01
1.335789900000000086e-01
1.339369599999999938e-01
1.342969499999999983e-01
1.346590699999999918e-01
1.350233399999999917e-01
1.353898000000000046e-01
1.357585000000000042e-01
1.361295299999999986e-01
1.365028899999999878e-01
1.368786700000000078e-01
1.372569200000000045e-01
1.376376900000000070e-01
1.380210500000000062e-01
1.384070500000000037e-01
1.387957800000000075e-01
1.391872600000000071e-01
1.395816099999999949e-01
1.399788700000000052e-01
1.403791199999999961e-01
1.407824199999999915e-01
1.411888599999999994e-01
1.415985200000000055e-01
1.420114899999999902e-01
1.424278499999999947e-01
1.428476599999999874e-01
1.432710399999999884e-01
1.436980800000000058e-01
1.441288699999999923e-01
1.445635299999999956e-01
1.450021300000000068e-01
1.454448000000000130e-01
1.458916199999999996e-01
1.463427499999999937e-01
1.467982999999999927e-01
1.472583699999999995e-01
1.477231099999999908e-01
1.481926399999999866e-01
1.486671099999999912e-01
1.491466599999999865e-01
1.496314599999999939e-01
1.501216099999999887e-01
1.506173500000000109e-01
1.511187900000000028e-01
1.516261200000000031e-01
1.521395399999999898e-01
1.526592499999999963e-01
1.531854300000000113e-01
1.537183099999999969e-01
1.542580699999999971e-01
1.548049900000000034e-01
1.553593000000000057e-01
1.559212199999999993e-01
1.564910599999999874e-01
1.570690700000000051e-01
1.576555500000000054e-01
1.582508099999999918e-01
1.588551800000000125e-01
1.594689900000000049e-01
1.600926099999999963e-01
1.607264099999999862e-01
1.613708000000000087e-01
1.620262100000000038e-01
1.626930699999999952e-01
1.633718600000000076e-01
1.640631100000000120e-01
1.647673199999999949e-01
1.654850999999999961e-01
1.662170299999999878e-01
1.669637700000000113e-01
1.677259999999999862e-01
1.685044800000000120e-01
1.692999900000000113e-01
1.701133999999999979e-01
1.709456099999999978e-01
1.717976200000000120e-01
1.726704799999999873e-01
1.735653699999999966e-01
1.744835200000000031e-01
1.754262900000000125e-01
1.763951599999999953e-01
1.773917499999999869e-01
1.784178499999999890e-01
1.794753500000000057e-01
1.805664399999999947e-01
1.816934799999999905e-01
1.828590900000000019e-01
1.840661899999999906e-01
1.853180799999999961e-01
1.866184300000000018e-01
1.879714000000000107e-01
1.893817299999999981e-01
1.908548300000000031e-01
1.923969199999999991e-01
1.940152300000000107e-01
1.957182100000000036e-01
1.975158499999999928e-01
1.994200200000000034e-01
2.014451600000000120e-01
2.036089000000000093e-01
2.059332100000000054e-01
2.084460399999999991e-01
2.111837599999999981e-01
2.141950400000000032e-01
2.175474799999999875e-01
2.213394300000000037e-01
2.257230699999999979e-01
2.309553799999999879e-01
2.375302499999999983e-01
2.466188400000000058e-01
2.621095800000000087e-01
2.968350100000000102e-01
