4.020000000000000000e+02
0.000000000000000000e+00
2.004999899999999968e+01
3.092064600000000163e-01
3.737323000000000173e-01
4.462292500000000217e-01
5.156210100000000462e-01
5.763473500000000360e-01
6.261542399999999731e-01
6.646694499999999950e-01
6.925467800000000285e-01
7.109247400000000550e-01
7.211025399999999586e-01
7.243708399999999603e-01
7.219315800000000172e-01
7.148601399999999773e-01
7.040998299999999821e-01
6.904826200000000469e-01
6.747408499999999476e-01
6.574959799999999799e-01
6.392503999999999964e-01
6.203973299999999691e-01
6.012397400000000225e-01
5.820096700000000345e-01
5.628839100000000428e-01
5.439966899999999494e-01
5.254487399999999697e-01
5.073149200000000025e-01
4.896496499999999918e-01
4.724914399999999848e-01
4.558662499999999729e-01
4.397900100000000090e-01
4.242710199999999987e-01
4.093114400000000264e-01
3.949087000000000014e-01
3.810565200000000097e-01
3.677457900000000168e-01
3.549652999999999836e-01
3.427021800000000229e-01
3.309424499999999991e-01
3.196712400000000232e-01
3.088732100000000091e-01
2.985326899999999894e-01
2.886339099999999935e-01
2.791610400000000269e-01
2.700984499999999899e-01
2.614306499999999867e-01
2.531425099999999873e-01
2.452191699999999863e-01
2.376461800000000124e-01
2.304094399999999931e-01
2.234953299999999921e-01
2.168906300000000009e-01
2.105825500000000072e-01
2.045587600000000061e-01
1.988073399999999991e-01
1.933168600000000070e-01
1.880762900000000071e-01
1.830749799999999983e-01
1.783027799999999941e-01
1.737498799999999954e-01
1.694068900000000044e-01
1.652647899999999948e-01
1.613149200000000005e-01
1.575490099999999893e-01
1.539590799999999982e-01
1.505375399999999975e-01
1.472770700000000099e-01
1.441707000000000127e-01
1.412117300000000075e-01
1.383937600000000046e-01
1.357106399999999935e-01
1.331565200000000004e-01
1.307257599999999964e-01
1.284129900000000046e-01
1.262130599999999880e-01
1.241210600000000053e-01
1.221322799999999958e-01
1.202421899999999988e-01
1.184465100000000048e-01
1.167411000000000004e-01
1.151220099999999968e-01
1.135854800000000026e-01
1.121279000000000026e-01
1.107458199999999948e-01
1.094359300000000007e-01
1.081950899999999938e-01
1.070202700000000007e-01
1.059085800000000022e-01
1.048572700000000024e-01
1.038636899999999946e-01
1.029253400000000040e-01
1.020397700000000019e-01
1.012046899999999999e-01
1.004179000000000044e-01
9.967727999999999311e-02
9.898080700000000398e-02
9.832655599999999552e-02
9.771267299999999989e-02
9.713740599999999559e-02
9.659906499999999785e-02
9.609603099999999842e-02
9.562675700000000667e-02
9.518977300000000530e-02
9.478366400000000358e-02
9.440708200000000327e-02
9.405873700000000337e-02
9.373739400000000166e-02
9.344187399999999422e-02
9.317104499999999401e-02
9.292382700000000051e-02
9.269919199999999970e-02
9.249615699999999552e-02
9.231376600000000543e-02
9.215112799999999882e-02
9.200737600000000183e-02
9.188167799999999441e-02
9.177325699999999697e-02
9.168134599999999690e-02
9.160523099999999530e-02
9.154421799999999665e-02
9.149765199999999876e-02
9.146489200000000597e-02
9.144534899999999522e-02
9.143842800000000215e-02
9.144359100000000462e-02
9.146031000000000299e-02
9.148807100000000414e-02
9.152639699999999545e-02
9.157482499999999859e-02
9.163291799999999376e-02
9.170024799999999809e-02
9.177641599999999955e-02
9.186103199999999525e-02
9.195372500000000004e-02
9.205415100000000073e-02
9.216196799999999689e-02
9.227685600000000432e-02
9.239850199999999347e-02
9.252660699999999683e-02
9.266090400000000227e-02
9.280110900000000662e-02
9.294697600000000060e-02
9.309825300000000581e-02
9.325469999999999593e-02
9.341609500000000454e-02
9.358222800000000341e-02
9.375289100000000486e-02
9.392788999999999999e-02
9.410702399999999745e-02
9.429012999999999978e-02
9.447702800000000456e-02
9.466756099999999730e-02
9.486155999999999755e-02
9.505888799999999417e-02
9.525939099999999882e-02
9.546294099999999561e-02
9.566941099999999587e-02
9.587866100000000391e-02
9.609058500000000613e-02
9.630507200000000545e-02
9.652200299999999511e-02
9.674127400000000210e-02
9.696280200000000071e-02
9.718647599999999387e-02
9.741221399999999697e-02
9.763992600000000188e-02
9.786952999999999625e-02
9.810096000000000094e-02
9.833412599999999393e-02
9.856896099999999661e-02
9.880540499999999893e-02
9.904338399999999820e-02
9.928284599999999405e-02
9.952373100000000417e-02
9.976597099999999496e-02
1.000095299999999993e-01
1.002543500000000060e-01
1.005003800000000003e-01
1.007475800000000032e-01
1.009958999999999996e-01
1.012453100000000050e-01
1.014957600000000043e-01
1.017472199999999993e-01
1.019996600000000059e-01
1.022530299999999948e-01
1.025073100000000043e-01
1.027624800000000033e-01
1.030184900000000042e-01
1.032753200000000038e-01
1.035329599999999933e-01
1.037913800000000025e-01
1.040505500000000055e-01
1.043104499999999990e-01
1.045710700000000021e-01
1.048323699999999942e-01
1.050943700000000064e-01
1.053570199999999957e-01
1.056203200000000036e-01
1.058842599999999939e-01
1.061488200000000048e-01
1.064139900000000000e-01
1.066797599999999985e-01
1.069461200000000056e-01
1.072130599999999989e-01
1.074805699999999975e-01
1.077486500000000014e-01
1.080172799999999933e-01
1.082864699999999958e-01
1.085562100000000002e-01
1.088264899999999979e-01
1.090973100000000029e-01
1.093686700000000012e-01
1.096405599999999980e-01
1.099129799999999935e-01
1.101859399999999961e-01
1.104594299999999973e-01
1.107334499999999972e-01
1.110079999999999956e-01
1.112830900000000012e-01
1.115587100000000054e-01
1.118348799999999976e-01
1.121115800000000023e-01
1.123888299999999951e-01
1.126666199999999951e-01
1.129449700000000056e-01
1.132238700000000042e-01
1.135033399999999942e-01
1.137833699999999948e-01
1.140639799999999954e-01
1.143451699999999960e-01
1.146269399999999966e-01
1.149093199999999954e-01
1.151922900000000027e-01
1.154758800000000030e-01
1.157600899999999960e-01
1.160449199999999959e-01
1.163303900000000057e-01
1.166165100000000066e-01
1.169032900000000069e-01
1.171907400000000016e-01
1.174788699999999991e-01
1.177676799999999996e-01
1.180572099999999958e-01
1.183474399999999982e-01
1.186384099999999997e-01
1.189301200000000003e-01
1.192225799999999947e-01
1.195158100000000001e-01
1.198098199999999974e-01
1.201046300000000039e-01
1.204002599999999951e-01
1.206967000000000040e-01
1.209939899999999957e-01
1.212921400000000066e-01
1.215911699999999984e-01
1.218911000000000022e-01
1.221919300000000042e-01
1.224936900000000023e-01
1.227964000000000000e-01
1.231000700000000059e-01
1.234047300000000041e-01
1.237103999999999981e-01
1.240171000000000051e-01
1.243248299999999973e-01
1.246336400000000039e-01
1.249435299999999971e-01
1.252545399999999975e-01
1.255666800000000138e-01
1.258799899999999972e-01
1.261944600000000083e-01
1.265101600000000104e-01
1.268270800000000087e-01
1.271452499999999874e-01
1.274647100000000088e-01
1.277854900000000016e-01
1.281075899999999934e-01
1.284310700000000083e-01
1.287559400000000132e-01
1.290822500000000095e-01
1.294099999999999973e-01
1.297392199999999884e-01
1.300699899999999964e-01
1.304022999999999988e-01
1.307361900000000021e-01
1.310717000000000132e-01
1.314088700000000109e-01
1.317477200000000126e-01
1.320882999999999918e-01
1.324306399999999884e-01
1.327747999999999984e-01
1.331207899999999889e-01
1.334686700000000115e-01
1.338184799999999897e-01
1.341702499999999909e-01
1.345240299999999889e-01
1.348798700000000128e-01
1.352378300000000033e-01
1.355979300000000054e-01
1.359602400000000100e-01
1.363248099999999907e-01
1.366916699999999874e-01
1.370609000000000133e-01
1.374325499999999867e-01
1.378066500000000028e-01
1.381833000000000089e-01
1.385625299999999893e-01
1.389443999999999957e-01
1.393290000000000084e-01
1.397163899999999959e-01
1.401066199999999873e-01
1.404997600000000013e-01
1.408958899999999959e-01
1.412950900000000121e-01
1.416974400000000078e-01
1.421030000000000071e-01
1.425118599999999902e-01
1.429240999999999984e-01
1.433398300000000014e-01
1.437591199999999902e-01
1.441820600000000008e-01
1.446087500000000081e-01
1.450393100000000046e-01
1.454738100000000089e-01
1.459123599999999910e-01
1.463551100000000105e-01
1.468021399999999976e-01
1.472535899999999898e-01
1.477095499999999950e-01
1.481701900000000072e-01
1.486356100000000013e-01
1.491059799999999991e-01
1.495814199999999927e-01
1.500620799999999866e-01
1.505481300000000022e-01
1.510397199999999884e-01
1.515370299999999892e-01
1.520402299999999984e-01
1.525495199999999940e-01
1.530650699999999975e-01
1.535870900000000094e-01
1.541157800000000078e-01
1.546513700000000102e-01
1.551941000000000015e-01
1.557442099999999940e-01
1.563019300000000056e-01
1.568675300000000050e-01
1.574413000000000062e-01
1.580235399999999901e-01
1.586145300000000036e-01
1.592146000000000117e-01
1.598241199999999862e-01
1.604434100000000085e-01
1.610728700000000069e-01
1.617128800000000033e-01
1.623638900000000107e-01
1.630263299999999971e-01
1.637006799999999873e-01
1.643874499999999905e-01
1.650871499999999881e-01
1.658003799999999972e-01
1.665277199999999902e-01
1.672698300000000082e-01
1.680273899999999987e-01
1.688011600000000056e-01
1.695918999999999899e-01
1.704004899999999878e-01
1.712278100000000081e-01
1.720748699999999909e-01
1.729427099999999995e-01
1.738325099999999956e-01
1.747454700000000138e-01
1.756829799999999886e-01
1.766464899999999894e-01
1.776375900000000119e-01
1.786580799999999969e-01
1.797098699999999938e-01
1.807950700000000022e-01
1.819160700000000130e-01
1.830754599999999954e-01
1.842761300000000102e-01
1.855213800000000135e-01
1.868148099999999978e-01
1.881605799999999939e-01
1.895633800000000035e-01
1.910285499999999914e-01
1.925622999999999918e-01
1.941717299999999868e-01
1.958652300000000013e-01
1.976526500000000131e-01
1.995457900000000007e-01
2.015588000000000102e-01
2.037091000000000041e-01
2.060183399999999942e-01
2.085139900000000102e-01
2.112317200000000117e-01
2.142191999999999985e-01
2.175424499999999983e-01
2.212970999999999966e-01
2.256304600000000049e-01
2.307893799999999884e-01
2.372429500000000080e-01
2.460823199999999933e-01
2.608320399999999872e-01
2.936074100000000131e-01
