3.840000000000000000e+02
0.000000000000000000e+00
1.914999999999999858e+01
3.081973499999999810e-01
3.729469200000000151e-01
4.457651100000000199e-01
5.154584100000000335e-01
5.764282299999999859e-01
6.264160300000000126e-01
6.650577800000000428e-01
6.930191500000000282e-01
7.114498000000000211e-01
7.216575699999999705e-01
7.249391699999999661e-01
7.225004999999999900e-01
7.154194099999999779e-01
7.046412800000000365e-01
6.909999300000000400e-01
6.752299699999999572e-01
6.579546899999999532e-01
6.396779400000000004e-01
6.207939399999999885e-01
6.016063099999999775e-01
5.823475099999999571e-01
5.631946300000000294e-01
5.442818999999999852e-01
5.257101699999999767e-01
5.075542899999999635e-01
4.898687899999999984e-01
4.726920099999999958e-01
4.560498599999999736e-01
4.399582100000000162e-01
4.244253000000000053e-01
4.094532100000000119e-01
3.950392600000000032e-01
3.811771600000000149e-01
3.678576599999999752e-01
3.550695500000000115e-01
3.427998400000000223e-01
3.310344800000000198e-01
3.197585900000000092e-01
3.089567400000000075e-01
2.986132499999999967e-01
2.887122300000000141e-01
2.792378400000000149e-01
2.701744099999999760e-01
2.615064400000000067e-01
2.532187100000000135e-01
2.452963599999999911e-01
2.377248899999999943e-01
2.304901799999999890e-01
2.235785700000000042e-01
2.169768199999999869e-01
2.106721099999999958e-01
2.046520900000000087e-01
1.989048300000000047e-01
1.934188599999999980e-01
1.881831300000000040e-01
1.831870200000000060e-01
1.784203099999999986e-01
1.738731900000000108e-01
1.695362499999999994e-01
1.654004599999999991e-01
1.614571700000000110e-01
1.576980699999999957e-01
1.541151699999999958e-01
1.507008800000000093e-01
1.474478800000000034e-01
1.443491899999999883e-01
1.413980699999999868e-01
1.385881499999999933e-01
1.359132399999999907e-01
1.333675099999999947e-01
1.309452999999999867e-01
1.286412200000000006e-01
1.264501500000000112e-01
1.243671600000000044e-01
1.223874999999999963e-01
1.205066899999999996e-01
1.187204000000000037e-01
1.170245200000000069e-01
1.154150800000000032e-01
1.138883200000000012e-01
1.124406200000000050e-01
1.110685299999999986e-01
1.097687400000000035e-01
1.085381099999999932e-01
1.073735900000000049e-01
1.062723099999999948e-01
1.052315000000000056e-01
1.042485199999999973e-01
1.033208500000000057e-01
1.024460600000000055e-01
1.016218599999999944e-01
1.008460099999999998e-01
1.001164300000000063e-01
9.943107499999999377e-02
9.878802300000000258e-02
9.818542700000000567e-02
9.762152300000000171e-02
9.709460999999999786e-02
9.660308099999999343e-02
9.614539099999999672e-02
9.572005999999999570e-02
9.532568600000000669e-02
9.496089800000000192e-02
9.462442199999999970e-02
9.431502199999999836e-02
9.403150500000000134e-02
9.377274700000000351e-02
9.353767300000000173e-02
9.332524200000000270e-02
9.313446999999999698e-02
9.296441799999999311e-02
9.281417699999999771e-02
9.268288299999999369e-02
9.256971599999999634e-02
9.247387199999999863e-02
9.239461300000000044e-02
9.233120799999999795e-02
9.228296599999999406e-02
9.224923000000000151e-02
9.222936599999999319e-02
9.222277299999999400e-02
9.222887500000000183e-02
9.224710599999999538e-02
9.227695299999999490e-02
9.231790900000000355e-02
9.236948899999999907e-02
9.243123200000000206e-02
9.250269099999999800e-02
9.258345499999999506e-02
9.267310800000000404e-02
9.277127699999999921e-02
9.287758200000000020e-02
9.299167199999999744e-02
9.311322099999999602e-02
9.324189300000000624e-02
9.337738900000000508e-02
9.351940499999999989e-02
9.366767099999999402e-02
9.382190599999999658e-02
9.398186199999999935e-02
9.414728699999999617e-02
9.431794999999999762e-02
9.449362799999999618e-02
9.467409599999999925e-02
9.485915999999999793e-02
9.504862099999999980e-02
9.524229200000000617e-02
9.543998500000000496e-02
9.564154599999999395e-02
9.584679499999999852e-02
9.605558999999999625e-02
9.626776700000000409e-02
9.648319299999999488e-02
9.670173399999999753e-02
9.692325400000000035e-02
9.714763599999999555e-02
9.737476000000000464e-02
9.760450599999999366e-02
9.783677799999999924e-02
9.807146299999999761e-02
9.830846599999999713e-02
9.854769700000000354e-02
9.878906599999999483e-02
9.903248400000000395e-02
9.927787600000000101e-02
9.952515400000000456e-02
9.977426400000000140e-02
1.000251199999999951e-01
1.002776499999999960e-01
1.005318199999999940e-01
1.007875399999999949e-01
1.010447599999999974e-01
1.013034299999999999e-01
1.015635000000000010e-01
1.018249199999999993e-01
1.020876399999999934e-01
1.023516099999999956e-01
1.026168100000000027e-01
1.028831800000000046e-01
1.031506900000000032e-01
1.034193000000000057e-01
1.036889800000000000e-01
1.039596899999999935e-01
1.042314200000000052e-01
1.045041200000000059e-01
1.047777800000000009e-01
1.050523700000000060e-01
1.053278700000000040e-01
1.056042400000000020e-01
1.058814800000000000e-01
1.061595699999999948e-01
1.064384800000000020e-01
1.067181999999999992e-01
1.069987200000000055e-01
1.072800200000000037e-01
1.075620899999999991e-01
1.078449100000000022e-01
1.081284899999999938e-01
1.084127899999999950e-01
1.086978299999999953e-01
1.089835799999999966e-01
1.092700600000000022e-01
1.095572300000000054e-01
1.098451200000000044e-01
1.101337000000000010e-01
1.104229800000000039e-01
1.107129500000000044e-01
1.110035999999999939e-01
1.112949599999999983e-01
1.115870000000000056e-01
1.118797299999999967e-01
1.121731499999999992e-01
1.124672699999999942e-01
1.127620899999999954e-01
1.130576100000000028e-01
1.133538199999999940e-01
1.136507499999999948e-01
1.139483899999999966e-01
1.142467499999999941e-01
1.145458300000000013e-01
1.148456399999999988e-01
1.151462000000000041e-01
1.154474999999999946e-01
1.157495600000000013e-01
1.160523799999999967e-01
1.163559799999999977e-01
1.166603600000000046e-01
1.169655299999999981e-01
1.172715099999999955e-01
1.175783100000000053e-01
1.178859500000000032e-01
1.181944199999999945e-01
1.185037500000000049e-01
1.188139500000000015e-01
1.191250300000000067e-01
1.194370200000000048e-01
1.197499100000000011e-01
1.200637400000000021e-01
1.203785200000000027e-01
1.206942599999999977e-01
1.210109800000000041e-01
1.213286999999999977e-01
1.216474500000000042e-01
1.219672299999999959e-01
1.222880600000000040e-01
1.226099699999999987e-01
1.229329900000000059e-01
1.232571199999999978e-01
1.235823900000000003e-01
1.239088299999999976e-01
1.242364600000000069e-01
1.245652899999999952e-01
1.248953599999999969e-01
1.252267099999999911e-01
1.255593299999999968e-01
1.258932700000000016e-01
1.262285400000000002e-01
1.265651899999999941e-01
1.269032200000000110e-01
1.272426999999999864e-01
1.275836200000000087e-01
1.279260500000000134e-01
1.282699900000000004e-01
1.286154700000000095e-01
1.289625500000000091e-01
1.293112499999999887e-01
1.296615999999999880e-01
1.300136400000000136e-01
1.303674099999999891e-01
1.307229500000000044e-01
1.310803000000000107e-01
1.314394899999999922e-01
1.318005800000000005e-01
1.321635800000000027e-01
1.325285700000000122e-01
1.328955699999999907e-01
1.332646299999999950e-01
1.336358199999999885e-01
1.340091499999999936e-01
1.343847099999999906e-01
1.347625100000000020e-01
1.351426400000000083e-01
1.355251199999999989e-01
1.359100500000000045e-01
1.362974299999999972e-01
1.366873799999999972e-01
1.370799199999999940e-01
1.374751200000000062e-01
1.378730699999999865e-01
1.382737900000000075e-01
1.386773900000000115e-01
1.390839199999999998e-01
1.394934700000000083e-01
1.399060900000000107e-01
1.403218999999999994e-01
1.407409299999999863e-01
1.411632899999999968e-01
1.415890800000000060e-01
1.420183499999999877e-01
1.424512300000000120e-01
1.428877899999999868e-01
1.433281299999999980e-01
1.437723599999999879e-01
1.442206099999999991e-01
1.446729499999999946e-01
1.451294999999999946e-01
1.455903899999999862e-01
1.460557299999999947e-01
1.465256699999999968e-01
1.470003099999999951e-01
1.474798200000000115e-01
1.479642999999999931e-01
1.484539400000000064e-01
1.489488599999999885e-01
1.494492400000000110e-01
1.499552399999999897e-01
1.504670399999999963e-01
1.509848199999999918e-01
1.515087599999999923e-01
1.520390699999999984e-01
1.525759200000000038e-01
1.531195800000000051e-01
1.536702400000000135e-01
1.542281500000000083e-01
1.547935500000000020e-01
1.553666999999999965e-01
1.559478800000000109e-01
1.565373700000000090e-01
1.571354699999999993e-01
1.577424900000000130e-01
1.583587700000000098e-01
1.589846599999999999e-01
1.596205400000000052e-01
1.602667700000000028e-01
1.609237900000000110e-01
1.615920399999999924e-01
1.622719599999999929e-01
1.629640499999999992e-01
1.636688299999999874e-01
1.643868699999999905e-01
1.651187199999999966e-01
1.658650500000000139e-01
1.666265100000000055e-01
1.674038200000000087e-01
1.681977500000000070e-01
1.690090999999999954e-01
1.698387899999999895e-01
1.706877499999999992e-01
1.715570100000000098e-01
1.724476699999999973e-01
1.733609399999999912e-01
1.742981200000000008e-01
1.752606200000000058e-01
1.762499999999999900e-01
1.772679199999999955e-01
1.783162500000000095e-01
1.793970500000000023e-01
1.805125200000000096e-01
1.816651999999999989e-01
1.828578100000000095e-01
1.840934899999999985e-01
1.853756799999999871e-01
1.867082999999999937e-01
1.880957600000000007e-01
1.895431399999999988e-01
1.910562100000000041e-01
1.926416599999999923e-01
1.943072999999999884e-01
1.960622499999999935e-01
1.979174200000000106e-01
1.998858299999999866e-01
2.019833500000000059e-01
2.042296100000000059e-01
2.066492699999999960e-01
2.092740399999999945e-01
2.121457200000000098e-01
2.153212300000000023e-01
2.188814000000000037e-01
2.229471199999999986e-01
2.277130300000000107e-01
2.335272899999999985e-01
2.411231100000000016e-01
2.525295900000000260e-01
2.754417100000000063e-01
