4.080000000000000000e+02
0.000000000000000000e+00
2.035000000000000142e+01
3.095406600000000230e-01
3.739922900000000050e-01
4.463825200000000049e-01
5.156740499999999949e-01
5.763193399999999578e-01
6.260659100000000032e-01
6.645389800000000013e-01
6.923883600000000360e-01
7.107487900000000192e-01
7.209166299999999472e-01
7.241805199999999942e-01
7.217411999999999717e-01
7.146730399999999817e-01
7.039188100000000059e-01
6.903097000000000261e-01
6.745774100000000439e-01
6.573427899999999546e-01
6.391076399999999769e-01
6.202648899999999577e-01
6.011173699999999842e-01
5.818969000000000502e-01
5.627803200000000006e-01
5.439016199999999746e-01
5.253615999999999842e-01
5.072351099999999890e-01
4.895766400000000074e-01
4.724246899999999805e-01
4.558051499999999923e-01
4.397340699999999769e-01
4.242197600000000013e-01
4.092643599999999937e-01
3.948653599999999986e-01
3.810164899999999855e-01
3.677087099999999942e-01
3.549307899999999960e-01
3.426698699999999875e-01
3.309119899999999892e-01
3.196423600000000143e-01
3.088456099999999926e-01
2.985061099999999912e-01
2.886080699999999943e-01
2.791356999999999866e-01
2.700733799999999740e-01
2.614056499999999894e-01
2.531173800000000029e-01
2.451937200000000039e-01
2.376202199999999931e-01
2.303828300000000107e-01
2.234678900000000024e-01
2.168622000000000050e-01
2.105530100000000127e-01
2.045279399999999914e-01
1.987751600000000063e-01
1.932831700000000041e-01
1.880409700000000017e-01
1.830379500000000048e-01
1.782639299999999871e-01
1.737091099999999999e-01
1.693640899999999949e-01
1.652198900000000081e-01
1.612678499999999904e-01
1.574996600000000135e-01
1.539073900000000050e-01
1.504834300000000014e-01
1.472204900000000094e-01
1.441115699999999944e-01
1.411499800000000082e-01
1.383293399999999951e-01
1.356435000000000002e-01
1.330865800000000099e-01
1.306529800000000019e-01
1.283373200000000047e-01
1.261344600000000038e-01
1.240394600000000042e-01
1.220476399999999989e-01
1.201544799999999941e-01
1.183556800000000048e-01
1.166470899999999949e-01
1.150248100000000051e-01
1.134850399999999954e-01
1.120241700000000062e-01
1.106387699999999974e-01
1.093255399999999988e-01
1.080813099999999999e-01
1.069030700000000028e-01
1.057879300000000022e-01
1.047331499999999971e-01
1.037360600000000049e-01
1.027941599999999955e-01
1.019050199999999989e-01
1.010663400000000045e-01
1.002759200000000045e-01
9.953163600000000666e-02
9.883148199999999828e-02
9.817352099999999970e-02
9.755591299999999411e-02
9.697688399999999931e-02
9.643475699999999595e-02
9.592790900000000565e-02
9.545480500000000368e-02
9.501396099999999401e-02
9.460397800000000523e-02
9.422349200000000591e-02
9.387122100000000469e-02
9.354593599999999620e-02
9.324644499999999725e-02
9.297162999999999955e-02
9.272040400000000626e-02
9.249173800000000389e-02
9.228464999999999585e-02
9.209818399999999960e-02
9.193145499999999526e-02
9.178358300000000192e-02
9.165375700000000236e-02
9.154117900000000030e-02
9.144509600000000349e-02
9.136478600000000339e-02
9.129956399999999972e-02
9.124876599999999505e-02
9.121175900000000336e-02
9.118794600000000583e-02
9.117674100000000559e-02
9.117759799999999859e-02
9.118998799999999960e-02
9.121340499999999740e-02
9.124737199999999326e-02
9.129141999999999812e-02
9.134510899999999378e-02
9.140802200000000544e-02
9.147974799999999962e-02
9.155990899999999488e-02
9.164813199999999327e-02
9.174406499999999964e-02
9.184736799999999868e-02
9.195772600000000352e-02
9.207481900000000219e-02
9.219836400000000487e-02
9.232807199999999714e-02
9.246367199999999675e-02
9.260491299999999704e-02
9.275154800000000310e-02
9.290333100000000566e-02
9.306005400000000316e-02
9.322148600000000618e-02
9.338742499999999613e-02
9.355768600000000101e-02
9.373206600000000277e-02
9.391039599999999321e-02
9.409249599999999769e-02
9.427820100000000592e-02
9.446737199999999390e-02
9.465983499999999773e-02
9.485546499999999992e-02
9.505411199999999616e-02
9.525565800000000694e-02
9.545997500000000247e-02
9.566693800000000691e-02
9.587643299999999702e-02
9.608836499999999503e-02
9.630261399999999472e-02
9.651908300000000551e-02
9.673769000000000118e-02
9.695833199999999430e-02
9.718092500000000133e-02
9.740539600000000520e-02
9.763166299999999354e-02
9.785964299999999616e-02
9.808927000000000618e-02
9.832047700000000334e-02
9.855320300000000588e-02
9.878738200000000691e-02
9.902295499999999584e-02
9.925986100000000478e-02
9.949806299999999770e-02
9.973749499999999546e-02
9.997811199999999399e-02
1.002198700000000026e-01
1.004627300000000001e-01
1.007066400000000000e-01
1.009515700000000044e-01
1.011974900000000011e-01
1.014443399999999940e-01
1.016921100000000022e-01
1.019407600000000053e-01
1.021902600000000050e-01
1.024405699999999947e-01
1.026916799999999935e-01
1.029435600000000034e-01
1.031961799999999985e-01
1.034495299999999979e-01
1.037035699999999949e-01
1.039583000000000035e-01
1.042136899999999977e-01
1.044697200000000020e-01
1.047263900000000025e-01
1.049836700000000012e-01
1.052415399999999945e-01
1.054999999999999966e-01
1.057590300000000039e-01
1.060186300000000026e-01
1.062787699999999946e-01
1.065394600000000025e-01
1.068006799999999951e-01
1.070624200000000054e-01
1.073246800000000056e-01
1.075874599999999959e-01
1.078507300000000058e-01
1.081145099999999970e-01
1.083787900000000026e-01
1.086435500000000054e-01
1.089088099999999948e-01
1.091745600000000038e-01
1.094407899999999961e-01
1.097074999999999995e-01
1.099746999999999947e-01
1.102423700000000062e-01
1.105105400000000043e-01
1.107791899999999996e-01
1.110483200000000059e-01
1.113179400000000041e-01
1.115880499999999942e-01
1.118586599999999986e-01
1.121297599999999950e-01
1.124013700000000004e-01
1.126734699999999978e-01
1.129460899999999990e-01
1.132192100000000007e-01
1.134928600000000010e-01
1.137670399999999998e-01
1.140417400000000026e-01
1.143169799999999986e-01
1.145927699999999966e-01
1.148691000000000018e-01
1.151459999999999984e-01
1.154234700000000002e-01
1.157015200000000021e-01
1.159801500000000041e-01
1.162593700000000008e-01
1.165391999999999956e-01
1.168196499999999971e-01
1.171007200000000054e-01
1.173824200000000012e-01
1.176647799999999966e-01
1.179477800000000021e-01
1.182314599999999966e-01
1.185158199999999940e-01
1.188008799999999976e-01
1.190866399999999936e-01
1.193731199999999992e-01
1.196603400000000039e-01
1.199482999999999938e-01
1.202370200000000000e-01
1.205265300000000067e-01
1.208168200000000053e-01
1.211079199999999939e-01
1.213998399999999950e-01
1.216926100000000066e-01
1.219862300000000011e-01
1.222807199999999955e-01
1.225760999999999934e-01
1.228723800000000033e-01
1.231695899999999955e-01
1.234677599999999958e-01
1.237668799999999958e-01
1.240669799999999934e-01
1.243680900000000006e-01
1.246702199999999983e-01
1.249733999999999984e-01
1.252776399999999957e-01
1.255829599999999935e-01
1.258894100000000071e-01
1.261969799999999864e-01
1.265057199999999882e-01
1.268156199999999900e-01
1.271267399999999881e-01
1.274390800000000101e-01
1.277526800000000073e-01
1.280675699999999917e-01
1.283837600000000134e-01
1.287012800000000012e-01
1.290201800000000121e-01
1.293404700000000129e-01
1.296621699999999933e-01
1.299853300000000100e-01
1.303099799999999919e-01
1.306361400000000117e-01
1.309638599999999875e-01
1.312931499999999974e-01
1.316240599999999872e-01
1.319566199999999967e-01
1.322908600000000101e-01
1.326268300000000011e-01
1.329645499999999869e-01
1.333040899999999862e-01
1.336454599999999937e-01
1.339887100000000109e-01
1.343338599999999994e-01
1.346809999999999952e-01
1.350301499999999877e-01
1.353813399999999889e-01
1.357346299999999950e-01
1.360900700000000074e-01
1.364477099999999998e-01
1.368075900000000067e-01
1.371697799999999912e-01
1.375343099999999930e-01
1.379012500000000030e-01
1.382706499999999950e-01
1.386425599999999980e-01
1.390170599999999979e-01
1.393941900000000012e-01
1.397740399999999883e-01
1.401566399999999990e-01
1.405420900000000084e-01
1.409304399999999902e-01
1.413217599999999907e-01
1.417161399999999905e-01
1.421136400000000133e-01
1.425143500000000119e-01
1.429183300000000101e-01
1.433256900000000056e-01
1.437364999999999893e-01
1.441508499999999970e-01
1.445688499999999987e-01
1.449905599999999906e-01
1.454161099999999873e-01
1.458455899999999972e-01
1.462791099999999900e-01
1.467167699999999964e-01
1.471587099999999981e-01
1.476050200000000034e-01
1.480558200000000046e-01
1.485112600000000060e-01
1.489714500000000053e-01
1.494365500000000013e-01
1.499066799999999866e-01
1.503820100000000104e-01
1.508626799999999990e-01
1.513488400000000123e-01
1.518406700000000109e-01
1.523383600000000060e-01
1.528420699999999965e-01
1.533519899999999936e-01
1.538683299999999976e-01
1.543913000000000091e-01
1.549211000000000060e-01
1.554579600000000061e-01
1.560021299999999889e-01
1.565538499999999944e-01
1.571133899999999917e-01
1.576809999999999878e-01
1.582569899999999863e-01
1.588416500000000009e-01
1.594353000000000020e-01
1.600382899999999997e-01
1.606509499999999868e-01
1.612736700000000079e-01
1.619068399999999963e-01
1.625508699999999862e-01
1.632061999999999957e-01
1.638732999999999995e-01
1.645526599999999895e-01
1.652447999999999972e-01
1.659502999999999950e-01
1.666697299999999882e-01
1.674037300000000006e-01
1.681529700000000127e-01
1.689181899999999958e-01
1.697001800000000060e-01
1.704997099999999988e-01
1.713177300000000014e-01
1.721551900000000135e-01
1.730130900000000083e-01
1.738926000000000083e-01
1.747949099999999978e-01
1.757213300000000089e-01
1.766733100000000001e-01
1.776523999999999881e-01
1.786603300000000061e-01
1.796989599999999909e-01
1.807703499999999963e-01
1.818768099999999999e-01
1.830208500000000127e-01
1.842052799999999990e-01
1.854332499999999939e-01
1.867082999999999937e-01
1.880343899999999957e-01
1.894160199999999905e-01
1.908583799999999941e-01
1.923673499999999925e-01
1.939497400000000094e-01
1.956135800000000091e-01
1.973681999999999936e-01
1.992247699999999955e-01
2.011966900000000114e-01
2.033002700000000051e-01
2.055557799999999935e-01
2.079887099999999933e-01
2.106319700000000017e-01
2.135290699999999875e-01
2.167396199999999939e-01
2.203486600000000017e-01
2.244844900000000087e-01
2.293559599999999976e-01
2.353428800000000043e-01
2.432662800000000014e-01
2.554948000000000219e-01
2.809248300000000143e-01
