4.290000000000000000e+02
0.000000000000000000e+00
2.139999999999999858e+01
3.105843699999999985e-01
3.748080400000000090e-01
4.468714599999999981e-01
5.158551300000000506e-01
5.762506099999999964e-01
6.258105600000000157e-01
6.641522600000000498e-01
6.919137199999999543e-01
7.102186099999999724e-01
7.203543199999999924e-01
7.236035499999999843e-01
7.211627400000000243e-01
7.141038199999999447e-01
7.033672899999999784e-01
6.897823800000000283e-01
6.740785799999999828e-01
6.568747200000000230e-01
6.386712199999999839e-01
6.198598699999999795e-01
6.007428200000000107e-01
5.815516099999999966e-01
5.624626900000000429e-01
5.436099800000000482e-01
5.250942699999999741e-01
5.069902499999999756e-01
4.893525200000000130e-01
4.722195900000000224e-01
4.556174299999999899e-01
4.395621699999999743e-01
4.240621299999999816e-01
4.091196400000000066e-01
3.947321500000000039e-01
3.808935600000000199e-01
3.675948399999999783e-01
3.548248099999999905e-01
3.425707800000000192e-01
3.308187699999999842e-01
3.195540599999999731e-01
3.087613300000000005e-01
2.984250500000000250e-01
2.885294299999999756e-01
2.790587500000000221e-01
2.699974500000000277e-01
2.613300700000000254e-01
2.530415400000000092e-01
2.451170500000000030e-01
2.375421699999999969e-01
2.303028900000000101e-01
2.233855899999999950e-01
2.167770699999999884e-01
2.104646099999999964e-01
2.044359000000000037e-01
1.986790599999999907e-01
1.931826799999999955e-01
1.879357100000000058e-01
1.829276099999999905e-01
1.781482000000000065e-01
1.735876799999999942e-01
1.692367200000000071e-01
1.650862700000000072e-01
1.611277499999999863e-01
1.573528299999999991e-01
1.537536100000000128e-01
1.503224700000000136e-01
1.470521399999999979e-01
1.439356499999999983e-01
1.409662999999999888e-01
1.381376800000000127e-01
1.354437199999999897e-01
1.328785000000000105e-01
1.304364399999999868e-01
1.281121699999999974e-01
1.259005400000000052e-01
1.237966399999999995e-01
1.217957699999999976e-01
1.198934400000000039e-01
1.180853199999999936e-01
1.163673300000000049e-01
1.147354800000000008e-01
1.131860499999999964e-01
1.117154199999999958e-01
1.103201399999999971e-01
1.089969100000000024e-01
1.077425999999999939e-01
1.065541700000000036e-01
1.054287500000000016e-01
1.043635799999999975e-01
1.033560300000000015e-01
1.024035699999999993e-01
1.015037899999999965e-01
1.006543899999999964e-01
9.985315100000000110e-02
9.909798200000000112e-02
9.838686100000000601e-02
9.771785900000000413e-02
9.708912699999999729e-02
9.649890699999999488e-02
9.594551499999999511e-02
9.542732700000000623e-02
9.494281599999999932e-02
9.449050600000000188e-02
9.406897399999999965e-02
9.367688700000000035e-02
9.331294099999999647e-02
9.297592200000000251e-02
9.266462899999999836e-02
9.237795299999999876e-02
9.211480599999999352e-02
9.187415999999999638e-02
9.165502300000000213e-02
9.145646500000000068e-02
9.127757000000000231e-02
9.111748599999999754e-02
9.097538099999999406e-02
9.085047200000000156e-02
9.074199900000000374e-02
9.064925499999999803e-02
9.057152999999999732e-02
9.050817799999999469e-02
9.045856400000000519e-02
9.042208599999999874e-02
9.039816999999999991e-02
9.038625699999999763e-02
9.038582400000000350e-02
9.039637400000000156e-02
9.041740700000000519e-02
9.044847599999999987e-02
9.048913399999999885e-02
9.053896399999999955e-02
9.059755499999999628e-02
9.066452799999999423e-02
9.073951099999999492e-02
9.082215300000000269e-02
9.091211100000000378e-02
9.100907299999999589e-02
9.111271799999999532e-02
9.122276299999999838e-02
9.133891800000000505e-02
9.146091300000000479e-02
9.158849700000000482e-02
9.172142299999999637e-02
9.185944499999999791e-02
9.200234699999999821e-02
9.214991299999999996e-02
9.230193500000000162e-02
9.245821799999999480e-02
9.261856999999999729e-02
9.278280999999999334e-02
9.295077599999999884e-02
9.312229599999999330e-02
9.329720599999999364e-02
9.347537200000000102e-02
9.365664399999999723e-02
9.384087500000000415e-02
9.402795099999999850e-02
9.421773299999999796e-02
9.441010699999999312e-02
9.460496200000000078e-02
9.480218599999999662e-02
9.500166799999999745e-02
9.520331799999999511e-02
9.540703899999999904e-02
9.561273500000000425e-02
9.582032299999999891e-02
9.602972099999999844e-02
9.624085599999999963e-02
9.645363699999999485e-02
9.666800500000000129e-02
9.688388600000000239e-02
9.710121900000000250e-02
9.731993799999999473e-02
9.753998399999999624e-02
9.776130299999999385e-02
9.798383700000000418e-02
9.820753299999999963e-02
9.843234700000000337e-02
9.865822600000000164e-02
9.888514099999999585e-02
9.911303200000000369e-02
9.934186200000000300e-02
9.957160099999999570e-02
9.980220300000000599e-02
1.000336500000000017e-01
1.002658800000000017e-01
1.004988899999999935e-01
1.007326399999999983e-01
1.009671000000000041e-01
1.012022399999999989e-01
1.014380500000000018e-01
1.016744900000000063e-01
1.019115399999999949e-01
1.021491999999999956e-01
1.023874099999999981e-01
1.026261900000000060e-01
1.028654900000000039e-01
1.031053200000000003e-01
1.033456499999999972e-01
1.035864699999999999e-01
1.038277699999999998e-01
1.040695199999999987e-01
1.043117300000000053e-01
1.045543800000000023e-01
1.047974500000000003e-01
1.050409399999999993e-01
1.052848400000000045e-01
1.055291399999999935e-01
1.057738399999999940e-01
1.060189200000000026e-01
1.062643800000000055e-01
1.065102299999999974e-01
1.067564299999999994e-01
1.070030099999999956e-01
1.072499499999999967e-01
1.074972500000000025e-01
1.077449099999999993e-01
1.079929200000000061e-01
1.082412700000000005e-01
1.084899899999999945e-01
1.087390599999999985e-01
1.089884599999999953e-01
1.092382300000000056e-01
1.094883400000000034e-01
1.097387999999999975e-01
1.099896100000000015e-01
1.102407900000000052e-01
1.104923099999999964e-01
1.107441900000000062e-01
1.109964400000000018e-01
1.112490399999999935e-01
1.115020199999999934e-01
1.117553700000000066e-01
1.120090900000000056e-01
1.122631999999999936e-01
1.125176799999999949e-01
1.127725499999999992e-01
1.130278200000000011e-01
1.132834900000000006e-01
1.135395599999999977e-01
1.137960499999999958e-01
1.140529500000000002e-01
1.143102800000000002e-01
1.145680500000000046e-01
1.148262500000000047e-01
1.150848899999999952e-01
1.153440000000000021e-01
1.156035599999999941e-01
1.158635900000000024e-01
1.161241100000000026e-01
1.163851100000000000e-01
1.166466099999999978e-01
1.169086200000000048e-01
1.171711399999999931e-01
1.174341899999999939e-01
1.176977800000000018e-01
1.179619100000000032e-01
1.182266000000000011e-01
1.184918499999999958e-01
1.187576899999999991e-01
1.190241100000000024e-01
1.192911400000000038e-01
1.195587899999999981e-01
1.198270599999999991e-01
1.200959699999999963e-01
1.203655299999999984e-01
1.206357599999999947e-01
1.209066699999999939e-01
1.211782599999999960e-01
1.214505699999999938e-01
1.217235900000000065e-01
1.219973599999999991e-01
1.222718700000000047e-01
1.225471399999999988e-01
1.228231899999999988e-01
1.231000500000000025e-01
1.233777100000000015e-01
1.236562100000000025e-01
1.239355500000000054e-01
1.242157499999999998e-01
1.244968300000000028e-01
1.247788100000000039e-01
1.250617199999999873e-01
1.253455599999999948e-01
1.256303500000000017e-01
1.259161099999999978e-01
1.262028699999999948e-01
1.264906399999999875e-01
1.267794399999999932e-01
1.270693099999999909e-01
1.273602500000000082e-01
1.276522900000000016e-01
1.279454499999999884e-01
1.282397700000000029e-01
1.285352399999999951e-01
1.288319099999999939e-01
1.291297999999999890e-01
1.294289200000000029e-01
1.297293200000000091e-01
1.300310199999999972e-01
1.303340199999999949e-01
1.306383899999999931e-01
1.309441299999999919e-01
1.312512799999999979e-01
1.315598500000000060e-01
1.318699000000000121e-01
1.321814400000000111e-01
1.324944899999999925e-01
1.328091299999999975e-01
1.331253500000000034e-01
1.334431899999999893e-01
1.337626899999999897e-01
1.340839000000000059e-01
1.344068200000000102e-01
1.347315299999999882e-01
1.350580299999999956e-01
1.353863899999999953e-01
1.357166300000000048e-01
1.360488099999999922e-01
1.363829500000000028e-01
1.367191100000000048e-01
1.370573200000000103e-01
1.373976500000000101e-01
1.377401099999999989e-01
1.380847799999999903e-01
1.384316999999999909e-01
1.387809100000000073e-01
1.391324800000000028e-01
1.394864600000000066e-01
1.398428999999999922e-01
1.402018499999999890e-01
1.405633799999999878e-01
1.409275500000000125e-01
1.412944200000000039e-01
1.416640600000000083e-01
1.420365100000000047e-01
1.424118699999999960e-01
1.427902000000000060e-01
1.431715600000000033e-01
1.435560399999999959e-01
1.439437299999999920e-01
1.443346600000000035e-01
1.447289599999999898e-01
1.451266999999999974e-01
1.455279600000000118e-01
1.459328400000000081e-01
1.463414299999999946e-01
1.467538200000000070e-01
1.471701300000000101e-01
1.475904399999999894e-01
1.480148699999999928e-01
1.484435299999999902e-01
1.488765499999999964e-01
1.493140299999999865e-01
1.497561000000000031e-01
1.502029000000000003e-01
1.506545499999999982e-01
1.511112000000000011e-01
1.515729899999999908e-01
1.520400600000000046e-01
1.525125999999999982e-01
1.529907399999999862e-01
1.534746700000000075e-01
1.539645799999999898e-01
1.544606199999999929e-01
1.549629999999999896e-01
1.554719400000000029e-01
1.559876400000000107e-01
1.565103100000000136e-01
1.570401899999999962e-01
1.575775399999999882e-01
1.581226000000000020e-01
1.586756400000000067e-01
1.592369399999999935e-01
1.598067900000000041e-01
1.603854999999999864e-01
1.609734300000000007e-01
1.615708800000000001e-01
1.621782300000000065e-01
1.627958700000000092e-01
1.634241899999999970e-01
1.640636500000000053e-01
1.647146600000000127e-01
1.653777499999999900e-01
1.660533800000000004e-01
1.667421500000000056e-01
1.674445900000000043e-01
1.681613200000000030e-01
1.688930200000000048e-01
1.696403900000000020e-01
1.704041699999999937e-01
1.711851500000000081e-01
1.719842299999999879e-01
1.728023099999999868e-01
1.736404300000000123e-01
1.744996299999999889e-01
1.753810899999999895e-01
1.762861199999999906e-01
1.772160500000000138e-01
1.781724100000000033e-01
1.791568400000000116e-01
1.801711500000000021e-01
1.812173099999999926e-01
1.822975099999999959e-01
1.834141800000000100e-01
1.845699699999999999e-01
1.857679000000000136e-01
1.870113300000000034e-01
1.883040099999999939e-01
1.896502100000000135e-01
1.910548099999999916e-01
1.925233299999999925e-01
1.940622200000000075e-01
1.956788999999999890e-01
1.973820900000000100e-01
1.991821199999999903e-01
2.010913300000000126e-01
2.031246899999999966e-01
2.053005499999999983e-01
2.076419100000000129e-01
2.101781100000000013e-01
2.129474600000000051e-01
2.160016100000000105e-01
2.194127999999999912e-01
2.232871200000000056e-01
2.277909100000000131e-01
2.332103399999999882e-01
2.401115100000000002e-01
2.499014599999999919e-01
2.674947999999999770e-01
3.067315500000000195e-01
