4.220000000000000000e+02
0.000000000000000000e+00
2.104999899999999968e+01
3.102287100000000186e-01
3.745293900000000176e-01
4.467030200000000062e-01
5.157906399999999669e-01
5.762705799999999767e-01
6.258938299999999844e-01
6.642802399999999663e-01
6.920717400000000463e-01
7.103956900000000241e-01
7.205425500000000039e-01
7.237969600000000447e-01
7.213568700000000389e-01
7.142949699999999735e-01
7.035526600000000519e-01
6.899596999999999536e-01
6.742464299999999522e-01
6.570322499999999843e-01
6.388181400000000343e-01
6.199963099999999949e-01
6.008690599999999549e-01
5.816680199999999523e-01
5.625698000000000087e-01
5.437083799999999911e-01
5.251844500000000249e-01
5.070729299999999773e-01
4.894281899999999852e-01
4.722888499999999823e-01
4.556808500000000262e-01
4.396202599999999849e-01
4.241153899999999810e-01
4.091685400000000250e-01
3.947771800000000053e-01
3.809351000000000265e-01
3.676332800000000067e-01
3.548606000000000260e-01
3.426042200000000149e-01
3.308502099999999779e-01
3.195838300000000132e-01
3.087897299999999845e-01
2.984523199999999932e-01
2.885558599999999974e-01
2.790845900000000213e-01
2.700229000000000101e-01
2.613554000000000155e-01
2.530669300000000232e-01
2.451426800000000017e-01
2.375682400000000138e-01
2.303295700000000112e-01
2.234130400000000072e-01
2.168054399999999882e-01
2.104940600000000106e-01
2.044665400000000022e-01
1.987110199999999882e-01
1.932160900000000070e-01
1.879706999999999906e-01
1.829642800000000069e-01
1.781866400000000072e-01
1.736280199999999940e-01
1.692790100000000075e-01
1.651306499999999899e-01
1.611742499999999911e-01
1.574015599999999959e-01
1.538046399999999925e-01
1.503759000000000068e-01
1.471080200000000060e-01
1.439940299999999951e-01
1.410272599999999876e-01
1.382012999999999991e-01
1.355100099999999863e-01
1.329475599999999924e-01
1.305082999999999938e-01
1.281868999999999925e-01
1.259781899999999899e-01
1.238772399999999996e-01
1.218793799999999955e-01
1.199800899999999976e-01
1.181750699999999932e-01
1.164601999999999998e-01
1.148315300000000011e-01
1.132853100000000002e-01
1.118179200000000012e-01
1.104259300000000055e-01
1.091060199999999980e-01
1.078550499999999940e-01
1.066700099999999957e-01
1.055480099999999977e-01
1.044862899999999956e-01
1.034822100000000050e-01
1.025332500000000063e-01
1.016370099999999999e-01
1.007911699999999994e-01
9.999352699999999872e-02
9.924197199999999774e-02
9.853449499999999972e-02
9.786915799999999777e-02
9.724411400000000649e-02
9.665761100000000439e-02
9.610796000000000616e-02
9.559354200000000357e-02
9.511281500000000333e-02
9.466431299999999993e-02
9.424661800000000422e-02
9.385837599999999337e-02
9.349831200000000009e-02
9.316518199999999916e-02
9.285780800000000001e-02
9.257506599999999752e-02
9.231587500000000557e-02
9.207919999999999994e-02
9.186406399999999528e-02
9.166951499999999309e-02
9.149465699999999313e-02
9.133861999999999537e-02
9.120058999999999805e-02
9.107977200000000328e-02
9.097541100000000602e-02
9.088678699999999666e-02
9.081320499999999407e-02
9.075401700000000627e-02
9.070858399999999488e-02
9.067630000000000134e-02
9.065659299999999365e-02
9.064891199999999816e-02
9.065273399999999870e-02
9.066753800000000585e-02
9.069286299999999856e-02
9.072822299999999673e-02
9.077320199999999728e-02
9.082736099999999535e-02
9.089030300000000562e-02
9.096164299999999481e-02
9.104100599999999377e-02
9.112805100000000158e-02
9.122242799999999430e-02
9.132382299999999842e-02
9.143191600000000197e-02
9.154643099999999756e-02
9.166706400000000643e-02
9.179356700000000646e-02
9.192566600000000310e-02
9.206312099999999776e-02
9.220569600000000365e-02
9.235316500000000095e-02
9.250532100000000146e-02
9.266193999999999820e-02
9.282284200000000263e-02
9.298782799999999460e-02
9.315672499999999578e-02
9.332936299999999852e-02
9.350556899999999672e-02
9.368518700000000310e-02
9.386807699999999421e-02
9.405408799999999403e-02
9.424307899999999349e-02
9.443493199999999921e-02
9.462951099999999949e-02
9.482669800000000093e-02
9.502638099999999310e-02
9.522845600000000299e-02
9.543281000000000680e-02
9.563934799999999903e-02
9.584797899999999982e-02
9.605859999999999399e-02
9.627113499999999380e-02
9.648550300000000024e-02
9.670162200000000097e-02
9.691940999999999751e-02
9.713880699999999369e-02
9.735973200000000438e-02
9.758213200000000198e-02
9.780593999999999399e-02
9.803109599999999813e-02
9.825754899999999958e-02
9.848523100000000641e-02
9.871410599999999591e-02
9.894411999999999652e-02
9.917522199999999344e-02
9.940737500000000615e-02
9.964053300000000335e-02
9.987466000000000399e-02
1.001097100000000045e-01
1.003456600000000032e-01
1.005824599999999985e-01
1.008200900000000011e-01
1.010585100000000042e-01
1.012976899999999958e-01
1.015376199999999951e-01
1.017782500000000007e-01
1.020195700000000039e-01
1.022615600000000013e-01
1.025041800000000003e-01
1.027474300000000007e-01
1.029912800000000045e-01
1.032356999999999997e-01
1.034806999999999949e-01
1.037262399999999973e-01
1.039723099999999983e-01
1.042189000000000032e-01
1.044660000000000033e-01
1.047135899999999953e-01
1.049616599999999983e-01
1.052102099999999985e-01
1.054592099999999977e-01
1.057086700000000046e-01
1.059585700000000019e-01
1.062088999999999950e-01
1.064596599999999976e-01
1.067108499999999960e-01
1.069624500000000006e-01
1.072144700000000062e-01
1.074668899999999955e-01
1.077197099999999963e-01
1.079729400000000034e-01
1.082265599999999994e-01
1.084805799999999931e-01
1.087349999999999983e-01
1.089897999999999978e-01
1.092449999999999949e-01
1.095005899999999949e-01
1.097565800000000064e-01
1.100129600000000069e-01
1.102697299999999964e-01
1.105268999999999974e-01
1.107844600000000013e-01
1.110424299999999975e-01
1.113007899999999967e-01
1.115595699999999968e-01
1.118187499999999945e-01
1.120783499999999933e-01
1.123383599999999982e-01
1.125988099999999936e-01
1.128596699999999953e-01
1.131209700000000012e-01
1.133827000000000029e-01
1.136448800000000037e-01
1.139075199999999982e-01
1.141705999999999971e-01
1.144341499999999984e-01
1.146981799999999968e-01
1.149626799999999976e-01
1.152276700000000043e-01
1.154931500000000028e-01
1.157591300000000017e-01
1.160256300000000046e-01
1.162926400000000027e-01
1.165601799999999993e-01
1.168282699999999980e-01
1.170969000000000038e-01
1.173661000000000010e-01
1.176358500000000001e-01
1.179062000000000027e-01
1.181771300000000052e-01
1.184486599999999973e-01
1.187208099999999961e-01
1.189935800000000016e-01
1.192669900000000033e-01
1.195410600000000045e-01
1.198157799999999967e-01
1.200911800000000057e-01
1.203672699999999984e-01
1.206440599999999974e-01
1.209215700000000060e-01
1.211998100000000050e-01
1.214787999999999979e-01
1.217585499999999932e-01
1.220390699999999995e-01
1.223203900000000011e-01
1.226025099999999979e-01
1.228854600000000019e-01
1.231692499999999940e-01
1.234539000000000053e-01
1.237394200000000027e-01
1.240258399999999983e-01
1.243131600000000059e-01
1.246014200000000044e-01
1.248906300000000025e-01
1.251808000000000087e-01
1.254719599999999935e-01
1.257641300000000018e-01
1.260573299999999952e-01
1.263515799999999911e-01
1.266468900000000120e-01
1.269433100000000036e-01
1.272408399999999939e-01
1.275395000000000001e-01
1.278393399999999958e-01
1.281403600000000087e-01
1.284425899999999954e-01
1.287460500000000008e-01
1.290507800000000038e-01
1.293567899999999993e-01
1.296641099999999991e-01
1.299727900000000047e-01
1.302828299999999884e-01
1.305942700000000123e-01
1.309071300000000104e-01
1.312214600000000120e-01
1.315372700000000117e-01
1.318546200000000057e-01
1.321735099999999941e-01
1.324939900000000059e-01
1.328160800000000030e-01
1.331398299999999868e-01
1.334652799999999917e-01
1.337924500000000072e-01
1.341213699999999898e-01
1.344520999999999911e-01
1.347846799999999901e-01
1.351191399999999987e-01
1.354555199999999959e-01
1.357938800000000057e-01
1.361342200000000002e-01
1.364766400000000102e-01
1.368211500000000025e-01
1.371678000000000064e-01
1.375166499999999903e-01
1.378677500000000111e-01
1.382211399999999923e-01
1.385768800000000134e-01
1.389350099999999977e-01
1.392956200000000089e-01
1.396587300000000087e-01
1.400244200000000105e-01
1.403927500000000106e-01
1.407637599999999878e-01
1.411375400000000058e-01
1.415141500000000052e-01
1.418936600000000048e-01
1.422761200000000059e-01
1.426616300000000115e-01
1.430502499999999899e-01
1.434420600000000101e-01
1.438371499999999970e-01
1.442355800000000021e-01
1.446374500000000007e-01
1.450428500000000009e-01
1.454518700000000109e-01
1.458646100000000057e-01
1.462811400000000039e-01
1.467015899999999928e-01
1.471260500000000082e-01
1.475546199999999974e-01
1.479874399999999979e-01
1.484246100000000124e-01
1.488662500000000055e-01
1.493124799999999974e-01
1.497634399999999977e-01
1.502192599999999933e-01
1.506800899999999888e-01
1.511460500000000040e-01
1.516173299999999946e-01
1.520940699999999979e-01
1.525764199999999904e-01
1.530645599999999884e-01
1.535586899999999977e-01
1.540589599999999948e-01
1.545655900000000027e-01
1.550787799999999994e-01
1.555987600000000026e-01
1.561257100000000009e-01
1.566598999999999908e-01
1.572015599999999902e-01
1.577509500000000009e-01
1.583083399999999918e-01
1.588740100000000099e-01
1.594482500000000136e-01
1.600313899999999956e-01
1.606237399999999871e-01
1.612256599999999929e-01
1.618374999999999952e-01
1.624596600000000057e-01
1.630925400000000081e-01
1.637365699999999979e-01
1.643922200000000056e-01
1.650599500000000108e-01
1.657403000000000071e-01
1.664337800000000034e-01
1.671410100000000065e-01
1.678625900000000060e-01
1.685991900000000099e-01
1.693514899999999934e-01
1.701202800000000126e-01
1.709063500000000124e-01
1.717105800000000015e-01
1.725338999999999900e-01
1.733773200000000014e-01
1.742419299999999893e-01
1.751289099999999987e-01
1.760395299999999996e-01
1.769752099999999939e-01
1.779374300000000075e-01
1.789278699999999889e-01
1.799483400000000122e-01
1.810008399999999962e-01
1.820875700000000041e-01
1.832109700000000008e-01
1.843737400000000082e-01
1.855789100000000136e-01
1.868298599999999865e-01
1.881304199999999927e-01
1.894848899999999892e-01
1.908981700000000059e-01
1.923758999999999886e-01
1.939245599999999958e-01
1.955516900000000002e-01
1.972661500000000012e-01
1.990783799999999992e-01
2.010009399999999891e-01
2.030490600000000034e-01
2.052414399999999972e-01
2.076015200000000116e-01
2.101592899999999986e-01
2.129540000000000044e-01
2.160387599999999964e-01
2.194880499999999901e-01
2.234118700000000124e-01
2.279838600000000104e-01
2.335058000000000134e-01
2.405843000000000009e-01
2.507684199999999919e-01
2.696170199999999850e-01
3.113888799999999790e-01
