4.520000000000000000e+02
0.000000000000000000e+00
2.254999899999999968e+01
3.116006900000000135e-01
3.756007000000000096e-01
4.473421599999999887e-01
5.160220899999999888e-01
5.761709200000000308e-01
6.255467500000000403e-01
6.637589900000000487e-01
6.914341400000000304e-01
7.096846700000000174e-01
7.197893899999999734e-01
7.230247899999999728e-01
7.205834399999999640e-01
7.135344099999999523e-01
7.028161899999999518e-01
6.892559499999999506e-01
6.735810599999999537e-01
6.564082500000000264e-01
6.382365199999999739e-01
6.194567699999999899e-01
6.003704100000000210e-01
5.812084699999999771e-01
5.621473200000000059e-01
5.433206600000000108e-01
5.248292100000000460e-01
5.067476600000000442e-01
4.891306799999999844e-01
4.720167499999999849e-01
4.554319700000000193e-01
4.393924799999999742e-01
4.239067100000000199e-01
4.089770300000000192e-01
3.946010500000000087e-01
3.807726799999999745e-01
3.674829299999999854e-01
3.547208000000000028e-01
3.424735999999999891e-01
3.307274000000000047e-01
3.194675699999999785e-01
3.086788400000000099e-01
2.983457099999999862e-01
2.884524800000000111e-01
2.789834700000000112e-01
2.699231200000000164e-01
2.612560700000000069e-01
2.529672399999999821e-01
2.450418799999999897e-01
2.374655900000000042e-01
2.302243900000000010e-01
2.233046700000000107e-01
2.166933100000000001e-01
2.103775700000000137e-01
2.043451799999999874e-01
1.985842700000000072e-01
1.930834499999999898e-01
1.878317100000000128e-01
1.828185200000000121e-01
1.780336799999999997e-01
1.734674900000000020e-01
1.691105400000000036e-01
1.649538600000000077e-01
1.609888399999999942e-01
1.572071899999999967e-01
1.536010200000000048e-01
1.501627299999999943e-01
1.468850200000000050e-01
1.437609499999999985e-01
1.407838299999999987e-01
1.379472900000000002e-01
1.352452000000000099e-01
1.326717099999999983e-01
1.302212199999999986e-01
1.278883500000000117e-01
1.256679900000000072e-01
1.235552300000000020e-01
1.215453499999999964e-01
1.196338799999999980e-01
1.178165099999999993e-01
1.160891299999999987e-01
1.144477899999999937e-01
1.128887499999999960e-01
1.114084000000000046e-01
1.100032900000000036e-01
1.086701499999999931e-01
1.074058100000000043e-01
1.062072700000000064e-01
1.050716299999999992e-01
1.039961699999999989e-01
1.029782199999999953e-01
1.020152899999999946e-01
1.011049499999999990e-01
1.002449200000000012e-01
9.943296799999999658e-02
9.866701099999999891e-02
9.794501999999999375e-02
9.726507199999999409e-02
9.662533600000000611e-02
9.602402899999999686e-02
9.545949099999999354e-02
9.493008999999999475e-02
9.443429899999999932e-02
9.397063399999999733e-02
9.353769600000000350e-02
9.313413500000000678e-02
9.275866300000000508e-02
9.241004299999999727e-02
9.208710500000000243e-02
9.178871700000000577e-02
9.151379799999999343e-02
9.126132700000000320e-02
9.103031500000000054e-02
9.081982099999999503e-02
9.062893700000000663e-02
9.045680600000000071e-02
9.030260900000000590e-02
9.016555499999999446e-02
9.004488600000000453e-02
8.993988499999999719e-02
8.984986699999999993e-02
8.977416200000000457e-02
8.971215000000000439e-02
8.966322200000000076e-02
8.962680400000000436e-02
8.960234400000000043e-02
8.958932000000000007e-02
8.958721899999999572e-02
8.959556400000000254e-02
8.961389200000000055e-02
8.964176499999999825e-02
8.967875699999999783e-02
8.972446600000000272e-02
8.977851300000000423e-02
8.984052400000000493e-02
8.991014199999999845e-02
8.998704000000000425e-02
9.007088100000000541e-02
9.016137600000000141e-02
9.025821100000000485e-02
9.036111099999999396e-02
9.046981499999999510e-02
9.058405499999999666e-02
9.070358400000000376e-02
9.082817299999999816e-02
9.095758900000000535e-02
9.109162499999999552e-02
9.123007199999999539e-02
9.137272800000000028e-02
9.151940799999999654e-02
9.166993199999999564e-02
9.182412900000000433e-02
9.198182800000000159e-02
9.214288700000000665e-02
9.230714299999999428e-02
9.247444600000000181e-02
9.264467699999999473e-02
9.281769400000000614e-02
9.299337100000000522e-02
9.317158899999999910e-02
9.335223600000000510e-02
9.353519999999999890e-02
9.372037599999999413e-02
9.390766899999999917e-02
9.409697399999999989e-02
9.428820799999999835e-02
9.448128199999999977e-02
9.467611500000000513e-02
9.487261600000000683e-02
9.507072699999999377e-02
9.527036499999999575e-02
9.547145699999999569e-02
9.567394899999999425e-02
9.587776700000000263e-02
9.608285099999999690e-02
9.628915000000000390e-02
9.649661199999999550e-02
9.670517600000000380e-02
9.691480500000000664e-02
9.712543299999999713e-02
9.733703000000000494e-02
9.754954300000000245e-02
9.776294200000000545e-02
9.797717599999999916e-02
9.819221499999999936e-02
9.840802099999999830e-02
9.862456499999999737e-02
9.884180900000000269e-02
9.905973099999999809e-02
9.927828599999999337e-02
9.949746700000000610e-02
9.971723000000000392e-02
9.993755799999999578e-02
1.001584300000000066e-01
1.003798199999999946e-01
1.006017099999999970e-01
1.008240799999999965e-01
1.010468999999999951e-01
1.012701800000000013e-01
1.014938699999999999e-01
1.017179700000000048e-01
1.019424699999999934e-01
1.021673500000000040e-01
1.023925900000000055e-01
1.026181899999999980e-01
1.028441300000000058e-01
1.030703899999999978e-01
1.032969900000000052e-01
1.035239000000000020e-01
1.037510999999999989e-01
1.039786000000000044e-01
1.042064000000000046e-01
1.044344700000000015e-01
1.046628099999999950e-01
1.048914299999999938e-01
1.051203099999999946e-01
1.053494400000000025e-01
1.055788299999999985e-01
1.058084700000000017e-01
1.060383500000000034e-01
1.062684799999999985e-01
1.064988500000000060e-01
1.067294599999999982e-01
1.069602999999999943e-01
1.071913899999999975e-01
1.074227100000000046e-01
1.076542600000000016e-01
1.078860499999999972e-01
1.081180600000000019e-01
1.083503100000000052e-01
1.085827999999999932e-01
1.088155299999999936e-01
1.090484899999999979e-01
1.092816900000000008e-01
1.095151300000000022e-01
1.097488199999999969e-01
1.099827500000000041e-01
1.102169300000000046e-01
1.104513599999999984e-01
1.106860399999999994e-01
1.109209800000000024e-01
1.111561799999999933e-01
1.113916499999999948e-01
1.116273900000000069e-01
1.118634000000000017e-01
1.120996799999999932e-01
1.123362599999999933e-01
1.125731100000000040e-01
1.128102599999999955e-01
1.130477099999999957e-01
1.132854600000000045e-01
1.135235200000000028e-01
1.137618999999999991e-01
1.140005999999999936e-01
1.142396299999999948e-01
1.144789900000000027e-01
1.147186899999999982e-01
1.149587499999999984e-01
1.151991500000000002e-01
1.154399200000000014e-01
1.156810600000000022e-01
1.159225799999999973e-01
1.161644800000000005e-01
1.164067800000000014e-01
1.166494700000000051e-01
1.168925799999999959e-01
1.171361100000000016e-01
1.173800700000000030e-01
1.176244500000000054e-01
1.178692999999999963e-01
1.181145799999999968e-01
1.183603399999999944e-01
1.186065699999999945e-01
1.188532900000000003e-01
1.191004999999999980e-01
1.193482099999999962e-01
1.195964399999999983e-01
1.198451999999999990e-01
1.200944899999999982e-01
1.203443299999999994e-01
1.205947400000000058e-01
1.208457099999999951e-01
1.210972599999999982e-01
1.213494100000000048e-01
1.216021699999999955e-01
1.218555399999999983e-01
1.221095499999999973e-01
1.223642000000000063e-01
1.226195100000000010e-01
1.228754999999999986e-01
1.231321600000000044e-01
1.233895299999999973e-01
1.236476100000000050e-01
1.239064099999999946e-01
1.241659600000000058e-01
1.244262700000000055e-01
1.246873399999999937e-01
1.249492100000000050e-01
1.252118799999999976e-01
1.254753799999999975e-01
1.257396899999999873e-01
1.260048699999999910e-01
1.262709300000000034e-01
1.265378699999999967e-01
1.268057099999999882e-01
1.270744799999999897e-01
1.273441899999999960e-01
1.276148599999999966e-01
1.278864999999999863e-01
1.281591499999999995e-01
1.284328299999999978e-01
1.287075299999999867e-01
1.289832900000000004e-01
1.292601399999999956e-01
1.295380899999999946e-01
1.298171700000000095e-01
1.300973900000000072e-01
1.303787799999999997e-01
1.306613799999999936e-01
1.309451899999999891e-01
1.312302399999999980e-01
1.315165600000000046e-01
1.318041699999999983e-01
1.320930999999999911e-01
1.323833799999999949e-01
1.326750200000000046e-01
1.329680799999999885e-01
1.332625600000000021e-01
1.335584999999999967e-01
1.338559400000000066e-01
1.341548899999999989e-01
1.344553800000000132e-01
1.347574699999999903e-01
1.350611700000000082e-01
1.353665099999999955e-01
1.356735500000000039e-01
1.359823000000000004e-01
1.362928200000000090e-01
1.366051100000000018e-01
1.369192300000000029e-01
1.372352400000000083e-01
1.375531399999999904e-01
1.378729900000000008e-01
1.381948400000000132e-01
1.385187200000000118e-01
1.388446799999999981e-01
1.391727799999999959e-01
1.395030300000000001e-01
1.398355099999999962e-01
1.401702499999999962e-01
1.405073099999999964e-01
1.408467399999999980e-01
1.411886099999999922e-01
1.415329399999999960e-01
1.418798099999999951e-01
1.422292699999999910e-01
1.425813900000000023e-01
1.429362299999999975e-01
1.432938400000000057e-01
1.436543000000000125e-01
1.440176699999999865e-01
1.443840299999999965e-01
1.447534400000000110e-01
1.451259699999999930e-01
1.455017000000000116e-01
1.458807299999999862e-01
1.462631199999999965e-01
1.466489599999999949e-01
1.470383299999999949e-01
1.474313299999999993e-01
1.478280600000000111e-01
1.482285899999999934e-01
1.486330499999999888e-01
1.490415200000000107e-01
1.494541199999999959e-01
1.498709500000000028e-01
1.502921399999999907e-01
1.507177899999999904e-01
1.511480500000000060e-01
1.515830300000000075e-01
1.520228700000000044e-01
1.524677100000000063e-01
1.529176800000000003e-01
1.533729600000000026e-01
1.538336700000000057e-01
1.542999999999999927e-01
1.547720999999999958e-01
1.552501799999999876e-01
1.557343900000000003e-01
1.562249400000000066e-01
1.567220199999999897e-01
1.572258500000000003e-01
1.577366600000000008e-01
1.582546499999999967e-01
1.587801000000000073e-01
1.593132300000000001e-01
1.598543400000000114e-01
1.604036699999999982e-01
1.609615500000000088e-01
1.615282600000000068e-01
1.621041400000000077e-01
1.626895399999999936e-01
1.632847900000000130e-01
1.638902999999999888e-01
1.645064699999999880e-01
1.651336999999999944e-01
1.657724700000000051e-01
1.664232499999999948e-01
1.670865300000000109e-01
1.677628800000000031e-01
1.684528399999999926e-01
1.691570400000000085e-01
1.698761400000000088e-01
1.706108199999999964e-01
1.713618199999999980e-01
1.721299400000000090e-01
1.729160700000000050e-01
1.737210899999999947e-01
1.745460199999999962e-01
1.753919100000000120e-01
1.762599300000000091e-01
1.771513500000000130e-01
1.780675399999999964e-01
1.790099599999999958e-01
1.799802600000000030e-01
1.809802199999999972e-01
1.820117800000000119e-01
1.830771300000000046e-01
1.841786400000000046e-01
1.853189500000000101e-01
1.865010300000000121e-01
1.877281799999999945e-01
1.890041199999999977e-01
1.903330699999999931e-01
1.917197900000000010e-01
1.931697400000000064e-01
1.946892299999999909e-01
1.962855799999999873e-01
1.979673100000000074e-01
1.997445499999999929e-01
2.016293600000000075e-01
2.036363499999999938e-01
2.057834000000000052e-01
2.080928700000000131e-01
2.105931799999999909e-01
2.133213300000000034e-01
2.163269999999999915e-01
2.196792499999999926e-01
2.234787900000000105e-01
2.278820000000000012e-01
2.331538900000000025e-01
2.398069800000000029e-01
2.490660799999999953e-01
2.650082999999999744e-01
3.004232299999999856e-01
