3.740000000000000000e+02
0.000000000000000000e+00
1.864999999999999858e+01
3.075149999999999828e-01
3.724152099999999965e-01
4.454491700000000054e-01
5.153446200000000310e-01
5.764776499999999526e-01
6.265866199999999830e-01
6.653132400000000279e-01
6.933310000000000306e-01
7.117971800000000293e-01
7.220252799999999915e-01
7.253161099999999584e-01
7.228780999999999679e-01
7.157909300000000474e-01
7.050011800000000051e-01
6.913440800000000275e-01
6.755555300000000152e-01
6.582601700000000333e-01
6.399628499999999720e-01
6.210583400000000420e-01
6.018508700000000378e-01
5.825730599999999759e-01
5.634021200000000063e-01
5.444724600000000470e-01
5.258849300000000282e-01
5.077145100000000078e-01
4.900155099999999875e-01
4.728263899999999853e-01
4.561729400000000267e-01
4.400710800000000034e-01
4.245289300000000265e-01
4.095484899999999873e-01
3.951271199999999983e-01
3.812583999999999973e-01
3.679330900000000182e-01
3.551398800000000189e-01
3.428657900000000036e-01
3.310967100000000163e-01
3.198176899999999878e-01
3.090133099999999855e-01
2.986678199999999728e-01
2.887653099999999973e-01
2.792899300000000196e-01
2.702259399999999978e-01
2.615578499999999806e-01
2.532703900000000119e-01
2.453486900000000082e-01
2.377782300000000071e-01
2.305448700000000128e-01
2.236349300000000095e-01
2.170351299999999928e-01
2.107326700000000108e-01
2.047151600000000071e-01
1.989706900000000056e-01
1.934877299999999967e-01
1.882552399999999904e-01
1.832625700000000135e-01
1.784995199999999949e-01
1.739562600000000014e-01
1.696233600000000008e-01
1.654917899999999997e-01
1.615528900000000045e-01
1.577983199999999919e-01
1.542201500000000003e-01
1.508106999999999920e-01
1.475626999999999911e-01
1.444691100000000117e-01
1.415232600000000118e-01
1.387186900000000056e-01
1.360492899999999894e-01
1.335091599999999878e-01
1.310926699999999945e-01
1.287944199999999928e-01
1.266092699999999960e-01
1.245322900000000038e-01
1.225587499999999941e-01
1.206841500000000039e-01
1.189041599999999949e-01
1.172146599999999983e-01
1.156116799999999945e-01
1.140914600000000056e-01
1.126503900000000030e-01
1.112849900000000003e-01
1.099919800000000031e-01
1.087681800000000060e-01
1.076105799999999973e-01
1.065162800000000048e-01
1.054825300000000049e-01
1.045066600000000012e-01
1.035861599999999966e-01
1.027186100000000019e-01
1.019016999999999978e-01
1.011332199999999959e-01
1.004110399999999931e-01
9.973316599999999810e-02
9.909763900000000125e-02
9.850262899999999433e-02
9.794635299999999989e-02
9.742713000000000068e-02
9.694334899999999811e-02
9.649345300000000680e-02
9.607596699999999823e-02
9.568948300000000573e-02
9.533264499999999364e-02
9.500415600000000627e-02
9.470279500000000628e-02
9.442736999999999659e-02
9.417674700000000509e-02
9.394985399999999931e-02
9.374564900000000034e-02
9.356315399999999560e-02
9.340142499999999626e-02
9.325954300000000030e-02
9.313666099999999559e-02
9.303194300000000583e-02
9.294460699999999853e-02
9.287388600000000272e-02
9.281906500000000615e-02
9.277945799999999521e-02
9.275439400000000389e-02
9.274324800000000035e-02
9.274540800000000140e-02
9.276030999999999860e-02
9.278739199999999632e-02
9.282612799999999387e-02
9.287600999999999496e-02
9.293656799999999718e-02
9.300731900000000496e-02
9.308784500000000239e-02
9.317770599999999903e-02
9.327650799999999409e-02
9.338385600000000120e-02
9.349939999999999640e-02
9.362276599999999616e-02
9.375362800000000552e-02
9.389166499999999915e-02
9.403655700000000672e-02
9.418802699999999362e-02
9.434578600000000093e-02
9.450955699999999404e-02
9.467909500000000478e-02
9.485415399999999608e-02
9.503448800000000030e-02
9.521988000000000674e-02
9.541011600000000314e-02
9.560498600000000291e-02
9.580430400000000679e-02
9.600787600000000588e-02
9.621552399999999672e-02
9.642707600000000046e-02
9.664237500000000258e-02
9.686126600000000142e-02
9.708359099999999686e-02
9.730920899999999374e-02
9.753799400000000286e-02
9.776981199999999761e-02
9.800454200000000005e-02
9.824205900000000657e-02
9.848225900000000255e-02
9.872502800000000633e-02
9.897027199999999802e-02
9.921789200000000197e-02
9.946779199999999932e-02
9.971988199999999580e-02
9.997407299999999664e-02
1.002303100000000030e-01
1.004884800000000050e-01
1.007485399999999975e-01
1.010104099999999949e-01
1.012740200000000063e-01
1.015393099999999937e-01
1.018062299999999976e-01
1.020747199999999938e-01
1.023447100000000054e-01
1.026161800000000013e-01
1.028890499999999958e-01
1.031632900000000047e-01
1.034388499999999989e-01
1.037157100000000026e-01
1.039937999999999974e-01
1.042731199999999969e-01
1.045535999999999965e-01
1.048352300000000015e-01
1.051179599999999964e-01
1.054017800000000005e-01
1.056866600000000017e-01
1.059725799999999968e-01
1.062595000000000067e-01
1.065474099999999952e-01
1.068362800000000057e-01
1.071261000000000019e-01
1.074168499999999943e-01
1.077085200000000020e-01
1.080010799999999993e-01
1.082945300000000000e-01
1.085888599999999954e-01
1.088840400000000014e-01
1.091800799999999988e-01
1.094769500000000034e-01
1.097746700000000047e-01
1.100732199999999994e-01
1.103725799999999979e-01
1.106727599999999950e-01
1.109737499999999960e-01
1.112755599999999956e-01
1.115781700000000043e-01
1.118815999999999977e-01
1.121858300000000003e-01
1.124908599999999981e-01
1.127967099999999945e-01
1.131033699999999947e-01
1.134108399999999989e-01
1.137191300000000016e-01
1.140282400000000029e-01
1.143381700000000029e-01
1.146489400000000047e-01
1.149605499999999947e-01
1.152730000000000005e-01
1.155863099999999977e-01
1.159004800000000002e-01
1.162155200000000027e-01
1.165314400000000000e-01
1.168482500000000007e-01
1.171659699999999943e-01
1.174845999999999946e-01
1.178041600000000050e-01
1.181246600000000063e-01
1.184461099999999933e-01
1.187685299999999972e-01
1.190919299999999986e-01
1.194163300000000011e-01
1.197417499999999940e-01
1.200681900000000052e-01
1.203956800000000049e-01
1.207242399999999966e-01
1.210538800000000026e-01
1.213846299999999934e-01
1.217165000000000052e-01
1.220495099999999999e-01
1.223836900000000033e-01
1.227190600000000048e-01
1.230556399999999939e-01
1.233934500000000017e-01
1.237325199999999986e-01
1.240728799999999965e-01
1.244145299999999954e-01
1.247575300000000054e-01
1.251018799999999986e-01
1.254476300000000044e-01
1.257947799999999949e-01
1.261433799999999994e-01
1.264934699999999967e-01
1.268450499999999870e-01
1.271981699999999993e-01
1.275528800000000074e-01
1.279091699999999887e-01
1.282671099999999897e-01
1.286267299999999947e-01
1.289880599999999877e-01
1.293511200000000139e-01
1.297159900000000032e-01
1.300826700000000113e-01
1.304512200000000066e-01
1.308216899999999905e-01
1.311941000000000079e-01
1.315685099999999996e-01
1.319449400000000105e-01
1.323234699999999986e-01
1.327041499999999929e-01
1.330869899999999884e-01
1.334720799999999929e-01
1.338594600000000134e-01
1.342491799999999957e-01
1.346412899999999968e-01
1.350358399999999903e-01
1.354329300000000069e-01
1.358325599999999911e-01
1.362348499999999907e-01
1.366398199999999952e-01
1.370475700000000074e-01
1.374581500000000012e-01
1.378716200000000003e-01
1.382880700000000129e-01
1.387075799999999970e-01
1.391302000000000094e-01
1.395560399999999923e-01
1.399851599999999974e-01
1.404176699999999944e-01
1.408536300000000074e-01
1.412931400000000115e-01
1.417363000000000095e-01
1.421832100000000043e-01
1.426339600000000041e-01
1.430886700000000011e-01
1.435474300000000036e-01
1.440103699999999987e-01
1.444775899999999891e-01
1.449492099999999950e-01
1.454253799999999930e-01
1.459062000000000137e-01
1.463918200000000058e-01
1.468823900000000016e-01
1.473780299999999932e-01
1.478789199999999970e-01
1.483851999999999949e-01
1.488970199999999910e-01
1.494146000000000085e-01
1.499380800000000014e-01
1.504676500000000083e-01
1.510035100000000075e-01
1.515458699999999992e-01
1.520949299999999893e-01
1.526509400000000127e-01
1.532140999999999920e-01
1.537846599999999897e-01
1.543628900000000026e-01
1.549490500000000048e-01
1.555434300000000103e-01
1.561463200000000051e-01
1.567580100000000032e-01
1.573788700000000040e-01
1.580092200000000058e-01
1.586494300000000079e-01
1.592998700000000101e-01
1.599609700000000079e-01
1.606331300000000128e-01
1.613168399999999891e-01
1.620125599999999999e-01
1.627207999999999988e-01
1.634421199999999963e-01
1.641770800000000030e-01
1.649263099999999926e-01
1.656904399999999944e-01
1.664702100000000073e-01
1.672663500000000081e-01
1.680796699999999866e-01
1.689110400000000123e-01
1.697613900000000120e-01
1.706317199999999867e-01
1.715231100000000064e-01
1.724367099999999930e-01
1.733738499999999960e-01
1.743358499999999867e-01
1.753242499999999870e-01
1.763406799999999996e-01
1.773869399999999930e-01
1.784650200000000020e-01
1.795771100000000120e-01
1.807255999999999863e-01
1.819131999999999971e-01
1.831428700000000132e-01
1.844179900000000039e-01
1.857423199999999885e-01
1.871201200000000009e-01
1.885562699999999980e-01
1.900562799999999941e-01
1.916265900000000133e-01
1.932746300000000028e-01
1.950091300000000027e-01
1.968404099999999934e-01
1.987807900000000128e-01
2.008452599999999977e-01
2.030521899999999935e-01
2.054246200000000022e-01
2.079919100000000021e-01
2.107924800000000043e-01
2.138781800000000011e-01
2.173215699999999917e-01
2.212294599999999889e-01
2.257697600000000138e-01
2.312325799999999931e-01
2.381961900000000021e-01
2.481194599999999861e-01
2.662388700000000163e-01
3.070837599999999834e-01
