3.540000000000000000e+02
0.000000000000000000e+00
1.764999999999999858e+01
3.062030099999999977e-01
3.713975299999999757e-01
4.448538699999999846e-01
5.151439899999999961e-01
5.765940499999999691e-01
6.269373900000000388e-01
6.658269799999999572e-01
6.939523199999999559e-01
7.124854299999999752e-01
7.227513800000000543e-01
7.260586599999999668e-01
7.236208299999999927e-01
7.165207900000000185e-01
7.057075499999999613e-01
6.920189300000000321e-01
6.761934800000000134e-01
6.588584199999999447e-01
6.405203900000000505e-01
6.215756500000000351e-01
6.023290799999999612e-01
5.830138299999999552e-01
5.638074899999999667e-01
5.448446900000000204e-01
5.262263400000000146e-01
5.080272599999999805e-01
4.903019699999999759e-01
4.730887400000000076e-01
4.564133300000000060e-01
4.402915199999999918e-01
4.247313699999999970e-01
4.097347900000000154e-01
3.952989900000000167e-01
3.814174799999999754e-01
3.680809400000000231e-01
3.552779600000000038e-01
3.429954599999999743e-01
3.312192600000000153e-01
3.199343399999999837e-01
3.091251899999999941e-01
2.987759999999999860e-01
2.888707799999999937e-01
2.793936699999999829e-01
2.703288200000000252e-01
2.616607000000000238e-01
2.533740099999999829e-01
2.454538500000000012e-01
2.378855900000000079e-01
2.306551199999999913e-01
2.237486800000000053e-01
2.171529799999999955e-01
2.108551700000000084e-01
2.048428499999999930e-01
1.991040599999999994e-01
1.936272500000000008e-01
1.884013900000000019e-01
1.834157600000000110e-01
1.786601499999999898e-01
1.741247200000000106e-01
1.698000299999999907e-01
1.656770100000000134e-01
1.617469900000000071e-01
1.580016300000000040e-01
1.544329500000000133e-01
1.510333299999999934e-01
1.477953899999999987e-01
1.447121600000000063e-01
1.417769000000000112e-01
1.389832000000000012e-01
1.363248800000000094e-01
1.337960699999999892e-01
1.313911100000000054e-01
1.291046100000000085e-01
1.269314099999999945e-01
1.248665800000000048e-01
1.229053799999999946e-01
1.210433000000000064e-01
1.192760100000000018e-01
1.175993800000000034e-01
1.160094400000000053e-01
1.145024300000000023e-01
1.130747200000000036e-01
1.117228400000000038e-01
1.104434900000000053e-01
1.092335100000000059e-01
1.080898599999999959e-01
1.070096499999999978e-01
1.059901199999999932e-01
1.050286099999999945e-01
1.041226100000000043e-01
1.032696800000000026e-01
1.024675099999999978e-01
1.017138999999999960e-01
1.010067099999999995e-01
1.003439299999999978e-01
9.972362199999999788e-02
9.914394499999999721e-02
9.860312200000000138e-02
9.809945500000000207e-02
9.763133499999999965e-02
9.719721200000000505e-02
9.679561100000000362e-02
9.642510899999999496e-02
9.608435599999999577e-02
9.577206500000000344e-02
9.548699099999999329e-02
9.522795700000000196e-02
9.499383000000000132e-02
9.478353000000000472e-02
9.459601300000000657e-02
9.443030500000000604e-02
9.428545800000000254e-02
9.416055700000000583e-02
9.405475100000000588e-02
9.396720699999999704e-02
9.389712699999999690e-02
9.384376599999999513e-02
9.380640099999999759e-02
9.378433999999999382e-02
9.377691100000000446e-02
9.378349800000000680e-02
9.380348800000000431e-02
9.383630799999999328e-02
9.388140600000000058e-02
9.393824600000000302e-02
9.400632999999999906e-02
9.408517199999999470e-02
9.417431800000000686e-02
9.427331399999999695e-02
9.438175000000000037e-02
9.449921499999999752e-02
9.462533099999999309e-02
9.475972500000000298e-02
9.490204600000000379e-02
9.505195199999999511e-02
9.520913699999999924e-02
9.537327299999999453e-02
9.554407700000000503e-02
9.572126699999999877e-02
9.590458100000000263e-02
9.609375100000000502e-02
9.628853900000000632e-02
9.648870700000000689e-02
9.669403699999999657e-02
9.690431500000000475e-02
9.711933100000000318e-02
9.733889299999999578e-02
9.756281999999999455e-02
9.779092699999999971e-02
9.802305000000000046e-02
9.825902400000000037e-02
9.849869499999999722e-02
9.874191899999999744e-02
9.898854799999999565e-02
9.923845500000000319e-02
9.949151400000000312e-02
9.974759800000000676e-02
1.000066000000000010e-01
1.002683899999999989e-01
1.005328699999999964e-01
1.007999599999999940e-01
1.010695300000000046e-01
1.013415200000000044e-01
1.016158300000000042e-01
1.018923699999999960e-01
1.021710900000000061e-01
1.024518799999999952e-01
1.027346799999999949e-01
1.030194400000000038e-01
1.033060799999999946e-01
1.035945399999999988e-01
1.038847700000000013e-01
1.041767200000000004e-01
1.044703200000000054e-01
1.047655400000000042e-01
1.050623299999999954e-01
1.053606400000000054e-01
1.056604399999999944e-01
1.059616800000000025e-01
1.062643300000000041e-01
1.065683600000000009e-01
1.068737399999999949e-01
1.071804199999999985e-01
1.074884100000000065e-01
1.077976499999999949e-01
1.081081299999999967e-01
1.084198400000000034e-01
1.087327299999999997e-01
1.090468099999999940e-01
1.093620500000000023e-01
1.096784299999999934e-01
1.099959499999999951e-01
1.103145900000000040e-01
1.106343399999999977e-01
1.109551899999999952e-01
1.112771300000000019e-01
1.116001600000000038e-01
1.119242700000000063e-01
1.122494400000000059e-01
1.125756900000000060e-01
1.129030099999999981e-01
1.132314100000000046e-01
1.135608599999999996e-01
1.138913899999999951e-01
1.142229899999999965e-01
1.145556600000000036e-01
1.148894099999999974e-01
1.152242400000000055e-01
1.155601700000000037e-01
1.158971899999999972e-01
1.162353200000000031e-01
1.165745599999999937e-01
1.169149300000000002e-01
1.172564299999999948e-01
1.175990700000000000e-01
1.179428799999999999e-01
1.182878599999999947e-01
1.186340200000000067e-01
1.189813900000000063e-01
1.193299800000000022e-01
1.196798000000000028e-01
1.200308800000000065e-01
1.203832299999999939e-01
1.207368699999999961e-01
1.210918200000000028e-01
1.214481000000000033e-01
1.218057399999999957e-01
1.221647599999999972e-01
1.225251799999999974e-01
1.228870299999999943e-01
1.232503399999999999e-01
1.236151199999999950e-01
1.239814100000000002e-01
1.243492399999999998e-01
1.247186299999999970e-01
1.250896200000000125e-01
1.254622300000000079e-01
1.258365200000000073e-01
1.262124900000000105e-01
1.265902100000000086e-01
1.269696800000000014e-01
1.273509600000000130e-01
1.277340700000000051e-01
1.281190700000000016e-01
1.285059899999999866e-01
1.288948799999999895e-01
1.292857699999999943e-01
1.296787100000000026e-01
1.300737399999999933e-01
1.304709300000000127e-01
1.308703099999999897e-01
1.312719300000000089e-01
1.316758399999999884e-01
1.320821000000000078e-01
1.324907700000000077e-01
1.329019100000000120e-01
1.333155500000000049e-01
1.337317699999999998e-01
1.341506399999999877e-01
1.345722099999999977e-01
1.349965599999999877e-01
1.354237299999999922e-01
1.358538400000000035e-01
1.362869100000000111e-01
1.367230600000000074e-01
1.371623299999999990e-01
1.376048199999999888e-01
1.380506200000000128e-01
1.384998000000000062e-01
1.389524500000000051e-01
1.394086599999999898e-01
1.398685400000000134e-01
1.403321899999999955e-01
1.407996999999999999e-01
1.412711700000000015e-01
1.417467099999999980e-01
1.422264599999999990e-01
1.427105200000000074e-01
1.431989999999999930e-01
1.436920299999999984e-01
1.441897699999999949e-01
1.446923300000000079e-01
1.451998499999999914e-01
1.457125099999999895e-01
1.462304100000000051e-01
1.467537700000000056e-01
1.472827200000000059e-01
1.478174499999999891e-01
1.483581200000000100e-01
1.489049500000000081e-01
1.494581299999999946e-01
1.500178400000000134e-01
1.505843299999999885e-01
1.511578100000000036e-01
1.517385199999999879e-01
1.523267199999999988e-01
1.529226599999999880e-01
1.535266000000000131e-01
1.541388499999999939e-01
1.547597099999999948e-01
1.553894700000000018e-01
1.560284899999999919e-01
1.566771299999999978e-01
1.573357300000000070e-01
1.580047199999999874e-01
1.586844799999999889e-01
1.593754699999999913e-01
1.600781400000000076e-01
1.607930099999999862e-01
1.615205700000000022e-01
1.622614000000000001e-01
1.630160700000000129e-01
1.637852300000000039e-01
1.645695600000000036e-01
1.653697600000000045e-01
1.661866200000000071e-01
1.670209500000000014e-01
1.678736399999999906e-01
1.687456499999999970e-01
1.696380200000000005e-01
1.705518699999999943e-01
1.714883700000000011e-01
1.724488899999999936e-01
1.734347900000000053e-01
1.744476699999999991e-01
1.754892200000000013e-01
1.765613000000000044e-01
1.776659499999999892e-01
1.788054599999999994e-01
1.799823200000000012e-01
1.811993399999999865e-01
1.824596199999999890e-01
1.837666799999999878e-01
1.851244300000000065e-01
1.865373700000000079e-01
1.880105999999999999e-01
1.895499499999999948e-01
1.911622000000000043e-01
1.928552400000000111e-01
1.946383299999999983e-01
1.965224899999999941e-01
1.985209599999999963e-01
2.006498700000000079e-01
2.029291799999999868e-01
2.053840600000000072e-01
2.080468500000000054e-01
2.109604499999999938e-01
2.141833599999999893e-01
2.177990499999999940e-01
2.219331700000000129e-01
2.267898499999999873e-01
2.327390500000000029e-01
2.405778199999999978e-01
2.526025499999999813e-01
2.776749099999999970e-01
