3.790000000000000000e+02
0.000000000000000000e+00
1.889999999999999858e+01
3.078745900000000035e-01
3.726969099999999924e-01
4.456199399999999922e-01
5.154113200000000061e-01
5.764601200000000203e-01
6.265062700000000318e-01
6.651886099999999580e-01
6.931766900000000398e-01
7.116239100000000262e-01
7.218409799999999654e-01
7.251265000000000072e-01
7.226875999999999856e-01
7.156031099999999867e-01
7.048189000000000259e-01
6.911694999999999922e-01
6.753901199999999827e-01
6.581047799999999448e-01
6.398177099999999839e-01
6.209235199999999510e-01
6.017260599999999515e-01
5.824577800000000360e-01
5.632959600000000400e-01
5.443748800000000054e-01
5.257953400000000554e-01
5.076323200000000258e-01
4.899401400000000240e-01
4.727573099999999862e-01
4.561095800000000144e-01
4.400129300000000243e-01
4.244754900000000108e-01
4.094993499999999842e-01
3.950817600000000041e-01
3.812164399999999898e-01
3.678941399999999806e-01
3.551035499999999900e-01
3.428317300000000012e-01
3.310645799999999972e-01
3.197871999999999937e-01
3.089841600000000077e-01
2.986397100000000027e-01
2.887380099999999894e-01
2.792631700000000050e-01
2.701995400000000158e-01
2.615315599999999963e-01
2.532440100000000194e-01
2.453220299999999965e-01
2.377511099999999877e-01
2.305171199999999920e-01
2.236063799999999935e-01
2.170056599999999891e-01
2.107021099999999980e-01
2.046833799999999981e-01
1.989375399999999960e-01
1.934530999999999890e-01
1.882190300000000094e-01
1.832246600000000114e-01
1.784598099999999965e-01
1.739146400000000092e-01
1.695797400000000066e-01
1.654461000000000126e-01
1.615050100000000044e-01
1.577482099999999998e-01
1.541676800000000014e-01
1.507558400000000021e-01
1.475053600000000020e-01
1.444092200000000048e-01
1.414607599999999910e-01
1.386535299999999971e-01
1.359813800000000128e-01
1.334384499999999862e-01
1.310191199999999889e-01
1.287179699999999871e-01
1.265298699999999887e-01
1.244498899999999936e-01
1.224733100000000019e-01
1.205955999999999972e-01
1.188124799999999981e-01
1.171197800000000067e-01
1.155135899999999993e-01
1.139900999999999970e-01
1.125457099999999933e-01
1.111769799999999947e-01
1.098805800000000055e-01
1.086533699999999991e-01
1.074923099999999937e-01
1.063945200000000063e-01
1.053572400000000048e-01
1.043778199999999962e-01
1.034537299999999937e-01
1.025825699999999979e-01
1.017620000000000052e-01
1.009898399999999974e-01
1.002639599999999992e-01
9.958234400000000319e-02
9.894305500000000198e-02
9.834424399999999733e-02
9.778414700000000181e-02
9.726107900000000028e-02
9.677341600000000099e-02
9.631962299999999311e-02
9.589821099999999710e-02
9.550777100000000519e-02
9.514695400000000580e-02
9.481447199999999687e-02
9.450907999999999531e-02
9.422960099999999617e-02
9.397490299999999852e-02
9.374391299999999816e-02
9.353558700000000337e-02
9.334894999999999998e-02
9.318304800000000443e-02
9.303697900000000576e-02
9.290988000000000024e-02
9.280093000000000369e-02
9.270933300000000488e-02
9.263432800000000189e-02
9.257520700000000657e-02
9.253127099999999827e-02
9.250185599999999342e-02
9.248634399999999811e-02
9.248411700000000457e-02
9.249459999999999626e-02
9.251724899999999585e-02
9.255152899999999350e-02
9.259693300000000626e-02
9.265298399999999379e-02
9.271922000000000497e-02
9.279520099999999383e-02
9.288049499999999348e-02
9.297470700000000365e-02
9.307745100000000549e-02
9.318835999999999786e-02
9.330707800000000163e-02
9.343326100000000356e-02
9.356659700000000135e-02
9.370677900000000393e-02
9.385350300000000479e-02
9.400649399999999600e-02
9.416548199999999480e-02
9.433021399999999557e-02
9.450042999999999638e-02
9.467591300000000043e-02
9.485642599999999369e-02
9.504175900000000343e-02
9.523170400000000035e-02
9.542607499999999909e-02
9.562466999999999495e-02
9.582731899999999414e-02
9.603385600000000077e-02
9.624410399999999699e-02
9.645792100000000202e-02
9.667515000000000136e-02
9.689564999999999984e-02
9.711928699999999859e-02
9.734592599999999929e-02
9.757545600000000485e-02
9.780774999999999886e-02
9.804269699999999810e-02
9.828018400000000654e-02
9.852012200000000164e-02
9.876240000000000019e-02
9.900693600000000372e-02
9.925363199999999442e-02
9.950241399999999736e-02
9.975318599999999369e-02
1.000058900000000001e-01
1.002604299999999976e-01
1.005167599999999967e-01
1.007747999999999977e-01
1.010344900000000046e-01
1.012957800000000019e-01
1.015585900000000041e-01
1.018228899999999992e-01
1.020886200000000049e-01
1.023557199999999973e-01
1.026241600000000059e-01
1.028938900000000017e-01
1.031648700000000057e-01
1.034370599999999973e-01
1.037104199999999976e-01
1.039849199999999946e-01
1.042605300000000040e-01
1.045372100000000054e-01
1.048149399999999953e-01
1.050936799999999949e-01
1.053734199999999954e-01
1.056541200000000041e-01
1.059357699999999985e-01
1.062183399999999944e-01
1.065018199999999970e-01
1.067861799999999944e-01
1.070714100000000057e-01
1.073574899999999999e-01
1.076444200000000045e-01
1.079321699999999939e-01
1.082207300000000011e-01
1.085100999999999982e-01
1.088002500000000011e-01
1.090911999999999993e-01
1.093829199999999946e-01
1.096754100000000010e-01
1.099686700000000045e-01
1.102626800000000018e-01
1.105574500000000016e-01
1.108529699999999951e-01
1.111492399999999964e-01
1.114462600000000053e-01
1.117440199999999995e-01
1.120425399999999960e-01
1.123418100000000003e-01
1.126418200000000036e-01
1.129425800000000008e-01
1.132441000000000003e-01
1.135463899999999970e-01
1.138494300000000015e-01
1.141532400000000030e-01
1.144578299999999965e-01
1.147631999999999958e-01
1.150693599999999955e-01
1.153763200000000044e-01
1.156840700000000000e-01
1.159926399999999941e-01
1.163020300000000007e-01
1.166122599999999954e-01
1.169233199999999973e-01
1.172352400000000044e-01
1.175480299999999978e-01
1.178616999999999998e-01
1.181762499999999966e-01
1.184917100000000001e-01
1.188080900000000051e-01
1.191254000000000063e-01
1.194436599999999932e-01
1.197628899999999968e-01
1.200830900000000034e-01
1.204043000000000058e-01
1.207265200000000038e-01
1.210497700000000010e-01
1.213740700000000006e-01
1.216994400000000059e-01
1.220259100000000013e-01
1.223534899999999953e-01
1.226822000000000051e-01
1.230120700000000011e-01
1.233431100000000058e-01
1.236753500000000033e-01
1.240088200000000057e-01
1.243435299999999938e-01
1.246795200000000020e-01
1.250168100000000060e-01
1.253554100000000004e-01
1.256953799999999954e-01
1.260367199999999910e-01
1.263794699999999938e-01
1.267236599999999880e-01
1.270693200000000134e-01
1.274164899999999934e-01
1.277651800000000060e-01
1.281154300000000024e-01
1.284672900000000118e-01
1.288207799999999958e-01
1.291759199999999996e-01
1.295327799999999863e-01
1.298913800000000007e-01
1.302517699999999889e-01
1.306139500000000064e-01
1.309780200000000006e-01
1.313439799999999991e-01
1.317118700000000087e-01
1.320817599999999925e-01
1.324536900000000128e-01
1.328276999999999930e-01
1.332038200000000006e-01
1.335821299999999934e-01
1.339626600000000112e-01
1.343454900000000118e-01
1.347306199999999954e-01
1.351181599999999872e-01
1.355081300000000044e-01
1.359006000000000103e-01
1.362956499999999904e-01
1.366933100000000123e-01
1.370936600000000061e-01
1.374967500000000009e-01
1.379026899999999944e-01
1.383115099999999986e-01
1.387232700000000096e-01
1.391380899999999921e-01
1.395560100000000081e-01
1.399771300000000052e-01
1.404015299999999966e-01
1.408292700000000064e-01
1.412604600000000044e-01
1.416951999999999934e-01
1.421335599999999921e-01
1.425756499999999982e-01
1.430215699999999868e-01
1.434713999999999989e-01
1.439252799999999888e-01
1.443833099999999869e-01
1.448455999999999910e-01
1.453122799999999881e-01
1.457834500000000089e-01
1.462592799999999915e-01
1.467398599999999997e-01
1.472253500000000048e-01
1.477159000000000111e-01
1.482116400000000056e-01
1.487127400000000099e-01
1.492193800000000126e-01
1.497316999999999954e-01
1.502498800000000023e-01
1.507741200000000115e-01
1.513046200000000008e-01
1.518415499999999918e-01
1.523851499999999970e-01
1.529356199999999943e-01
1.534931999999999963e-01
1.540581299999999876e-01
1.546306600000000031e-01
1.552110499999999893e-01
1.557995799999999931e-01
1.563965700000000125e-01
1.570022899999999888e-01
1.576170799999999927e-01
1.582412699999999894e-01
1.588752400000000009e-01
1.595193400000000095e-01
1.601740000000000108e-01
1.608396300000000112e-01
1.615166700000000011e-01
1.622056100000000001e-01
1.629069300000000053e-01
1.636211899999999997e-01
1.643489499999999937e-01
1.650908100000000045e-01
1.658474199999999954e-01
1.666194799999999865e-01
1.674077200000000099e-01
1.682129400000000052e-01
1.690359700000000076e-01
1.698777200000000098e-01
1.707392199999999971e-01
1.716214699999999982e-01
1.725256599999999974e-01
1.734530200000000133e-01
1.744049000000000016e-01
1.753827799999999881e-01
1.763882499999999964e-01
1.774230699999999883e-01
1.784891899999999920e-01
1.795887399999999967e-01
1.807240499999999972e-01
1.818977400000000022e-01
1.831127399999999961e-01
1.843722600000000100e-01
1.856799899999999892e-01
1.870400500000000132e-01
1.884571300000000005e-01
1.899365899999999885e-01
1.914846199999999943e-01
1.931083399999999894e-01
1.948161300000000040e-01
1.966178700000000001e-01
1.985253200000000051e-01
2.005527300000000124e-01
2.027174700000000107e-01
2.050412400000000135e-01
2.075515500000000013e-01
2.102841699999999925e-01
2.132868900000000068e-01
2.166259399999999891e-01
2.203973999999999933e-01
2.247493999999999881e-01
2.299307600000000118e-01
2.364159700000000031e-01
2.453159799999999890e-01
2.602654400000000146e-01
2.937534500000000270e-01
