4.150000000000000000e+02
0.000000000000000000e+00
2.070000100000000032e+01
3.098776599999999992e-01
3.742547600000000196e-01
4.465378500000000139e-01
5.157285900000000423e-01
5.762922799999999901e-01
6.259781700000000004e-01
6.644086799999999737e-01
6.922296900000000086e-01
7.105723600000000140e-01
7.207301299999999689e-01
7.239895499999999817e-01
7.215499899999999744e-01
7.144851100000000343e-01
7.037368999999999986e-01
6.901359599999999928e-01
6.744132000000000460e-01
6.571887699999999777e-01
6.389641200000000243e-01
6.201317899999999605e-01
6.009943500000000105e-01
5.817835900000000171e-01
5.626761300000000521e-01
5.438059600000000327e-01
5.252739800000000292e-01
5.071548799999999746e-01
4.895032599999999956e-01
4.723575400000000202e-01
4.557437300000000135e-01
4.396778299999999917e-01
4.241681999999999952e-01
4.092170299999999816e-01
3.948218199999999900e-01
3.809762899999999952e-01
3.676714600000000055e-01
3.548960999999999921e-01
3.426374200000000259e-01
3.308814800000000056e-01
3.196134299999999762e-01
3.088179500000000077e-01
2.984794700000000245e-01
2.885822100000000057e-01
2.791103400000000123e-01
2.700483200000000084e-01
2.613806699999999816e-01
2.530922899999999975e-01
2.451683100000000004e-01
2.375943199999999977e-01
2.303562600000000071e-01
2.234405100000000088e-01
2.168338599999999894e-01
2.105235500000000037e-01
2.044972499999999915e-01
1.987430799999999886e-01
1.932495999999999936e-01
1.880057900000000060e-01
1.830010599999999932e-01
1.782252199999999898e-01
1.736684699999999915e-01
1.693214600000000070e-01
1.651751700000000100e-01
1.612209400000000070e-01
1.574504800000000038e-01
1.538558899999999952e-01
1.504295200000000110e-01
1.471641099999999869e-01
1.440526400000000096e-01
1.410884599999999989e-01
1.382651300000000139e-01
1.355765800000000021e-01
1.330168700000000093e-01
1.305804399999999921e-01
1.282618899999999895e-01
1.260561000000000043e-01
1.239581299999999997e-01
1.219632799999999934e-01
1.200670499999999946e-01
1.182651200000000014e-01
1.165534000000000014e-01
1.149279099999999942e-01
1.133849100000000054e-01
1.119207700000000028e-01
1.105320699999999962e-01
1.092154899999999984e-01
1.079678899999999969e-01
1.067862400000000045e-01
1.056676700000000052e-01
1.046094000000000052e-01
1.036088099999999956e-01
1.026633799999999985e-01
1.017706800000000023e-01
1.009284099999999962e-01
1.001343700000000003e-01
9.938644600000000329e-02
9.868261999999999867e-02
9.802096300000000262e-02
9.739963000000000093e-02
9.681686000000000458e-02
9.627096400000000054e-02
9.576032299999999442e-02
9.528339700000000578e-02
9.483871600000000346e-02
9.442486599999999619e-02
9.404049800000000014e-02
9.368432299999999990e-02
9.335510399999999431e-02
9.305166500000000562e-02
9.277287100000000675e-02
9.251765200000000577e-02
9.228497700000000414e-02
9.207384999999999875e-02
9.188333899999999443e-02
9.171252700000000202e-02
9.156057200000000673e-02
9.142662599999999695e-02
9.130992000000000275e-02
9.120968699999999763e-02
9.112520500000000079e-02
9.105579599999999441e-02
9.100078799999999912e-02
9.095955599999999697e-02
9.093149799999999949e-02
9.091602999999999490e-02
9.091260299999999461e-02
9.092069399999999635e-02
9.093979700000000277e-02
9.096942800000000495e-02
9.100911799999999996e-02
9.105844100000000385e-02
9.111695699999999842e-02
9.118428100000000591e-02
9.126001599999999936e-02
9.134379800000000382e-02
9.143526899999999957e-02
9.153409299999999693e-02
9.163995099999999727e-02
9.175252899999999934e-02
9.187153700000000311e-02
9.199669200000000491e-02
9.212772499999999365e-02
9.226438400000000484e-02
9.240640699999999597e-02
9.255357100000000115e-02
9.270564500000000319e-02
9.286242000000000107e-02
9.302367999999999748e-02
9.318924000000000651e-02
9.335890400000000644e-02
9.353249499999999328e-02
9.370984100000000205e-02
9.389077899999999366e-02
9.407515099999999575e-02
9.426280900000000296e-02
9.445360299999999709e-02
9.464740000000000653e-02
9.484407300000000096e-02
9.504349500000000561e-02
9.524554799999999932e-02
9.545011800000000046e-02
9.565708800000000123e-02
9.586636699999999400e-02
9.607784499999999506e-02
9.629142999999999730e-02
9.650703500000000490e-02
9.672457700000000602e-02
9.694396700000000588e-02
9.716512300000000601e-02
9.738797700000000057e-02
9.761246299999999654e-02
9.783849899999999544e-02
9.806603199999999743e-02
9.829498799999999981e-02
9.852532299999999799e-02
9.875696900000000000e-02
9.898987400000000547e-02
9.922399399999999592e-02
9.945927599999999924e-02
9.969566800000000117e-02
9.993314000000000363e-02
1.001716400000000062e-01
1.004111200000000065e-01
1.006515699999999958e-01
1.008929300000000057e-01
1.011351699999999965e-01
1.013782700000000064e-01
1.016221900000000011e-01
1.018668900000000016e-01
1.021123699999999940e-01
1.023585800000000046e-01
1.026055099999999970e-01
1.028531300000000009e-01
1.031014100000000044e-01
1.033503499999999936e-01
1.035999199999999981e-01
1.038501000000000007e-01
1.041008800000000067e-01
1.043522300000000042e-01
1.046041500000000068e-01
1.048566300000000062e-01
1.051096299999999956e-01
1.053631700000000060e-01
1.056172199999999978e-01
1.058717700000000039e-01
1.061268300000000053e-01
1.063823599999999953e-01
1.066383899999999996e-01
1.068948700000000029e-01
1.071518300000000035e-01
1.074092499999999978e-01
1.076671200000000050e-01
1.079254399999999975e-01
1.081842100000000029e-01
1.084434199999999987e-01
1.087030799999999936e-01
1.089631699999999981e-01
1.092237000000000069e-01
1.094846700000000062e-01
1.097460799999999959e-01
1.100079199999999952e-01
1.102701900000000040e-01
1.105329200000000067e-01
1.107960699999999965e-01
1.110596699999999992e-01
1.113237100000000063e-01
1.115882099999999932e-01
1.118531499999999984e-01
1.121185400000000026e-01
1.123843900000000007e-01
1.126507100000000011e-01
1.129175000000000040e-01
1.131847500000000006e-01
1.134524900000000031e-01
1.137206999999999940e-01
1.139894099999999993e-01
1.142586099999999966e-01
1.145283200000000029e-01
1.147985400000000045e-01
1.150692799999999960e-01
1.153405500000000000e-01
1.156123399999999940e-01
1.158846800000000038e-01
1.161575799999999964e-01
1.164310399999999995e-01
1.167050699999999941e-01
1.169796800000000025e-01
1.172548800000000058e-01
1.175306799999999985e-01
1.178071100000000065e-01
1.180841499999999988e-01
1.183618200000000065e-01
1.186401499999999998e-01
1.189191299999999979e-01
1.191987899999999989e-01
1.194791399999999976e-01
1.197601900000000025e-01
1.200419399999999998e-01
1.203244200000000014e-01
1.206076400000000021e-01
1.208916200000000052e-01
1.211763599999999969e-01
1.214618900000000029e-01
1.217482200000000042e-01
1.220353700000000041e-01
1.223233499999999974e-01
1.226121800000000012e-01
1.229018800000000050e-01
1.231924600000000036e-01
1.234839400000000004e-01
1.237763499999999933e-01
1.240696800000000016e-01
1.243639899999999937e-01
1.246592599999999940e-01
1.249555299999999952e-01
1.252528300000000094e-01
1.255511599999999950e-01
1.258505600000000002e-01
1.261510299999999973e-01
1.264526099999999931e-01
1.267553100000000099e-01
1.270591600000000043e-01
1.273641899999999882e-01
1.276704200000000067e-01
1.279778599999999988e-01
1.282865699999999887e-01
1.285965400000000092e-01
1.289078100000000116e-01
1.292204299999999972e-01
1.295343800000000045e-01
1.298497299999999965e-01
1.301664899999999958e-01
1.304846899999999865e-01
1.308043700000000031e-01
1.311255500000000074e-01
1.314482800000000007e-01
1.317725800000000003e-01
1.320984799999999904e-01
1.324260200000000054e-01
1.327552300000000018e-01
1.330861600000000089e-01
1.334188299999999883e-01
1.337532999999999916e-01
1.340895699999999913e-01
1.344277299999999953e-01
1.347677899999999984e-01
1.351098000000000021e-01
1.354537899999999906e-01
1.357998300000000103e-01
1.361479499999999898e-01
1.364981999999999862e-01
1.368506300000000009e-01
1.372052699999999903e-01
1.375621999999999956e-01
1.379214500000000010e-01
1.382830999999999921e-01
1.386471800000000087e-01
1.390137499999999915e-01
1.393828799999999868e-01
1.397546199999999961e-01
1.401290599999999997e-01
1.405062099999999925e-01
1.408861899999999945e-01
1.412690299999999899e-01
1.416548199999999869e-01
1.420436200000000093e-01
1.424355099999999874e-01
1.428305800000000125e-01
1.432288899999999976e-01
1.436305200000000115e-01
1.440355799999999964e-01
1.444441399999999986e-01
1.448562899999999987e-01
1.452721200000000046e-01
1.456917399999999863e-01
1.461152300000000126e-01
1.465427099999999927e-01
1.469743000000000022e-01
1.474100799999999989e-01
1.478501899999999925e-01
1.482947300000000135e-01
1.487438399999999883e-01
1.491976399999999925e-01
1.496562800000000026e-01
1.501198900000000058e-01
1.505885899999999944e-01
1.510625800000000019e-01
1.515419600000000033e-01
1.520269499999999940e-01
1.525176900000000113e-01
1.530143599999999882e-01
1.535171399999999964e-01
1.540262400000000087e-01
1.545418500000000084e-01
1.550642000000000131e-01
1.555934700000000115e-01
1.561299300000000001e-01
1.566738000000000020e-01
1.572253600000000084e-01
1.577848500000000043e-01
1.583525500000000086e-01
1.589287799999999917e-01
1.595138200000000006e-01
1.601080099999999951e-01
1.607117100000000076e-01
1.613252299999999861e-01
1.619490100000000044e-01
1.625834100000000115e-01
1.632288699999999981e-01
1.638858599999999943e-01
1.645548300000000130e-01
1.652363099999999974e-01
1.659308200000000066e-01
1.666389600000000026e-01
1.673613200000000079e-01
1.680985399999999907e-01
1.688513600000000059e-01
1.696204799999999902e-01
1.704067300000000063e-01
1.712109599999999954e-01
1.720340800000000059e-01
1.728771199999999952e-01
1.737411000000000094e-01
1.746272299999999944e-01
1.755367499999999914e-01
1.764710200000000062e-01
1.774315399999999987e-01
1.784199499999999938e-01
1.794380100000000089e-01
1.804876900000000062e-01
1.815711600000000092e-01
1.826907999999999865e-01
1.838492599999999866e-01
1.850495199999999951e-01
1.862948500000000118e-01
1.875890199999999952e-01
1.889361999999999986e-01
1.903411999999999882e-01
1.918095099999999886e-01
1.933473800000000131e-01
1.949621900000000074e-01
1.966624700000000059e-01
1.984583699999999951e-01
2.003619799999999951e-01
2.023879399999999884e-01
2.045542300000000036e-01
2.068832399999999960e-01
2.094035099999999872e-01
2.121522700000000039e-01
2.151794599999999891e-01
2.185546499999999892e-01
2.223794600000000010e-01
2.268120200000000031e-01
2.321213599999999988e-01
2.388308799999999954e-01
2.482055099999999903e-01
2.645370699999999853e-01
3.011244200000000037e-01
