4.600000000000000000e+02
0.000000000000000000e+00
2.295000100000000032e+01
3.119245800000000068e-01
3.758522000000000252e-01
4.474889300000000070e-01
5.160699499999999995e-01
5.761386200000000457e-01
6.254547200000000196e-01
6.636251800000000367e-01
6.912725600000000359e-01
7.095058600000000437e-01
7.196009199999999773e-01
7.228322600000000042e-01
7.203911499999999801e-01
7.133457699999999901e-01
7.026339200000000229e-01
6.890820899999999805e-01
6.734169100000000352e-01
6.562545300000000026e-01
6.380934700000000515e-01
6.193242100000000416e-01
6.002480399999999827e-01
5.810958699999999588e-01
5.620439099999999799e-01
5.432259400000000182e-01
5.247424800000000111e-01
5.066683899999999685e-01
4.890582600000000224e-01
4.719505900000000032e-01
4.553715300000000243e-01
4.393372199999999728e-01
4.238561699999999766e-01
4.089307200000000253e-01
3.945585200000000237e-01
3.807334600000000235e-01
3.674466900000000202e-01
3.546871200000000224e-01
3.424421300000000112e-01
3.306978300000000259e-01
3.194395600000000113e-01
3.086521300000000245e-01
2.983200300000000138e-01
2.884275299999999875e-01
2.789590399999999915e-01
2.698989500000000263e-01
2.612319900000000250e-01
2.529430100000000237e-01
2.450173300000000054e-01
2.374405599999999950e-01
2.301986799999999889e-01
2.232781500000000086e-01
2.166657999999999917e-01
2.103489500000000068e-01
2.043152900000000105e-01
1.985530100000000020e-01
1.930506800000000023e-01
1.877973400000000070e-01
1.827824299999999957e-01
1.779957699999999976e-01
1.734276600000000113e-01
1.690687100000000109e-01
1.649099300000000101e-01
1.609427300000000061e-01
1.571588499999999888e-01
1.535503400000000074e-01
1.501096500000000111e-01
1.468294699999999897e-01
1.437028599999999878e-01
1.407231700000000085e-01
1.378839799999999893e-01
1.351791800000000099e-01
1.326029300000000077e-01
1.301496199999999936e-01
1.278138900000000133e-01
1.255906199999999862e-01
1.234748999999999985e-01
1.214620299999999986e-01
1.195475200000000043e-01
1.177270599999999945e-01
1.159965500000000038e-01
1.143520700000000001e-01
1.127898299999999937e-01
1.113062499999999955e-01
1.098978800000000033e-01
1.085614300000000004e-01
1.072937600000000019e-01
1.060918599999999962e-01
1.049528400000000056e-01
1.038739500000000066e-01
1.028525599999999957e-01
1.018861499999999948e-01
1.009723200000000043e-01
1.001087499999999963e-01
9.929325399999999746e-02
9.852371399999999835e-02
9.779812400000000017e-02
9.711455600000000465e-02
9.647116099999999972e-02
9.586619600000000074e-02
9.529795500000000363e-02
9.476484400000000086e-02
9.426531900000000019e-02
9.379790000000000350e-02
9.336118399999999984e-02
9.295383100000000065e-02
9.257453699999999841e-02
9.222208699999999426e-02
9.189529700000000079e-02
9.159303500000000320e-02
9.131422599999999834e-02
9.105785199999999469e-02
9.082291300000000511e-02
9.060847800000000618e-02
9.041363700000000503e-02
9.023752799999999741e-02
9.007933699999999544e-02
8.993827599999999756e-02
8.981358300000000239e-02
8.970454299999999770e-02
8.961045700000000447e-02
8.953068399999999927e-02
8.946458300000000030e-02
8.941154900000000683e-02
8.937101100000000020e-02
8.934242300000000414e-02
8.932524199999999914e-02
8.931897599999999438e-02
8.932314800000000499e-02
8.933728200000000397e-02
8.936094499999999718e-02
8.939371299999999965e-02
8.943518999999999775e-02
8.948498200000000458e-02
8.954272400000000409e-02
8.960806600000000011e-02
8.968066399999999327e-02
8.976019899999999885e-02
8.984636499999999748e-02
8.993886399999999337e-02
9.003741299999999670e-02
9.014175100000000607e-02
9.025160999999999600e-02
9.036674399999999885e-02
9.048692099999999794e-02
9.061191999999999858e-02
9.074151499999999482e-02
9.087550599999999479e-02
9.101370000000000293e-02
9.115590199999999699e-02
9.130193300000000178e-02
9.145161499999999999e-02
9.160479900000000064e-02
9.176131299999999713e-02
9.192101699999999376e-02
9.208376000000000061e-02
9.224940800000000496e-02
9.241782900000000689e-02
9.258889400000000491e-02
9.276248500000000563e-02
9.293848999999999860e-02
9.311679800000000062e-02
9.329730299999999810e-02
9.347990899999999992e-02
9.366451200000000532e-02
9.385103000000000195e-02
9.403936599999999923e-02
9.422945200000000521e-02
9.442119300000000048e-02
9.461451299999999731e-02
9.480935299999999899e-02
9.500563099999999317e-02
9.520328799999999703e-02
9.540226300000000104e-02
9.560248300000000199e-02
9.580390199999999634e-02
9.600646799999999759e-02
9.621011499999999883e-02
9.641480400000000672e-02
9.662047799999999576e-02
9.682710499999999665e-02
9.703463299999999514e-02
9.724301800000000051e-02
9.745223100000000027e-02
9.766222500000000528e-02
9.787297200000000252e-02
9.808443499999999760e-02
9.829657499999999715e-02
9.850937099999999835e-02
9.872278600000000681e-02
9.893680400000000319e-02
9.915137999999999729e-02
9.936650800000000616e-02
9.958215800000000395e-02
9.979829899999999310e-02
1.000149300000000019e-01
1.002320000000000016e-01
1.004495200000000005e-01
1.006674500000000055e-01
1.008857900000000030e-01
1.011045099999999947e-01
1.013235999999999998e-01
1.015430499999999958e-01
1.017628399999999933e-01
1.019829599999999975e-01
1.022033900000000051e-01
1.024241399999999969e-01
1.026451800000000025e-01
1.028665099999999943e-01
1.030881099999999967e-01
1.033099799999999957e-01
1.035321099999999966e-01
1.037544999999999995e-01
1.039771399999999957e-01
1.042000099999999957e-01
1.044231099999999995e-01
1.046464399999999934e-01
1.048700099999999996e-01
1.050937799999999978e-01
1.053177899999999945e-01
1.055419999999999969e-01
1.057664199999999999e-01
1.059910399999999947e-01
1.062158700000000039e-01
1.064409000000000050e-01
1.066661400000000065e-01
1.068915799999999999e-01
1.071172100000000044e-01
1.073430499999999954e-01
1.075690799999999975e-01
1.077953200000000000e-01
1.080217499999999997e-01
1.082483899999999999e-01
1.084752199999999972e-01
1.087022599999999950e-01
1.089294999999999985e-01
1.091569500000000026e-01
1.093846099999999932e-01
1.096124799999999982e-01
1.098405600000000037e-01
1.100688499999999959e-01
1.102973700000000057e-01
1.105261000000000021e-01
1.107550600000000024e-01
1.109842600000000012e-01
1.112136799999999953e-01
1.114433400000000018e-01
1.116732399999999931e-01
1.119033799999999967e-01
1.121337800000000023e-01
1.123644300000000013e-01
1.125953400000000021e-01
1.128265199999999996e-01
1.130579599999999990e-01
1.132896800000000037e-01
1.135216899999999945e-01
1.137539699999999959e-01
1.139865600000000007e-01
1.142194400000000054e-01
1.144526200000000049e-01
1.146861200000000025e-01
1.149199500000000068e-01
1.151540900000000006e-01
1.153885600000000011e-01
1.156233799999999978e-01
1.158585500000000046e-01
1.160940699999999937e-01
1.163299500000000014e-01
1.165661999999999948e-01
1.168028299999999964e-01
1.170398500000000008e-01
1.172772599999999943e-01
1.175150699999999993e-01
1.177533000000000052e-01
1.179919499999999982e-01
1.182310300000000008e-01
1.184705499999999939e-01
1.187105100000000052e-01
1.189509299999999964e-01
1.191918299999999986e-01
1.194331899999999946e-01
1.196750599999999998e-01
1.199174100000000021e-01
1.201602699999999996e-01
1.204036500000000010e-01
1.206475600000000009e-01
1.208920200000000028e-01
1.211370199999999980e-01
1.213825899999999985e-01
1.216287300000000043e-01
1.218754600000000049e-01
1.221227899999999950e-01
1.223707299999999970e-01
1.226192900000000058e-01
1.228684899999999969e-01
1.231183400000000067e-01
1.233688500000000021e-01
1.236200300000000057e-01
1.238719100000000017e-01
1.241244900000000040e-01
1.243777900000000020e-01
1.246318099999999957e-01
1.248865900000000057e-01
1.251421299999999903e-01
1.253984300000000052e-01
1.256555299999999875e-01
1.259134399999999876e-01
1.261721799999999949e-01
1.264317500000000094e-01
1.266921900000000101e-01
1.269534800000000074e-01
1.272156799999999977e-01
1.274787900000000085e-01
1.277428100000000122e-01
1.280077799999999877e-01
1.282737300000000025e-01
1.285406500000000063e-01
1.288085700000000111e-01
1.290775100000000064e-01
1.293474900000000094e-01
1.296185400000000043e-01
1.298906700000000136e-01
1.301639099999999938e-01
1.304382699999999951e-01
1.307137800000000016e-01
1.309904500000000083e-01
1.312683199999999939e-01
1.315474199999999982e-01
1.318277599999999883e-01
1.321093600000000090e-01
1.323922600000000116e-01
1.326764699999999908e-01
1.329620300000000088e-01
1.332489599999999996e-01
1.335372900000000029e-01
1.338270599999999977e-01
1.341182700000000116e-01
1.344109800000000132e-01
1.347051999999999972e-01
1.350009600000000032e-01
1.352983100000000050e-01
1.355972699999999920e-01
1.358978700000000039e-01
1.362001599999999868e-01
1.365041600000000133e-01
1.368099000000000121e-01
1.371174300000000124e-01
1.374267899999999931e-01
1.377379999999999993e-01
1.380511399999999889e-01
1.383661900000000000e-01
1.386832400000000132e-01
1.390023099999999900e-01
1.393234399999999928e-01
1.396467100000000072e-01
1.399721200000000054e-01
1.402997500000000008e-01
1.406296200000000107e-01
1.409618099999999929e-01
1.412963600000000097e-01
1.416333200000000070e-01
1.419727399999999862e-01
1.423146700000000042e-01
1.426591899999999913e-01
1.430063500000000043e-01
1.433561999999999892e-01
1.437088300000000096e-01
1.440642599999999995e-01
1.444226100000000068e-01
1.447838999999999932e-01
1.451482199999999945e-01
1.455156499999999964e-01
1.458862700000000123e-01
1.462601400000000107e-01
1.466373499999999996e-01
1.470179899999999873e-01
1.474021199999999976e-01
1.477898699999999899e-01
1.481812899999999933e-01
1.485765000000000002e-01
1.489756000000000136e-01
1.493786699999999912e-01
1.497858499999999982e-01
1.501972099999999977e-01
1.506128800000000045e-01
1.510329800000000111e-01
1.514576400000000045e-01
1.518869800000000048e-01
1.523211299999999990e-01
1.527602200000000021e-01
1.532043999999999906e-01
1.536538199999999965e-01
1.541086100000000070e-01
1.545689700000000000e-01
1.550350500000000076e-01
1.555070100000000011e-01
1.559850600000000087e-01
1.564693600000000018e-01
1.569601100000000138e-01
1.574575500000000017e-01
1.579618600000000095e-01
1.584732799999999941e-01
1.589920700000000131e-01
1.595184199999999941e-01
1.600526600000000133e-01
1.605949999999999878e-01
1.611457799999999885e-01
1.617052700000000121e-01
1.622738099999999906e-01
1.628517100000000106e-01
1.634393299999999938e-01
1.640370600000000123e-01
1.646452800000000050e-01
1.652644100000000005e-01
1.658949000000000118e-01
1.665371800000000069e-01
1.671917900000000068e-01
1.678592100000000087e-01
1.685400499999999968e-01
1.692348700000000095e-01
1.699443200000000098e-01
1.706690499999999888e-01
1.714098300000000130e-01
1.721674099999999930e-01
1.729426099999999966e-01
1.737363500000000116e-01
1.745495800000000097e-01
1.753833599999999882e-01
1.762387800000000115e-01
1.771170800000000101e-01
1.780195800000000106e-01
1.789477200000000046e-01
1.799030600000000035e-01
1.808873099999999956e-01
1.819023899999999971e-01
1.829503500000000116e-01
1.840334700000000046e-01
1.851543200000000111e-01
1.863157000000000008e-01
1.875207700000000033e-01
1.887731099999999940e-01
1.900766799999999979e-01
1.914360400000000018e-01
1.928563399999999872e-01
1.943435500000000038e-01
1.959045399999999881e-01
1.975473199999999985e-01
1.992813200000000118e-01
2.011178000000000132e-01
2.030702100000000010e-01
2.051550600000000002e-01
2.073926899999999907e-01
2.098088600000000137e-01
2.124367199999999956e-01
2.153202300000000013e-01
2.185195100000000001e-01
2.221205099999999932e-01
2.262529400000000135e-01
2.311281400000000097e-01
2.371307500000000013e-01
2.450927499999999981e-01
2.574081100000000233e-01
2.828973799999999761e-01
