4.440000000000000000e+02
0.000000000000000000e+00
2.214999999999999858e+01
3.112211799999999862e-01
3.753012700000000201e-01
4.471567900000000262e-01
5.159446600000000549e-01
5.761817700000000375e-01
6.256241799999999742e-01
6.638839199999999607e-01
6.915913200000000094e-01
7.098626500000000394e-01
7.199798200000000481e-01
7.232213600000000353e-01
7.207813899999999663e-01
7.137298600000000492e-01
7.030060900000000279e-01
6.894379899999999450e-01
6.737535599999999736e-01
6.565704300000000382e-01
6.383880400000000455e-01
6.195975500000000524e-01
6.005008200000000462e-01
5.813288699999999976e-01
5.622582400000000202e-01
5.434226399999999568e-01
5.249227899999999725e-01
5.068334899999999976e-01
4.892093200000000031e-01
4.720887799999999856e-01
4.554979499999999848e-01
4.394529500000000088e-01
4.239621800000000218e-01
4.090279900000000080e-01
3.946479600000000199e-01
3.808159199999999744e-01
3.675229799999999991e-01
3.547580200000000072e-01
3.425083500000000170e-01
3.307600299999999827e-01
3.194983900000000210e-01
3.087081899999999934e-01
2.983738499999999960e-01
2.884796600000000266e-01
2.790099400000000118e-01
2.699491399999999763e-01
2.612818499999999822e-01
2.529929899999999732e-01
2.450678099999999970e-01
2.374918799999999885e-01
2.302512100000000117e-01
2.233322100000000032e-01
2.167216999999999894e-01
2.104069600000000040e-01
2.043757099999999882e-01
1.986160700000000057e-01
1.931166500000000008e-01
1.878664300000000009e-01
1.828548600000000079e-01
1.780717699999999903e-01
1.735074100000000008e-01
1.691523799999999911e-01
1.649977300000000091e-01
1.610348100000000005e-01
1.572553700000000054e-01
1.536514599999999897e-01
1.502154900000000071e-01
1.469401999999999930e-01
1.438186200000000081e-01
1.408440499999999984e-01
1.380101099999999914e-01
1.353106799999999887e-01
1.327399200000000112e-01
1.302921900000000022e-01
1.279621699999999862e-01
1.257446899999999923e-01
1.236348500000000045e-01
1.216279400000000038e-01
1.197194899999999979e-01
1.179051700000000036e-01
1.161808899999999950e-01
1.145426900000000026e-01
1.129868299999999964e-01
1.115096899999999946e-01
1.101078399999999985e-01
1.087779700000000016e-01
1.075169500000000000e-01
1.063217500000000065e-01
1.051895000000000052e-01
1.041174500000000003e-01
1.031029400000000040e-01
1.021434799999999948e-01
1.012366499999999975e-01
1.003801299999999980e-01
9.957173499999999455e-02
9.880935400000000202e-02
9.809096200000000376e-02
9.741464299999999521e-02
9.677855700000000116e-02
9.618093099999999729e-02
9.562008099999999566e-02
9.509439799999999665e-02
9.460234600000000382e-02
9.414245200000000147e-02
9.371329800000000043e-02
9.331353800000000143e-02
9.294188800000000028e-02
9.259711199999999531e-02
9.227803299999999542e-02
9.198352699999999549e-02
9.171252000000000570e-02
9.146396800000000660e-02
9.123688900000000157e-02
9.103035199999999494e-02
9.084344699999999384e-02
9.067530899999999561e-02
9.052512000000000059e-02
9.039208999999999439e-02
9.027546599999999866e-02
9.017452600000000484e-02
9.008858399999999933e-02
9.001696900000000223e-02
8.995907000000000209e-02
8.991426199999999480e-02
8.988198599999999705e-02
8.986169099999999355e-02
8.985283199999999360e-02
8.985491800000000584e-02
8.986747300000000327e-02
8.989001800000000209e-02
8.992213000000000289e-02
8.996336900000000136e-02
9.001334800000000691e-02
9.007167100000000592e-02
9.013797299999999624e-02
9.021190599999999449e-02
9.029312400000000238e-02
9.038130900000000689e-02
9.047615500000000255e-02
9.057736399999999355e-02
9.068465200000000448e-02
9.079775199999999546e-02
9.091640300000000674e-02
9.104036499999999810e-02
9.116939500000000030e-02
9.130327400000000371e-02
9.144178000000000028e-02
9.158471199999999868e-02
9.173187600000000386e-02
9.188307800000000691e-02
9.203813199999999473e-02
9.219688199999999390e-02
9.235914800000000202e-02
9.252478199999999986e-02
9.269362700000000066e-02
9.286554900000000556e-02
9.304040700000000552e-02
9.321805800000000641e-02
9.339839199999999675e-02
9.358128899999999806e-02
9.376662199999999392e-02
9.395428699999999744e-02
9.414418800000000365e-02
9.433621200000000262e-02
9.453027699999999589e-02
9.472627899999999657e-02
9.492413700000000565e-02
9.512376799999999744e-02
9.532509699999999753e-02
9.552804400000000640e-02
9.573253199999999519e-02
9.593849599999999811e-02
9.614587600000000511e-02
9.635460399999999648e-02
9.656461299999999359e-02
9.677586000000000521e-02
9.698828299999999458e-02
9.720183200000000190e-02
9.741645300000000007e-02
9.763209500000000207e-02
9.784872799999999593e-02
9.806629999999999514e-02
9.828477400000000530e-02
9.850410399999999511e-02
9.872426099999999372e-02
9.894520800000000671e-02
9.916690699999999858e-02
9.938932999999999796e-02
9.961244499999999391e-02
9.983622300000000171e-02
1.000606400000000062e-01
1.002856699999999934e-01
1.005112900000000031e-01
1.007374699999999956e-01
1.009641899999999953e-01
1.011914399999999936e-01
1.014191799999999977e-01
1.016474099999999936e-01
1.018760999999999972e-01
1.021052499999999946e-01
1.023348300000000016e-01
1.025648299999999957e-01
1.027952300000000013e-01
1.030260199999999959e-01
1.032571899999999987e-01
1.034887399999999957e-01
1.037206400000000028e-01
1.039528900000000061e-01
1.041854799999999970e-01
1.044183999999999946e-01
1.046516499999999988e-01
1.048852100000000065e-01
1.051190899999999984e-01
1.053532699999999989e-01
1.055877399999999994e-01
1.058225099999999946e-01
1.060575700000000038e-01
1.062929100000000043e-01
1.065285400000000049e-01
1.067644400000000021e-01
1.070006299999999994e-01
1.072370899999999933e-01
1.074738100000000030e-01
1.077108199999999988e-01
1.079480899999999965e-01
1.081856300000000048e-01
1.084234500000000045e-01
1.086615300000000062e-01
1.088998899999999992e-01
1.091385200000000028e-01
1.093774200000000030e-01
1.096165999999999946e-01
1.098560499999999968e-01
1.100957899999999989e-01
1.103358100000000064e-01
1.105761200000000000e-01
1.108167000000000041e-01
1.110575899999999977e-01
1.112987599999999966e-01
1.115402399999999988e-01
1.117820100000000011e-01
1.120241000000000015e-01
1.122665000000000052e-01
1.125092099999999984e-01
1.127522400000000036e-01
1.129956099999999963e-01
1.132393000000000011e-01
1.134833400000000020e-01
1.137277200000000044e-01
1.139724500000000029e-01
1.142175299999999977e-01
1.144629900000000006e-01
1.147088099999999944e-01
1.149550099999999964e-01
1.152015900000000065e-01
1.154485700000000004e-01
1.156959500000000057e-01
1.159437400000000035e-01
1.161919399999999936e-01
1.164405599999999985e-01
1.166896300000000025e-01
1.169391300000000022e-01
1.171890899999999958e-01
1.174395000000000022e-01
1.176903799999999972e-01
1.179417499999999980e-01
1.181935999999999959e-01
1.184459600000000029e-01
1.186988199999999966e-01
1.189521999999999941e-01
1.192061199999999987e-01
1.194605799999999968e-01
1.197155800000000020e-01
1.199711499999999986e-01
1.202272999999999953e-01
1.204840300000000058e-01
1.207413700000000006e-01
1.209993099999999988e-01
1.212578899999999932e-01
1.215170899999999943e-01
1.217769499999999949e-01
1.220374699999999951e-01
1.222986699999999982e-01
1.225605599999999989e-01
1.228231500000000059e-01
1.230864700000000034e-01
1.233505099999999965e-01
1.236152999999999974e-01
1.238808599999999954e-01
1.241471999999999992e-01
1.244143300000000035e-01
1.246822800000000064e-01
1.249510499999999941e-01
1.252206700000000061e-01
1.254911400000000010e-01
1.257624900000000046e-01
1.260347500000000009e-01
1.263079199999999902e-01
1.265820099999999948e-01
1.268570599999999937e-01
1.271330900000000041e-01
1.274100999999999984e-01
1.276881099999999936e-01
1.279671599999999965e-01
1.282472600000000018e-01
1.285284499999999885e-01
1.288107000000000002e-01
1.290940899999999947e-01
1.293786199999999997e-01
1.296643000000000101e-01
1.299511799999999995e-01
1.302392500000000009e-01
1.305285700000000104e-01
1.308191400000000004e-01
1.311110000000000053e-01
1.314041599999999921e-01
1.316986699999999899e-01
1.319945499999999883e-01
1.322918100000000097e-01
1.325904900000000053e-01
1.328906300000000096e-01
1.331922399999999895e-01
1.334953600000000073e-01
1.338000299999999865e-01
1.341062799999999944e-01
1.344141399999999875e-01
1.347236199999999884e-01
1.350347799999999931e-01
1.353476600000000085e-01
1.356623000000000134e-01
1.359787100000000026e-01
1.362969400000000053e-01
1.366170300000000004e-01
1.369390299999999894e-01
1.372629700000000119e-01
1.375888899999999915e-01
1.379168299999999903e-01
1.382468599999999992e-01
1.385790000000000077e-01
1.389132999999999896e-01
1.392498199999999964e-01
1.395885900000000124e-01
1.399296800000000007e-01
1.402731200000000011e-01
1.406189899999999993e-01
1.409673399999999965e-01
1.413182199999999944e-01
1.416716699999999995e-01
1.420277799999999924e-01
1.423866000000000021e-01
1.427481899999999970e-01
1.431126299999999907e-01
1.434799599999999897e-01
1.438502799999999970e-01
1.442236500000000088e-01
1.446001199999999987e-01
1.449797999999999920e-01
1.453627799999999970e-01
1.457491099999999873e-01
1.461388799999999988e-01
1.465321800000000119e-01
1.469291000000000069e-01
1.473297500000000093e-01
1.477341899999999875e-01
1.481425600000000065e-01
1.485549499999999912e-01
1.489714500000000053e-01
1.493922000000000028e-01
1.498172899999999919e-01
1.502468600000000098e-01
1.506810199999999988e-01
1.511198900000000067e-01
1.515636300000000047e-01
1.520123600000000130e-01
1.524662200000000134e-01
1.529253899999999944e-01
1.533900099999999933e-01
1.538602299999999867e-01
1.543362299999999909e-01
1.548181899999999944e-01
1.553062900000000135e-01
1.558007399999999931e-01
1.563017200000000051e-01
1.568094600000000116e-01
1.573241700000000132e-01
1.578460799999999997e-01
1.583754300000000115e-01
1.589124899999999896e-01
1.594575000000000020e-01
1.600107699999999966e-01
1.605725699999999978e-01
1.611432299999999984e-01
1.617230500000000071e-01
1.623123900000000008e-01
1.629116100000000122e-01
1.635210800000000131e-01
1.641412200000000043e-01
1.647724499999999870e-01
1.654152299999999964e-01
1.660700099999999901e-01
1.667373299999999892e-01
1.674177199999999921e-01
1.681117599999999990e-01
1.688200400000000045e-01
1.695432199999999945e-01
1.702820200000000062e-01
1.710371699999999884e-01
1.718094599999999972e-01
1.725997800000000082e-01
1.734090299999999918e-01
1.742382000000000097e-01
1.750883900000000104e-01
1.759607499999999991e-01
1.768565500000000013e-01
1.777771300000000054e-01
1.787240200000000112e-01
1.796988399999999986e-01
1.807033700000000020e-01
1.817396000000000011e-01
1.828096499999999902e-01
1.839159599999999894e-01
1.850611699999999971e-01
1.862482400000000093e-01
1.874805099999999891e-01
1.887617000000000045e-01
1.900960200000000044e-01
1.914883000000000002e-01
1.929440099999999991e-01
1.944694700000000054e-01
1.960720400000000030e-01
1.977603300000000119e-01
1.995444899999999910e-01
2.014366700000000121e-01
2.034515600000000035e-01
2.056072100000000125e-01
2.079261099999999973e-01
2.104369700000000010e-01
2.131771299999999925e-01
2.161968400000000012e-01
2.195660000000000112e-01
2.233868400000000032e-01
2.278184299999999884e-01
2.331315700000000102e-01
2.398532200000000059e-01
2.492566099999999896e-01
2.656411799999999768e-01
3.021362100000000162e-01
