8.630000000000000000e+02
0.000000000000000000e+00
1.723999999999999844e+01
2.041754899999999873e-01
2.348999800000000082e-01
2.732641699999999729e-01
3.148995299999999831e-01
3.561198700000000050e-01
3.951654399999999789e-01
4.314477700000000082e-01
4.648293299999999850e-01
4.953232699999999822e-01
5.230000000000000204e-01
5.479607600000000467e-01
5.703286499999999926e-01
5.902436399999999583e-01
6.078562699999999763e-01
6.233227300000000470e-01
6.367987999999999982e-01
6.484358300000000463e-01
6.583769299999999713e-01
6.667541900000000243e-01
6.736864999999999659e-01
6.792764100000000527e-01
6.836008999999999558e-01
6.866766199999999598e-01
6.884094499999999783e-01
6.887317299999999864e-01
6.876983599999999530e-01
6.853276499999999549e-01
6.815683200000000053e-01
6.763585199999999631e-01
6.696779699999999558e-01
6.615473600000000287e-01
6.520178899999999889e-01
6.412017300000000253e-01
6.292915300000000434e-01
6.165323299999999618e-01
6.031755800000000445e-01
5.894451099999999943e-01
5.755239100000000274e-01
5.615534800000000493e-01
5.476399100000000075e-01
5.338611599999999457e-01
5.202737499999999793e-01
5.069181900000000462e-01
4.938229599999999775e-01
4.810077500000000117e-01
4.684855600000000231e-01
4.562645000000000173e-01
4.443488099999999830e-01
4.327400900000000217e-01
4.214376499999999970e-01
4.104392199999999935e-01
3.997412900000000269e-01
3.893394499999999758e-01
3.792284400000000000e-01
3.694026499999999991e-01
3.598559199999999958e-01
3.505818800000000124e-01
3.415740099999999835e-01
3.328255399999999753e-01
3.243297900000000067e-01
3.160799100000000195e-01
3.080691700000000033e-01
3.002908200000000138e-01
2.927382599999999724e-01
2.854048900000000222e-01
2.782843099999999792e-01
2.713701099999999977e-01
2.646561599999999737e-01
2.581363300000000249e-01
2.518047099999999872e-01
2.456555199999999883e-01
2.396831199999999995e-01
2.338820100000000013e-01
2.282468800000000131e-01
2.227725200000000016e-01
2.174539000000000055e-01
2.122861400000000121e-01
2.072644999999999904e-01
2.023843700000000079e-01
1.976413300000000040e-01
1.930310299999999923e-01
1.885493199999999925e-01
1.841921499999999989e-01
1.799556300000000053e-01
1.758359499999999909e-01
1.718294800000000067e-01
1.679326700000000061e-01
1.641421000000000130e-01
1.604544699999999879e-01
1.568665999999999949e-01
1.533753700000000109e-01
1.499778499999999959e-01
1.466710999999999987e-01
1.434523900000000129e-01
1.403189900000000045e-01
1.372683299999999940e-01
1.342978800000000084e-01
1.314052300000000117e-01
1.285880399999999868e-01
1.258440200000000009e-01
1.231710099999999974e-01
1.205668800000000013e-01
1.180295999999999984e-01
1.155571999999999988e-01
1.131477699999999947e-01
1.107994499999999938e-01
1.085104900000000011e-01
1.062791399999999942e-01
1.041037600000000035e-01
1.019827199999999989e-01
9.991449099999999417e-02
9.789754500000000248e-02
9.593044200000000465e-02
9.401177600000000523e-02
9.214018300000000050e-02
9.031435100000000105e-02
8.853299900000000111e-02
8.679491300000000131e-02
8.509888499999999911e-02
8.344376800000000149e-02
8.182846000000000564e-02
8.025185799999999536e-02
7.871293299999999882e-02
7.721067199999999409e-02
7.574409199999999898e-02
7.431224699999999794e-02
7.291421300000000549e-02
7.154910300000000278e-02
7.021605999999999681e-02
6.891424200000000055e-02
6.764284499999999312e-02
6.640108699999999753e-02
6.518819900000000223e-02
6.400345300000000182e-02
6.284612400000000321e-02
6.171553600000000139e-02
6.061100999999999989e-02
5.953189400000000187e-02
5.847755799999999893e-02
5.744738900000000148e-02
5.644079700000000088e-02
5.545720099999999764e-02
5.449604200000000148e-02
5.355678500000000258e-02
5.263889599999999752e-02
5.174186499999999800e-02
5.086519600000000141e-02
5.000841200000000208e-02
4.917104199999999814e-02
4.835262900000000114e-02
4.755273499999999876e-02
4.677093400000000012e-02
4.600680599999999731e-02
4.525994900000000071e-02
4.452996699999999669e-02
4.381648099999999740e-02
4.311912100000000331e-02
4.243752399999999730e-02
4.177134099999999656e-02
4.112022700000000225e-02
4.048385499999999915e-02
3.986190299999999714e-02
3.925405399999999656e-02
3.866000800000000265e-02
3.807946300000000089e-02
3.751213500000000201e-02
3.695773699999999745e-02
3.641600200000000287e-02
3.588666399999999868e-02
3.536945999999999840e-02
3.486413900000000232e-02
3.437045600000000062e-02
3.388817200000000113e-02
3.341705700000000001e-02
3.295688299999999932e-02
3.250743100000000330e-02
3.206848000000000337e-02
3.163982199999999800e-02
3.122125900000000120e-02
3.081258799999999839e-02
3.041361299999999906e-02
3.002414899999999998e-02
2.964400700000000000e-02
2.927301300000000051e-02
2.891098699999999910e-02
2.855776299999999990e-02
2.821316899999999975e-02
2.787704599999999908e-02
2.754923299999999936e-02
2.722957700000000134e-02
2.691792900000000016e-02
2.661413699999999952e-02
2.631806000000000076e-02
2.602955699999999831e-02
2.574849099999999835e-02
2.547472699999999909e-02
2.520813599999999904e-02
2.494858999999999966e-02
2.469596099999999891e-02
2.445013299999999890e-02
2.421098199999999895e-02
2.397839400000000010e-02
2.375225400000000042e-02
2.353244999999999990e-02
2.331887699999999827e-02
2.311142500000000141e-02
2.290999100000000108e-02
2.271447500000000133e-02
2.252477599999999983e-02
2.234079699999999905e-02
2.216244300000000042e-02
2.198962100000000086e-02
2.182223999999999969e-02
2.166020899999999971e-02
2.150344300000000056e-02
2.135185499999999945e-02
2.120536199999999843e-02
2.106388299999999852e-02
2.092733399999999883e-02
2.079564100000000013e-02
2.066872499999999890e-02
2.054650900000000099e-02
2.042891999999999972e-02
2.031588599999999828e-02
2.020733400000000041e-02
2.010319799999999921e-02
2.000340600000000135e-02
1.990789199999999995e-02
1.981659200000000093e-02
1.972943900000000139e-02
1.964637099999999928e-02
1.956732400000000052e-02
1.949223900000000148e-02
1.942105599999999904e-02
1.935371599999999997e-02
1.929016199999999959e-02
1.923033600000000065e-02
1.917418300000000089e-02
1.912164699999999856e-02
1.907267600000000021e-02
1.902721799999999852e-02
1.898521900000000109e-02
1.894662899999999955e-02
1.891139899999999888e-02
1.887947900000000109e-02
1.885082000000000077e-02
1.882537499999999836e-02
1.880309700000000125e-02
1.878393999999999897e-02
1.876786000000000079e-02
1.875481000000000023e-02
1.874475000000000099e-02
1.873763300000000007e-02
1.873341800000000168e-02
1.873206300000000019e-02
1.873352799999999929e-02
1.873777100000000029e-02
1.874475399999999889e-02
1.875443599999999933e-02
1.876677900000000079e-02
1.878174599999999847e-02
1.879929899999999848e-02
1.881939900000000054e-02
1.884201400000000068e-02
1.886710200000000018e-02
1.889463300000000096e-02
1.892457000000000167e-02
1.895687899999999940e-02
1.899152600000000163e-02
1.902847699999999850e-02
1.906770099999999940e-02
1.910916299999999846e-02
1.915283500000000000e-02
1.919867999999999922e-02
1.924667099999999992e-02
1.929677700000000107e-02
1.934896399999999975e-02
1.940320599999999923e-02
1.945947300000000144e-02
1.951773500000000133e-02
1.957796300000000031e-02
1.964012899999999923e-02
1.970420599999999842e-02
1.977016399999999979e-02
1.983797699999999969e-02
1.990762000000000087e-02
1.997906299999999830e-02
2.005228200000000113e-02
2.012724999999999931e-02
2.020394199999999904e-02
2.028233399999999909e-02
2.036239800000000030e-02
2.044411000000000145e-02
2.052744700000000075e-02
2.061238500000000043e-02
2.069889899999999977e-02
2.078696699999999994e-02
2.087656400000000023e-02
2.096766799999999834e-02
2.106025400000000047e-02
2.115430500000000172e-02
2.124979299999999946e-02
2.134670099999999918e-02
2.144500400000000015e-02
2.154468199999999903e-02
2.164571399999999993e-02
2.174807700000000107e-02
2.185175199999999859e-02
2.195671899999999954e-02
2.206295900000000004e-02
2.217044899999999832e-02
2.227916900000000144e-02
2.238910499999999942e-02
2.250023199999999848e-02
2.261253300000000063e-02
2.272598799999999905e-02
2.284057999999999922e-02
2.295628900000000125e-02
2.307309999999999917e-02
2.319099000000000160e-02
2.330994600000000153e-02
2.342994699999999958e-02
2.355097800000000019e-02
2.367301999999999948e-02
2.379605699999999893e-02
2.392007200000000056e-02
2.404504799999999942e-02
2.417096900000000048e-02
2.429781699999999933e-02
2.442557700000000040e-02
2.455423600000000012e-02
2.468377399999999861e-02
2.481417699999999976e-02
2.494543000000000108e-02
2.507751800000000003e-02
2.521042500000000158e-02
2.534413699999999922e-02
2.547863900000000084e-02
2.561391699999999993e-02
2.574995500000000145e-02
2.588674100000000131e-02
2.602425800000000150e-02
2.616249400000000142e-02
2.630143600000000095e-02
2.644106900000000107e-02
2.658138100000000115e-02
2.672235699999999867e-02
2.686398499999999995e-02
2.700624999999999901e-02
2.714914300000000058e-02
2.729264799999999921e-02
2.743675599999999964e-02
2.758145000000000041e-02
2.772672099999999931e-02
2.787255500000000025e-02
2.801894200000000154e-02
2.816586899999999963e-02
2.831332599999999977e-02
2.846129799999999946e-02
2.860977500000000048e-02
2.875874800000000064e-02
2.890820399999999984e-02
2.905813200000000041e-02
2.920852000000000170e-02
2.935936100000000049e-02
2.951064000000000118e-02
2.966234800000000157e-02
2.981447799999999843e-02
2.996701400000000015e-02
3.011994999999999950e-02
3.027327499999999880e-02
3.042697899999999983e-02
3.058105100000000146e-02
3.073548300000000094e-02
3.089026500000000008e-02
3.104538800000000015e-02
3.120084299999999894e-02
3.135662200000000066e-02
3.151271099999999881e-02
3.166910600000000242e-02
3.182579600000000342e-02
3.198277199999999959e-02
3.214002800000000104e-02
3.229755200000000021e-02
3.245533999999999919e-02
3.261338200000000326e-02
3.277166599999999791e-02
3.293018799999999913e-02
3.308894099999999672e-02
3.324791400000000341e-02
3.340710000000000207e-02
3.356649400000000227e-02
3.372608500000000287e-02
3.388586600000000060e-02
3.404583399999999704e-02
3.420597699999999852e-02
3.436629100000000020e-02
3.452676500000000093e-02
3.468740000000000018e-02
3.484817999999999943e-02
3.500910499999999870e-02
3.517015999999999892e-02
3.533134999999999748e-02
3.549266200000000121e-02
3.565408700000000097e-02
3.581562600000000318e-02
3.597726700000000027e-02
3.613900800000000024e-02
3.630084199999999983e-02
3.646275799999999789e-02
3.662475899999999979e-02
3.678683199999999848e-02
3.694897500000000196e-02
3.711118199999999950e-02
3.727344800000000069e-02
3.743576600000000226e-02
3.759813299999999886e-02
3.776054100000000163e-02
3.792298599999999881e-02
3.808546399999999943e-02
3.824797299999999761e-02
3.841050000000000020e-02
3.857304899999999814e-02
3.873560999999999671e-02
3.889817699999999906e-02
3.906075299999999667e-02
3.922332500000000333e-02
3.938589199999999874e-02
3.954845299999999730e-02
3.971100200000000219e-02
3.987352899999999783e-02
4.003603800000000296e-02
4.019852399999999937e-02
4.036097599999999980e-02
4.052339900000000161e-02
4.068577999999999778e-02
4.084812499999999902e-02
4.101042399999999671e-02
4.117267599999999833e-02
4.133487899999999798e-02
4.149702599999999936e-02
4.165911299999999762e-02
4.182114099999999918e-02
4.198310200000000131e-02
4.214499900000000243e-02
4.230682200000000087e-02
4.246857400000000199e-02
4.263024800000000253e-02
4.279184300000000302e-02
4.295335299999999967e-02
4.311478099999999786e-02
4.327612000000000125e-02
4.343736900000000345e-02
4.359852200000000066e-02
4.375958099999999878e-02
4.392054299999999939e-02
4.408140499999999712e-02
4.424216200000000154e-02
4.440281499999999826e-02
4.456336100000000272e-02
4.472379399999999727e-02
4.488411900000000010e-02
4.504432900000000101e-02
4.520442300000000052e-02
4.536439899999999970e-02
4.552425400000000011e-02
4.568399100000000018e-02
4.584360099999999771e-02
4.600308799999999754e-02
4.616244900000000123e-02
4.632167899999999755e-02
4.648077899999999985e-02
4.663974800000000170e-02
4.679858299999999777e-02
4.695728400000000191e-02
4.711585100000000026e-02
4.727428000000000186e-02
4.743256800000000134e-02
4.759071799999999713e-02
4.774872599999999828e-02
4.790659199999999784e-02
4.806431399999999687e-02
4.822189400000000126e-02
4.837932400000000133e-02
4.853661399999999876e-02
4.869375000000000092e-02
4.885074100000000308e-02
4.900758300000000039e-02
4.916427300000000139e-02
4.932081299999999807e-02
4.947720500000000327e-02
4.963344000000000089e-02
4.978952600000000062e-02
4.994545499999999971e-02
5.010123200000000249e-02
5.025685600000000253e-02
5.041232300000000194e-02
5.056763400000000019e-02
5.072278899999999729e-02
5.087779099999999860e-02
5.103263300000000086e-02
5.118732200000000038e-02
5.134185000000000137e-02
5.149622300000000069e-02
5.165043799999999991e-02
5.180449399999999954e-02
5.195839700000000339e-02
5.211213600000000334e-02
5.226572200000000057e-02
5.241914799999999874e-02
5.257241800000000270e-02
5.272552700000000120e-02
5.287847999999999854e-02
5.303127700000000166e-02
5.318391699999999722e-02
5.333640099999999856e-02
5.348872400000000138e-02
5.364089100000000304e-02
5.379290500000000197e-02
5.394476299999999974e-02
5.409646399999999689e-02
5.424800899999999981e-02
5.439939700000000211e-02
5.455063699999999904e-02
5.470171900000000281e-02
5.485265000000000279e-02
5.500342700000000057e-02
5.515405200000000202e-02
5.530452400000000074e-02
5.545484600000000208e-02
5.560501999999999806e-02
5.575504199999999771e-02
5.590491699999999842e-02
5.605464400000000069e-02
5.620422199999999813e-02
5.635365500000000250e-02
5.650294200000000044e-02
5.665208399999999839e-02
5.680108100000000326e-02
5.694993599999999961e-02
5.709864900000000132e-02
5.724722100000000091e-02
5.739565600000000323e-02
5.754394799999999754e-02
5.769210300000000152e-02
5.784012399999999970e-02
5.798800700000000113e-02
5.813575499999999729e-02
5.828337000000000101e-02
5.843085399999999735e-02
5.857820400000000177e-02
5.872542800000000313e-02
5.887252099999999710e-02
5.901948700000000242e-02
5.916632699999999773e-02
5.931304400000000226e-02
5.945963399999999732e-02
5.960610499999999951e-02
5.975245700000000187e-02
5.989868899999999802e-02
6.004480300000000076e-02
6.019080100000000211e-02
6.033668300000000206e-02
6.048245399999999800e-02
6.062811199999999789e-02
6.077366299999999860e-02
6.091910200000000275e-02
6.106443699999999919e-02
6.120966399999999696e-02
6.135478999999999933e-02
6.149981499999999934e-02
6.164474000000000342e-02
6.178956499999999769e-02
6.193429599999999979e-02
6.207892999999999745e-02
6.222347500000000031e-02
6.236792699999999662e-02
6.251228600000000024e-02
6.265656699999999635e-02
6.280075799999999819e-02
6.294486700000000157e-02
6.308888599999999680e-02
6.323283899999999902e-02
6.337670199999999310e-02
6.352049899999999416e-02
6.366421999999999359e-02
6.380787500000000001e-02
6.395145500000000427e-02
6.409496800000000216e-02
6.423841399999999369e-02
6.438180799999999870e-02
6.452513499999999735e-02
6.466840199999999983e-02
6.481161700000000192e-02
6.495477299999999343e-02
6.509788299999999528e-02
6.524094199999999621e-02
6.538395599999999308e-02
6.552692499999999975e-02
6.566985699999999815e-02
6.581274400000000635e-02
6.595559400000000627e-02
6.609841399999999423e-02
6.624119700000000166e-02
6.638395800000000679e-02
6.652668899999999996e-02
6.666938999999999504e-02
6.681207599999999802e-02
6.695473899999999923e-02
6.709739600000000359e-02
6.724003000000000618e-02
6.738265599999999911e-02
6.752527499999999572e-02
6.766788699999999601e-02
6.781049799999999683e-02
6.795311699999999344e-02
6.809572899999999374e-02
6.823835500000000054e-02
6.838098200000000682e-02
6.852363000000000204e-02
6.866628700000000640e-02
6.880896499999999971e-02
6.895166599999999479e-02
6.909439700000000184e-02
6.923714999999999731e-02
6.937993300000000474e-02
6.952274599999999638e-02
6.966560300000000650e-02
6.980849799999999661e-02
6.995144500000000098e-02
7.009442899999999976e-02
7.023747299999999472e-02
7.038056099999999426e-02
7.052371699999999966e-02
7.066692400000000596e-02
7.081020600000000054e-02
7.095354800000000517e-02
7.109696399999999861e-02
7.124046200000000439e-02
7.138403499999999846e-02
7.152769000000000488e-02
7.167142599999999641e-02
7.181526000000000576e-02
7.195919000000000620e-02
7.210321699999999723e-02
7.224734100000000658e-02
7.239157699999999862e-02
7.253592500000000109e-02
7.268038400000000065e-02
7.282496199999999309e-02
7.296966000000000563e-02
7.311449200000000315e-02
7.325945000000000373e-02
7.340455099999999844e-02
7.354978500000000641e-02
7.369515999999999567e-02
7.384069299999999891e-02
7.398637399999999364e-02
7.413221899999999920e-02
7.427822100000000538e-02
7.442439300000000535e-02
7.457073799999999753e-02
7.471725299999999736e-02
7.486396300000000559e-02
7.501085100000000339e-02
7.515793299999999622e-02
7.530521599999999427e-02
7.545269300000000123e-02
7.560038600000000553e-02
7.574828699999999748e-02
7.589641199999999643e-02
7.604475300000000659e-02
7.619333300000000198e-02
7.634213600000000488e-02
7.649119199999999952e-02
7.664048699999999326e-02
7.679003500000000648e-02
7.693984399999999335e-02
7.708991299999999602e-02
7.724025099999999588e-02
7.739087199999999944e-02
7.754176899999999650e-02
7.769295599999999358e-02
7.784444100000000033e-02
7.799623199999999867e-02
7.814831999999999335e-02
7.830073699999999526e-02
7.845346599999999948e-02
7.860653099999999338e-02
7.875992399999999505e-02
7.891366599999999343e-02
7.906775900000000135e-02
7.922221000000000124e-02
7.937702500000000383e-02
7.953221400000000385e-02
7.968778199999999867e-02
7.984373699999999796e-02
8.000009499999999329e-02
8.015685499999999908e-02
8.031402499999999722e-02
8.047161999999999371e-02
8.062964699999999874e-02
8.078810599999999842e-02
8.094701899999999506e-02
8.110638700000000201e-02
8.126622399999999802e-02
8.142653099999999644e-02
8.158732200000000379e-02
8.174861199999999828e-02
8.191040199999999327e-02
8.207271200000000599e-02
8.223554499999999323e-02
8.239890599999999399e-02
8.256281899999999563e-02
8.272729099999999447e-02
8.289232100000000492e-02
8.305793999999999677e-02
8.322414000000000200e-02
8.339094399999999463e-02
8.355836599999999503e-02
8.372640600000000322e-02
8.389508699999999319e-02
8.406441700000000239e-02
8.423441600000000640e-02
8.440508700000000364e-02
8.457644999999999746e-02
8.474851399999999702e-02
8.492130000000000511e-02
8.509481000000000683e-02
8.526907100000000184e-02
8.544409299999999874e-02
8.561989700000000036e-02
8.579648300000000671e-02
8.597388100000000200e-02
8.615210700000000554e-02
8.633117399999999664e-02
8.651108999999999882e-02
8.669188599999999578e-02
8.687357599999999402e-02
8.705618199999999585e-02
8.723971199999999704e-02
8.742419599999999569e-02
8.760964100000000199e-02
8.779607700000000015e-02
8.798352600000000634e-02
8.817200399999999827e-02
8.836153900000000283e-02
8.855214000000000141e-02
8.874384300000000281e-02
8.893666399999999861e-02
8.913062500000000499e-02
8.932576300000000247e-02
8.952208600000000072e-02
8.971963800000000433e-02
8.991843500000000489e-02
9.011849800000000521e-02
9.031987199999999549e-02
9.052257199999999560e-02
9.072662900000000308e-02
9.093207899999999899e-02
9.113895900000000549e-02
9.134728500000000029e-02
9.155710000000000237e-02
9.176843599999999490e-02
9.198133599999999688e-02
9.219583100000000586e-02
9.241195000000000659e-02
9.262974599999999892e-02
9.284924699999999587e-02
9.307050000000000045e-02
9.329355500000000023e-02
9.351844300000000665e-02
9.374520899999999601e-02
9.397391200000000666e-02
9.420459700000000103e-02
9.443730899999999706e-02
9.467209899999999567e-02
9.490902700000000691e-02
9.514814600000000289e-02
9.538951499999999417e-02
9.563318599999999503e-02
9.587923399999999374e-02
9.612771100000000457e-02
9.637869899999999823e-02
9.663225000000000287e-02
9.688844500000000359e-02
9.714736000000000204e-02
9.740907000000000038e-02
9.767366199999999443e-02
9.794121199999999972e-02
9.821180999999999661e-02
9.848554399999999431e-02
9.876252000000000641e-02
9.904283299999999679e-02
9.932658799999999344e-02
9.961388999999999661e-02
9.990485799999999916e-02
1.001995999999999998e-01
1.004982600000000059e-01
1.008009500000000003e-01
1.011078299999999958e-01
1.014190199999999986e-01
1.017346799999999940e-01
1.020549600000000001e-01
1.023800400000000055e-01
1.027100999999999986e-01
1.030453100000000011e-01
1.033858799999999994e-01
1.037320000000000048e-01
1.040839100000000017e-01
1.044418299999999994e-01
1.048059999999999964e-01
1.051766900000000032e-01
1.055541599999999941e-01
1.059387200000000001e-01
1.063306700000000021e-01
1.067303599999999963e-01
1.071381299999999981e-01
1.075543600000000016e-01
1.079794599999999993e-01
1.084138800000000041e-01
1.088580600000000065e-01
1.093125300000000050e-01
1.097778300000000068e-01
1.102545300000000034e-01
1.107432899999999942e-01
1.112447899999999962e-01
1.117597699999999944e-01
1.122890599999999961e-01
1.128335500000000047e-01
1.133942200000000039e-01
1.139721499999999943e-01
1.145685199999999931e-01
1.151846499999999995e-01
1.158219899999999997e-01
1.164821699999999960e-01
1.171669999999999934e-01
1.178785200000000005e-01
1.186190300000000003e-01
1.193911599999999962e-01
1.201978600000000036e-01
1.210425799999999968e-01
1.219292500000000029e-01
1.228624799999999961e-01
1.238476599999999983e-01
1.248911800000000044e-01
1.260006599999999866e-01
1.271853000000000011e-01
1.284563999999999984e-01
1.298278999999999961e-01
1.313174099999999955e-01
1.329474999999999962e-01
1.347477300000000100e-01
1.367577500000000112e-01
1.390322599999999909e-01
1.416492799999999885e-01
1.447245299999999901e-01
1.484375900000000081e-01
1.530819700000000116e-01
1.591640400000000066e-01
1.675996299999999994e-01
1.801622099999999893e-01
2.000126700000000035e-01
