9.250000000000000000e+02
0.000000000000000000e+00
1.848000000000000043e+01
2.046517900000000001e-01
2.353571200000000030e-01
2.736988100000000146e-01
3.153101500000000113e-01
3.565061999999999953e-01
3.955276300000000189e-01
4.317861199999999955e-01
4.651442499999999813e-01
4.956153300000000206e-01
5.232699499999999837e-01
5.482094899999999660e-01
5.705573000000000450e-01
5.904532700000000300e-01
6.080482600000000071e-01
6.234982000000000024e-01
6.369591399999999792e-01
6.485821600000000187e-01
6.585103900000000010e-01
6.668758399999999975e-01
6.737972500000000142e-01
6.793769600000000297e-01
6.836917999999999607e-01
6.867576800000000370e-01
6.884800199999999704e-01
6.887919900000000206e-01
6.877486699999999509e-01
6.853677599999999925e-01
6.815975300000000070e-01
6.763761600000000040e-01
6.696835799999999450e-01
6.615404499999999466e-01
6.519981000000000249e-01
6.411691299999999760e-01
6.292467099999999869e-01
6.164761800000000402e-01
6.031088799999999583e-01
5.893686999999999676e-01
5.754383199999999476e-01
5.614590600000000098e-01
5.475367899999999954e-01
5.337494600000000089e-01
5.201533999999999880e-01
5.067890299999999737e-01
4.936849200000000271e-01
4.808605899999999767e-01
4.683290999999999982e-01
4.560985000000000178e-01
4.441731300000000271e-01
4.325544499999999792e-01
4.212418800000000130e-01
4.102331399999999961e-01
3.995247199999999999e-01
3.891122000000000192e-01
3.789904099999999998e-01
3.691536799999999841e-01
3.595959200000000133e-01
3.503107699999999936e-01
3.412916999999999756e-01
3.325320199999999837e-01
3.240250100000000022e-01
3.157638300000000231e-01
3.077418499999999835e-01
2.999522700000000208e-01
2.923885299999999798e-01
2.850440399999999985e-01
2.779123800000000144e-01
2.709872700000000023e-01
2.642624399999999874e-01
2.577319100000000085e-01
2.513897099999999885e-01
2.452300799999999892e-01
2.392473999999999990e-01
2.334361799999999931e-01
2.277911200000000136e-01
2.223070299999999888e-01
2.169788599999999956e-01
2.118017700000000003e-01
2.067709899999999879e-01
2.018819500000000045e-01
1.971302000000000054e-01
1.925114199999999887e-01
1.880214799999999908e-01
1.836562899999999998e-01
1.794119799999999987e-01
1.752847600000000117e-01
1.712709699999999946e-01
1.673670700000000067e-01
1.635696600000000056e-01
1.598754199999999903e-01
1.562811600000000023e-01
1.527837999999999974e-01
1.493803400000000003e-01
1.460679199999999900e-01
1.428437399999999968e-01
1.397051099999999935e-01
1.366494099999999989e-01
1.336741700000000088e-01
1.307769300000000134e-01
1.279553499999999955e-01
1.252071700000000065e-01
1.225301800000000024e-01
1.199222900000000008e-01
1.173814299999999949e-01
1.149056400000000033e-01
1.124929999999999958e-01
1.101416600000000023e-01
1.078498400000000024e-01
1.056158199999999991e-01
1.034379299999999974e-01
1.013145399999999946e-01
9.924411800000000616e-02
9.722513000000000682e-02
9.525613500000000566e-02
9.333571000000000228e-02
9.146250000000000213e-02
8.963517799999999591e-02
8.785247100000000142e-02
8.611314700000000100e-02
8.441600200000000387e-02
8.275987999999999400e-02
8.114366200000000529e-02
7.956626999999999450e-02
7.802664500000000558e-02
7.652377300000000326e-02
7.505667200000000483e-02
7.362439499999999526e-02
7.222600299999999696e-02
7.086061700000000074e-02
6.952736499999999376e-02
6.822540600000000233e-02
6.695392699999999642e-02
6.571213900000000274e-02
6.449928100000000553e-02
6.331461700000000359e-02
6.215741899999999848e-02
6.102699799999999897e-02
5.992267700000000058e-02
5.884379900000000219e-02
5.778973200000000338e-02
5.675986000000000226e-02
5.575358500000000134e-02
5.477032800000000007e-02
5.380952700000000283e-02
5.287063100000000126e-02
5.195311799999999952e-02
5.105647099999999911e-02
5.018018900000000004e-02
4.932378999999999930e-02
4.848679899999999710e-02
4.766876300000000288e-02
4.686923300000000320e-02
4.608778699999999812e-02
4.532399399999999939e-02
4.457745700000000089e-02
4.384777699999999750e-02
4.313456999999999708e-02
4.243746000000000324e-02
4.175609000000000265e-02
4.109009699999999904e-02
4.043914800000000115e-02
3.980290100000000164e-02
3.918103900000000084e-02
3.857324300000000011e-02
3.797919999999999768e-02
3.739862099999999995e-02
3.683121500000000048e-02
3.627669099999999980e-02
3.573478000000000071e-02
3.520521100000000014e-02
3.468772800000000101e-02
3.418207499999999927e-02
3.368800100000000214e-02
3.320527100000000148e-02
3.273364899999999661e-02
3.227290900000000240e-02
3.182282300000000008e-02
3.138317899999999716e-02
3.095376700000000009e-02
3.053437700000000143e-02
3.012481300000000028e-02
2.972487899999999919e-02
2.933438500000000101e-02
2.895314400000000010e-02
2.858097700000000047e-02
2.821770700000000159e-02
2.786316200000000035e-02
2.751717299999999894e-02
2.717958200000000074e-02
2.685022399999999893e-02
2.652894299999999927e-02
2.621559199999999937e-02
2.591001999999999889e-02
2.561208200000000129e-02
2.532163800000000048e-02
2.503855199999999864e-02
2.476268400000000008e-02
2.449390900000000121e-02
2.423209499999999864e-02
2.397711799999999865e-02
2.372885500000000009e-02
2.348718600000000017e-02
2.325199699999999994e-02
2.302317099999999853e-02
2.280059799999999831e-02
2.258416800000000169e-02
2.237377700000000094e-02
2.216931600000000141e-02
2.197068900000000158e-02
2.177779200000000068e-02
2.159052900000000066e-02
2.140880599999999898e-02
2.123252700000000104e-02
2.106160300000000166e-02
2.089594499999999910e-02
2.073546500000000153e-02
2.058007599999999923e-02
2.042969700000000013e-02
2.028424499999999936e-02
2.014363900000000138e-02
2.000780200000000161e-02
1.987665500000000002e-02
1.975012599999999979e-02
1.962813700000000036e-02
1.951061700000000093e-02
1.939749899999999860e-02
1.928870800000000163e-02
1.918417999999999859e-02
1.908384399999999911e-02
1.898763900000000060e-02
1.889549800000000015e-02
1.880735899999999919e-02
1.872315999999999911e-02
1.864284100000000027e-02
1.856634199999999957e-02
1.849360400000000029e-02
1.842457100000000070e-02
1.835918799999999851e-02
1.829739699999999997e-02
1.823914399999999880e-02
1.818437900000000051e-02
1.813304599999999989e-02
1.808509599999999842e-02
1.804048000000000110e-02
1.799914400000000164e-02
1.796104399999999893e-02
1.792612999999999845e-02
1.789435600000000015e-02
1.786567299999999858e-02
1.784003899999999851e-02
1.781740799999999986e-02
1.779773600000000150e-02
1.778098200000000073e-02
1.776710000000000095e-02
1.775604999999999892e-02
1.774779099999999887e-02
1.774228400000000053e-02
1.773948599999999876e-02
1.773936099999999863e-02
1.774186999999999986e-02
1.774697199999999975e-02
1.775463299999999883e-02
1.776481599999999925e-02
1.777748200000000070e-02
1.779259899999999922e-02
1.781013000000000041e-02
1.783004200000000081e-02
1.785229699999999961e-02
1.787686700000000115e-02
1.790371400000000113e-02
1.793280800000000147e-02
1.796411499999999925e-02
1.799760799999999827e-02
1.803324900000000119e-02
1.807101300000000035e-02
1.811086599999999977e-02
1.815277900000000083e-02
1.819672199999999851e-02
1.824266800000000008e-02
1.829058899999999946e-02
1.834045200000000014e-02
1.839223300000000089e-02
1.844590299999999961e-02
1.850143400000000063e-02
1.855880199999999924e-02
1.861797800000000030e-02
1.867893699999999962e-02
1.874165200000000100e-02
1.880609800000000026e-02
1.887225199999999908e-02
1.894008599999999834e-02
1.900957500000000078e-02
1.908069800000000010e-02
1.915343099999999854e-02
1.922774899999999884e-02
1.930362700000000029e-02
1.938104400000000005e-02
1.945998000000000172e-02
1.954040699999999922e-02
1.962230499999999961e-02
1.970565300000000006e-02
1.979042799999999880e-02
1.987660999999999942e-02
1.996417699999999962e-02
2.005310899999999952e-02
2.014338400000000029e-02
2.023498300000000152e-02
2.032788500000000040e-02
2.042207099999999997e-02
2.051751900000000142e-02
2.061421100000000034e-02
2.071212799999999979e-02
2.081125199999999884e-02
2.091156099999999865e-02
2.101304000000000019e-02
2.111566800000000063e-02
2.121942900000000146e-02
2.132430299999999931e-02
2.143027299999999968e-02
2.153732100000000163e-02
2.164543000000000023e-02
2.175458499999999989e-02
2.186476600000000076e-02
2.197595700000000082e-02
2.208814200000000158e-02
2.220130500000000104e-02
2.231542799999999827e-02
2.243049600000000116e-02
2.254649400000000026e-02
2.266340500000000105e-02
2.278121599999999997e-02
2.289990700000000060e-02
2.301946699999999832e-02
2.313987899999999862e-02
2.326112799999999897e-02
2.338320199999999877e-02
2.350608300000000053e-02
2.362975900000000018e-02
2.375421299999999972e-02
2.387943500000000094e-02
2.400540699999999944e-02
2.413211900000000049e-02
2.425955800000000051e-02
2.438770599999999858e-02
2.451655100000000101e-02
2.464608299999999919e-02
2.477628700000000100e-02
2.490714899999999996e-02
2.503866000000000078e-02
2.517080299999999854e-02
2.530356900000000145e-02
2.543694300000000005e-02
2.557091400000000014e-02
2.570547200000000004e-02
2.584060300000000018e-02
2.597629499999999994e-02
2.611253800000000111e-02
2.624931900000000012e-02
2.638662799999999878e-02
2.652445399999999939e-02
2.666278399999999840e-02
2.680160900000000054e-02
2.694091599999999878e-02
2.708069800000000027e-02
2.722093999999999903e-02
2.736163499999999874e-02
2.750277099999999877e-02
2.764433999999999989e-02
2.778632799999999903e-02
2.792872899999999936e-02
2.807153000000000079e-02
2.821472300000000058e-02
2.835829700000000106e-02
2.850224599999999844e-02
2.864655699999999958e-02
2.879122300000000120e-02
2.893623199999999923e-02
2.908157700000000082e-02
2.922724900000000028e-02
2.937323999999999838e-02
2.951953900000000089e-02
2.966614100000000004e-02
2.981303299999999920e-02
2.996021000000000101e-02
3.010766000000000137e-02
3.025537899999999891e-02
3.040335699999999891e-02
3.055158599999999863e-02
3.070006000000000124e-02
3.084876799999999863e-02
3.099770300000000145e-02
3.114685799999999949e-02
3.129622700000000285e-02
3.144580100000000239e-02
3.159557300000000180e-02
3.174553399999999886e-02
3.189568200000000159e-02
3.204600500000000241e-02
3.219649900000000342e-02
3.234715400000000296e-02
3.249796499999999672e-02
3.264892800000000067e-02
3.280003399999999875e-02
3.295127300000000314e-02
3.310264599999999946e-02
3.325413900000000200e-02
3.340575099999999742e-02
3.355747800000000169e-02
3.370930600000000138e-02
3.386123500000000341e-02
3.401325599999999866e-02
3.416536700000000204e-02
3.431755999999999696e-02
3.446982800000000097e-02
3.462217000000000072e-02
3.477457500000000201e-02
3.492703999999999948e-02
3.507956100000000216e-02
3.523213000000000039e-02
3.538474400000000269e-02
3.553739899999999730e-02
3.569008800000000176e-02
3.584280599999999789e-02
3.599554700000000274e-02
3.614831000000000294e-02
3.630108800000000219e-02
3.645387299999999775e-02
3.660666600000000298e-02
3.675946199999999969e-02
3.691225499999999798e-02
3.706504000000000049e-02
3.721781400000000184e-02
3.737056999999999879e-02
3.752331099999999670e-02
3.767602500000000187e-02
3.782871000000000150e-02
3.798136500000000304e-02
3.813398300000000324e-02
3.828656300000000262e-02
3.843909899999999741e-02
3.859159000000000200e-02
3.874402899999999927e-02
3.889641199999999827e-02
3.904874299999999687e-02
3.920100599999999658e-02
3.935320999999999958e-02
3.950534399999999779e-02
3.965740999999999711e-02
3.980940200000000068e-02
3.996131599999999673e-02
4.011314700000000177e-02
4.026489700000000088e-02
4.041656099999999668e-02
4.056813900000000306e-02
4.071962500000000235e-02
4.087101299999999771e-02
4.102230400000000249e-02
4.117349900000000229e-02
4.132458900000000185e-02
4.147557500000000064e-02
4.162645300000000076e-02
4.177721999999999686e-02
4.192787800000000176e-02
4.207841699999999990e-02
4.222884400000000149e-02
4.237914799999999843e-02
4.252933300000000250e-02
4.267939600000000139e-02
4.282933099999999826e-02
4.297913999999999901e-02
4.312881799999999932e-02
4.327836300000000025e-02
4.342777700000000074e-02
4.357705600000000290e-02
4.372619800000000084e-02
4.387520300000000151e-02
4.402406500000000111e-02
4.417278599999999861e-02
4.432136200000000303e-02
4.446979200000000104e-02
4.461807799999999852e-02
4.476621399999999862e-02
4.491420100000000082e-02
4.506203500000000028e-02
4.520972100000000132e-02
4.535725000000000173e-02
4.550462599999999941e-02
4.565184199999999803e-02
4.579890100000000297e-02
4.594580499999999929e-02
4.609254699999999760e-02
4.623913000000000328e-02
4.638554899999999814e-02
4.653180400000000300e-02
4.667789900000000186e-02
4.682382599999999895e-02
4.696958899999999909e-02
4.711518399999999746e-02
4.726061200000000045e-02
4.740587200000000168e-02
4.755096500000000059e-02
4.769588599999999984e-02
4.784063999999999678e-02
4.798522200000000099e-02
4.812962900000000016e-02
4.827386899999999703e-02
4.841793300000000327e-02
4.856182600000000238e-02
4.870554400000000339e-02
4.884908699999999937e-02
4.899245900000000209e-02
4.913565500000000030e-02
4.927867300000000200e-02
4.942151899999999709e-02
4.956418600000000313e-02
4.970668300000000150e-02
4.984899999999999748e-02
4.999113799999999747e-02
5.013310199999999883e-02
5.027489000000000263e-02
5.041649899999999657e-02
5.055793399999999882e-02
5.069918899999999867e-02
5.084026999999999991e-02
5.098117099999999874e-02
5.112189799999999895e-02
5.126244600000000318e-02
5.140281800000000290e-02
5.154301199999999916e-02
5.168303099999999733e-02
5.182287499999999741e-02
5.196254000000000151e-02
5.210202900000000109e-02
5.224134400000000206e-02
5.238048000000000010e-02
5.251944399999999846e-02
5.265823399999999821e-02
5.279684800000000039e-02
5.293528699999999754e-02
5.307355200000000300e-02
5.321164400000000239e-02
5.334956200000000315e-02
5.348730799999999730e-02
5.362488299999999819e-02
5.376228699999999888e-02
5.389951899999999990e-02
5.403658000000000072e-02
5.417347000000000135e-02
5.431019100000000072e-02
5.444674599999999726e-02
5.458312900000000106e-02
5.471934800000000099e-02
5.485539500000000124e-02
5.499127899999999708e-02
5.512699900000000292e-02
5.526255100000000003e-02
5.539794299999999810e-02
5.553316700000000133e-02
5.566823099999999858e-02
5.580313099999999887e-02
5.593787499999999802e-02
5.607245500000000021e-02
5.620687800000000178e-02
5.634114099999999736e-02
5.647524400000000083e-02
5.660919500000000104e-02
5.674298900000000062e-02
5.687662999999999747e-02
5.701011400000000062e-02
5.714344600000000052e-02
5.727662900000000251e-02
5.740965900000000177e-02
5.754254000000000313e-02
5.767527199999999965e-02
5.780785499999999827e-02
5.794029700000000171e-02
5.807258900000000085e-02
5.820473699999999945e-02
5.833674199999999699e-02
5.846860599999999936e-02
5.860033299999999751e-02
5.873191400000000312e-02
5.886336000000000346e-02
5.899466899999999958e-02
5.912584099999999843e-02
5.925688099999999736e-02
5.938778399999999902e-02
5.951855699999999971e-02
5.964919899999999997e-02
5.977971099999999927e-02
5.991009600000000296e-02
6.004035499999999664e-02
6.017048700000000166e-02
6.030049500000000257e-02
6.043038099999999829e-02
6.056014400000000325e-02
6.068978800000000146e-02
6.081931299999999985e-02
6.094872600000000168e-02
6.107801899999999728e-02
6.120719799999999738e-02
6.133626400000000145e-02
6.146522199999999991e-02
6.159406900000000129e-02
6.172280799999999706e-02
6.185144199999999953e-02
6.197996800000000334e-02
6.210839399999999733e-02
6.223671900000000284e-02
6.236494000000000065e-02
6.249306699999999937e-02
6.262109400000000214e-02
6.274902799999999836e-02
6.287686500000000400e-02
6.300461300000000098e-02
6.313227100000000369e-02
6.325984699999999405e-02
6.338732699999999332e-02
6.351473200000000430e-02
6.364204699999999326e-02
6.376928099999999711e-02
6.389643300000000248e-02
6.402351700000000201e-02
6.415051200000000675e-02
6.427744800000000092e-02
6.440430099999999713e-02
6.453108800000000034e-02
6.465780699999999770e-02
6.478446000000000204e-02
6.491104500000000055e-02
6.503757100000000235e-02
6.516402999999999779e-02
6.529043599999999337e-02
6.541678300000000612e-02
6.554307800000000461e-02
6.566932100000000272e-02
6.579551100000000097e-02
6.592165699999999462e-02
6.604775000000000229e-02
6.617379900000000537e-02
6.629981100000000016e-02
6.642577800000000476e-02
6.655170800000000109e-02
6.667760000000000353e-02
6.680346299999999349e-02
6.692929599999999923e-02
6.705509099999999723e-02
6.718086500000000627e-02
6.730661500000000019e-02
6.743233699999999498e-02
6.755804299999999818e-02
6.768372699999999909e-02
6.780939499999999454e-02
6.793505699999999314e-02
6.806069600000000386e-02
6.818633500000000069e-02
6.831196700000000122e-02
6.843759100000000595e-02
6.856321499999999680e-02
6.868884000000000101e-02
6.881447100000000205e-02
6.894010300000000258e-02
6.906574199999999941e-02
6.919139600000000223e-02
6.931706499999999715e-02
6.944274899999999806e-02
6.956844800000000495e-02
6.969416900000000026e-02
6.981991199999999786e-02
6.994568600000000691e-02
7.007148100000000490e-02
7.019731399999999677e-02
7.032318399999999692e-02
7.044908399999999515e-02
7.057502899999999746e-02
7.070101099999999417e-02
7.082704500000000514e-02
7.095312300000000683e-02
7.107925399999999450e-02
7.120543699999999643e-02
7.133167999999999453e-02
7.145798200000000322e-02
7.158434399999999420e-02
7.171077300000000543e-02
7.183727600000000546e-02
7.196384699999999746e-02
7.209049200000000601e-02
7.221721100000000337e-02
7.234401999999999500e-02
7.247091099999999897e-02
7.259788400000000141e-02
7.272495299999999496e-02
7.285211199999999665e-02
7.297937599999999858e-02
7.310673600000000549e-02
7.323419999999999930e-02
7.336176899999999335e-02
7.348945699999999415e-02
7.361724999999999519e-02
7.374516899999999930e-02
7.387320699999999629e-02
7.400136400000000003e-02
7.412965600000000210e-02
7.425808200000000303e-02
7.438663399999999315e-02
7.451533500000000199e-02
7.464417800000000547e-02
7.477316300000000360e-02
7.490230400000000288e-02
7.503160100000000332e-02
7.516105500000000439e-02
7.529067200000000293e-02
7.542045399999999788e-02
7.555040699999999998e-02
7.568053900000000500e-02
7.581084999999999907e-02
7.594133899999999660e-02
7.607202200000000303e-02
7.620289199999999430e-02
7.633396200000000520e-02
7.646522699999999673e-02
7.659670699999999999e-02
7.672838899999999407e-02
7.686028599999999988e-02
7.699240699999999882e-02
7.712474499999999455e-02
7.725732000000000432e-02
7.739011899999999333e-02
7.752316400000000551e-02
7.765644800000000292e-02
7.778998500000000593e-02
7.792376700000000489e-02
7.805781100000000472e-02
7.819212200000000279e-02
7.832670199999999805e-02
7.846155000000000490e-02
7.859668100000000157e-02
7.873209600000000141e-02
7.886780100000000127e-02
7.900380299999999745e-02
7.914011199999999857e-02
7.927672600000000569e-02
7.941365200000000124e-02
7.955089999999999384e-02
7.968846699999999894e-02
7.982637700000000391e-02
7.996461500000000278e-02
8.010320399999999730e-02
8.024214200000000241e-02
8.038143799999999950e-02
8.052109899999999876e-02
8.066112500000000018e-02
8.080153900000000555e-02
8.094232499999999553e-02
8.108351399999999543e-02
8.122509699999999611e-02
8.136708300000000671e-02
8.150948600000000599e-02
8.165231300000000414e-02
8.179556600000000011e-02
8.193925800000000093e-02
8.208338900000000660e-02
8.222797499999999482e-02
8.237302300000000355e-02
8.251854000000000133e-02
8.266453399999999785e-02
8.281101300000000276e-02
8.295798299999999903e-02
8.310546000000000599e-02
8.325345100000000609e-02
8.340196299999999563e-02
8.355101199999999395e-02
8.370059700000000158e-02
8.385072600000000043e-02
8.400142200000000614e-02
8.415269100000000169e-02
8.430454099999999673e-02
8.445698000000000094e-02
8.461001499999999675e-02
8.476367599999999614e-02
8.491794799999999310e-02
8.507286799999999594e-02
8.522842799999999497e-02
8.538464499999999513e-02
8.554153899999999977e-02
8.569911099999999449e-02
8.585738399999999493e-02
8.601636399999999794e-02
8.617605999999999877e-02
8.633649300000000026e-02
8.649767899999999399e-02
8.665962500000000401e-02
8.682235300000000489e-02
8.698586399999999608e-02
8.715018600000000448e-02
8.731532799999999761e-02
8.748130499999999532e-02
8.764813800000000044e-02
8.781583599999999434e-02
8.798441999999999374e-02
8.815391399999999988e-02
8.832432299999999625e-02
8.849566400000000166e-02
8.866796600000000084e-02
8.884124499999999924e-02
8.901551400000000391e-02
8.919079600000000274e-02
8.936711399999999750e-02
8.954448299999999417e-02
8.972293100000000576e-02
8.990247499999999559e-02
9.008313699999999369e-02
9.026493900000000237e-02
9.044790299999999617e-02
9.063205900000000093e-02
9.081742900000000507e-02
9.100404400000000615e-02
9.119191799999999681e-02
9.138108000000000342e-02
9.157156199999999524e-02
9.176339999999999497e-02
9.195660799999999524e-02
9.215121699999999361e-02
9.234727199999999414e-02
9.254478700000000335e-02
9.274380699999999755e-02
9.294436100000000311e-02
9.314648799999999951e-02
9.335021699999999922e-02
9.355558499999999666e-02
9.376262900000000011e-02
9.397139399999999976e-02
9.418191800000000335e-02
9.439424400000000215e-02
9.460841100000000337e-02
9.482446299999999773e-02
9.504245199999999949e-02
9.526241600000000254e-02
9.548441300000000409e-02
9.570848899999999382e-02
9.593469599999999986e-02
9.616308699999999432e-02
9.639372699999999849e-02
9.662666200000000205e-02
9.686196599999999379e-02
9.709969200000000134e-02
9.733990600000000382e-02
9.758267599999999320e-02
9.782806800000000413e-02
9.807617200000000313e-02
9.832704100000000391e-02
9.858076999999999812e-02
9.883743500000000126e-02
9.909712499999999424e-02
9.935992200000000329e-02
9.962592300000000511e-02
9.989523100000000100e-02
1.001679399999999970e-01
1.004441499999999959e-01
1.007239800000000046e-01
1.010075500000000015e-01
1.012949699999999981e-01
1.015863699999999953e-01
1.018818900000000027e-01
1.021816700000000022e-01
1.024858399999999947e-01
1.027945599999999932e-01
1.031080000000000052e-01
1.034263299999999969e-01
1.037497099999999950e-01
1.040783599999999948e-01
1.044124599999999986e-01
1.047522199999999931e-01
1.050978600000000013e-01
1.054496300000000025e-01
1.058077699999999954e-01
1.061725500000000044e-01
1.065442399999999984e-01
1.069231499999999946e-01
1.073096000000000050e-01
1.077039199999999947e-01
1.081064899999999995e-01
1.085176999999999947e-01
1.089379399999999970e-01
1.093676799999999949e-01
1.098073999999999995e-01
1.102576100000000059e-01
1.107188699999999970e-01
1.111917899999999987e-01
1.116770099999999932e-01
1.121752599999999989e-01
1.126872899999999955e-01
1.132139600000000024e-01
1.137561899999999931e-01
1.143149999999999999e-01
1.148914800000000042e-01
1.154868800000000001e-01
1.161025400000000041e-01
1.167399999999999965e-01
1.174009099999999972e-01
1.180871899999999947e-01
1.188009500000000024e-01
1.195446000000000009e-01
1.203208800000000051e-01
1.211329000000000017e-01
1.219842500000000024e-01
1.228791000000000050e-01
1.238223100000000049e-01
1.248195700000000047e-01
1.258776799999999918e-01
1.270047599999999943e-01
1.282106799999999935e-01
1.295075400000000043e-01
1.309104600000000063e-01
1.324385399999999935e-01
1.341165199999999891e-01
1.359769899999999920e-01
1.380640999999999952e-01
1.404394499999999935e-01
1.431919600000000070e-01
1.464555600000000124e-01
1.504416500000000101e-01
1.555022600000000033e-01
1.622555999999999998e-01
1.718364099999999950e-01
1.865230800000000078e-01
