8.990000000000000000e+02
0.000000000000000000e+00
1.795999899999999982e+01
2.044727399999999862e-01
2.351852500000000123e-01
2.735353400000000157e-01
3.151556300000000199e-01
3.563606699999999905e-01
3.953910800000000059e-01
4.316584500000000268e-01
4.650252799999999853e-01
4.955049200000000154e-01
5.231678499999999898e-01
5.481153100000000222e-01
5.704706299999999786e-01
5.903737500000000304e-01
6.079754200000000441e-01
6.234316199999999641e-01
6.368982800000000388e-01
6.485266100000000034e-01
6.584597199999999706e-01
6.668296500000000515e-01
6.737552300000000383e-01
6.793388099999999596e-01
6.836573500000000525e-01
6.867269900000000371e-01
6.884533800000000037e-01
6.887693400000000077e-01
6.877298400000000367e-01
6.853528599999999527e-01
6.815868000000000482e-01
6.763699100000000186e-01
6.696820300000000392e-01
6.615437299999999965e-01
6.520063299999999673e-01
6.411823599999999512e-01
6.292646499999999810e-01
6.164985299999999890e-01
6.031353499999999590e-01
5.893989800000000168e-01
5.754721799999999998e-01
5.614964399999999856e-01
5.475776199999999871e-01
5.337936300000000189e-01
5.202010299999999532e-01
5.068401700000000343e-01
4.937396000000000007e-01
4.809189099999999772e-01
4.683911499999999783e-01
4.561643599999999910e-01
4.442428400000000277e-01
4.326281499999999891e-01
4.213196300000000005e-01
4.103150400000000197e-01
3.996108199999999777e-01
3.892025599999999752e-01
3.790851199999999976e-01
3.692527700000000079e-01
3.596994299999999867e-01
3.504187500000000011e-01
3.414041700000000068e-01
3.326489899999999778e-01
3.241464800000000146e-01
3.158898399999999773e-01
3.078723500000000168e-01
3.000873000000000013e-01
2.925280299999999944e-01
2.851880199999999865e-01
2.780607900000000021e-01
2.711400700000000108e-01
2.644195899999999821e-01
2.578933500000000212e-01
2.515554099999999793e-01
2.453999699999999951e-01
2.394214100000000012e-01
2.336142499999999955e-01
2.279731799999999975e-01
2.224929800000000069e-01
2.171686600000000134e-01
2.119952999999999976e-01
2.069681899999999963e-01
2.020827199999999935e-01
1.973344700000000118e-01
1.927191000000000043e-01
1.882324499999999956e-01
1.838704800000000028e-01
1.796292999999999918e-01
1.755050999999999972e-01
1.714942499999999870e-01
1.675931999999999977e-01
1.637985299999999977e-01
1.601069400000000031e-01
1.565152399999999999e-01
1.530203400000000047e-01
1.496192500000000092e-01
1.463091099999999922e-01
1.430871200000000121e-01
1.399505900000000136e-01
1.368969100000000105e-01
1.339235900000000090e-01
1.310281899999999888e-01
1.282083499999999987e-01
1.254618500000000136e-01
1.227864500000000053e-01
1.201800600000000052e-01
1.176406400000000047e-01
1.151661999999999964e-01
1.127548399999999951e-01
1.104047100000000031e-01
1.081140299999999999e-01
1.058810800000000024e-01
1.037041800000000069e-01
1.015817400000000037e-01
9.951218200000000458e-02
9.749401400000000384e-02
9.552577099999999544e-02
9.360604000000000147e-02
9.173347099999999699e-02
8.990673700000000046e-02
8.812456600000000140e-02
8.638572699999999549e-02
8.468902100000000321e-02
8.303329299999999413e-02
8.141743399999999686e-02
7.984034700000000595e-02
7.830099000000000087e-02
7.679835699999999765e-02
7.533144999999999425e-02
7.389933599999999603e-02
7.250107799999999658e-02
7.113578900000000482e-02
6.980260500000000368e-02
6.850069000000000297e-02
6.722923399999999883e-02
6.598743799999999549e-02
6.477455799999999597e-02
6.358984099999999418e-02
6.243258000000000141e-02
6.130207700000000343e-02
6.019765500000000269e-02
5.911866600000000027e-02
5.806447599999999681e-02
5.703446599999999894e-02
5.602804599999999802e-02
5.504463200000000306e-02
5.408367099999999983e-02
5.314461100000000132e-02
5.222692699999999938e-02
5.133010400000000140e-02
5.045364799999999678e-02
4.959707299999999847e-02
4.875990699999999817e-02
4.794169999999999682e-02
4.714200300000000177e-02
4.636038800000000237e-02
4.559643900000000249e-02
4.484975000000000073e-02
4.411992399999999787e-02
4.340658000000000016e-02
4.270934700000000167e-02
4.202785700000000180e-02
4.136176400000000225e-02
4.071072099999999833e-02
4.007439699999999771e-02
3.945247100000000284e-02
3.884462300000000173e-02
3.825055100000000069e-02
3.766995699999999697e-02
3.710254999999999803e-02
3.654804500000000123e-02
3.600617500000000137e-02
3.547666599999999698e-02
3.495926399999999684e-02
3.445370899999999903e-02
3.395976099999999803e-02
3.347717599999999738e-02
3.300572200000000123e-02
3.254517500000000257e-02
3.209530599999999706e-02
3.165590399999999860e-02
3.122675800000000029e-02
3.080766299999999902e-02
3.039841899999999944e-02
2.999883100000000011e-02
2.960871199999999884e-02
2.922787300000000144e-02
2.885613600000000098e-02
2.849332400000000043e-02
2.813926699999999906e-02
2.779379699999999856e-02
2.745675100000000146e-02
2.712797000000000125e-02
2.680729899999999971e-02
2.649458700000000000e-02
2.618968500000000074e-02
2.589244799999999846e-02
2.560273700000000041e-02
2.532041399999999942e-02
2.504534500000000011e-02
2.477739799999999909e-02
2.451644700000000024e-02
2.426236299999999860e-02
2.401502800000000076e-02
2.377432000000000156e-02
2.354012399999999908e-02
2.331232499999999833e-02
2.309081300000000170e-02
2.287547700000000170e-02
2.266621200000000155e-02
2.246291400000000049e-02
2.226548100000000016e-02
2.207381500000000010e-02
2.188781500000000144e-02
2.170738800000000107e-02
2.153244099999999939e-02
2.136288199999999970e-02
2.119862299999999977e-02
2.103957700000000028e-02
2.088565599999999897e-02
2.073677800000000085e-02
2.059286100000000050e-02
2.045382600000000134e-02
2.031959200000000090e-02
2.019008200000000156e-02
2.006522399999999956e-02
1.994494000000000128e-02
1.982915999999999845e-02
1.971781099999999828e-02
1.961082600000000134e-02
1.950813599999999884e-02
1.940967299999999882e-02
1.931537100000000132e-02
1.922516900000000029e-02
1.913900099999999924e-02
1.905680400000000010e-02
1.897852100000000167e-02
1.890408999999999839e-02
1.883345300000000000e-02
1.876655199999999885e-02
1.870333199999999960e-02
1.864373700000000050e-02
1.858771199999999929e-02
1.853520399999999957e-02
1.848616100000000095e-02
1.844053199999999906e-02
1.839826400000000098e-02
1.835931099999999969e-02
1.832362099999999827e-02
1.829114700000000066e-02
1.826184200000000035e-02
1.823566100000000023e-02
1.821255499999999833e-02
1.819248299999999888e-02
1.817539699999999939e-02
1.816125799999999957e-02
1.815001899999999987e-02
1.814164000000000054e-02
1.813607999999999887e-02
1.813329899999999856e-02
1.813325500000000090e-02
1.813590899999999867e-02
1.814122300000000146e-02
1.814916000000000099e-02
1.815968000000000096e-02
1.817274699999999951e-02
1.818832199999999982e-02
1.820637500000000034e-02
1.822686399999999887e-02
1.824975900000000081e-02
1.827502300000000135e-02
1.830262300000000050e-02
1.833252599999999830e-02
1.836470000000000116e-02
1.839910800000000082e-02
1.843572400000000056e-02
1.847451400000000091e-02
1.851544499999999843e-02
1.855848900000000093e-02
1.860361400000000096e-02
1.865079099999999990e-02
1.869999099999999914e-02
1.875118400000000060e-02
1.880434300000000114e-02
1.885943699999999973e-02
1.891644099999999912e-02
1.897532700000000017e-02
1.903606600000000079e-02
1.909863200000000080e-02
1.916299900000000000e-02
1.922913999999999873e-02
1.929703199999999869e-02
1.936664600000000125e-02
1.943795800000000171e-02
1.951094299999999934e-02
1.958557999999999827e-02
1.966183800000000093e-02
1.973969999999999891e-02
1.981913700000000056e-02
1.990012999999999851e-02
1.998265299999999953e-02
2.006668199999999888e-02
2.015219999999999859e-02
2.023917999999999898e-02
2.032760000000000122e-02
2.041744100000000145e-02
2.050868000000000135e-02
2.060129700000000105e-02
2.069526899999999878e-02
2.079057700000000106e-02
2.088720000000000160e-02
2.098511700000000105e-02
2.108430999999999847e-02
2.118475699999999851e-02
2.128644099999999970e-02
2.138933900000000027e-02
2.149343700000000065e-02
2.159871199999999908e-02
2.170514499999999861e-02
2.181272000000000072e-02
2.192141900000000102e-02
2.203122199999999961e-02
2.214211199999999852e-02
2.225407199999999974e-02
2.236708399999999888e-02
2.248112999999999848e-02
2.259619499999999948e-02
2.271226000000000148e-02
2.282931100000000144e-02
2.294732799999999948e-02
2.306629699999999950e-02
2.318620299999999898e-02
2.330702700000000099e-02
2.342875499999999903e-02
2.355137100000000150e-02
2.367486099999999843e-02
2.379920699999999931e-02
2.392439700000000002e-02
2.405041499999999860e-02
2.417724400000000051e-02
2.430487200000000167e-02
2.443328499999999903e-02
2.456246700000000102e-02
2.469240500000000060e-02
2.482308600000000115e-02
2.495449400000000068e-02
2.508661499999999961e-02
2.521943899999999975e-02
2.535295099999999857e-02
2.548713600000000051e-02
2.562198200000000148e-02
2.575747899999999979e-02
2.589361000000000093e-02
2.603036499999999975e-02
2.616773199999999910e-02
2.630569599999999994e-02
2.644424700000000059e-02
2.658337399999999989e-02
2.672306299999999829e-02
2.686330099999999915e-02
2.700407999999999975e-02
2.714538600000000051e-02
2.728720899999999977e-02
2.742953799999999984e-02
2.757236000000000062e-02
2.771566599999999991e-02
2.785944599999999952e-02
2.800368500000000038e-02
2.814837699999999873e-02
2.829350900000000141e-02
2.843907099999999979e-02
2.858505399999999863e-02
2.873144899999999918e-02
2.887824199999999841e-02
2.902542600000000000e-02
2.917298999999999934e-02
2.932092500000000115e-02
2.946922399999999873e-02
2.961787399999999890e-02
2.976686699999999894e-02
2.991619300000000065e-02
3.006584400000000129e-02
3.021581300000000109e-02
3.036608699999999994e-02
3.051666000000000101e-02
3.066752299999999862e-02
3.081866700000000098e-02
3.097008500000000136e-02
3.112176800000000104e-02
3.127370799999999729e-02
3.142589300000000335e-02
3.157832099999999947e-02
3.173098299999999733e-02
3.188386900000000218e-02
3.203697099999999742e-02
3.219028599999999851e-02
3.234380099999999841e-02
3.249751000000000029e-02
3.265140999999999877e-02
3.280548800000000070e-02
3.295974100000000073e-02
3.311416100000000307e-02
3.326874199999999698e-02
3.342347200000000268e-02
3.357835099999999934e-02
3.373336799999999969e-02
3.388852299999999679e-02
3.404379999999999906e-02
3.419919700000000062e-02
3.435471300000000200e-02
3.451033299999999721e-02
3.466605799999999959e-02
3.482187500000000213e-02
3.497778599999999682e-02
3.513377899999999693e-02
3.528985400000000244e-02
3.544599899999999887e-02
3.560221599999999903e-02
3.575849200000000283e-02
3.591482299999999850e-02
3.607120700000000096e-02
3.622763999999999845e-02
3.638411300000000265e-02
3.654062000000000282e-02
3.669715999999999950e-02
3.685372700000000279e-02
3.701031600000000144e-02
3.716691999999999912e-02
3.732353399999999849e-02
3.748015700000000006e-02
3.763678300000000004e-02
3.779340900000000003e-02
3.795002799999999676e-02
3.810663899999999771e-02
3.826323200000000119e-02
3.841980899999999921e-02
3.857636500000000135e-02
3.873288999999999899e-02
3.888938599999999801e-02
3.904584800000000105e-02
3.920227300000000276e-02
3.935865300000000039e-02
3.951499199999999878e-02
3.967127899999999679e-02
3.982751400000000136e-02
3.998369000000000228e-02
4.013980899999999852e-02
4.029586500000000016e-02
4.045185400000000236e-02
4.060777299999999979e-02
4.076362000000000041e-02
4.091938999999999993e-02
4.107508399999999782e-02
4.123069299999999882e-02
4.138622100000000081e-02
4.154165800000000214e-02
4.169700700000000121e-02
4.185226200000000119e-02
4.200741999999999671e-02
4.216248200000000113e-02
4.231743899999999836e-02
4.247229500000000019e-02
4.262704800000000072e-02
4.278168799999999827e-02
4.293622099999999664e-02
4.309063800000000055e-02
4.324494300000000097e-02
4.339912499999999673e-02
4.355319199999999752e-02
4.370713600000000060e-02
4.386095699999999903e-02
4.401465499999999975e-02
4.416822299999999951e-02
4.432165999999999884e-02
4.447496699999999720e-02
4.462813999999999670e-02
4.478117799999999787e-02
4.493407900000000177e-02
4.508684599999999987e-02
4.523947100000000332e-02
4.539195099999999983e-02
4.554429299999999958e-02
4.569648999999999933e-02
4.584853700000000171e-02
4.600044300000000197e-02
4.615219699999999897e-02
4.630380099999999860e-02
4.645525699999999980e-02
4.660655899999999879e-02
4.675770600000000304e-02
4.690870300000000298e-02
4.705953999999999693e-02
4.721022400000000202e-02
4.736074800000000112e-02
4.751111599999999907e-02
4.766132299999999850e-02
4.781136999999999887e-02
4.796125400000000177e-02
4.811098099999999711e-02
4.826053999999999761e-02
4.840993899999999905e-02
4.855917399999999662e-02
4.870824099999999934e-02
4.885714900000000249e-02
4.900588499999999903e-02
4.915445699999999862e-02
4.930286500000000127e-02
4.945110199999999678e-02
4.959917099999999746e-02
4.974707200000000329e-02
4.989480599999999988e-02
5.004237200000000163e-02
5.018976700000000318e-02
5.033699400000000296e-02
5.048405000000000253e-02
5.063093500000000191e-02
5.077765100000000004e-02
5.092419699999999744e-02
5.107057500000000000e-02
5.121678100000000289e-02
5.136281599999999864e-02
5.150868000000000113e-02
5.165437600000000185e-02
5.179989699999999753e-02
5.194525400000000320e-02
5.209043599999999691e-02
5.223545100000000219e-02
5.238029400000000085e-02
5.252496899999999774e-02
5.266947300000000137e-02
5.281380900000000322e-02
5.295797399999999794e-02
5.310197199999999729e-02
5.324580100000000232e-02
5.338946399999999759e-02
5.353295799999999854e-02
5.367628499999999719e-02
5.381944799999999890e-02
5.396243900000000093e-02
5.410526699999999856e-02
5.424793099999999924e-02
5.439042999999999656e-02
5.453276299999999799e-02
5.467493500000000090e-02
5.481693900000000202e-02
5.495878299999999717e-02
5.510046700000000020e-02
5.524199099999999724e-02
5.538335099999999733e-02
5.552455399999999680e-02
5.566559699999999722e-02
5.580647999999999859e-02
5.594721099999999669e-02
5.608778100000000322e-02
5.622819800000000007e-02
5.636845499999999787e-02
5.650856299999999777e-02
5.664851900000000134e-02
5.678831799999999735e-02
5.692797200000000030e-02
5.706746900000000261e-02
5.720682099999999798e-02
5.734602400000000239e-02
5.748508100000000037e-02
5.762398999999999993e-02
5.776275300000000001e-02
5.790137499999999798e-02
5.803985100000000341e-02
5.817818599999999979e-02
5.831638399999999889e-02
5.845443899999999693e-02
5.859235699999999769e-02
5.873014000000000012e-02
5.886778200000000044e-02
5.900529399999999980e-02
5.914267200000000030e-02
5.927991900000000036e-02
5.941703200000000157e-02
5.955401800000000023e-02
5.969087399999999793e-02
5.982760300000000003e-02
5.996420999999999696e-02
6.010069299999999670e-02
6.023705000000000032e-02
6.037329100000000254e-02
6.050940999999999959e-02
6.064540899999999735e-02
6.078129300000000013e-02
6.091706499999999941e-02
6.105271699999999940e-02
6.118826200000000021e-02
6.132369499999999751e-02
6.145902000000000309e-02
6.159423700000000307e-02
6.172934900000000280e-02
6.186435700000000176e-02
6.199926099999999995e-02
6.213406800000000063e-02
6.226877100000000054e-02
6.240338100000000082e-02
6.253789399999999665e-02
6.267231700000000516e-02
6.280664399999999481e-02
6.294088100000000408e-02
6.307502800000000520e-02
6.320909399999999345e-02
6.334307000000000132e-02
6.347696499999999631e-02
6.361077699999999335e-02
6.374451500000000159e-02
6.387817099999999748e-02
6.401175300000000457e-02
6.414525999999999561e-02
6.427869899999999470e-02
6.441206500000000446e-02
6.454537100000000416e-02
6.467860200000000170e-02
6.481177400000000255e-02
6.494488599999999334e-02
6.507793800000000184e-02
6.521093099999999976e-02
6.534387199999999729e-02
6.547675999999999497e-02
6.560959700000000561e-02
6.574238799999999883e-02
6.587512800000000501e-02
6.600782299999999325e-02
6.614048000000000149e-02
6.627310100000000093e-02
6.640567599999999682e-02
6.653822199999999409e-02
6.667073799999999328e-02
6.680321699999999807e-02
6.693566600000000477e-02
6.706810000000000549e-02
6.720050399999999424e-02
6.733288599999999458e-02
6.746525300000000280e-02
6.759760500000000505e-02
6.772993500000000500e-02
6.786226500000000494e-02
6.799457999999999891e-02
6.812689500000000675e-02
6.825920200000000493e-02
6.839150900000000310e-02
6.852381700000000075e-02
6.865613199999999472e-02
6.878845399999999888e-02
6.892079099999999514e-02
6.905313600000000107e-02
6.918549499999999963e-02
6.931787699999999997e-02
6.945027400000000628e-02
6.958270099999999680e-02
6.971515000000000351e-02
6.984762799999999494e-02
6.998014499999999360e-02
7.011269000000000529e-02
7.024528100000000663e-02
7.037790900000000238e-02
7.051058100000000273e-02
7.064330600000000293e-02
7.077607499999999385e-02
7.090889699999999851e-02
7.104177799999999987e-02
7.117472599999999372e-02
7.130772600000000183e-02
7.144080099999999822e-02
7.157394300000000098e-02
7.170715900000000642e-02
7.184045000000000014e-02
7.197381599999999602e-02
7.210727000000000109e-02
7.224081499999999989e-02
7.237444099999999769e-02
7.250816399999999995e-02
7.264198400000000666e-02
7.277590800000000026e-02
7.290993599999999464e-02
7.304406900000000313e-02
7.317831399999999431e-02
7.331266999999999645e-02
7.344715300000000113e-02
7.358175499999999869e-02
7.371648399999999879e-02
7.385134000000000143e-02
7.398633699999999924e-02
7.412146799999999591e-02
7.425674100000000111e-02
7.439216199999999779e-02
7.452773299999999879e-02
7.466346000000000094e-02
7.479934400000000372e-02
7.493539899999999976e-02
7.507161099999999643e-02
7.520800099999999655e-02
7.534456999999999960e-02
7.548131800000000557e-02
7.561824500000000060e-02
7.575536500000000506e-02
7.589268700000000034e-02
7.603020200000000506e-02
7.616791900000000060e-02
7.630585099999999399e-02
7.644399300000000175e-02
7.658234999999999348e-02
7.672093800000000241e-02
7.685975000000000446e-02
7.699880000000000613e-02
7.713808099999999723e-02
7.727761599999999342e-02
7.741739599999999943e-02
7.755742999999999665e-02
7.769772399999999579e-02
7.783828700000000600e-02
7.797911800000000004e-02
7.812023199999999779e-02
7.826162100000000343e-02
7.840330900000000436e-02
7.854528700000000530e-02
7.868756400000000151e-02
7.883015300000000003e-02
7.897304700000000455e-02
7.911627000000000243e-02
7.925981299999999841e-02
7.940369099999999847e-02
7.954791199999999840e-02
7.969247499999999873e-02
7.983738899999999472e-02
7.998266099999999657e-02
8.012830499999999689e-02
8.027432099999999571e-02
8.042071800000000215e-02
8.056750099999999970e-02
8.071467999999999698e-02
8.086226900000000051e-02
8.101026000000000060e-02
8.115867499999999957e-02
8.130751599999999635e-02
8.145678800000000219e-02
8.160650699999999480e-02
8.175667400000000140e-02
8.190730999999999706e-02
8.205840699999999988e-02
8.220998200000000089e-02
8.236204099999999695e-02
8.251459899999999403e-02
8.266766400000000181e-02
8.282124300000000272e-02
8.297534299999999308e-02
8.312997199999999642e-02
8.328515300000000066e-02
8.344088500000000630e-02
8.359718300000000546e-02
8.375405499999999392e-02
8.391150799999999577e-02
8.406956499999999888e-02
8.422822500000000379e-02
8.438750400000000207e-02
8.454741500000000076e-02
8.470796799999999460e-02
8.486917600000000450e-02
8.503105499999999428e-02
8.519361200000000189e-02
8.535685399999999590e-02
8.552081100000000213e-02
8.568548400000000620e-02
8.585088700000000073e-02
8.601703500000000557e-02
8.618394999999999528e-02
8.635164100000000675e-02
8.652011299999999572e-02
8.668939800000000084e-02
8.685950200000000510e-02
8.703044799999999637e-02
8.720224399999999820e-02
8.737490300000000376e-02
8.754845699999999620e-02
8.772291999999999590e-02
8.789829899999999918e-02
8.807461699999999394e-02
8.825189599999999635e-02
8.843015099999999851e-02
8.860941199999999851e-02
8.878968700000000602e-02
8.897099599999999664e-02
8.915337199999999462e-02
8.933682699999999366e-02
8.952138599999999446e-02
8.970706900000000039e-02
8.989390699999999512e-02
9.008191499999999852e-02
9.027113000000000498e-02
9.046155999999999642e-02
9.065324800000000571e-02
9.084620300000000037e-02
9.104046999999999834e-02
9.123607000000000244e-02
9.143302600000000058e-02
9.163137500000000102e-02
9.183114800000000133e-02
9.203237999999999697e-02
9.223508800000000674e-02
9.243932400000000327e-02
9.264511599999999958e-02
9.285248799999999691e-02
9.306149900000000585e-02
9.327216400000000462e-02
9.348453599999999308e-02
9.369865800000000411e-02
9.391456099999999363e-02
9.413228899999999399e-02
9.435189500000000506e-02
9.457341599999999349e-02
9.479690300000000180e-02
9.502241000000000160e-02
9.524998099999999746e-02
9.547966700000000417e-02
9.571152900000000352e-02
9.594561899999999588e-02
9.618198899999999552e-02
9.642071300000000511e-02
9.666184299999999729e-02
9.690545500000000145e-02
9.715160700000000094e-02
9.740036700000000158e-02
9.765181700000000187e-02
9.790602299999999480e-02
9.816307600000000189e-02
9.842304899999999857e-02
9.868602499999999667e-02
9.895210000000000117e-02
9.922136400000000633e-02
9.949392099999999906e-02
9.976985300000000556e-02
1.000492899999999991e-01
1.003323200000000026e-01
1.006190799999999996e-01
1.009096700000000069e-01
1.012042199999999975e-01
1.015028800000000037e-01
1.018057799999999985e-01
1.021130499999999969e-01
1.024248700000000012e-01
1.027413799999999933e-01
1.030627600000000033e-01
1.033892000000000005e-01
1.037208599999999981e-01
1.040579499999999963e-01
1.044006999999999991e-01
1.047493099999999983e-01
1.051040200000000063e-01
1.054650800000000027e-01
1.058327700000000066e-01
1.062073500000000059e-01
1.065891199999999955e-01
1.069784200000000046e-01
1.073755599999999949e-01
1.077809299999999970e-01
1.081948999999999966e-01
1.086178899999999947e-01
1.090503500000000042e-01
1.094927599999999945e-01
1.099456300000000025e-01
1.104095199999999971e-01
1.108850299999999955e-01
1.113728199999999974e-01
1.118736000000000036e-01
1.123881300000000028e-01
1.129172400000000021e-01
1.134618800000000011e-01
1.140230400000000061e-01
1.146018399999999965e-01
1.151994800000000069e-01
1.158173499999999995e-01
1.164569300000000002e-01
1.171199099999999937e-01
1.178081599999999951e-01
1.185238200000000020e-01
1.192692699999999967e-01
1.200472300000000048e-01
1.208608000000000043e-01
1.217135800000000018e-01
1.226096899999999934e-01
1.235539600000000043e-01
1.245520900000000042e-01
1.256107800000000052e-01
1.267381499999999939e-01
1.279439599999999955e-01
1.292402699999999904e-01
1.306420600000000043e-01
1.321682899999999938e-01
1.338434699999999922e-01
1.356998700000000002e-01
1.377811999999999926e-01
1.401483299999999876e-01
1.428890700000000069e-01
1.461353999999999986e-01
1.500954200000000072e-01
1.551149199999999895e-01
1.618002199999999946e-01
1.712624700000000000e-01
1.857275100000000123e-01
