1.043000000000000000e+03
0.000000000000000000e+00
2.083999999999999986e+01
2.052224900000000074e-01
2.359051600000000026e-01
2.742209400000000241e-01
3.158052900000000163e-01
3.569741799999999743e-01
3.959685299999999852e-01
4.322000400000000075e-01
4.655314099999999788e-01
4.959761500000000045e-01
5.236050500000000163e-01
5.485196100000000463e-01
5.708435200000000487e-01
5.907167800000000524e-01
6.082903699999999692e-01
6.237202899999999550e-01
6.371625699999999837e-01
6.487683100000000147e-01
6.586804400000000337e-01
6.670309899999999903e-01
6.739385100000000461e-01
6.795052299999999601e-01
6.838075500000000417e-01
6.868607399999999696e-01
6.885693099999999900e-01
6.888675699999999846e-01
6.878109599999999713e-01
6.854162799999999889e-01
6.816313899999999482e-01
6.763943399999999828e-01
6.696854199999999757e-01
6.615253100000000330e-01
6.519653199999999593e-01
6.411187099999999806e-01
6.291792400000000285e-01
6.163927300000000553e-01
6.030104200000000469e-01
5.892561099999999996e-01
5.753120800000000035e-01
5.613194700000000426e-01
5.473839000000000343e-01
5.335831599999999453e-01
5.199735800000000463e-01
5.065953699999999893e-01
4.934770199999999885e-01
4.806381200000000020e-01
4.680916999999999994e-01
4.558457699999999835e-01
4.439046700000000012e-01
4.322699300000000244e-01
4.209409399999999857e-01
4.099154500000000145e-01
3.991900099999999840e-01
3.887601800000000107e-01
3.786208300000000193e-01
3.687663700000000100e-01
3.591906699999999897e-01
3.498874599999999835e-01
3.408501999999999921e-01
3.320722300000000238e-01
3.235468899999999759e-01
3.152674100000000257e-01
3.072270799999999857e-01
2.994192199999999859e-01
2.918372799999999767e-01
2.844747000000000248e-01
2.773250600000000121e-01
2.703821100000000088e-01
2.636396599999999979e-01
2.570916699999999944e-01
2.507322399999999951e-01
2.445556200000000013e-01
2.385562200000000133e-01
2.327285699999999957e-01
2.270673500000000011e-01
2.215674199999999872e-01
2.162237300000000029e-01
2.110314399999999868e-01
2.059858099999999914e-01
2.010822700000000074e-01
1.963163800000000125e-01
1.916838299999999995e-01
1.871804699999999877e-01
1.828022599999999942e-01
1.785452999999999901e-01
1.744058099999999945e-01
1.703801299999999908e-01
1.664647499999999947e-01
1.626562199999999903e-01
1.589512499999999884e-01
1.553466500000000028e-01
1.518393199999999998e-01
1.484262600000000043e-01
1.451046300000000122e-01
1.418715999999999866e-01
1.387244900000000059e-01
1.356606900000000004e-01
1.326776899999999870e-01
1.297730400000000062e-01
1.269443899999999903e-01
1.241894899999999996e-01
1.215061199999999952e-01
1.188921599999999967e-01
1.163455500000000059e-01
1.138643200000000050e-01
1.114465600000000001e-01
1.090904000000000040e-01
1.067940400000000067e-01
1.045557599999999976e-01
1.023738800000000004e-01
1.002467799999999937e-01
9.817288799999999982e-02
9.615069599999999383e-02
9.417873599999999901e-02
9.225558500000000106e-02
9.037987100000000051e-02
8.855027000000000037e-02
8.676549799999999646e-02
8.502429699999999868e-02
8.332548300000000574e-02
8.166787799999999931e-02
8.005036399999999885e-02
7.847183900000000156e-02
7.693124599999999480e-02
7.542756899999999987e-02
7.395981299999999925e-02
7.252701400000000076e-02
7.112824900000000450e-02
6.976261000000000267e-02
6.842923200000000650e-02
6.712724999999999942e-02
6.585586799999999796e-02
6.461427399999999932e-02
6.340170700000000159e-02
6.221741399999999866e-02
6.106067099999999692e-02
5.993077900000000346e-02
5.882705399999999668e-02
5.774883900000000320e-02
5.669549100000000064e-02
5.566638299999999984e-02
5.466092399999999962e-02
5.367851600000000251e-02
5.271859799999999846e-02
5.178061899999999995e-02
5.086404099999999873e-02
4.996834299999999840e-02
4.909302699999999742e-02
4.823759899999999906e-02
4.740158500000000302e-02
4.658451999999999732e-02
4.578596000000000055e-02
4.500546300000000249e-02
4.424261300000000008e-02
4.349699600000000305e-02
4.276820600000000305e-02
4.205586800000000319e-02
4.135958900000000216e-02
4.067901100000000103e-02
4.001377899999999932e-02
3.936354100000000189e-02
3.872795799999999983e-02
3.810670599999999714e-02
3.749946900000000055e-02
3.690592899999999704e-02
3.632578599999999880e-02
3.575875199999999782e-02
3.520453700000000102e-02
3.466286100000000314e-02
3.413345699999999899e-02
3.361605899999999675e-02
3.311040999999999984e-02
3.261626499999999845e-02
3.213337799999999717e-02
3.166150999999999688e-02
3.120043299999999964e-02
3.074992400000000140e-02
3.030976100000000104e-02
2.987973400000000154e-02
2.945963299999999896e-02
2.904925699999999847e-02
2.864840800000000021e-02
2.825689500000000062e-02
2.787453100000000100e-02
2.750113400000000000e-02
2.713652299999999920e-02
2.678052900000000083e-02
2.643298200000000070e-02
2.609371200000000154e-02
2.576256500000000116e-02
2.543938000000000102e-02
2.512400600000000081e-02
2.481629299999999969e-02
2.451609399999999869e-02
2.422326799999999919e-02
2.393767600000000148e-02
2.365918499999999924e-02
2.338765699999999920e-02
2.312296999999999964e-02
2.286499200000000065e-02
2.261360399999999896e-02
2.236868300000000032e-02
2.213011299999999987e-02
2.189777799999999969e-02
2.167156900000000164e-02
2.145137299999999927e-02
2.123708499999999930e-02
2.102860100000000093e-02
2.082581600000000047e-02
2.062863499999999933e-02
2.043695400000000023e-02
2.025068199999999902e-02
2.006972599999999954e-02
1.989399099999999976e-02
1.972339099999999984e-02
1.955783700000000153e-02
1.939724400000000099e-02
1.924152900000000027e-02
1.909060799999999850e-02
1.894440299999999855e-02
1.880283699999999933e-02
1.866582799999999889e-02
1.853330599999999939e-02
1.840519499999999919e-02
1.828142300000000151e-02
1.816192100000000101e-02
1.804661800000000038e-02
1.793544600000000072e-02
1.782834200000000049e-02
1.772523700000000133e-02
1.762606800000000168e-02
1.753077499999999844e-02
1.743929500000000049e-02
1.735156800000000124e-02
1.726753500000000052e-02
1.718713900000000058e-02
1.711032399999999967e-02
1.703703000000000162e-02
1.696720900000000046e-02
1.690080399999999844e-02
1.683776500000000106e-02
1.677803500000000017e-02
1.672157100000000104e-02
1.666831599999999899e-02
1.661822799999999878e-02
1.657125400000000054e-02
1.652735099999999915e-02
1.648646999999999960e-02
1.644856700000000074e-02
1.641359699999999852e-02
1.638151700000000169e-02
1.635228299999999871e-02
1.632585599999999970e-02
1.630218900000000165e-02
1.628124699999999869e-02
1.626298600000000011e-02
1.624736699999999867e-02
1.623435299999999998e-02
1.622390599999999974e-02
1.621598800000000062e-02
1.621055999999999886e-02
1.620758900000000141e-02
1.620703600000000105e-02
1.620886800000000127e-02
1.621305199999999863e-02
1.621955099999999872e-02
1.622833300000000104e-02
1.623936600000000161e-02
1.625261500000000151e-02
1.626804800000000023e-02
1.628563699999999864e-02
1.630534800000000076e-02
1.632715200000000103e-02
1.635102000000000083e-02
1.637691800000000072e-02
1.640482199999999946e-02
1.643469900000000053e-02
1.646652399999999974e-02
1.650026799999999849e-02
1.653590200000000163e-02
1.657340100000000149e-02
1.661273699999999895e-02
1.665388199999999833e-02
1.669681400000000079e-02
1.674150500000000028e-02
1.678793099999999899e-02
1.683606400000000128e-02
1.688588200000000136e-02
1.693736200000000094e-02
1.699047500000000141e-02
1.704520400000000130e-02
1.710152100000000147e-02
1.715940200000000068e-02
1.721882799999999852e-02
1.727977600000000016e-02
1.734222300000000036e-02
1.740614700000000029e-02
1.747152600000000111e-02
1.753833900000000001e-02
1.760656600000000058e-02
1.767618599999999998e-02
1.774717699999999940e-02
1.781951999999999842e-02
1.789319500000000063e-02
1.796818299999999868e-02
1.804446200000000070e-02
1.812201600000000121e-02
1.820082400000000086e-02
1.828086599999999978e-02
1.836212499999999997e-02
1.844458499999999945e-02
1.852822299999999991e-02
1.861302399999999885e-02
1.869896999999999879e-02
1.878604500000000121e-02
1.887422799999999984e-02
1.896350499999999856e-02
1.905385600000000096e-02
1.914526899999999948e-02
1.923772300000000171e-02
1.933120400000000114e-02
1.942569599999999924e-02
1.952118200000000151e-02
1.961764699999999848e-02
1.971507399999999910e-02
1.981344999999999981e-02
1.991275899999999863e-02
2.001298400000000102e-02
2.011411299999999944e-02
2.021612999999999882e-02
2.031901900000000066e-02
2.042276599999999845e-02
2.052735899999999850e-02
2.063278299999999829e-02
2.073902299999999879e-02
2.084606500000000043e-02
2.095389699999999911e-02
2.106250600000000167e-02
2.117187499999999972e-02
2.128199700000000041e-02
2.139285200000000040e-02
2.150443200000000041e-02
2.161672200000000141e-02
2.172971099999999878e-02
2.184338499999999988e-02
2.195773300000000011e-02
2.207274199999999936e-02
2.218839900000000101e-02
2.230469499999999938e-02
2.242161499999999891e-02
2.253915000000000085e-02
2.265728599999999870e-02
2.277601300000000120e-02
2.289531900000000078e-02
2.301519600000000165e-02
2.313562900000000130e-02
2.325660699999999859e-02
2.337812300000000065e-02
2.350016300000000100e-02
2.362271800000000088e-02
2.374577500000000022e-02
2.386932799999999869e-02
2.399336399999999966e-02
2.411787400000000095e-02
2.424284599999999845e-02
2.436827299999999932e-02
2.449414299999999947e-02
2.462044700000000017e-02
2.474717599999999920e-02
2.487431999999999838e-02
2.500186999999999896e-02
2.512981699999999874e-02
2.525815400000000141e-02
2.538686600000000099e-02
2.551594899999999957e-02
2.564539199999999949e-02
2.577518900000000043e-02
2.590532799999999830e-02
2.603580200000000025e-02
2.616660300000000008e-02
2.629772199999999907e-02
2.642915200000000089e-02
2.656088399999999988e-02
2.669290800000000130e-02
2.682521900000000084e-02
2.695780799999999977e-02
2.709066900000000125e-02
2.722379000000000118e-02
2.735716800000000115e-02
2.749079499999999843e-02
2.762465899999999933e-02
2.775875900000000090e-02
2.789308100000000012e-02
2.802762599999999993e-02
2.816237900000000127e-02
2.829733900000000121e-02
2.843249600000000155e-02
2.856784299999999902e-02
2.870337499999999972e-02
2.883908500000000041e-02
2.897496499999999836e-02
2.911101099999999914e-02
2.924721500000000002e-02
2.938357000000000122e-02
2.952007200000000137e-02
2.965671199999999827e-02
2.979348600000000097e-02
2.993038900000000169e-02
3.006741200000000169e-02
3.020455099999999962e-02
3.034179999999999863e-02
3.047915400000000136e-02
3.061660600000000107e-02
3.075415100000000040e-02
3.089178399999999852e-02
3.102950000000000153e-02
3.116729099999999975e-02
3.130515700000000012e-02
3.144308600000000203e-02
3.158107799999999854e-02
3.171912600000000027e-02
3.185722600000000237e-02
3.199537100000000162e-02
3.213356099999999799e-02
3.227178399999999781e-02
3.241004000000000107e-02
3.254832700000000190e-02
3.268663200000000019e-02
3.282496000000000025e-02
3.296329800000000199e-02
3.310164799999999741e-02
3.324000199999999766e-02
3.337835499999999844e-02
3.351670899999999870e-02
3.365505500000000316e-02
3.379338600000000165e-02
3.393170599999999898e-02
3.407000400000000095e-02
3.420827900000000116e-02
3.434652800000000117e-02
3.448474399999999773e-02
3.462292599999999831e-02
3.476107099999999756e-02
3.489917499999999756e-02
3.503723100000000201e-02
3.517523799999999756e-02
3.531319299999999967e-02
3.545109600000000138e-02
3.558893500000000210e-02
3.572671100000000127e-02
3.586442399999999892e-02
3.600206999999999713e-02
3.613964100000000013e-02
3.627713800000000044e-02
3.641455600000000070e-02
3.655189600000000039e-02
3.668915100000000318e-02
3.682631599999999783e-02
3.696339600000000253e-02
3.710038200000000119e-02
3.723727200000000181e-02
3.737406399999999851e-02
3.751075599999999927e-02
3.764734399999999925e-02
3.778383099999999689e-02
3.792020699999999744e-02
3.805647000000000196e-02
3.819262200000000246e-02
3.832866299999999893e-02
3.846457999999999822e-02
3.860038100000000305e-02
3.873606000000000271e-02
3.887161599999999773e-02
3.900704199999999872e-02
3.914234400000000252e-02
3.927751300000000001e-02
3.941255099999999706e-02
3.954745099999999736e-02
3.968221699999999880e-02
3.981684499999999655e-02
3.995133599999999702e-02
4.008568099999999801e-02
4.021988399999999741e-02
4.035394300000000323e-02
4.048785199999999779e-02
4.062161599999999928e-02
4.075522699999999804e-02
4.088868600000000048e-02
4.102199499999999860e-02
4.115514499999999715e-02
4.128814100000000042e-02
4.142097799999999719e-02
4.155365800000000026e-02
4.168617699999999787e-02
4.181853299999999801e-02
4.195072500000000121e-02
4.208275300000000052e-02
4.221461700000000289e-02
4.234631400000000295e-02
4.247784200000000177e-02
4.260919999999999985e-02
4.274039000000000310e-02
4.287140799999999974e-02
4.300225199999999776e-02
4.313292400000000304e-02
4.326341999999999688e-02
4.339374599999999693e-02
4.352389300000000100e-02
4.365386100000000213e-02
4.378365399999999824e-02
4.391326400000000046e-02
4.404269899999999766e-02
4.417195200000000044e-02
4.430102600000000029e-02
4.442991699999999933e-02
4.455862199999999912e-02
4.468714800000000292e-02
4.481549199999999844e-02
4.494364900000000218e-02
4.507161999999999974e-02
4.519940900000000289e-02
4.532700800000000196e-02
4.545442400000000022e-02
4.558165399999999923e-02
4.570869400000000110e-02
4.583554699999999732e-02
4.596221100000000281e-02
4.608868800000000265e-02
4.621497499999999842e-02
4.634107300000000346e-02
4.646697999999999801e-02
4.659270100000000026e-02
4.671822900000000001e-02
4.684357000000000104e-02
4.696871700000000011e-02
4.709367500000000151e-02
4.721844199999999936e-02
4.734301600000000165e-02
4.746739900000000040e-02
4.759159300000000148e-02
4.771559699999999848e-02
4.783940700000000046e-02
4.796302699999999836e-02
4.808645300000000122e-02
4.820968999999999949e-02
4.833273200000000325e-02
4.845558500000000240e-02
4.857824699999999801e-02
4.870071599999999806e-02
4.882299500000000098e-02
4.894508399999999981e-02
4.906697899999999668e-02
4.918868500000000282e-02
4.931019999999999848e-02
4.943152499999999699e-02
4.955265999999999837e-02
4.967360199999999726e-02
4.979435699999999743e-02
4.991492299999999993e-02
5.003529400000000099e-02
5.015547900000000281e-02
5.027547899999999792e-02
5.039528399999999853e-02
5.051490299999999989e-02
5.063433600000000201e-02
5.075357900000000005e-02
5.087263499999999938e-02
5.099150499999999947e-02
5.111018900000000031e-02
5.122868700000000192e-02
5.134699899999999734e-02
5.146512400000000098e-02
5.158306700000000328e-02
5.170082299999999992e-02
5.181839700000000215e-02
5.193578799999999662e-02
5.205299299999999879e-02
5.217001999999999751e-02
5.228686300000000287e-02
5.240352499999999941e-02
5.252000700000000050e-02
5.263630700000000023e-02
5.275242799999999704e-02
5.286836999999999787e-02
5.298413300000000270e-02
5.309972200000000198e-02
5.321513099999999885e-02
5.333036599999999711e-02
5.344542099999999990e-02
5.356030199999999714e-02
5.367501100000000164e-02
5.378954500000000111e-02
5.390390400000000248e-02
5.401809500000000208e-02
5.413211099999999665e-02
5.424595599999999795e-02
5.435962999999999906e-02
5.447313599999999839e-02
5.458647400000000288e-02
5.469964399999999866e-02
5.481264400000000064e-02
5.492547899999999927e-02
5.503815000000000096e-02
5.515065400000000034e-02
5.526299800000000068e-02
5.537517399999999923e-02
5.548718899999999926e-02
5.559904499999999972e-02
5.571073700000000323e-02
5.582227199999999917e-02
5.593364700000000300e-02
5.604486200000000085e-02
5.615592400000000289e-02
5.626682599999999895e-02
5.637757499999999922e-02
5.648816699999999885e-02
5.659860700000000217e-02
5.670889500000000222e-02
5.681902900000000006e-02
5.692901499999999948e-02
5.703885100000000152e-02
5.714853500000000031e-02
5.725807299999999961e-02
5.736746599999999890e-02
5.747671099999999977e-02
5.758581299999999958e-02
5.769476700000000097e-02
5.780358199999999919e-02
5.791225299999999687e-02
5.802078499999999833e-02
5.812917599999999768e-02
5.823742999999999975e-02
5.834554100000000076e-02
5.845351900000000239e-02
5.856136199999999875e-02
5.866906799999999783e-02
5.877664300000000341e-02
5.888408400000000320e-02
5.899139500000000202e-02
5.909857200000000199e-02
5.920562099999999994e-02
5.931254500000000124e-02
5.941934100000000052e-02
5.952600799999999831e-02
5.963255499999999681e-02
5.973897499999999972e-02
5.984527199999999797e-02
5.995144699999999799e-02
6.005750199999999872e-02
6.016343799999999964e-02
6.026925899999999864e-02
6.037495999999999835e-02
6.048054600000000308e-02
6.058601999999999738e-02
6.069137899999999669e-02
6.079662200000000155e-02
6.090176099999999870e-02
6.100678400000000140e-02
6.111170400000000280e-02
6.121651100000000123e-02
6.132121799999999678e-02
6.142581600000000114e-02
6.153031099999999726e-02
6.163470100000000007e-02
6.173899399999999843e-02
6.184318700000000085e-02
6.194727900000000093e-02
6.205127399999999654e-02
6.215517200000000159e-02
6.225897700000000007e-02
6.236268600000000051e-02
6.246630499999999975e-02
6.256983400000000473e-02
6.267327100000000262e-02
6.277661800000000625e-02
6.287988299999999753e-02
6.298305799999999455e-02
6.308614499999999625e-02
6.318915599999999633e-02
6.329207900000000109e-02
6.339492600000000422e-02
6.349769199999999447e-02
6.360037600000000013e-02
6.370299299999999942e-02
6.380552800000000024e-02
6.390798799999999891e-02
6.401038200000000455e-02
6.411270099999999417e-02
6.421494499999999550e-02
6.431713000000000013e-02
6.441924000000000261e-02
6.452128999999999504e-02
6.462327399999999444e-02
6.472519000000000189e-02
6.482705499999999454e-02
6.492885199999999524e-02
6.503059699999999554e-02
6.513227500000000336e-02
6.523390900000000658e-02
6.533548200000000028e-02
6.543700399999999306e-02
6.553847299999999987e-02
6.563989100000000576e-02
6.574126299999999423e-02
6.584259100000000586e-02
6.594386700000000323e-02
6.604510500000000672e-02
6.614629900000000562e-02
6.624744800000000045e-02
6.634856000000000087e-02
6.644963500000000689e-02
6.655068000000000095e-02
6.665168000000000481e-02
6.675264999999999671e-02
6.685359000000000440e-02
6.695450099999999960e-02
6.705538199999999671e-02
6.715623299999999574e-02
6.725706200000000634e-02
6.735786100000000498e-02
6.745864499999999764e-02
6.755940600000000240e-02
6.766014500000000487e-02
6.776087000000000082e-02
6.786157900000000520e-02
6.796227400000000307e-02
6.806295399999999496e-02
6.816362600000000493e-02
6.826429100000000472e-02
6.836494099999999852e-02
6.846559000000000672e-02
6.856623300000000421e-02
6.866687500000000222e-02
6.876751799999999970e-02
6.886815300000000140e-02
6.896880299999999520e-02
6.906944499999999321e-02
6.917010199999999720e-02
6.927076000000000067e-02
6.937143199999999676e-02
6.947211899999999885e-02
6.957281399999999671e-02
6.967352300000000109e-02
6.977424799999999705e-02
6.987499399999999583e-02
6.997576399999999586e-02
7.007654800000000239e-02
7.017736099999999366e-02
7.027819800000000006e-02
7.037906300000000559e-02
7.047995899999999481e-02
7.058088499999999599e-02
7.068184800000000545e-02
7.078283999999999965e-02
7.088387000000000160e-02
7.098494499999999374e-02
7.108605699999999417e-02
7.118721299999999919e-02
7.128841399999999440e-02
7.138965999999999368e-02
7.149095799999999334e-02
7.159230099999999708e-02
7.169370399999999699e-02
7.179515799999999781e-02
7.189667199999999481e-02
7.199824600000000185e-02
7.209987199999999541e-02
7.220157200000000552e-02
7.230333199999999794e-02
7.240515899999999672e-02
7.250706099999999765e-02
7.260903000000000496e-02
7.271107300000000107e-02
7.281319799999999565e-02
7.291538999999999660e-02
7.301767200000000568e-02
7.312003499999999989e-02
7.322248100000000592e-02
7.332501600000000674e-02
7.342764000000000235e-02
7.353036100000000241e-02
7.363317199999999674e-02
7.373607899999999604e-02
7.383908299999999980e-02
7.394219200000000380e-02
7.404540499999999470e-02
7.414872200000000024e-02
7.425214400000000603e-02
7.435568400000000522e-02
7.445933700000000044e-02
7.456310100000000662e-02
7.466699200000000147e-02
7.477099399999999341e-02
7.487513099999999755e-02
7.497938699999999457e-02
7.508376999999999413e-02
7.518828700000000642e-02
7.529294500000000001e-02
7.539772999999999614e-02
7.550266399999999711e-02
7.560773199999999694e-02
7.571294900000000161e-02
7.581831499999999724e-02
7.592382999999999771e-02
7.602950199999999881e-02
7.613532200000000527e-02
7.624130699999999428e-02
7.634745499999999463e-02
7.645376800000000528e-02
7.656025099999999584e-02
7.666690600000000688e-02
7.677373299999999678e-02
7.688073800000000402e-02
7.698792200000000030e-02
7.709529299999999530e-02
7.720284900000000394e-02
7.731059899999999374e-02
7.741853599999999613e-02
7.752667400000000375e-02
7.763501300000000271e-02
7.774355300000000690e-02
7.785230099999999875e-02
7.796125900000000497e-02
7.807043199999999517e-02
7.817982099999999657e-02
7.828942699999999477e-02
7.839926299999999681e-02
7.850932300000000585e-02
7.861962200000000012e-02
7.873015099999999822e-02
7.884091899999999542e-02
7.895193200000000244e-02
7.906319200000000436e-02
7.917469700000000221e-02
7.928646400000000094e-02
7.939849000000000212e-02
7.951077800000000417e-02
7.962332699999999375e-02
7.973615800000000142e-02
7.984925800000000629e-02
7.996263400000000465e-02
8.007630000000000303e-02
8.019024900000000511e-02
8.030449600000000299e-02
8.041904099999999667e-02
8.053388400000000003e-02
8.064904100000000464e-02
8.076450200000000190e-02
8.088027700000000042e-02
8.099637899999999335e-02
8.111280199999999774e-02
8.122956000000000620e-02
8.134665300000000487e-02
8.146408199999999322e-02
8.158186100000000551e-02
8.169999000000000011e-02
8.181847600000000109e-02
8.193732800000000371e-02
8.205654499999999463e-02
8.217612700000000159e-02
8.229609599999999914e-02
8.241644500000000484e-02
8.253718899999999692e-02
8.265832800000000313e-02
8.277986900000000592e-02
8.290181300000000475e-02
8.302417400000000614e-02
8.314696000000000586e-02
8.327017000000000446e-02
8.339381199999999772e-02
8.351790200000000497e-02
8.364243100000000319e-02
8.376741399999999838e-02
8.389285999999999965e-02
8.401876699999999420e-02
8.414515899999999715e-02
8.427202699999999935e-02
8.439938700000000626e-02
8.452723900000000401e-02
8.465560499999999489e-02
8.478447799999999646e-02
8.491387200000000135e-02
8.504378799999999516e-02
8.517424799999999407e-02
8.530525099999999861e-02
8.543681399999999981e-02
8.556892700000000296e-02
8.570162200000000507e-02
8.583489099999999650e-02
8.596875499999999393e-02
8.610321599999999631e-02
8.623828000000000049e-02
8.637396199999999857e-02
8.651027799999999601e-02
8.664722699999999334e-02
8.678483200000000619e-02
8.692308499999999716e-02
8.706201600000000596e-02
8.720162500000000483e-02
8.734192000000000344e-02
8.748292200000000463e-02
8.762463900000000416e-02
8.776708699999999364e-02
8.791026500000000132e-02
8.805419500000000177e-02
8.819889300000000043e-02
8.834435799999999783e-02
8.849062000000000594e-02
8.863768700000000667e-02
8.878556599999999632e-02
8.893427299999999425e-02
8.908382800000000379e-02
8.923424000000000633e-02
8.938553200000000365e-02
8.953771000000000646e-02
8.969079000000000634e-02
8.984480100000000191e-02
8.999974299999999316e-02
9.015563899999999575e-02
9.031251099999999810e-02
9.047037400000000618e-02
9.062924199999999875e-02
9.078913199999999462e-02
9.095007200000000680e-02
9.111207699999999965e-02
9.127516300000000637e-02
9.143935899999999783e-02
9.160467999999999389e-02
9.177114799999999684e-02
9.193878599999999457e-02
9.210760899999999307e-02
9.227766099999999694e-02
9.244894200000000617e-02
9.262149000000000076e-02
9.279532699999999690e-02
9.297048300000000653e-02
9.314697199999999455e-02
9.332483299999999593e-02
9.350409399999999593e-02
9.368478500000000653e-02
9.386692200000000541e-02
9.405054899999999718e-02
9.423569599999999380e-02
9.442239299999999336e-02
9.461067600000000466e-02
9.480057699999999699e-02
9.499212399999999723e-02
9.518536900000000578e-02
9.538034300000000631e-02
9.557708400000000659e-02
9.577562700000000206e-02
9.597602500000000647e-02
9.617831599999999981e-02
9.638254300000000108e-02
9.658875299999999942e-02
9.679698899999999995e-02
9.700730400000000253e-02
9.721975800000000334e-02
9.743438699999999730e-02
9.765125099999999447e-02
9.787041700000000122e-02
9.809192999999999385e-02
9.831585700000000649e-02
9.854225799999999369e-02
9.877120000000000344e-02
9.900274900000000100e-02
9.923698000000000241e-02
9.947396099999999963e-02
9.971376499999999587e-02
9.995648299999999875e-02
1.002022000000000052e-01
1.004509799999999953e-01
1.007029299999999961e-01
1.009581400000000018e-01
1.012167000000000067e-01
1.014787300000000031e-01
1.017443199999999992e-01
1.020135800000000065e-01
1.022866399999999981e-01
1.025636000000000048e-01
1.028446199999999977e-01
1.031297999999999937e-01
1.034193100000000004e-01
1.037132699999999963e-01
1.040118599999999977e-01
1.043152200000000002e-01
1.046235400000000010e-01
1.049369899999999939e-01
1.052557600000000038e-01
1.055800499999999947e-01
1.059100899999999984e-01
1.062460800000000066e-01
1.065882699999999988e-01
1.069369200000000047e-01
1.072922899999999985e-01
1.076546500000000045e-01
1.080243300000000017e-01
1.084016299999999988e-01
1.087869199999999953e-01
1.091805299999999979e-01
1.095828900000000022e-01
1.099944000000000061e-01
1.104155200000000031e-01
1.108467399999999992e-01
1.112885700000000033e-01
1.117415900000000017e-01
1.122063999999999978e-01
1.126836799999999944e-01
1.131741299999999978e-01
1.136785500000000032e-01
1.141977899999999935e-01
1.147327800000000064e-01
1.152845599999999943e-01
1.158542600000000006e-01
1.164431100000000024e-01
1.170525099999999985e-01
1.176839999999999969e-01
1.183392899999999998e-01
1.190203100000000042e-01
1.197292199999999973e-01
1.204684899999999975e-01
1.212408999999999987e-01
1.220496400000000009e-01
1.228983899999999962e-01
1.237914299999999940e-01
1.247337200000000063e-01
1.257311299999999965e-01
1.267906400000000100e-01
1.279206400000000021e-01
1.291313000000000044e-01
1.304351699999999892e-01
1.318478899999999954e-01
1.333893999999999913e-01
1.350854800000000078e-01
1.369702999999999893e-01
1.390903099999999948e-01
1.415106999999999893e-01
1.443261200000000022e-01
1.476801600000000048e-01
1.518013599999999963e-01
1.570736899999999880e-01
1.641765099999999977e-01
1.743674400000000124e-01
1.901815199999999928e-01
