1.130000000000000000e+03
0.000000000000000000e+00
2.257999999999999829e+01
2.054682999999999926e-01
2.361414699999999922e-01
2.744470500000000257e-01
3.160212600000000260e-01
3.571800600000000214e-01
3.961642100000000166e-01
4.323853599999999964e-01
4.657062299999999988e-01
4.961404500000000106e-01
5.237588300000000086e-01
5.486631400000000491e-01
5.709769700000000281e-01
5.908405799999999486e-01
6.084048699999999865e-01
6.238260899999999998e-01
6.372600200000000381e-01
6.488580099999999851e-01
6.587628700000000004e-01
6.671065699999999543e-01
6.740076499999999582e-01
6.795682299999999953e-01
6.838646499999999628e-01
6.869117000000000139e-01
6.886135300000000292e-01
6.889051800000000059e-01
6.878419500000000353e-01
6.854405399999999871e-01
6.816481899999999872e-01
6.764032800000000512e-01
6.696860799999999614e-01
6.615172599999999958e-01
6.519482100000000280e-01
6.410923600000000278e-01
6.291438299999999595e-01
6.163485600000000453e-01
6.029579600000000150e-01
5.891954900000000439e-01
5.752435299999999474e-01
5.612429399999999680e-01
5.472993299999999728e-01
5.334903600000000523e-01
5.198722500000000357e-01
5.064853999999999745e-01
4.933581100000000164e-01
4.805099999999999927e-01
4.679540699999999998e-01
4.556984000000000035e-01
4.437472800000000217e-01
4.321022900000000000e-01
4.207628400000000268e-01
4.097266500000000256e-01
3.989903300000000042e-01
3.885494500000000184e-01
3.783988999999999825e-01
3.685330499999999732e-01
3.589459099999999792e-01
3.496311300000000122e-01
3.405822499999999753e-01
3.317926199999999826e-01
3.232555699999999921e-01
3.149643500000000040e-01
3.069123300000000110e-01
2.990927999999999920e-01
2.914992299999999981e-01
2.841250900000000246e-01
2.769639799999999985e-01
2.700096399999999952e-01
2.632559199999999766e-01
2.566967900000000080e-01
2.503263700000000203e-01
2.441389300000000040e-01
2.381288599999999978e-01
2.322907100000000113e-01
2.266191999999999929e-01
2.211091400000000096e-01
2.157555499999999904e-01
2.105535699999999955e-01
2.054984699999999886e-01
2.005856900000000109e-01
1.958107799999999898e-01
1.911694600000000133e-01
1.866575500000000054e-01
1.822710499999999900e-01
1.780060199999999870e-01
1.738587199999999944e-01
1.698254800000000009e-01
1.659027600000000102e-01
1.620871600000000079e-01
1.583753699999999875e-01
1.547641800000000012e-01
1.512505100000000047e-01
1.478313699999999897e-01
1.445038800000000012e-01
1.412652299999999916e-01
1.381127400000000116e-01
1.350437999999999916e-01
1.320558599999999971e-01
1.291465300000000094e-01
1.263134200000000096e-01
1.235542500000000044e-01
1.208668400000000032e-01
1.182490600000000031e-01
1.156988300000000025e-01
1.132141900000000062e-01
1.107931999999999945e-01
1.084339899999999940e-01
1.061347900000000066e-01
1.038938499999999959e-01
1.017094899999999996e-01
9.958007900000000190e-02
9.750404199999999910e-02
9.547986799999999552e-02
9.350608300000000372e-02
9.158126299999999609e-02
8.970402900000000457e-02
8.787304899999999475e-02
8.608702599999999705e-02
8.434472199999999698e-02
8.264492499999999409e-02
8.098645499999999886e-02
7.936819600000000197e-02
7.778904600000000058e-02
7.624793800000000121e-02
7.474384500000000320e-02
7.327576700000000554e-02
7.184275199999999584e-02
7.044385400000000019e-02
6.907816999999999430e-02
6.774482099999999674e-02
6.644295199999999957e-02
6.517174800000000157e-02
6.393040699999999465e-02
6.271815299999999871e-02
6.153423699999999857e-02
6.037792599999999843e-02
5.924851400000000212e-02
5.814531800000000139e-02
5.706767699999999721e-02
5.601493999999999918e-02
5.498648400000000214e-02
5.398170299999999894e-02
5.300001099999999965e-02
5.204083000000000320e-02
5.110361100000000018e-02
5.018781099999999884e-02
4.929291100000000175e-02
4.841839900000000085e-02
4.756378800000000268e-02
4.672859599999999725e-02
4.591235899999999981e-02
4.511462499999999848e-02
4.433495600000000175e-02
4.357292100000000057e-02
4.282811699999999888e-02
4.210013199999999844e-02
4.138857499999999690e-02
4.069307099999999733e-02
4.001325000000000021e-02
3.934874800000000283e-02
3.869922099999999893e-02
3.806432299999999713e-02
3.744373100000000093e-02
3.683712000000000097e-02
3.624418000000000084e-02
3.566460300000000305e-02
3.509809400000000329e-02
3.454437099999999733e-02
3.400314599999999798e-02
3.347415100000000060e-02
3.295712199999999842e-02
3.245179699999999751e-02
3.195792799999999656e-02
3.147526500000000227e-02
3.100357800000000039e-02
3.054262900000000169e-02
3.009219499999999867e-02
2.965205300000000113e-02
2.922199099999999924e-02
2.880180099999999840e-02
2.839127699999999949e-02
2.799022199999999863e-02
2.759844100000000133e-02
2.721574900000000088e-02
2.684196100000000099e-02
2.647689699999999924e-02
2.612038300000000049e-02
2.577224900000000055e-02
2.543233099999999899e-02
2.510046599999999836e-02
2.477649599999999855e-02
2.446026499999999840e-02
2.415162699999999843e-02
2.385043400000000022e-02
2.355654199999999976e-02
2.326981399999999978e-02
2.299010900000000163e-02
2.271730099999999877e-02
2.245125499999999982e-02
2.219184700000000066e-02
2.193895200000000115e-02
2.169245100000000148e-02
2.145222399999999890e-02
2.121815800000000085e-02
2.099014100000000035e-02
2.076805899999999844e-02
2.055181000000000022e-02
2.034128600000000009e-02
2.013638400000000023e-02
1.993700699999999965e-02
1.974305499999999894e-02
1.955443200000000006e-02
1.937104799999999835e-02
1.919280599999999976e-02
1.901961900000000150e-02
1.885140100000000027e-02
1.868806599999999971e-02
1.852952899999999944e-02
1.837570800000000101e-02
1.822652500000000036e-02
1.808189799999999903e-02
1.794175400000000073e-02
1.780601799999999985e-02
1.767461400000000168e-02
1.754747099999999851e-02
1.742451799999999995e-02
1.730568899999999910e-02
1.719091299999999864e-02
1.708012399999999861e-02
1.697325900000000096e-02
1.687025500000000067e-02
1.677104600000000126e-02
1.667557500000000151e-02
1.658378199999999830e-02
1.649560400000000052e-02
1.641099000000000030e-02
1.632987899999999853e-02
1.625221799999999883e-02
1.617795199999999892e-02
1.610703000000000135e-02
1.603939600000000090e-02
1.597500199999999856e-02
1.591379799999999983e-02
1.585573300000000033e-02
1.580075900000000103e-02
1.574883100000000133e-02
1.569989899999999980e-02
1.565392100000000120e-02
1.561084899999999956e-02
1.557064099999999965e-02
1.553325399999999981e-02
1.549864500000000013e-02
1.546677100000000069e-02
1.543759400000000066e-02
1.541107100000000014e-02
1.538716300000000058e-02
1.536583300000000062e-02
1.534704199999999998e-02
1.533075100000000010e-02
1.531692500000000033e-02
1.530552699999999933e-02
1.529652199999999990e-02
1.528987300000000070e-02
1.528554700000000002e-02
1.528351000000000015e-02
1.528372899999999937e-02
1.528617099999999944e-02
1.529080199999999917e-02
1.529759399999999943e-02
1.530651100000000008e-02
1.531752599999999971e-02
1.533060600000000009e-02
1.534572300000000035e-02
1.536284800000000013e-02
1.538195000000000014e-02
1.540300200000000071e-02
1.542597499999999976e-02
1.545084199999999935e-02
1.547757599999999983e-02
1.550614900000000032e-02
1.553653600000000010e-02
1.556871100000000070e-02
1.560264700000000074e-02
1.563832000000000069e-02
1.567570299999999917e-02
1.571477400000000080e-02
1.575550800000000140e-02
1.579788000000000026e-02
1.584186599999999959e-02
1.588744500000000004e-02
1.593459200000000089e-02
1.598328499999999985e-02
1.603350400000000051e-02
1.608522399999999866e-02
1.613842500000000138e-02
1.619308399999999995e-02
1.624917999999999849e-02
1.630669499999999952e-02
1.636560399999999887e-02
1.642588899999999907e-02
1.648753099999999971e-02
1.655050900000000144e-02
1.661480400000000038e-02
1.668039500000000064e-02
1.674726600000000024e-02
1.681539400000000087e-02
1.688476499999999950e-02
1.695535700000000076e-02
1.702715499999999868e-02
1.710013700000000136e-02
1.717428899999999883e-02
1.724959200000000109e-02
1.732602899999999974e-02
1.740358399999999972e-02
1.748223800000000064e-02
1.756197599999999998e-02
1.764278099999999974e-02
1.772463700000000142e-02
1.780752799999999955e-02
1.789143899999999857e-02
1.797635100000000152e-02
1.806225300000000034e-02
1.814912399999999912e-02
1.823695599999999861e-02
1.832572899999999894e-02
1.841542900000000052e-02
1.850604299999999980e-02
1.859755399999999878e-02
1.868995099999999979e-02
1.878321700000000136e-02
1.887733899999999992e-02
1.897230399999999886e-02
1.906809799999999860e-02
1.916470600000000010e-02
1.926211599999999927e-02
1.936031499999999947e-02
1.945929000000000061e-02
1.955902799999999914e-02
1.965951499999999894e-02
1.976073899999999939e-02
1.986268899999999935e-02
1.996535099999999924e-02
2.006871299999999844e-02
2.017276399999999928e-02
2.027748899999999924e-02
2.038288099999999853e-02
2.048892500000000158e-02
2.059561000000000031e-02
2.070292500000000049e-02
2.081085699999999858e-02
2.091939900000000171e-02
2.102853500000000098e-02
2.113825800000000005e-02
2.124855499999999883e-02
2.135941599999999913e-02
2.147082999999999978e-02
2.158278799999999858e-02
2.169527699999999892e-02
2.180828900000000153e-02
2.192181299999999833e-02
2.203583900000000151e-02
2.215035599999999952e-02
2.226535799999999898e-02
2.238083100000000034e-02
2.249676700000000085e-02
2.261315699999999831e-02
2.272999100000000147e-02
2.284726100000000065e-02
2.296495600000000165e-02
2.308306800000000172e-02
2.320158699999999921e-02
2.332050499999999832e-02
2.343981499999999926e-02
2.355950500000000142e-02
2.367956900000000101e-02
2.379999699999999982e-02
2.392077999999999913e-02
2.404191199999999862e-02
2.416338399999999956e-02
2.428518600000000027e-02
2.440731200000000045e-02
2.452975300000000136e-02
2.465250299999999922e-02
2.477555199999999930e-02
2.489889400000000128e-02
2.502251999999999948e-02
2.514642300000000108e-02
2.527059599999999934e-02
2.539503200000000141e-02
2.551972300000000110e-02
2.564466199999999863e-02
2.576984100000000166e-02
2.589525499999999897e-02
2.602089600000000169e-02
2.614675600000000016e-02
2.627283099999999996e-02
2.639911299999999836e-02
2.652559399999999956e-02
2.665227100000000168e-02
2.677913200000000063e-02
2.690617600000000040e-02
2.703339399999999879e-02
2.716078200000000137e-02
2.728833099999999900e-02
2.741603600000000127e-02
2.754389100000000090e-02
2.767189000000000107e-02
2.780002900000000041e-02
2.792829999999999965e-02
2.805669800000000144e-02
2.818521699999999852e-02
2.831385299999999994e-02
2.844259700000000002e-02
2.857144699999999982e-02
2.870039799999999849e-02
2.882944200000000026e-02
2.895857400000000081e-02
2.908779100000000173e-02
2.921708699999999923e-02
2.934645699999999940e-02
2.947589399999999901e-02
2.960539599999999910e-02
2.973495599999999989e-02
2.986457199999999895e-02
2.999423600000000051e-02
3.012394499999999919e-02
3.025369500000000059e-02
3.038347900000000143e-02
3.051329599999999878e-02
3.064313899999999979e-02
3.077300499999999911e-02
3.090288899999999936e-02
3.103278799999999865e-02
3.116269600000000015e-02
3.129260999999999848e-02
3.142252599999999924e-02
3.155243800000000209e-02
3.168234200000000222e-02
3.181223899999999910e-02
3.194212200000000335e-02
3.207198499999999730e-02
3.220182700000000231e-02
3.233164499999999913e-02
3.246143499999999682e-02
3.259118999999999905e-02
3.272090899999999941e-02
3.285058999999999896e-02
3.298022999999999927e-02
3.310982099999999761e-02
3.323936100000000199e-02
3.336885199999999746e-02
3.349828299999999676e-02
3.362765899999999725e-02
3.375697099999999673e-02
3.388621700000000320e-02
3.401539499999999688e-02
3.414450200000000019e-02
3.427353100000000291e-02
3.440248600000000295e-02
3.453136200000000294e-02
3.466015299999999910e-02
3.478886199999999679e-02
3.491748100000000021e-02
3.504600699999999708e-02
3.517444100000000073e-02
3.530277700000000046e-02
3.543101600000000267e-02
3.555915500000000201e-02
3.568719000000000058e-02
3.581511600000000101e-02
3.594293800000000066e-02
3.607064900000000324e-02
3.619824299999999800e-02
3.632572700000000210e-02
3.645309099999999997e-02
3.658033200000000013e-02
3.670745699999999889e-02
3.683445600000000153e-02
3.696132800000000163e-02
3.708807399999999865e-02
3.721468900000000218e-02
3.734117399999999781e-02
3.746752400000000205e-02
3.759374099999999996e-02
3.771982000000000113e-02
3.784576099999999860e-02
3.797155599999999659e-02
3.809721399999999730e-02
3.822272599999999854e-02
3.834809399999999924e-02
3.847331200000000256e-02
3.859838100000000105e-02
3.872330100000000164e-02
3.884806899999999896e-02
3.897268300000000102e-02
3.909714100000000192e-02
3.922144300000000167e-02
3.934558900000000026e-02
3.946957699999999875e-02
3.959340199999999976e-02
3.971706700000000173e-02
3.984056799999999982e-02
3.996390500000000096e-02
4.008707799999999821e-02
4.021008300000000063e-02
4.033292100000000074e-02
4.045559099999999908e-02
4.057809300000000258e-02
4.070042100000000052e-02
4.082257699999999878e-02
4.094456099999999737e-02
4.106637500000000218e-02
4.118800899999999765e-02
4.130946800000000196e-02
4.143075300000000072e-02
4.155185799999999707e-02
4.167278900000000175e-02
4.179353599999999919e-02
4.191410500000000011e-02
4.203449599999999758e-02
4.215470300000000170e-02
4.227472799999999753e-02
4.239457099999999895e-02
4.251423099999999955e-02
4.263370899999999880e-02
4.275299999999999934e-02
4.287210500000000063e-02
4.299102400000000268e-02
4.310975999999999697e-02
4.322830600000000106e-02
4.334666599999999897e-02
4.346483899999999817e-02
4.358282299999999970e-02
4.370061699999999716e-02
4.381822400000000284e-02
4.393564199999999698e-02
4.405286900000000144e-02
4.416990700000000131e-02
4.428675399999999762e-02
4.440340799999999838e-02
4.451987100000000253e-02
4.463614500000000207e-02
4.475222899999999754e-02
4.486811899999999798e-02
4.498381500000000338e-02
4.509932199999999725e-02
4.521463399999999661e-02
4.532975300000000041e-02
4.544468200000000013e-02
4.555941699999999789e-02
4.567395900000000009e-02
4.578830700000000031e-02
4.590246500000000340e-02
4.601642499999999969e-02
4.613019499999999884e-02
4.624377200000000243e-02
4.635715499999999711e-02
4.647034399999999676e-02
4.658334000000000086e-02
4.669614500000000140e-02
4.680875300000000155e-02
4.692117099999999763e-02
4.703339599999999815e-02
4.714542599999999722e-02
4.725726699999999864e-02
4.736891399999999808e-02
4.748036700000000249e-02
4.759162699999999746e-02
4.770269600000000276e-02
4.781357600000000346e-02
4.792425799999999736e-02
4.803475399999999895e-02
4.814505599999999857e-02
4.825516800000000106e-02
4.836508999999999947e-02
4.847481800000000285e-02
4.858436099999999952e-02
4.869370900000000169e-02
4.880287099999999767e-02
4.891184300000000346e-02
4.902062599999999770e-02
4.912921800000000228e-02
4.923762400000000067e-02
4.934584300000000034e-02
4.945387300000000236e-02
4.956171300000000030e-02
4.966936999999999741e-02
4.977684100000000222e-02
4.988412200000000296e-02
4.999122000000000288e-02
5.009813199999999661e-02
5.020486200000000288e-02
5.031140499999999655e-02
5.041776600000000275e-02
5.052394400000000119e-02
5.062993600000000038e-02
5.073574899999999666e-02
5.084137999999999852e-02
5.094682799999999956e-02
5.105209399999999925e-02
5.115718400000000138e-02
5.126209200000000216e-02
5.136682100000000001e-02
5.147137100000000187e-02
5.157574300000000028e-02
5.167993500000000323e-02
5.178395699999999852e-02
5.188779500000000044e-02
5.199146300000000165e-02
5.209495499999999835e-02
5.219827199999999695e-02
5.230141399999999746e-02
5.240438499999999777e-02
5.250718099999999999e-02
5.260980500000000254e-02
5.271226200000000278e-02
5.281454299999999852e-02
5.291665699999999889e-02
5.301859999999999906e-02
5.312037800000000282e-02
5.322198599999999891e-02
5.332342500000000068e-02
5.342470099999999805e-02
5.352580900000000058e-02
5.362675299999999923e-02
5.372753000000000251e-02
5.382814600000000033e-02
5.392859900000000067e-02
5.402889100000000250e-02
5.412901900000000044e-02
5.422898799999999880e-02
5.432879599999999864e-02
5.442844699999999786e-02
5.452793799999999802e-02
5.462726999999999861e-02
5.472644799999999699e-02
5.482547000000000115e-02
5.492433499999999774e-02
5.502304400000000012e-02
5.512160399999999766e-02
5.522000800000000098e-02
5.531826199999999999e-02
5.541636400000000268e-02
5.551431300000000263e-02
5.561211700000000258e-02
5.570976799999999979e-02
5.580727399999999699e-02
5.590463100000000324e-02
5.600184200000000306e-02
5.609890800000000288e-02
5.619583300000000059e-02
5.629260800000000092e-02
5.638924599999999704e-02
5.648573900000000009e-02
5.658209000000000155e-02
5.667830299999999932e-02
5.677437800000000034e-02
5.687031099999999978e-02
5.696610700000000194e-02
5.706176899999999830e-02
5.715729299999999791e-02
5.725268299999999866e-02
5.734793800000000108e-02
5.744306400000000201e-02
5.753805099999999978e-02
5.763291200000000142e-02
5.772764200000000262e-02
5.782224200000000286e-02
5.791671200000000214e-02
5.801105499999999887e-02
5.810527499999999790e-02
5.819936500000000290e-02
5.829333099999999684e-02
5.838717499999999949e-02
5.848089599999999749e-02
5.857449399999999778e-02
5.866796900000000037e-02
5.876132800000000156e-02
5.885456499999999758e-02
5.894768599999999914e-02
5.904068800000000089e-02
5.913357400000000125e-02
5.922634499999999969e-02
5.931900400000000156e-02
5.941154800000000152e-02
5.950397999999999799e-02
5.959629999999999789e-02
5.968850900000000070e-02
5.978061300000000328e-02
5.987260500000000235e-02
5.996448900000000276e-02
6.005626900000000240e-02
6.014794100000000338e-02
6.023950899999999664e-02
6.033097600000000144e-02
6.042233899999999852e-02
6.051360100000000020e-02
6.060476199999999952e-02
6.069582700000000081e-02
6.078679099999999974e-02
6.087765800000000116e-02
6.096842899999999760e-02
6.105910199999999705e-02
6.114968300000000329e-02
6.124016999999999655e-02
6.133056800000000197e-02
6.142087300000000083e-02
6.151108799999999849e-02
6.160121400000000136e-02
6.169125100000000250e-02
6.178120200000000034e-02
6.187106700000000181e-02
6.196084599999999998e-02
6.205054399999999915e-02
6.214015600000000195e-02
6.222968899999999776e-02
6.231914100000000151e-02
6.240851099999999985e-02
6.249780600000000297e-02
6.258702300000000551e-02
6.267616199999999360e-02
6.276522599999999341e-02
6.285421600000000442e-02
6.294313099999999939e-02
6.303197900000000187e-02
6.312075300000000166e-02
6.320945899999999562e-02
6.329809100000000077e-02
6.338666399999999534e-02
6.347516200000000164e-02
6.356359999999999788e-02
6.365197200000000111e-02
6.374027599999999849e-02
6.382852799999999549e-02
6.391671300000000000e-02
6.400483799999999446e-02
6.409290400000000609e-02
6.418091099999999327e-02
6.426886499999999447e-02
6.435675899999999949e-02
6.444460200000000361e-02
6.453239199999999398e-02
6.462012999999999785e-02
6.470781600000000133e-02
6.479545700000000075e-02
6.488303800000000399e-02
6.497058299999999842e-02
6.505807500000000687e-02
6.514552199999999738e-02
6.523293300000000683e-02
6.532029100000000255e-02
6.540761100000000439e-02
6.549489499999999742e-02
6.558213400000000026e-02
6.566933499999999535e-02
6.575650700000000570e-02
6.584363399999999811e-02
6.593073200000000578e-02
6.601779200000000569e-02
6.610482199999999364e-02
6.619182199999999738e-02
6.627878500000000672e-02
6.636572599999999988e-02
6.645263699999999496e-02
6.653952600000000162e-02
6.662638499999999631e-02
6.671322899999999889e-02
6.680004300000000339e-02
6.688683500000000559e-02
6.697360400000000602e-02
6.706035899999999994e-02
6.714709800000000228e-02
6.723381600000000180e-02
6.732052600000000553e-02
6.740721299999999361e-02
6.749389299999999925e-02
6.758055799999999891e-02
6.766721600000000225e-02
6.775386599999999593e-02
6.784050199999999697e-02
6.792713699999999855e-02
6.801376500000000380e-02
6.810039299999999518e-02
6.818701300000000465e-02
6.827363399999999971e-02
6.836025399999999530e-02
6.844688200000000056e-02
6.853350299999999562e-02
6.862013000000000140e-02
6.870676600000000245e-02
6.879340899999999981e-02
6.888005899999999349e-02
6.896671699999999683e-02
6.905338900000000668e-02
6.914006899999999844e-02
6.922676399999999619e-02
6.931347399999999992e-02
6.940019899999999575e-02
6.948694599999999388e-02
6.957370799999999800e-02
6.966048499999999422e-02
6.974729200000000240e-02
6.983412099999999900e-02
6.992097199999999790e-02
7.000784599999999858e-02
7.009474899999999786e-02
7.018168299999999471e-02
7.026864600000000405e-02
7.035564599999999391e-02
7.044266899999999942e-02
7.052973699999999513e-02
7.061683400000000332e-02
7.070396800000000592e-02
7.079114000000000240e-02
7.087835700000000294e-02
7.096561799999999420e-02
7.105291599999999375e-02
7.114025999999999683e-02
7.122765500000000083e-02
7.131509499999999502e-02
7.140257999999999328e-02
7.149012400000000211e-02
7.157771300000000114e-02
7.166536199999999635e-02
7.175306200000000634e-02
7.184082299999999810e-02
7.192864300000000044e-02
7.201652199999999948e-02
7.210446099999999470e-02
7.219246799999999575e-02
7.228053399999999351e-02
7.236867399999999395e-02
7.245687400000000444e-02
7.254514800000000374e-02
7.263349700000000519e-02
7.272192099999999493e-02
7.281041100000000543e-02
7.289898400000000001e-02
7.298763799999999358e-02
7.307636700000000318e-02
7.316518599999999317e-02
7.325408599999999604e-02
7.334306799999999738e-02
7.343214000000000685e-02
7.352129400000000092e-02
7.361055199999999576e-02
7.369989200000000296e-02
7.378932800000000125e-02
7.387886200000000347e-02
7.396850000000000647e-02
7.405823500000000004e-02
7.414806599999999859e-02
7.423800199999999738e-02
7.432805000000000661e-02
7.441820200000000274e-02
7.450846599999999542e-02
7.459884099999999907e-02
7.468932899999999875e-02
7.477992799999999551e-02
7.487065299999999535e-02
7.496149100000000509e-02
7.505245500000000403e-02
7.514353799999999584e-02
7.523474800000000406e-02
7.532608500000000096e-02
7.541755599999999671e-02
7.550916100000000519e-02
7.560089200000000287e-02
7.569276499999999519e-02
7.578477299999999972e-02
7.587692099999999995e-02
7.596921900000000449e-02
7.606165900000000368e-02
7.615423899999999857e-02
7.624697699999999356e-02
7.633986299999999392e-02
7.643290599999999491e-02
7.652610499999999705e-02
7.661946099999999982e-02
7.671298099999999953e-02
7.680665700000000040e-02
7.690050499999999400e-02
7.699452299999999527e-02
7.708871400000000262e-02
7.718307500000000376e-02
7.727760799999999763e-02
7.737232700000000463e-02
7.746722500000000067e-02
7.756230199999999964e-02
7.765757299999999363e-02
7.775303000000000075e-02
7.784867299999999324e-02
7.794451700000000482e-02
7.804055499999999757e-02
7.813679399999999553e-02
7.823323499999999819e-02
7.832988400000000240e-02
7.842674099999999426e-02
7.852380700000000102e-02
7.862108900000000511e-02
7.871858800000000600e-02
7.881631000000000054e-02
7.891424700000000680e-02
7.901241600000000198e-02
7.911081600000000047e-02
7.920944700000000227e-02
7.930830899999999350e-02
7.940741599999999456e-02
7.950676199999999472e-02
7.960635400000000417e-02
7.970619199999999516e-02
7.980628300000000563e-02
7.990663500000000363e-02
8.000723999999999336e-02
8.010810599999999837e-02
8.020924000000000109e-02
8.031064999999999732e-02
8.041232099999999494e-02
8.051427499999999626e-02
8.061651100000000181e-02
8.071903099999999665e-02
8.082183499999999465e-02
8.092493600000000287e-02
8.102832699999999722e-02
8.113201700000000072e-02
8.123602000000000600e-02
8.134031999999999374e-02
8.144493399999999661e-02
8.154986799999999758e-02
8.165512199999999665e-02
8.176069699999999330e-02
8.186660699999999402e-02
8.197284500000000251e-02
8.207941800000000121e-02
8.218633399999999978e-02
8.229359999999999453e-02
8.240121599999999935e-02
8.250918999999999615e-02
8.261752899999999511e-02
8.272622500000000045e-02
8.283529400000000376e-02
8.294474300000000133e-02
8.305457199999999318e-02
8.316478099999999318e-02
8.327538499999999344e-02
8.338639100000000415e-02
8.349779200000000123e-02
8.360960300000000456e-02
8.372182400000000024e-02
8.383446899999999480e-02
8.394753900000000157e-02
8.406103400000000669e-02
8.417496800000000279e-02
8.428934200000000321e-02
8.440417100000000006e-02
8.451944599999999808e-02
8.463519099999999851e-02
8.475139700000000609e-02
8.486808099999999799e-02
8.498524100000000303e-02
8.510289299999999890e-02
8.522103699999999948e-02
8.533968000000000109e-02
8.545883699999999583e-02
8.557850100000000126e-02
8.569869400000000581e-02
8.581942300000000579e-02
8.594068100000000487e-02
8.606249100000000485e-02
8.618485200000000623e-02
8.630777900000000114e-02
8.643127200000000343e-02
8.655534700000000470e-02
8.668000300000000546e-02
8.680526199999999415e-02
8.693112399999999851e-02
8.705759799999999993e-02
8.718468999999999525e-02
8.731242300000000012e-02
8.744079600000000119e-02
8.756981799999999372e-02
8.769950299999999810e-02
8.782985799999999676e-02
8.796089899999999517e-02
8.809262499999999385e-02
8.822505899999999457e-02
8.835820899999999312e-02
8.849208100000000021e-02
8.862668999999999409e-02
8.876205199999999407e-02
8.889817399999999648e-02
8.903506399999999710e-02
8.917274299999999876e-02
8.931121999999999672e-02
8.945050100000000171e-02
8.959060900000000160e-02
8.973155900000000240e-02
8.987335899999999989e-02
9.001602200000000109e-02
9.015956499999999707e-02
9.030401000000000400e-02
9.044935599999999465e-02
9.059563299999999486e-02
9.074284900000000043e-02
9.089102599999999976e-02
9.104017200000000254e-02
9.119031599999999349e-02
9.134146599999999616e-02
9.149363600000000318e-02
9.164686499999999403e-02
9.180114400000000119e-02
9.195651900000000045e-02
9.211298800000000675e-02
9.227058300000000324e-02
9.242931799999999642e-02
9.258922199999999880e-02
9.275031799999999826e-02
9.291261400000000448e-02
9.307614699999999797e-02
9.324093899999999491e-02
9.340701299999999707e-02
9.357438199999999762e-02
9.374309299999999956e-02
9.391315999999999553e-02
9.408460600000000118e-02
9.425746599999999809e-02
9.443177299999999663e-02
9.460754700000000017e-02
9.478481900000000626e-02
9.496362499999999596e-02
9.514400400000000424e-02
9.532596899999999651e-02
9.550957399999999986e-02
9.569484000000000323e-02
9.588182000000000649e-02
9.607053499999999857e-02
9.626102400000000059e-02
9.645334599999999536e-02
9.664752299999999907e-02
9.684360000000000190e-02
9.704162900000000425e-02
9.724165499999999629e-02
9.744371500000000019e-02
9.764786799999999878e-02
9.785415999999999559e-02
9.806264200000000542e-02
9.827337399999999668e-02
9.848640100000000119e-02
9.870179699999999390e-02
9.891960800000000609e-02
9.913989900000000355e-02
9.936274600000000179e-02
9.958820000000000172e-02
9.981633700000000498e-02
1.000472399999999956e-01
1.002809699999999971e-01
1.005176099999999934e-01
1.007572399999999979e-01
1.009999599999999997e-01
1.012458400000000036e-01
1.014949799999999985e-01
1.017474800000000013e-01
1.020034300000000060e-01
1.022629500000000052e-01
1.025261400000000017e-01
1.027931200000000017e-01
1.030640099999999976e-01
1.033389299999999955e-01
1.036180200000000051e-01
1.039014199999999943e-01
1.041892700000000005e-01
1.044817299999999949e-01
1.047789499999999957e-01
1.050811200000000001e-01
1.053883999999999932e-01
1.057009799999999999e-01
1.060190700000000069e-01
1.063428700000000060e-01
1.066726100000000010e-01
1.070085199999999959e-01
1.073508600000000063e-01
1.076998799999999978e-01
1.080558699999999983e-01
1.084191300000000024e-01
1.087899699999999997e-01
1.091687300000000055e-01
1.095557900000000001e-01
1.099515199999999970e-01
1.103563500000000058e-01
1.107707200000000031e-01
1.111951000000000050e-01
1.116300199999999965e-01
1.120760400000000018e-01
1.125337599999999966e-01
1.130038200000000048e-01
1.134869500000000031e-01
1.139838999999999991e-01
1.144955299999999981e-01
1.150227500000000069e-01
1.155665699999999935e-01
1.161281100000000066e-01
1.167085800000000062e-01
1.173093500000000067e-01
1.179319199999999956e-01
1.185779799999999995e-01
1.192494000000000054e-01
1.199483199999999972e-01
1.206771199999999988e-01
1.214385199999999942e-01
1.222356400000000065e-01
1.230720700000000056e-01
1.239519300000000018e-01
1.248800600000000011e-01
1.258621500000000060e-01
1.269049299999999991e-01
1.280165199999999948e-01
1.292066900000000129e-01
1.304874900000000115e-01
1.318739100000000108e-01
1.333849599999999969e-01
1.350451099999999960e-01
1.368867300000000120e-01
1.389535100000000023e-01
1.413063599999999920e-01
1.440331900000000054e-01
1.472661200000000004e-01
1.512134099999999926e-01
1.562212699999999954e-01
1.628967100000000001e-01
1.723522500000000124e-01
1.868170399999999898e-01
