9.390000000000000000e+02
0.000000000000000000e+00
1.876000000000000156e+01
2.047357900000000008e-01
2.354377500000000012e-01
2.737755199999999944e-01
3.153827499999999895e-01
3.565746200000000088e-01
3.955919099999999911e-01
4.318462900000000215e-01
4.652003299999999952e-01
4.956674600000000042e-01
5.233182299999999953e-01
5.482540700000000378e-01
5.705983000000000027e-01
5.904909400000000197e-01
6.080827699999999947e-01
6.235298500000000521e-01
6.369880399999999776e-01
6.486085700000000509e-01
6.585344699999999829e-01
6.668978300000000248e-01
6.738172199999999945e-01
6.793950800000000401e-01
6.837081299999999695e-01
6.867722899999999520e-01
6.884927199999999470e-01
6.888027199999999794e-01
6.877575500000000508e-01
6.853747399999999823e-01
6.816024800000000106e-01
6.763789700000000238e-01
6.696841700000000230e-01
6.615387200000000245e-01
6.519939300000000548e-01
6.411625699999999872e-01
6.292378299999999980e-01
6.164651500000000173e-01
6.030958899999999678e-01
5.893538600000000072e-01
5.754216899999999857e-01
5.614407099999999540e-01
5.475167600000000467e-01
5.337277099999999663e-01
5.201299200000000234e-01
5.067638800000000554e-01
4.936579500000000120e-01
4.808318300000000156e-01
4.682984700000000222e-01
4.560659499999999977e-01
4.441386199999999840e-01
4.325179800000000241e-01
4.212033499999999764e-01
4.101925200000000049e-01
3.994820099999999985e-01
3.890673499999999785e-01
3.789433799999999963e-01
3.691044399999999781e-01
3.595444899999999944e-01
3.502570999999999879e-01
3.412357899999999833e-01
3.324738400000000205e-01
3.239645400000000230e-01
3.157011299999999965e-01
3.076768500000000017e-01
2.998850000000000127e-01
2.923189999999999955e-01
2.849722800000000222e-01
2.778384099999999801e-01
2.709110699999999761e-01
2.641840899999999825e-01
2.576513899999999802e-01
2.513070399999999815e-01
2.451453199999999999e-01
2.391605699999999890e-01
2.333473299999999917e-01
2.277002599999999877e-01
2.222141900000000059e-01
2.168841200000000136e-01
2.117051299999999914e-01
2.066725199999999985e-01
2.017816900000000135e-01
1.970281700000000025e-01
1.924077100000000096e-01
1.879161000000000026e-01
1.835492999999999986e-01
1.793034199999999911e-01
1.751746700000000045e-01
1.711594200000000066e-01
1.672540899999999942e-01
1.634552900000000031e-01
1.597597299999999887e-01
1.561641800000000135e-01
1.526655899999999899e-01
1.492609500000000033e-01
1.459473799999999877e-01
1.427220999999999906e-01
1.395824099999999901e-01
1.365257199999999893e-01
1.335495100000000102e-01
1.306513499999999994e-01
1.278288999999999953e-01
1.250798700000000097e-01
1.224020900000000051e-01
1.197934400000000010e-01
1.172518699999999942e-01
1.147753999999999996e-01
1.123621199999999959e-01
1.100101799999999991e-01
1.077177899999999938e-01
1.054832299999999973e-01
1.033048399999999950e-01
1.011809899999999984e-01
9.911012600000000672e-02
9.709073599999999693e-02
9.512136899999999728e-02
9.320059399999999772e-02
9.132707099999999578e-02
8.949945900000000343e-02
8.771648299999999787e-02
8.597691400000000150e-02
8.427955199999999369e-02
8.262323600000000268e-02
8.100684700000000682e-02
7.942930600000000507e-02
7.788954700000000342e-02
7.638657100000000033e-02
7.491937299999999744e-02
7.348702099999999959e-02
7.208856900000000512e-02
7.072313900000000431e-02
6.938985699999999923e-02
6.808788300000000182e-02
6.681639699999999960e-02
6.557462399999999803e-02
6.436178800000000311e-02
6.317715299999999978e-02
6.201999600000000085e-02
6.088962400000000330e-02
5.978535900000000319e-02
5.870654399999999939e-02
5.765254799999999791e-02
5.662275499999999684e-02
5.561656100000000186e-02
5.463338999999999696e-02
5.367267900000000092e-02
5.273387599999999897e-02
5.181646000000000168e-02
5.091990500000000142e-02
5.004372099999999934e-02
4.918741799999999664e-02
4.835052799999999679e-02
4.753258800000000062e-02
4.673315599999999792e-02
4.595180199999999993e-02
4.518810300000000030e-02
4.444165199999999816e-02
4.371205699999999861e-02
4.299892899999999824e-02
4.230189699999999803e-02
4.162059399999999687e-02
4.095466799999999963e-02
4.030377799999999844e-02
3.966758399999999879e-02
3.904576600000000258e-02
3.843800700000000320e-02
3.784399900000000316e-02
3.726344200000000079e-02
3.669604700000000247e-02
3.614152999999999810e-02
3.559961200000000270e-02
3.507003200000000098e-02
3.455252200000000218e-02
3.404683599999999699e-02
3.355271700000000273e-02
3.306993099999999686e-02
3.259824199999999950e-02
3.213741999999999988e-02
3.168724099999999794e-02
3.124749500000000013e-02
3.081796499999999925e-02
3.039844900000000100e-02
2.998874300000000173e-02
2.958865299999999948e-02
2.919798900000000058e-02
2.881656599999999832e-02
2.844420300000000124e-02
2.808072199999999893e-02
2.772595200000000162e-02
2.737972500000000059e-02
2.704187900000000130e-02
2.671225199999999883e-02
2.639068799999999895e-02
2.607703800000000030e-02
2.577115199999999856e-02
2.547288500000000067e-02
2.518209600000000103e-02
2.489864799999999892e-02
2.462240499999999999e-02
2.435323600000000033e-02
2.409101300000000140e-02
2.383561099999999960e-02
2.358690600000000123e-02
2.334478099999999848e-02
2.310911800000000141e-02
2.287980200000000117e-02
2.265672200000000067e-02
2.243976899999999830e-02
2.222883499999999887e-02
2.202381900000000003e-02
2.182461700000000102e-02
2.163113100000000136e-02
2.144326100000000165e-02
2.126091299999999934e-02
2.108399400000000173e-02
2.091241300000000122e-02
2.074608000000000008e-02
2.058490699999999951e-02
2.042881200000000105e-02
2.027770699999999898e-02
2.013151300000000019e-02
1.999015000000000167e-02
1.985353600000000149e-02
1.972159700000000043e-02
1.959425999999999876e-02
1.947144400000000095e-02
1.935308399999999956e-02
1.923910499999999940e-02
1.912944000000000103e-02
1.902401800000000018e-02
1.892277599999999879e-02
1.882564499999999849e-02
1.873256300000000069e-02
1.864346700000000037e-02
1.855829499999999896e-02
1.847698500000000132e-02
1.839948099999999878e-02
1.832572400000000157e-02
1.825565300000000016e-02
1.818921600000000111e-02
1.812635500000000024e-02
1.806701900000000013e-02
1.801115500000000091e-02
1.795870600000000136e-02
1.790962700000000088e-02
1.786386400000000013e-02
1.782136800000000063e-02
1.778209199999999934e-02
1.774598700000000126e-02
1.771300699999999936e-02
1.768310600000000052e-02
1.765623700000000171e-02
1.763235800000000075e-02
1.761142200000000158e-02
1.759338900000000094e-02
1.757821799999999962e-02
1.756586300000000100e-02
1.755628500000000133e-02
1.754944599999999980e-02
1.754530099999999926e-02
1.754381699999999975e-02
1.754495299999999855e-02
1.754867099999999833e-02
1.755493300000000173e-02
1.756370399999999943e-02
1.757494899999999943e-02
1.758862799999999851e-02
1.760471200000000153e-02
1.762316200000000124e-02
1.764394500000000116e-02
1.766702900000000076e-02
1.769238000000000061e-02
1.771996500000000072e-02
1.774975499999999901e-02
1.778171400000000055e-02
1.781581499999999874e-02
1.785202500000000053e-02
1.789031400000000091e-02
1.793065300000000126e-02
1.797301299999999949e-02
1.801736300000000152e-02
1.806367700000000021e-02
1.811192600000000041e-02
1.816208100000000006e-02
1.821411400000000000e-02
1.826800199999999846e-02
1.832371400000000136e-02
1.838122699999999998e-02
1.844051299999999866e-02
1.850154600000000066e-02
1.856430099999999833e-02
1.862875400000000084e-02
1.869487900000000105e-02
1.876265599999999908e-02
1.883205400000000085e-02
1.890305200000000005e-02
1.897563000000000027e-02
1.904975999999999892e-02
1.912542199999999956e-02
1.920259200000000097e-02
1.928124800000000083e-02
1.936136899999999980e-02
1.944293299999999905e-02
1.952591700000000027e-02
1.961030100000000012e-02
1.969606200000000029e-02
1.978318199999999985e-02
1.987164099999999892e-02
1.996141499999999971e-02
2.005248700000000078e-02
2.014483699999999877e-02
2.023844400000000127e-02
2.033329000000000039e-02
2.042935400000000026e-02
2.052661999999999889e-02
2.062506600000000093e-02
2.072467799999999985e-02
2.082543300000000083e-02
2.092731600000000136e-02
2.103030900000000050e-02
2.113439099999999890e-02
2.123955099999999888e-02
2.134576599999999866e-02
2.145302099999999920e-02
2.156129899999999905e-02
2.167058399999999968e-02
2.178085800000000016e-02
2.189210600000000145e-02
2.200431400000000051e-02
2.211745999999999851e-02
2.223153400000000071e-02
2.234651899999999872e-02
2.246240000000000042e-02
2.257915799999999848e-02
2.269678199999999868e-02
2.281525699999999851e-02
2.293456500000000051e-02
2.305469500000000005e-02
2.317563300000000104e-02
2.329735999999999960e-02
2.341986600000000099e-02
2.354313599999999923e-02
2.366715700000000117e-02
2.379191500000000029e-02
2.391739400000000154e-02
2.404358399999999979e-02
2.417047099999999893e-02
2.429804199999999886e-02
2.442628300000000002e-02
2.455518400000000073e-02
2.468472899999999901e-02
2.481490700000000063e-02
2.494570600000000152e-02
2.507711400000000104e-02
2.520912000000000153e-02
2.534170800000000098e-02
2.547487099999999963e-02
2.560859399999999841e-02
2.574286599999999967e-02
2.587767900000000065e-02
2.601301699999999939e-02
2.614887200000000009e-02
2.628523300000000160e-02
2.642208700000000035e-02
2.655942600000000056e-02
2.669723499999999972e-02
2.683550900000000045e-02
2.697423499999999918e-02
2.711340200000000172e-02
2.725299999999999945e-02
2.739302100000000004e-02
2.753345299999999940e-02
2.767428799999999828e-02
2.781551300000000004e-02
2.795712300000000039e-02
2.809910700000000164e-02
2.824145399999999917e-02
2.838415500000000119e-02
2.852720200000000150e-02
2.867058700000000085e-02
2.881429900000000155e-02
2.895832799999999846e-02
2.910267000000000062e-02
2.924731399999999995e-02
2.939225000000000171e-02
2.953747099999999917e-02
2.968296999999999949e-02
2.982873700000000100e-02
2.997476199999999855e-02
3.012104300000000012e-02
3.026756599999999922e-02
3.041432800000000089e-02
3.056131899999999998e-02
3.070853100000000072e-02
3.085595699999999983e-02
3.100359100000000048e-02
3.115142300000000100e-02
3.129944999999999949e-02
3.144766000000000228e-02
3.159605000000000052e-02
3.174461099999999897e-02
3.189333500000000182e-02
3.204221699999999784e-02
3.219124999999999764e-02
3.234043000000000334e-02
3.248974699999999938e-02
3.263919400000000332e-02
3.278877200000000075e-02
3.293846500000000010e-02
3.308827100000000243e-02
3.323818700000000237e-02
3.338820099999999930e-02
3.353831200000000068e-02
3.368851199999999685e-02
3.383879699999999685e-02
3.398916099999999690e-02
3.413959600000000122e-02
3.429010100000000338e-02
3.444066600000000172e-02
3.459128699999999834e-02
3.474196000000000228e-02
3.489267800000000336e-02
3.504344100000000156e-02
3.519423700000000321e-02
3.534506300000000295e-02
3.549591800000000130e-02
3.564679300000000300e-02
3.579768500000000270e-02
3.594858900000000301e-02
3.609950499999999701e-02
3.625041999999999848e-02
3.640133499999999994e-02
3.655224299999999815e-02
3.670314300000000057e-02
3.685402900000000342e-02
3.700489600000000240e-02
3.715573999999999960e-02
3.730655799999999661e-02
3.745734700000000195e-02
3.760810199999999742e-02
3.775881999999999850e-02
3.790949300000000244e-02
3.806012500000000021e-02
3.821070499999999759e-02
3.836123300000000153e-02
3.851170500000000024e-02
3.866211700000000279e-02
3.881246599999999686e-02
3.896275200000000327e-02
3.911296699999999849e-02
3.926310699999999848e-02
3.941317300000000273e-02
3.956315999999999999e-02
3.971306599999999826e-02
3.986288600000000015e-02
4.001261700000000032e-02
4.016226199999999719e-02
4.031180999999999653e-02
4.046126099999999837e-02
4.061061500000000268e-02
4.075986899999999719e-02
4.090901799999999838e-02
4.105806000000000039e-02
4.120699299999999732e-02
4.135581499999999716e-02
4.150452100000000255e-02
4.165311199999999908e-02
4.180158700000000116e-02
4.194993899999999859e-02
4.209816799999999831e-02
4.224627100000000191e-02
4.239425100000000085e-02
4.254209999999999936e-02
4.268981499999999901e-02
4.283739999999999770e-02
4.298485099999999753e-02
4.313216400000000061e-02
4.327933900000000000e-02
4.342637199999999781e-02
4.357326400000000044e-02
4.372001400000000149e-02
4.386661599999999717e-02
4.401307599999999820e-02
4.415938300000000344e-02
4.430554099999999690e-02
4.445154999999999940e-02
4.459740200000000127e-02
4.474310199999999987e-02
4.488864900000000269e-02
4.503403599999999951e-02
4.517926600000000265e-02
4.532433699999999926e-02
4.546924699999999736e-02
4.561399700000000335e-02
4.575858299999999851e-02
4.590300800000000209e-02
4.604726700000000283e-02
4.619135700000000233e-02
4.633528399999999742e-02
4.647904299999999767e-02
4.662263400000000307e-02
4.676605400000000134e-02
4.690930599999999784e-02
4.705238700000000107e-02
4.719529699999999717e-02
4.733803100000000263e-02
4.748059799999999886e-02
4.762298599999999910e-02
4.776520299999999913e-02
4.790724400000000160e-02
4.804911099999999852e-02
4.819080199999999786e-02
4.833231899999999859e-02
4.847365599999999691e-02
4.861481499999999872e-02
4.875579800000000297e-02
4.889660700000000165e-02
4.903723299999999952e-02
4.917768399999999929e-02
4.931795199999999824e-02
4.945804599999999857e-02
4.959795599999999860e-02
4.973769200000000001e-02
4.987724500000000061e-02
5.001661899999999827e-02
5.015581499999999943e-02
5.029482799999999976e-02
5.043366600000000199e-02
5.057232100000000341e-02
5.071079399999999654e-02
5.084909099999999904e-02
5.098720600000000019e-02
5.112514299999999789e-02
5.126290000000000013e-02
5.140047899999999892e-02
5.153787499999999688e-02
5.167509599999999675e-02
5.181213800000000064e-02
5.194899800000000317e-02
5.208568300000000068e-02
5.222218900000000219e-02
5.235851600000000078e-02
5.249466700000000180e-02
5.263064099999999884e-02
5.276643899999999832e-02
5.290205800000000180e-02
5.303750599999999815e-02
5.317277499999999851e-02
5.330786900000000078e-02
5.344278699999999854e-02
5.357753500000000252e-02
5.371210700000000199e-02
5.384650500000000284e-02
5.398072999999999760e-02
5.411478499999999858e-02
5.424867199999999778e-02
5.438238399999999889e-02
5.451592799999999822e-02
5.464930099999999735e-02
5.478250600000000164e-02
5.491554399999999669e-02
5.504841399999999690e-02
5.518111600000000228e-02
5.531365399999999682e-02
5.544602500000000295e-02
5.557823199999999825e-02
5.571027800000000196e-02
5.584216100000000127e-02
5.597387999999999669e-02
5.610544199999999843e-02
5.623684100000000269e-02
5.636807900000000149e-02
5.649916099999999913e-02
5.663008600000000309e-02
5.676085499999999895e-02
5.689146700000000112e-02
5.702192700000000003e-02
5.715222999999999831e-02
5.728238399999999869e-02
5.741238600000000275e-02
5.754223499999999714e-02
5.767193799999999898e-02
5.780148899999999756e-02
5.793089800000000150e-02
5.806015400000000271e-02
5.818926900000000180e-02
5.831824199999999930e-02
5.844706999999999680e-02
5.857575699999999913e-02
5.870430199999999987e-02
5.883270899999999692e-02
5.896097799999999722e-02
5.908910900000000077e-02
5.921710699999999800e-02
5.934496999999999689e-02
5.947269899999999693e-02
5.960029399999999811e-02
5.972776199999999674e-02
5.985510000000000136e-02
5.998230699999999860e-02
6.010939199999999760e-02
6.023635000000000100e-02
6.036318499999999976e-02
6.048989700000000080e-02
6.061648599999999720e-02
6.074295600000000073e-02
6.086931000000000286e-02
6.099554499999999824e-02
6.112166499999999864e-02
6.124767300000000247e-02
6.137356499999999798e-02
6.149935000000000124e-02
6.162502200000000152e-02
6.175058700000000261e-02
6.187604700000000346e-02
6.200139999999999818e-02
6.212665099999999802e-02
6.225179899999999655e-02
6.237684899999999810e-02
6.250179599999999835e-02
6.262665200000000487e-02
6.275140499999999621e-02
6.287606799999999330e-02
6.300064199999999559e-02
6.312512600000000362e-02
6.324951400000000667e-02
6.337381899999999790e-02
6.349803499999999434e-02
6.362216900000000619e-02
6.374622900000000147e-02
6.387019900000000250e-02
6.399409500000000084e-02
6.411790800000000123e-02
6.424165499999999474e-02
6.436532000000000364e-02
6.448891800000000618e-02
6.461244800000000288e-02
6.473590399999999689e-02
6.485930099999999421e-02
6.498262999999999956e-02
6.510589999999999433e-02
6.522910299999999661e-02
6.535225399999999851e-02
6.547534500000000424e-02
6.559838399999999570e-02
6.572137000000000118e-02
6.584430500000000575e-02
6.596718699999999658e-02
6.609002499999999669e-02
6.621281800000000661e-02
6.633557399999999438e-02
6.645828500000000583e-02
6.658095099999999933e-02
6.670358799999999422e-02
6.682618699999999523e-02
6.694875699999999763e-02
6.707129600000000247e-02
6.719380599999999482e-02
6.731628600000000295e-02
6.743875100000000511e-02
6.756118699999999477e-02
6.768360700000000674e-02
6.780600500000000252e-02
6.792839600000000200e-02
6.805076499999999917e-02
6.817312500000000108e-02
6.829548600000000247e-02
6.841783199999999787e-02
6.854017799999999327e-02
6.866251700000000624e-02
6.878486300000000164e-02
6.890720899999999705e-02
6.902956200000000264e-02
6.915192300000000403e-02
6.927429899999999752e-02
6.939668200000000120e-02
6.951907999999999699e-02
6.964150099999999455e-02
6.976393599999999862e-02
6.988640100000000077e-02
7.000888900000000470e-02
7.013139899999999705e-02
7.025394599999999767e-02
7.037652299999999639e-02
7.049913700000000338e-02
7.062178900000000425e-02
7.074448499999999584e-02
7.086722600000000538e-02
7.099001100000000564e-02
7.111284099999999608e-02
7.123572400000000027e-02
7.135866600000000115e-02
7.148166699999999874e-02
7.160472099999999618e-02
7.172784999999999578e-02
7.185103700000000648e-02
7.197429199999999527e-02
7.209762200000000010e-02
7.222102599999999373e-02
7.234451199999999971e-02
7.246807199999999449e-02
7.259172199999999742e-02
7.271545399999999881e-02
7.283928200000000519e-02
7.296320100000000530e-02
7.308721499999999704e-02
7.321132700000000659e-02
7.333554300000000303e-02
7.345987099999999603e-02
7.358430300000000368e-02
7.370884699999999401e-02
7.383351000000000497e-02
7.395829299999999440e-02
7.408320200000000078e-02
7.420823000000000003e-02
7.433339199999999813e-02
7.445868799999999510e-02
7.458411900000000427e-02
7.470969099999999474e-02
7.483541200000000393e-02
7.496127499999999388e-02
7.508729399999999887e-02
7.521346199999999482e-02
7.533979400000000159e-02
7.546629000000000531e-02
7.559295000000000597e-02
7.571978899999999568e-02
7.584679099999999674e-02
7.597397999999999652e-02
7.610134799999999922e-02
7.622890899999999748e-02
7.635665699999999445e-02
7.648459800000000086e-02
7.661274099999999809e-02
7.674109199999999686e-02
7.686964400000000086e-02
7.699841300000000166e-02
7.712739700000000032e-02
7.725660500000000597e-02
7.738604400000000105e-02
7.751570600000000366e-02
7.764560700000000537e-02
7.777574700000000618e-02
7.790613200000000294e-02
7.803677000000000530e-02
7.816766199999999887e-02
7.829881499999999384e-02
7.843023500000000092e-02
7.856192400000000520e-02
7.869388900000000298e-02
7.882612899999999478e-02
7.895865999999999996e-02
7.909148200000000462e-02
7.922460100000000560e-02
7.935802599999999818e-02
7.949175699999999622e-02
7.962579999999999658e-02
7.976016399999999451e-02
7.989485600000000021e-02
8.002987500000000032e-02
8.016523700000000030e-02
8.030094200000000015e-02
8.043699699999999619e-02
8.057340999999999809e-02
8.071018000000000636e-02
8.084732999999999503e-02
8.098484599999999922e-02
8.112275600000000420e-02
8.126104600000000344e-02
8.139973899999999873e-02
8.153883400000000448e-02
8.167833800000000311e-02
8.181826799999999955e-02
8.195861399999999908e-02
8.209940000000000293e-02
8.224062599999999723e-02
8.238229900000000605e-02
8.252443399999999374e-02
8.266703000000000245e-02
8.281010399999999549e-02
8.295365400000000167e-02
8.309769599999999867e-02
8.324223799999999618e-02
8.338728500000000543e-02
8.353284699999999341e-02
8.367893799999999438e-02
8.382556600000000413e-02
8.397273700000000562e-02
8.412045999999999413e-02
8.426874900000000390e-02
8.441761100000000351e-02
8.456705500000000209e-02
8.471709500000000614e-02
8.486773799999999812e-02
8.501899999999999735e-02
8.517088700000000068e-02
8.532341599999999915e-02
8.547659200000000401e-02
8.563042399999999665e-02
8.578493399999999325e-02
8.594013000000000346e-02
8.609601899999999586e-02
8.625262200000000101e-02
8.640994899999999979e-02
8.656800500000000342e-02
8.672681499999999877e-02
8.688639099999999338e-02
8.704674199999999640e-02
8.720788399999999940e-02
8.736982899999999608e-02
8.753260200000000102e-02
8.769620999999999666e-02
8.786067399999999972e-02
8.802600200000000596e-02
8.819220999999999311e-02
8.835932600000000192e-02
8.852735899999999991e-02
8.869633100000000325e-02
8.886625600000000458e-02
8.903714999999999546e-02
8.920904200000000228e-02
8.938194100000000641e-02
8.955586699999999734e-02
8.973085100000000036e-02
8.990690099999999740e-02
9.008405399999999674e-02
9.026231599999999522e-02
9.044171099999999408e-02
9.062226900000000529e-02
9.080401800000000023e-02
9.098696700000000193e-02
9.117116000000000109e-02
9.135660499999999351e-02
9.154333200000000503e-02
9.173137700000000283e-02
9.192076300000000255e-02
9.211151300000000597e-02
9.230367100000000380e-02
9.249725200000000203e-02
9.269228599999999874e-02
9.288882499999999431e-02
9.308687599999999895e-02
9.328649199999999864e-02
9.348770200000000585e-02
9.369054400000000060e-02
9.389505500000000504e-02
9.410126500000000338e-02
9.430922599999999600e-02
9.451896699999999540e-02
9.473054100000000144e-02
9.494399300000000430e-02
9.515935200000000260e-02
9.537667800000000640e-02
9.559602300000000219e-02
9.581742399999999826e-02
9.604093399999999447e-02
9.626661999999999719e-02
9.649452599999999713e-02
9.672470399999999469e-02
9.695722900000000588e-02
9.719215300000000335e-02
9.742954400000000681e-02
9.766945999999999961e-02
9.791197599999999779e-02
9.815716700000000350e-02
9.840509999999999535e-02
9.865586499999999537e-02
9.890952699999999709e-02
9.916617699999999425e-02
9.942589699999999919e-02
9.968879099999999882e-02
9.995494000000000601e-02
1.002244600000000013e-01
1.004974299999999987e-01
1.007739799999999991e-01
1.010542100000000054e-01
1.013382500000000047e-01
1.016262099999999946e-01
1.019182399999999933e-01
1.022144499999999984e-01
1.025149999999999950e-01
1.028200300000000067e-01
1.031297099999999994e-01
1.034442099999999948e-01
1.037636799999999970e-01
1.040883300000000067e-01
1.044183399999999984e-01
1.047539200000000004e-01
1.050952799999999993e-01
1.054426599999999936e-01
1.057962999999999959e-01
1.061564499999999994e-01
1.065234000000000042e-01
1.068974300000000016e-01
1.072788499999999950e-01
1.076679799999999965e-01
1.080652000000000001e-01
1.084708600000000023e-01
1.088853899999999986e-01
1.093091900000000005e-01
1.097427500000000000e-01
1.101865499999999942e-01
1.106411600000000023e-01
1.111071299999999984e-01
1.115851100000000012e-01
1.120757799999999998e-01
1.125798699999999986e-01
1.130981999999999960e-01
1.136316500000000007e-01
1.141811999999999966e-01
1.147478999999999999e-01
1.153329300000000002e-01
1.159375799999999984e-01
1.165633100000000033e-01
1.172116899999999934e-01
1.178845300000000013e-01
1.185838399999999959e-01
1.193118799999999952e-01
1.200712300000000010e-01
1.208648300000000064e-01
1.216960299999999967e-01
1.225687000000000026e-01
1.234873799999999938e-01
1.244573499999999944e-01
1.254848500000000089e-01
1.265773500000000051e-01
1.277438599999999869e-01
1.289953299999999914e-01
1.303453900000000054e-01
1.318111299999999986e-01
1.334143999999999886e-01
1.351838099999999876e-01
1.371575100000000103e-01
1.393880500000000133e-01
1.419499999999999929e-01
1.449533699999999981e-01
1.485679099999999975e-01
1.530692700000000073e-01
1.589299000000000128e-01
1.669999199999999961e-01
1.789026099999999897e-01
1.976932999999999885e-01
