9.530000000000000000e+02
0.000000000000000000e+00
1.904000100000000018e+01
2.048150699999999880e-01
2.355138999999999982e-01
2.738480300000000200e-01
3.154514099999999877e-01
3.566393900000000006e-01
3.956528000000000267e-01
4.319033299999999742e-01
4.652535899999999947e-01
4.957169900000000240e-01
5.233641300000000385e-01
5.482964500000000463e-01
5.706373500000000432e-01
5.905268200000000078e-01
6.081156699999999971e-01
6.235599499999999740e-01
6.370155800000000257e-01
6.486337199999999692e-01
6.585574199999999490e-01
6.669186900000000362e-01
6.738362300000000360e-01
6.794123100000000193e-01
6.837236899999999951e-01
6.867860599999999760e-01
6.885046400000000011e-01
6.888127899999999526e-01
6.877658399999999617e-01
6.853811699999999840e-01
6.816069500000000447e-01
6.763812900000000239e-01
6.696843500000000393e-01
6.615365699999999904e-01
6.519894600000000207e-01
6.411557799999999530e-01
6.292287699999999928e-01
6.164540099999999967e-01
6.030827800000000405e-01
5.893388999999999989e-01
5.754050000000000553e-01
5.614223499999999589e-01
5.474967400000000373e-01
5.337060099999999530e-01
5.201065499999999453e-01
5.067387199999999758e-01
4.936310400000000209e-01
4.808030999999999833e-01
4.682678900000000199e-01
4.560334999999999805e-01
4.441041900000000098e-01
4.324815599999999871e-01
4.211649000000000087e-01
4.101520200000000060e-01
3.994393900000000053e-01
3.890225600000000172e-01
3.788964499999999958e-01
3.690553300000000148e-01
3.594931100000000046e-01
3.502035099999999956e-01
3.411799400000000149e-01
3.324157300000000204e-01
3.239041599999999965e-01
3.156384500000000148e-01
3.076119099999999884e-01
2.998178300000000074e-01
2.922495600000000193e-01
2.849006099999999986e-01
2.777645000000000253e-01
2.708349500000000187e-01
2.641057700000000175e-01
2.575709199999999810e-01
2.512244299999999986e-01
2.450606100000000120e-01
2.390737800000000135e-01
2.332585000000000075e-01
2.276094399999999962e-01
2.221214200000000139e-01
2.167894099999999880e-01
2.116085400000000116e-01
2.065740799999999933e-01
2.016814500000000121e-01
1.969261900000000010e-01
1.923040199999999922e-01
1.878107300000000091e-01
1.834423199999999921e-01
1.791948800000000008e-01
1.750646100000000094e-01
1.710478699999999908e-01
1.671411200000000041e-01
1.633409600000000073e-01
1.596440500000000096e-01
1.560472199999999865e-01
1.525473900000000049e-01
1.491415600000000063e-01
1.458268500000000079e-01
1.426004600000000122e-01
1.394597300000000040e-01
1.364020300000000074e-01
1.334248500000000115e-01
1.305257700000000132e-01
1.277024300000000057e-01
1.249525799999999937e-01
1.222739999999999938e-01
1.196645900000000012e-01
1.171223099999999934e-01
1.146451599999999960e-01
1.122312399999999960e-01
1.098786999999999958e-01
1.075857399999999992e-01
1.053506599999999988e-01
1.031717699999999960e-01
1.010474499999999970e-01
9.897614999999999885e-02
9.695635700000000690e-02
9.498661799999999489e-02
9.306549999999999545e-02
9.119165699999999541e-02
8.936375400000000357e-02
8.758052400000000681e-02
8.584071699999999694e-02
8.414313900000000568e-02
8.248662900000000575e-02
8.087007699999999855e-02
7.929237899999999617e-02
7.775250100000000164e-02
7.624941300000000199e-02
7.478212600000000432e-02
7.334969900000000431e-02
7.195119599999999505e-02
7.058572800000000036e-02
6.925241599999999720e-02
6.795042799999999328e-02
6.667894900000000125e-02
6.543719000000000618e-02
6.422437699999999916e-02
6.303978000000000359e-02
6.188266700000000231e-02
6.075234699999999821e-02
5.964814499999999964e-02
5.856940199999999958e-02
5.751548299999999919e-02
5.648576799999999870e-02
5.547966399999999798e-02
5.449658599999999964e-02
5.353596800000000322e-02
5.259726900000000205e-02
5.167995000000000227e-02
5.078350400000000014e-02
4.990742399999999884e-02
4.905122499999999691e-02
4.821443899999999783e-02
4.739660400000000190e-02
4.659727200000000208e-02
4.581601899999999949e-02
4.505242000000000274e-02
4.430606599999999812e-02
4.357656499999999766e-02
4.286352499999999954e-02
4.216657599999999728e-02
4.148535400000000206e-02
4.081950300000000004e-02
4.016867699999999985e-02
3.953254600000000174e-02
3.891078399999999687e-02
3.830307299999999998e-02
3.770910200000000129e-02
3.712857900000000183e-02
3.656120599999999887e-02
3.600670400000000049e-02
3.546479300000000140e-02
3.493520600000000337e-02
3.441768500000000341e-02
3.391197299999999804e-02
3.341782100000000033e-02
3.293498599999999943e-02
3.246324099999999685e-02
3.200234799999999991e-02
3.155209500000000222e-02
3.111225399999999891e-02
3.068262000000000073e-02
3.026298599999999867e-02
2.985314999999999844e-02
2.945291599999999912e-02
2.906209599999999907e-02
2.868050299999999955e-02
2.830795599999999870e-02
2.794427799999999948e-02
2.758929499999999979e-02
2.724284299999999923e-02
2.690475399999999948e-02
2.657487199999999938e-02
2.625303899999999885e-02
2.593910300000000155e-02
2.563291599999999865e-02
2.533433400000000002e-02
2.504321400000000114e-02
2.475941699999999884e-02
2.448281299999999910e-02
2.421326400000000170e-02
2.395064800000000146e-02
2.369483600000000037e-02
2.344570500000000071e-02
2.320313599999999921e-02
2.296701400000000087e-02
2.273722200000000138e-02
2.251364999999999963e-02
2.229619000000000045e-02
2.208473299999999875e-02
2.187917600000000018e-02
2.167941599999999996e-02
2.148535500000000112e-02
2.129689200000000129e-02
2.111393799999999876e-02
2.093639400000000053e-02
2.076417200000000088e-02
2.059718199999999860e-02
2.043533499999999892e-02
2.027854700000000093e-02
2.012673599999999924e-02
1.997981600000000094e-02
1.983771100000000093e-02
1.970033900000000074e-02
1.956762700000000063e-02
1.943949600000000055e-02
1.931587400000000024e-02
1.919668899999999942e-02
1.908187000000000078e-02
1.897134600000000004e-02
1.886505100000000074e-02
1.876291799999999996e-02
1.866488200000000069e-02
1.857087799999999900e-02
1.848084300000000027e-02
1.839471399999999951e-02
1.831243600000000138e-02
1.823394399999999846e-02
1.815918299999999888e-02
1.808809499999999848e-02
1.802062200000000003e-02
1.795671299999999915e-02
1.789631100000000155e-02
1.783936499999999939e-02
1.778582299999999922e-02
1.773562999999999876e-02
1.768874200000000035e-02
1.764510400000000173e-02
1.760467099999999882e-02
1.756739599999999901e-02
1.753323000000000034e-02
1.750212900000000169e-02
1.747404600000000002e-02
1.744893800000000064e-02
1.742675900000000000e-02
1.740746899999999833e-02
1.739102600000000040e-02
1.737738600000000161e-02
1.736651000000000167e-02
1.735835700000000134e-02
1.735288800000000034e-02
1.735006500000000132e-02
1.734984900000000052e-02
1.735220100000000112e-02
1.735708700000000021e-02
1.736446700000000148e-02
1.737430699999999856e-02
1.738657099999999997e-02
1.740122599999999881e-02
1.741823600000000014e-02
1.743756600000000156e-02
1.745918600000000154e-02
1.748306100000000113e-02
1.750915899999999983e-02
1.753744900000000009e-02
1.756789900000000140e-02
1.760047699999999979e-02
1.763515499999999958e-02
1.767190000000000080e-02
1.771068599999999979e-02
1.775148099999999951e-02
1.779425700000000082e-02
1.783898500000000165e-02
1.788563799999999884e-02
1.793418800000000021e-02
1.798460799999999915e-02
1.803686999999999999e-02
1.809094799999999906e-02
1.814681900000000153e-02
1.820445099999999997e-02
1.826382199999999900e-02
1.832490800000000086e-02
1.838768299999999842e-02
1.845212099999999841e-02
1.851819799999999960e-02
1.858589399999999864e-02
1.865518099999999985e-02
1.872603800000000041e-02
1.879843900000000012e-02
1.887236499999999859e-02
1.894779300000000097e-02
1.902469799999999961e-02
1.910306100000000104e-02
1.918286099999999897e-02
1.926407200000000014e-02
1.934667899999999857e-02
1.943065600000000101e-02
1.951598400000000011e-02
1.960264499999999840e-02
1.969061600000000106e-02
1.977987800000000074e-02
1.987041200000000049e-02
1.996219700000000097e-02
2.005521600000000071e-02
2.014944899999999983e-02
2.024487599999999846e-02
2.034147999999999859e-02
2.043924299999999930e-02
2.053814600000000018e-02
2.063817199999999977e-02
2.073930200000000112e-02
2.084151799999999985e-02
2.094480599999999984e-02
2.104914600000000122e-02
2.115452099999999905e-02
2.126091499999999829e-02
2.136831399999999936e-02
2.147669699999999945e-02
2.158605099999999846e-02
2.169635899999999840e-02
2.180760500000000074e-02
2.191977599999999846e-02
2.203285300000000155e-02
2.214682100000000056e-02
2.226166799999999835e-02
2.237737600000000091e-02
2.249393100000000173e-02
2.261131799999999831e-02
2.272952300000000148e-02
2.284853499999999968e-02
2.296833499999999945e-02
2.308891000000000068e-02
2.321024799999999930e-02
2.333233499999999919e-02
2.345515600000000131e-02
2.357869799999999863e-02
2.370294900000000093e-02
2.382789600000000119e-02
2.395352300000000087e-02
2.407982200000000073e-02
2.420677800000000171e-02
2.433437700000000078e-02
2.446260899999999974e-02
2.459146099999999849e-02
2.472092000000000039e-02
2.485097600000000032e-02
2.498161600000000163e-02
2.511282600000000129e-02
2.524459899999999951e-02
2.537692199999999967e-02
2.550978200000000168e-02
2.564316999999999985e-02
2.577707400000000051e-02
2.591148199999999957e-02
2.604638399999999882e-02
2.618177000000000004e-02
2.631763000000000158e-02
2.645395099999999985e-02
2.659072499999999908e-02
2.672794100000000159e-02
2.686559000000000169e-02
2.700366100000000172e-02
2.714214300000000052e-02
2.728102899999999831e-02
2.742030700000000140e-02
2.755996999999999961e-02
2.770000499999999977e-02
2.784040600000000157e-02
2.798116200000000039e-02
2.812226699999999940e-02
2.826370699999999903e-02
2.840547599999999895e-02
2.854756599999999991e-02
2.868996700000000025e-02
2.883267200000000016e-02
2.897567100000000145e-02
2.911895700000000087e-02
2.926252000000000020e-02
2.940635200000000019e-02
2.955044799999999999e-02
2.969479599999999900e-02
2.983939099999999983e-02
2.998422499999999977e-02
3.012928900000000007e-02
3.027457600000000096e-02
3.042007999999999865e-02
3.056579099999999841e-02
3.071170299999999992e-02
3.085781099999999888e-02
3.100410500000000055e-02
3.115057800000000168e-02
3.129722599999999744e-02
3.144403900000000002e-02
3.159101300000000112e-02
3.173813999999999802e-02
3.188541200000000186e-02
3.203282500000000088e-02
3.218036900000000033e-02
3.232804300000000075e-02
3.247583700000000045e-02
3.262374900000000050e-02
3.277176600000000078e-02
3.291989099999999974e-02
3.306810899999999831e-02
3.321642100000000292e-02
3.336481799999999748e-02
3.351329599999999798e-02
3.366184600000000221e-02
3.381047000000000219e-02
3.395915399999999834e-02
3.410789699999999813e-02
3.425669299999999778e-02
3.440554099999999782e-02
3.455442899999999762e-02
3.470335499999999823e-02
3.485231500000000177e-02
3.500129999999999908e-02
3.515031200000000300e-02
3.529934199999999744e-02
3.544838699999999787e-02
3.559744000000000103e-02
3.574650000000000050e-02
3.589555999999999997e-02
3.604461600000000154e-02
3.619366100000000197e-02
3.634269899999999914e-02
3.649171799999999938e-02
3.664071499999999731e-02
3.678968900000000042e-02
3.693863700000000333e-02
3.708754899999999743e-02
3.723642600000000302e-02
3.738526600000000033e-02
3.753405800000000209e-02
3.768280499999999977e-02
3.783149999999999707e-02
3.798013900000000304e-02
3.812872199999999684e-02
3.827724600000000088e-02
3.842570299999999855e-02
3.857409199999999733e-02
3.872241099999999825e-02
3.887065499999999701e-02
3.901882100000000214e-02
3.916690899999999975e-02
3.931491100000000100e-02
3.946282699999999893e-02
3.961065400000000208e-02
3.975838799999999867e-02
3.990602900000000258e-02
4.005356899999999720e-02
4.020101200000000125e-02
4.034835099999999758e-02
4.049558600000000008e-02
4.064271199999999751e-02
4.078972699999999785e-02
4.093662599999999679e-02
4.108341399999999866e-02
4.123008599999999912e-02
4.137663500000000188e-02
4.152306199999999947e-02
4.166936499999999988e-02
4.181554500000000257e-02
4.196159199999999895e-02
4.210751100000000025e-02
4.225329700000000216e-02
4.239895199999999670e-02
4.254446600000000300e-02
4.268984499999999710e-02
4.283508300000000296e-02
4.298017900000000030e-02
4.312513400000000247e-02
4.326993999999999979e-02
4.341460400000000247e-02
4.355911500000000242e-02
4.370347799999999699e-02
4.384769100000000114e-02
4.399175200000000202e-02
4.413566000000000017e-02
4.427940799999999927e-02
4.442300300000000257e-02
4.456643799999999989e-02
4.470971199999999868e-02
4.485283000000000325e-02
4.499578500000000342e-02
4.513857500000000023e-02
4.528120199999999956e-02
4.542366400000000248e-02
4.556595900000000310e-02
4.570808600000000194e-02
4.585005000000000330e-02
4.599184199999999806e-02
4.613346200000000008e-02
4.627491200000000138e-02
4.641619300000000142e-02
4.655730000000000285e-02
4.669823099999999977e-02
4.683899100000000343e-02
4.697957600000000206e-02
4.711998600000000259e-02
4.726022099999999809e-02
4.740028100000000244e-02
4.754016199999999692e-02
4.767986400000000236e-02
4.781938699999999792e-02
4.795873500000000234e-02
4.809790099999999846e-02
4.823689200000000343e-02
4.837570000000000064e-02
4.851432900000000187e-02
4.865277600000000174e-02
4.879104299999999922e-02
4.892912900000000176e-02
4.906703199999999654e-02
4.920475600000000227e-02
4.934229700000000024e-02
4.947965599999999686e-02
4.961683599999999750e-02
4.975382999999999889e-02
4.989064499999999736e-02
5.002727700000000194e-02
5.016372399999999981e-02
5.029999100000000223e-02
5.043607600000000329e-02
5.057197799999999660e-02
5.070769800000000244e-02
5.084323500000000051e-02
5.097859400000000207e-02
5.111376599999999798e-02
5.124875899999999790e-02
5.138357000000000341e-02
5.151820199999999905e-02
5.165264800000000239e-02
5.178691800000000123e-02
5.192100599999999871e-02
5.205491200000000179e-02
5.218863900000000194e-02
5.232218699999999917e-02
5.245555600000000041e-02
5.258874599999999871e-02
5.272175700000000104e-02
5.285458999999999991e-02
5.298724800000000068e-02
5.311972599999999906e-02
5.325202999999999881e-02
5.338415500000000258e-02
5.351610500000000131e-02
5.364788000000000195e-02
5.377948300000000292e-02
5.391090700000000097e-02
5.404216399999999670e-02
5.417324200000000339e-02
5.430415300000000084e-02
5.443488800000000072e-02
5.456545599999999829e-02
5.469585200000000313e-02
5.482608099999999873e-02
5.495613800000000160e-02
5.508602800000000216e-02
5.521575399999999884e-02
5.534530800000000278e-02
5.547469900000000231e-02
5.560392499999999849e-02
5.573298799999999720e-02
5.586188699999999896e-02
5.599062500000000220e-02
5.611920000000000103e-02
5.624761400000000133e-02
5.637586900000000206e-02
5.650396600000000269e-02
5.663190399999999680e-02
5.675968499999999722e-02
5.688731000000000343e-02
5.701478199999999996e-02
5.714209800000000228e-02
5.726926000000000239e-02
5.739626999999999923e-02
5.752313099999999818e-02
5.764984299999999923e-02
5.777640600000000237e-02
5.790281700000000226e-02
5.802908500000000108e-02
5.815520899999999938e-02
5.828118300000000029e-02
5.840701999999999700e-02
5.853271100000000116e-02
5.865826100000000320e-02
5.878367300000000156e-02
5.890894299999999834e-02
5.903407900000000319e-02
5.915907399999999899e-02
5.928393800000000130e-02
5.940866799999999781e-02
5.953326400000000240e-02
5.965772999999999909e-02
5.978206500000000229e-02
5.990626999999999758e-02
6.003034899999999674e-02
6.015430399999999872e-02
6.027813299999999763e-02
6.040183500000000094e-02
6.052541699999999802e-02
6.064887699999999687e-02
6.077222200000000074e-02
6.089544300000000049e-02
6.101855300000000315e-02
6.114154299999999959e-02
6.126442199999999894e-02
6.138718900000000173e-02
6.150984000000000312e-02
6.163238699999999681e-02
6.175482300000000035e-02
6.187715399999999671e-02
6.199938099999999924e-02
6.212150300000000153e-02
6.224352100000000304e-02
6.236544299999999957e-02
6.248726300000000122e-02
6.260898700000000483e-02
6.273061000000000609e-02
6.285214399999999868e-02
6.297358899999999649e-02
6.309493600000000424e-02
6.321619500000000280e-02
6.333737100000000342e-02
6.345844999999999958e-02
6.357945500000000694e-02
6.370037000000000615e-02
6.382121100000000269e-02
6.394196300000000444e-02
6.406264799999999981e-02
6.418324999999999725e-02
6.430377800000000588e-02
6.442423199999999794e-02
6.454461799999999805e-02
6.466493800000000514e-02
6.478518199999999672e-02
6.490536800000000495e-02
6.502548599999999346e-02
6.514554499999999915e-02
6.526554399999999478e-02
6.538548299999999425e-02
6.550536299999999701e-02
6.562519099999999939e-02
6.574496600000000190e-02
6.586469000000000351e-02
6.598436800000000158e-02
6.610399499999999873e-02
6.622357700000000569e-02
6.634311399999999470e-02
6.646261400000000319e-02
6.658207600000000392e-02
6.670149400000000006e-02
6.682088199999999811e-02
6.694023300000000176e-02
6.705955399999999345e-02
6.717885299999999671e-02
6.729811400000000610e-02
6.741735299999999931e-02
6.753657000000000410e-02
6.765577200000000291e-02
6.777494400000000363e-02
6.789410899999999416e-02
6.801325099999999679e-02
6.813238600000000311e-02
6.825151299999999976e-02
6.837062500000000431e-02
6.848973799999999446e-02
6.860884300000000269e-02
6.872794799999999704e-02
6.884705300000000527e-02
6.896615799999999963e-02
6.908527000000000418e-02
6.920439700000000083e-02
6.932352499999999695e-02
6.944267499999999538e-02
6.956183200000000399e-02
6.968100400000000472e-02
6.980019799999999386e-02
6.991941499999999865e-02
7.003866100000000205e-02
7.015792999999999335e-02
7.027722899999999662e-02
7.039655699999999849e-02
7.051591599999999793e-02
7.063531900000000197e-02
7.075475900000000040e-02
7.087424400000000291e-02
7.099376599999999982e-02
7.111334099999999658e-02
7.123295999999999795e-02
7.135263799999999601e-02
7.147236899999999393e-02
7.159216000000000191e-02
7.171200199999999692e-02
7.183191899999999408e-02
7.195189600000000130e-02
7.207194000000000100e-02
7.219205800000000339e-02
7.231225099999999406e-02
7.243252499999999761e-02
7.255287500000000278e-02
7.267330599999999308e-02
7.279382600000000592e-02
7.291443599999999914e-02
7.303513600000000050e-02
7.315593200000000684e-02
7.327682500000000376e-02
7.339781500000000514e-02
7.351891700000000307e-02
7.364012300000000177e-02
7.376144099999999704e-02
7.388287000000000326e-02
7.400441900000000184e-02
7.412608699999999329e-02
7.424788200000000116e-02
7.436980299999999822e-02
7.449185099999999782e-02
7.461403299999999628e-02
7.473635700000000326e-02
7.485881399999999575e-02
7.498142100000000643e-02
7.510417699999999419e-02
7.522708200000000067e-02
7.535014299999999443e-02
7.547336100000000270e-02
7.559674199999999455e-02
7.572028799999999671e-02
7.584400500000000600e-02
7.596789299999999467e-02
7.609196000000000015e-02
7.621620599999999468e-02
7.634064599999999812e-02
7.646526400000000501e-02
7.659008400000000272e-02
7.671509699999999599e-02
7.684031900000000415e-02
7.696573399999999399e-02
7.709137400000000417e-02
7.721721400000000624e-02
7.734328499999999773e-02
7.746957200000000043e-02
7.759608299999999625e-02
7.772283300000000505e-02
7.784982000000000013e-02
7.797704599999999431e-02
7.810451799999999778e-02
7.823224400000000633e-02
7.836021499999999695e-02
7.848845399999999917e-02
7.861696199999999857e-02
7.874572999999999989e-02
7.887478200000000439e-02
7.900410900000000292e-02
7.913372700000000093e-02
7.926363499999999895e-02
7.939383399999999646e-02
7.952433799999999997e-02
7.965514799999999507e-02
7.978627100000000583e-02
7.991771400000000081e-02
8.004948500000000355e-02
8.018157600000000440e-02
8.031401000000000512e-02
8.044677999999999551e-02
8.057989899999999650e-02
8.071337600000000334e-02
8.084721100000000216e-02
8.098141100000000314e-02
8.111599099999999840e-02
8.125094300000000602e-02
8.138628300000000371e-02
8.152201800000000165e-02
8.165814700000000037e-02
8.179468700000000481e-02
8.193164299999999844e-02
8.206901699999999411e-02
8.220681500000000252e-02
8.234505400000000086e-02
8.248373900000000036e-02
8.262287100000000051e-02
8.276245699999999761e-02
8.290251299999999712e-02
8.304304599999999537e-02
8.318406300000000253e-02
8.332557200000000053e-02
8.346757999999999955e-02
8.361009499999999539e-02
8.375312399999999824e-02
8.389668200000000020e-02
8.404077599999999759e-02
8.418541400000000008e-02
8.433060300000000398e-02
8.447635900000000087e-02
8.462268900000000094e-02
8.476959900000000103e-02
8.491710600000000608e-02
8.506521599999999905e-02
8.521393700000000349e-02
8.536329099999999392e-02
8.551327899999999760e-02
8.566390699999999747e-02
8.581520600000000498e-02
8.596716799999999659e-02
8.611981600000000181e-02
8.627315600000000362e-02
8.642720399999999359e-02
8.658196799999999527e-02
8.673746899999999760e-02
8.689371499999999637e-02
8.705072099999999757e-02
8.720850199999999330e-02
8.736707300000000342e-02
8.752644099999999650e-02
8.768662100000000625e-02
8.784764300000000303e-02
8.800949900000000492e-02
8.817222700000000579e-02
8.833583400000000196e-02
8.850032800000000310e-02
8.866573899999999342e-02
8.883207999999999382e-02
8.899936799999999537e-02
8.916761700000000457e-02
8.933684999999999543e-02
8.950708799999999854e-02
8.967834700000000547e-02
8.985064199999999446e-02
9.002400200000000574e-02
9.019844999999999946e-02
9.037399299999999969e-02
9.055066900000000030e-02
9.072849199999999392e-02
9.090748399999999674e-02
9.108767700000000578e-02
9.126908300000000085e-02
9.145173400000000674e-02
9.163565899999999431e-02
9.182088099999999309e-02
9.200742800000000221e-02
9.219532499999999464e-02
9.238460699999999359e-02
9.257529700000000084e-02
9.276742500000000058e-02
9.296102800000000110e-02
9.315613699999999997e-02
9.335277999999999632e-02
9.355099499999999790e-02
9.375081999999999860e-02
9.395229099999999334e-02
9.415543799999999408e-02
9.436029899999999471e-02
9.456692599999999560e-02
9.477535600000000504e-02
9.498562700000000303e-02
9.519778199999999468e-02
9.541187399999999375e-02
9.562794099999999409e-02
9.584603499999999610e-02
9.606620700000000068e-02
9.628850999999999383e-02
9.651299600000000367e-02
9.673972399999999916e-02
9.696873999999999771e-02
9.720011800000000202e-02
9.743391699999999489e-02
9.767019700000000026e-02
9.790902599999999623e-02
9.815047699999999986e-02
9.839461700000000366e-02
9.864152199999999537e-02
9.889127300000000176e-02
9.914394499999999721e-02
9.939963400000000060e-02
9.965841500000000019e-02
9.992039199999999677e-02
1.001856500000000011e-01
1.004542900000000016e-01
1.007264300000000057e-01
1.010021599999999936e-01
1.012816099999999941e-01
1.015648799999999963e-01
1.018521200000000043e-01
1.021434400000000020e-01
1.024389899999999937e-01
1.027389199999999975e-01
1.030433600000000005e-01
1.033524900000000052e-01
1.036664600000000019e-01
1.039854600000000018e-01
1.043096699999999932e-01
1.046392899999999959e-01
1.049745299999999965e-01
1.053155999999999953e-01
1.056627299999999964e-01
1.060161899999999963e-01
1.063762099999999988e-01
1.067430899999999988e-01
1.071171100000000015e-01
1.074985900000000050e-01
1.078878600000000021e-01
1.082852900000000063e-01
1.086912500000000031e-01
1.091061599999999937e-01
1.095304400000000067e-01
1.099645800000000062e-01
1.104090699999999980e-01
1.108644800000000014e-01
1.113313699999999989e-01
1.118104199999999937e-01
1.123022800000000043e-01
1.128077400000000036e-01
1.133276099999999953e-01
1.138627900000000054e-01
1.144142699999999985e-01
1.149831300000000028e-01
1.155705699999999975e-01
1.161779099999999953e-01
1.168066199999999999e-01
1.174583399999999944e-01
1.181348900000000063e-01
1.188383400000000006e-01
1.195710200000000001e-01
1.203355400000000047e-01
1.211349399999999965e-01
1.219726700000000053e-01
1.228527100000000039e-01
1.237797399999999992e-01
1.247592000000000007e-01
1.257975500000000080e-01
1.269025500000000028e-01
1.280835300000000010e-01
1.293519300000000039e-01
1.307219699999999929e-01
1.322115500000000110e-01
1.338436799999999927e-01
1.356485500000000066e-01
1.376667000000000030e-01
1.399542699999999917e-01
1.425914299999999912e-01
1.456975600000000037e-01
1.494585300000000061e-01
1.541793599999999875e-01
1.603883500000000129e-01
1.690438800000000075e-01
1.820186500000000041e-01
2.025117300000000009e-01
