9.120000000000000000e+02
0.000000000000000000e+00
1.821999900000000139e+01
2.045640200000000131e-01
2.352728699999999951e-01
2.736186700000000083e-01
3.152343899999999755e-01
3.564348199999999856e-01
3.954606399999999744e-01
4.317234799999999928e-01
4.650858299999999779e-01
4.955611200000000216e-01
5.232197600000000337e-01
5.481631799999999721e-01
5.705147400000000202e-01
5.904141699999999604e-01
6.080124399999999874e-01
6.234654800000000163e-01
6.369291500000000550e-01
6.485548599999999553e-01
6.584854700000000172e-01
6.668531300000000162e-01
6.737765700000000191e-01
6.793581800000000337e-01
6.836748099999999662e-01
6.867425999999999808e-01
6.884669100000000430e-01
6.887808399999999498e-01
6.877394300000000404e-01
6.853604300000000205e-01
6.815922899999999895e-01
6.763731200000000499e-01
6.696828599999999909e-01
6.615421200000000113e-01
6.520022199999999657e-01
6.411757500000000443e-01
6.292556500000000552e-01
6.164872599999999814e-01
6.031220600000000154e-01
5.893837800000000238e-01
5.754551900000000053e-01
5.614776000000000211e-01
5.475571200000000083e-01
5.337714599999999754e-01
5.201771299999999876e-01
5.068144799999999561e-01
4.937121300000000268e-01
4.808896500000000018e-01
4.683600099999999933e-01
4.561313100000000120e-01
4.442078799999999994e-01
4.325912000000000091e-01
4.212806499999999787e-01
4.102739699999999878e-01
3.995676599999999912e-01
3.891572699999999996e-01
3.790376500000000037e-01
3.692031199999999957e-01
3.596475700000000275e-01
3.503646899999999786e-01
3.413478400000000135e-01
3.325904000000000083e-01
3.240856500000000029e-01
3.158267699999999789e-01
3.078070299999999815e-01
3.000197099999999950e-01
2.924582099999999962e-01
2.851159600000000016e-01
2.779865300000000095e-01
2.710636000000000156e-01
2.643409700000000084e-01
2.578125600000000239e-01
2.514724999999999877e-01
2.453149599999999986e-01
2.393343400000000065e-01
2.335251700000000041e-01
2.278821000000000041e-01
2.223999500000000129e-01
2.170737100000000031e-01
2.118984899999999949e-01
2.068695399999999907e-01
2.019823000000000035e-01
1.972322900000000045e-01
1.926152299999999984e-01
1.881269399999999925e-01
1.837633599999999867e-01
1.795206099999999971e-01
1.753949099999999872e-01
1.713825800000000066e-01
1.674801099999999876e-01
1.636840699999999871e-01
1.599911599999999934e-01
1.563981799999999978e-01
1.529020500000000116e-01
1.494997899999999935e-01
1.461884999999999990e-01
1.429654099999999872e-01
1.398278299999999863e-01
1.367731500000000100e-01
1.337988699999999864e-01
1.309025400000000117e-01
1.280818400000000024e-01
1.253344899999999928e-01
1.226582999999999979e-01
1.200511600000000040e-01
1.175110300000000024e-01
1.150359100000000051e-01
1.126239099999999937e-01
1.102731700000000037e-01
1.079819300000000037e-01
1.057484399999999991e-01
1.035710400000000031e-01
1.014481299999999975e-01
9.937813900000000422e-02
9.735955999999999777e-02
9.539093799999999457e-02
9.347086400000000073e-02
9.159796700000000236e-02
8.977094300000000582e-02
8.798850299999999569e-02
8.624941899999999384e-02
8.455248899999999457e-02
8.289656800000000381e-02
8.128052199999999394e-02
7.970327900000000187e-02
7.816378799999999794e-02
7.666103500000000237e-02
7.519403099999999451e-02
7.376182800000000150e-02
7.236350299999999569e-02
7.099816200000000355e-02
6.966494800000000431e-02
6.836300300000000552e-02
6.709153199999999539e-02
6.584974400000000172e-02
6.463687099999999852e-02
6.345217699999999850e-02
6.229494900000000224e-02
6.116448299999999866e-02
6.006010600000000199e-02
5.898117299999999785e-02
5.792703899999999961e-02
5.689709600000000117e-02
5.589074599999999809e-02
5.490740799999999783e-02
5.394652500000000211e-02
5.300754299999999725e-02
5.208994100000000071e-02
5.119320399999999910e-02
5.031682900000000042e-02
4.946033999999999847e-02
4.862325599999999665e-02
4.780513000000000123e-02
4.700551599999999719e-02
4.622397899999999837e-02
4.546010899999999855e-02
4.471349000000000157e-02
4.398373099999999813e-02
4.327045399999999986e-02
4.257327699999999965e-02
4.189183900000000016e-02
4.122579500000000258e-02
4.057479299999999789e-02
3.993850599999999862e-02
3.931660599999999700e-02
3.870877600000000029e-02
3.811471899999999829e-02
3.753412500000000152e-02
3.696671099999999932e-02
3.641219400000000189e-02
3.587029900000000132e-02
3.534075600000000095e-02
3.482330599999999832e-02
3.431769800000000065e-02
3.382368000000000180e-02
3.334101999999999899e-02
3.286947700000000111e-02
3.240882600000000169e-02
3.195884100000000172e-02
3.151931200000000072e-02
3.109002900000000166e-02
3.067078100000000113e-02
3.026137099999999872e-02
2.986160300000000045e-02
2.947128900000000121e-02
2.909024400000000121e-02
2.871828499999999965e-02
2.835523699999999842e-02
2.800093000000000026e-02
2.765519500000000047e-02
2.731786900000000157e-02
2.698879300000000050e-02
2.666781099999999960e-02
2.635477099999999906e-02
2.604952799999999888e-02
2.575193300000000116e-02
2.546184900000000167e-02
2.517913700000000074e-02
2.490366299999999949e-02
2.463529299999999908e-02
2.437390199999999937e-02
2.411936400000000078e-02
2.387155800000000105e-02
2.363036199999999851e-02
2.339566100000000162e-02
2.316734200000000049e-02
2.294529199999999908e-02
2.272940099999999977e-02
2.251956399999999886e-02
2.231567699999999904e-02
2.211763900000000144e-02
2.192534900000000023e-02
2.173871000000000137e-02
2.155762500000000040e-02
2.138200399999999959e-02
2.121175499999999881e-02
2.104678800000000030e-02
2.088701499999999836e-02
2.073235299999999851e-02
2.058271500000000143e-02
2.043802299999999961e-02
2.029819199999999962e-02
2.016314899999999827e-02
2.003281200000000054e-02
1.990710799999999975e-02
1.978596300000000016e-02
1.966930399999999857e-02
1.955706100000000058e-02
1.944916500000000090e-02
1.934554399999999924e-02
1.924613699999999997e-02
1.915087399999999829e-02
1.905969299999999908e-02
1.897252899999999839e-02
1.888932299999999953e-02
1.881001100000000148e-02
1.873453699999999902e-02
1.866283999999999998e-02
1.859486499999999862e-02
1.853055300000000169e-02
1.846984999999999946e-02
1.841270199999999954e-02
1.835905399999999965e-02
1.830885700000000130e-02
1.826205800000000115e-02
1.821860499999999883e-02
1.817845200000000119e-02
1.814154499999999851e-02
1.810784299999999847e-02
1.807729199999999828e-02
1.804985099999999870e-02
1.802547100000000124e-02
1.800410800000000131e-02
1.798572000000000018e-02
1.797026200000000073e-02
1.795769100000000132e-02
1.794796800000000164e-02
1.794104800000000111e-02
1.793689299999999889e-02
1.793546199999999924e-02
1.793671599999999838e-02
1.794061599999999951e-02
1.794712600000000075e-02
1.795620699999999834e-02
1.796781999999999893e-02
1.798193199999999908e-02
1.799850500000000145e-02
1.801750400000000016e-02
1.803889700000000165e-02
1.806264700000000112e-02
1.808872099999999858e-02
1.811708500000000152e-02
1.814770900000000145e-02
1.818055699999999997e-02
1.821559899999999899e-02
1.825280500000000042e-02
1.829213999999999840e-02
1.833357799999999968e-02
1.837708799999999976e-02
1.842263699999999865e-02
1.847019999999999912e-02
1.851974600000000012e-02
1.857124599999999959e-02
1.862467500000000026e-02
1.868000100000000163e-02
1.873719899999999952e-02
1.879624100000000173e-02
1.885710100000000111e-02
1.891975300000000096e-02
1.898417100000000107e-02
1.905033000000000074e-02
1.911820300000000028e-02
1.918776499999999899e-02
1.925899299999999856e-02
1.933186099999999880e-02
1.940634700000000087e-02
1.948242400000000166e-02
1.956007300000000074e-02
1.963926699999999845e-02
1.971998399999999943e-02
1.980220300000000086e-02
1.988589899999999855e-02
1.997105399999999850e-02
2.005764100000000105e-02
2.014564400000000075e-02
2.023503600000000138e-02
2.032579899999999856e-02
2.041791199999999987e-02
2.051135499999999848e-02
2.060610800000000145e-02
2.070214800000000008e-02
2.079945799999999984e-02
2.089801800000000084e-02
2.099780700000000028e-02
2.109880899999999962e-02
2.120100100000000057e-02
2.130436700000000114e-02
2.140888900000000039e-02
2.151454599999999898e-02
2.162132199999999838e-02
2.172919900000000112e-02
2.183815799999999988e-02
2.194818299999999958e-02
2.205925599999999931e-02
2.217136000000000107e-02
2.228447600000000098e-02
2.239859300000000136e-02
2.251368800000000045e-02
2.262974900000000109e-02
2.274675699999999939e-02
2.286469899999999875e-02
2.298355700000000168e-02
2.310331499999999927e-02
2.322395899999999888e-02
2.334547400000000147e-02
2.346784199999999918e-02
2.359105300000000072e-02
2.371508799999999875e-02
2.383993400000000012e-02
2.396557499999999938e-02
2.409199999999999883e-02
2.421919100000000102e-02
2.434713800000000081e-02
2.447582200000000124e-02
2.460523499999999961e-02
2.473536100000000085e-02
2.486618599999999846e-02
2.499769599999999981e-02
2.512988299999999869e-02
2.526272599999999924e-02
2.539622000000000060e-02
2.553034800000000132e-02
2.566509900000000025e-02
2.580045900000000128e-02
2.593641699999999981e-02
2.607296200000000161e-02
2.621007900000000071e-02
2.634776000000000132e-02
2.648599299999999934e-02
2.662476199999999973e-02
2.676405899999999977e-02
2.690387500000000071e-02
2.704419400000000057e-02
2.718500800000000009e-02
2.732630399999999918e-02
2.746807399999999857e-02
2.761030600000000113e-02
2.775299000000000169e-02
2.789611399999999963e-02
2.803966999999999918e-02
2.818364699999999917e-02
2.832803299999999899e-02
2.847281999999999938e-02
2.861799900000000160e-02
2.876355900000000104e-02
2.890949099999999897e-02
2.905578500000000064e-02
2.920243299999999986e-02
2.934942399999999896e-02
2.949674999999999866e-02
2.964440200000000025e-02
2.979237200000000099e-02
2.994064800000000026e-02
3.008922600000000017e-02
3.023809200000000114e-02
3.038724300000000128e-02
3.053666799999999945e-02
3.068635800000000038e-02
3.083630700000000030e-02
3.098650500000000099e-02
3.113694499999999921e-02
3.128761800000000315e-02
3.143851799999999863e-02
3.158963800000000322e-02
3.174097099999999977e-02
3.189250500000000155e-02
3.204423599999999678e-02
3.219615700000000302e-02
3.234825699999999832e-02
3.250053499999999707e-02
3.265298199999999706e-02
3.280558799999999664e-02
3.295834699999999895e-02
3.311125899999999705e-02
3.326430899999999885e-02
3.341749299999999950e-02
3.357080700000000112e-02
3.372424499999999992e-02
3.387779700000000116e-02
3.403145800000000054e-02
3.418522300000000069e-02
3.433908499999999836e-02
3.449304000000000259e-02
3.464708500000000108e-02
3.480120400000000225e-02
3.495540099999999706e-02
3.510966499999999824e-02
3.526399699999999832e-02
3.541838399999999720e-02
3.557282700000000131e-02
3.572731500000000254e-02
3.588184700000000144e-02
3.603641700000000114e-02
3.619101599999999946e-02
3.634564600000000228e-02
3.650030099999999889e-02
3.665497200000000094e-02
3.680965700000000257e-02
3.696434900000000051e-02
3.711904600000000276e-02
3.727374600000000343e-02
3.742843900000000085e-02
3.758312400000000247e-02
3.773779399999999812e-02
3.789245000000000113e-02
3.804708300000000237e-02
3.820169000000000342e-02
3.835626699999999945e-02
3.851081399999999738e-02
3.866532100000000249e-02
3.881978999999999985e-02
3.897421100000000166e-02
3.912858699999999940e-02
3.928291099999999675e-02
3.943717900000000276e-02
3.959138699999999872e-02
3.974553599999999798e-02
3.989961699999999833e-02
4.005362800000000084e-02
4.020756899999999856e-02
4.036143799999999948e-02
4.051522500000000193e-02
4.066893500000000328e-02
4.082255800000000184e-02
4.097609199999999868e-02
4.112954099999999863e-02
4.128289599999999948e-02
4.143615400000000282e-02
4.158931600000000117e-02
4.174237699999999718e-02
4.189533399999999935e-02
4.204818600000000128e-02
4.220092999999999761e-02
4.235356299999999685e-02
4.250608399999999953e-02
4.265848900000000082e-02
4.281077900000000019e-02
4.296294999999999975e-02
4.311499700000000213e-02
4.326692199999999933e-02
4.341872000000000092e-02
4.357038800000000156e-02
4.372192899999999965e-02
4.387333999999999679e-02
4.402461600000000252e-02
4.417575499999999711e-02
4.432675999999999977e-02
4.447762699999999875e-02
4.462835200000000307e-02
4.477893599999999835e-02
4.492937400000000109e-02
4.507967100000000171e-02
4.522981899999999750e-02
4.537981700000000285e-02
4.552967100000000072e-02
4.567937200000000281e-02
4.582892000000000216e-02
4.597831499999999877e-02
4.612755799999999906e-02
4.627664399999999872e-02
4.642557399999999723e-02
4.657434700000000205e-02
4.672295600000000299e-02
4.687141300000000066e-02
4.701970099999999708e-02
4.716783399999999876e-02
4.731580199999999709e-02
4.746360699999999794e-02
4.761124399999999701e-02
4.775872099999999704e-02
4.790603000000000222e-02
4.805317099999999869e-02
4.820014499999999980e-02
4.834695499999999702e-02
4.849359400000000098e-02
4.864006099999999833e-02
4.878636100000000031e-02
4.893249300000000052e-02
4.907845000000000263e-02
4.922423900000000296e-02
4.936985700000000310e-02
4.951529899999999873e-02
4.966057499999999847e-02
4.980567500000000064e-02
4.995059999999999778e-02
5.009535700000000008e-02
5.023993599999999893e-02
5.038434600000000346e-02
5.052857799999999761e-02
5.067263899999999849e-02
5.081652799999999970e-02
5.096023899999999746e-02
5.110377800000000248e-02
5.124714600000000037e-02
5.139033500000000226e-02
5.153335299999999702e-02
5.167619899999999905e-02
5.181887000000000298e-02
5.196136600000000189e-02
5.210369100000000059e-02
5.224584000000000172e-02
5.238781900000000213e-02
5.252962199999999804e-02
5.267125400000000068e-02
5.281271399999999672e-02
5.295400299999999949e-02
5.309512100000000207e-02
5.323606699999999803e-02
5.337684200000000073e-02
5.351744600000000324e-02
5.365788199999999702e-02
5.379814699999999755e-02
5.393824400000000324e-02
5.407817300000000021e-02
5.421793500000000182e-02
5.435752900000000165e-02
5.449695499999999970e-02
5.463621400000000239e-02
5.477530900000000119e-02
5.491424000000000305e-02
5.505300700000000103e-02
5.519161000000000206e-02
5.533004899999999920e-02
5.546832799999999730e-02
5.560644299999999846e-02
5.574440199999999845e-02
5.588219700000000151e-02
5.601983499999999699e-02
5.615731300000000037e-02
5.629463500000000259e-02
5.643180400000000208e-02
5.656881300000000251e-02
5.670566900000000021e-02
5.684237200000000212e-02
5.697892200000000129e-02
5.711531999999999720e-02
5.725156900000000215e-02
5.738766900000000226e-02
5.752361899999999806e-02
5.765942100000000237e-02
5.779507799999999973e-02
5.793058499999999972e-02
5.806595500000000243e-02
5.820117500000000083e-02
5.833625800000000194e-02
5.847119900000000148e-02
5.860599899999999890e-02
5.874066099999999957e-02
5.887518800000000191e-02
5.900957800000000003e-02
5.914383000000000140e-02
5.927795200000000181e-02
5.941194300000000178e-02
5.954580000000000289e-02
5.967953100000000094e-02
5.981313099999999855e-02
5.994660400000000056e-02
6.007995499999999739e-02
6.021317799999999915e-02
6.034627900000000267e-02
6.047926099999999944e-02
6.061212299999999692e-02
6.074486700000000100e-02
6.087749099999999886e-02
6.101000300000000015e-02
6.114239999999999953e-02
6.127468500000000234e-02
6.140685800000000166e-02
6.153892400000000179e-02
6.167087699999999895e-02
6.180273000000000017e-02
6.193447500000000272e-02
6.206611900000000293e-02
6.219766300000000026e-02
6.232910600000000217e-02
6.246045199999999964e-02
6.259170199999999906e-02
6.272285399999999456e-02
6.285391699999999526e-02
6.298489100000000118e-02
6.311576800000000265e-02
6.324656300000000564e-02
6.337727599999999628e-02
6.350790000000000601e-02
6.363844100000000392e-02
6.376890100000000283e-02
6.389928599999999959e-02
6.402959699999999366e-02
6.415983299999999945e-02
6.428999500000000256e-02
6.442008200000000351e-02
6.455010199999999809e-02
6.468005500000000019e-02
6.480994800000000611e-02
6.493977500000000513e-02
6.506954099999999463e-02
6.519924800000000131e-02
6.532889599999999741e-02
6.545849099999999365e-02
6.558803500000000286e-02
6.571752599999999833e-02
6.584697200000000361e-02
6.597636599999999463e-02
6.610571599999999493e-02
6.623502800000000135e-02
6.636430299999999949e-02
6.649353400000000691e-02
6.662273400000000290e-02
6.675189700000000448e-02
6.688103099999999357e-02
6.701013399999999898e-02
6.713921600000000156e-02
6.726827500000000237e-02
6.739730400000000510e-02
6.752631800000000184e-02
6.765531700000000648e-02
6.778430200000000461e-02
6.791327099999999728e-02
6.804222599999999732e-02
6.817118099999999736e-02
6.830013499999999793e-02
6.842907500000000587e-02
6.855802199999999624e-02
6.868697699999999629e-02
6.881593199999999633e-02
6.894489400000000656e-02
6.907386299999999923e-02
6.920285499999999368e-02
6.933185499999999779e-02
6.946087600000000473e-02
6.958991999999999956e-02
6.971898699999999616e-02
6.984807599999999506e-02
6.997720200000000224e-02
7.010635699999999415e-02
7.023554299999999750e-02
7.036477300000000545e-02
7.049404099999999340e-02
7.062335299999999982e-02
7.075270999999999644e-02
7.088211899999999344e-02
7.101158100000000417e-02
7.114110099999999826e-02
7.127067400000000608e-02
7.140031500000000586e-02
7.153001400000000287e-02
7.165978800000000204e-02
7.178962999999999317e-02
7.191954600000000086e-02
7.204953599999999736e-02
7.217960800000000621e-02
7.230976999999999544e-02
7.244001299999999754e-02
7.257035400000000358e-02
7.270078400000000440e-02
7.283130999999999633e-02
7.296194100000000238e-02
7.309267699999999479e-02
7.322351600000000238e-02
7.335446800000000600e-02
7.348553800000000302e-02
7.361672800000000627e-02
7.374803700000000239e-02
7.387947300000000106e-02
7.401103500000000279e-02
7.414273899999999917e-02
7.427457699999999441e-02
7.440655699999999817e-02
7.453867799999999710e-02
7.467095599999999667e-02
7.480338200000000159e-02
7.493596499999999327e-02
7.506871199999999578e-02
7.520162299999999522e-02
7.533470500000000181e-02
7.546796599999999744e-02
7.560139899999999968e-02
7.573501800000000117e-02
7.586882300000000190e-02
7.600282099999999819e-02
7.613701400000000286e-02
7.627140699999999940e-02
7.640600200000000064e-02
7.654081299999999921e-02
7.667583199999999932e-02
7.681107500000000643e-02
7.694654200000000666e-02
7.708223899999999684e-02
7.721817500000000001e-02
7.735434200000000649e-02
7.749075399999999503e-02
7.762742000000000253e-02
7.776434000000000124e-02
7.790152000000000188e-02
7.803896100000000391e-02
7.817667699999999997e-02
7.831466900000000342e-02
7.845294499999999616e-02
7.859151100000000278e-02
7.873036699999999555e-02
7.886952199999999746e-02
7.900898200000000537e-02
7.914875400000000172e-02
7.928883999999999932e-02
7.942925400000000469e-02
7.957000300000000026e-02
7.971108000000000360e-02
7.985250700000000312e-02
7.999427600000000305e-02
8.013640299999999494e-02
8.027889600000000236e-02
8.042175299999999860e-02
8.056499799999999878e-02
8.070861499999999744e-02
8.085262799999999583e-02
8.099704200000000520e-02
8.114185899999999674e-02
8.128709300000000471e-02
8.143274500000000082e-02
8.157882099999999581e-02
8.172534400000000532e-02
8.187230700000000527e-02
8.201972400000000218e-02
8.216760300000000572e-02
8.231595199999999779e-02
8.246477700000000299e-02
8.261409399999999903e-02
8.276390299999999978e-02
8.291421799999999787e-02
8.306505499999999875e-02
8.321640600000000665e-02
8.336830100000000576e-02
8.352073299999999978e-02
8.367372300000000540e-02
8.382727199999999435e-02
8.398140199999999667e-02
8.413611399999999796e-02
8.429142100000000526e-02
8.444733199999999995e-02
8.460386799999999874e-02
8.476102400000000425e-02
8.491882700000000228e-02
8.507728600000000196e-02
8.523640000000000383e-02
8.539620000000000544e-02
8.555668600000000679e-02
8.571787899999999683e-02
8.587978000000000278e-02
8.604241199999999867e-02
8.620579500000000173e-02
8.636992400000000070e-02
8.653483500000000439e-02
8.670052100000000261e-02
8.686701199999999345e-02
8.703432199999999730e-02
8.720246700000000573e-02
8.737145400000000117e-02
8.754130499999999981e-02
8.771203499999999376e-02
8.788365900000000286e-02
8.805620699999999745e-02
8.822968600000000161e-02
8.840411200000000691e-02
8.857951299999999861e-02
8.875589799999999974e-02
8.893329699999999449e-02
8.911172300000000379e-02
8.929120000000000112e-02
8.947174300000000635e-02
8.965338800000000052e-02
8.983613599999999699e-02
9.002003100000000035e-02
9.020508800000000271e-02
9.039132299999999565e-02
9.057877200000000184e-02
9.076745799999999531e-02
9.095741100000000190e-02
9.114864500000000036e-02
9.134119699999999897e-02
9.153509099999999898e-02
9.173036399999999480e-02
9.192703700000000311e-02
9.212514800000000392e-02
9.232471899999999954e-02
9.252579499999999402e-02
9.272839900000000302e-02
9.293257400000000390e-02
9.313835199999999370e-02
9.334576899999999511e-02
9.355486200000000252e-02
9.376567600000000613e-02
9.397824100000000402e-02
9.419260899999999659e-02
9.440882500000000177e-02
9.462691800000000431e-02
9.484695599999999616e-02
9.506896900000000317e-02
9.529300799999999849e-02
9.551913300000000606e-02
9.574738900000000219e-02
9.597783499999999746e-02
9.621052400000000560e-02
9.644551599999999503e-02
9.668287600000000093e-02
9.692266600000000454e-02
9.716494400000000309e-02
9.740977700000000294e-02
9.765724800000000205e-02
9.790742400000000678e-02
9.816037900000000593e-02
9.841619399999999851e-02
9.867495299999999581e-02
9.893674399999999314e-02
9.920164900000000285e-02
9.946976600000000113e-02
9.974119100000000682e-02
1.000160300000000058e-01
1.002943800000000024e-01
1.005763699999999983e-01
1.008620900000000015e-01
1.011516900000000024e-01
1.014452799999999988e-01
1.017430000000000001e-01
1.020449799999999935e-01
1.023513900000000004e-01
1.026623599999999942e-01
1.029780700000000049e-01
1.032986699999999952e-01
1.036243699999999934e-01
1.039553399999999933e-01
1.042917800000000006e-01
1.046339200000000053e-01
1.049819699999999939e-01
1.053361599999999981e-01
1.056967600000000007e-01
1.060640300000000036e-01
1.064382499999999981e-01
1.068197300000000016e-01
1.072087899999999983e-01
1.076057700000000034e-01
1.080110400000000026e-01
1.084249800000000041e-01
1.088480399999999931e-01
1.092806499999999931e-01
1.097232900000000011e-01
1.101764999999999967e-01
1.106408499999999989e-01
1.111169199999999940e-01
1.116053999999999935e-01
1.121069900000000036e-01
1.126224900000000056e-01
1.131527400000000017e-01
1.136986799999999964e-01
1.142613400000000029e-01
1.148418300000000059e-01
1.154414099999999943e-01
1.160614600000000052e-01
1.167035299999999998e-01
1.173692900000000011e-01
1.180607000000000045e-01
1.187799100000000024e-01
1.195293600000000012e-01
1.203118400000000032e-01
1.211305300000000001e-01
1.219891000000000031e-01
1.228918100000000041e-01
1.238435999999999981e-01
1.248503299999999955e-01
1.259189400000000070e-01
1.270577900000000038e-01
1.282770299999999863e-01
1.295891299999999968e-01
1.310096699999999947e-01
1.325584800000000063e-01
1.342612099999999919e-01
1.361518399999999962e-01
1.382765200000000139e-01
1.406999700000000075e-01
1.435161500000000090e-01
1.468673899999999866e-01
1.509800900000000112e-01
1.562340999999999869e-01
1.633010199999999912e-01
1.734226199999999996e-01
1.891028399999999943e-01
