1.027000000000000000e+03
0.000000000000000000e+00
2.051999999999999957e+01
2.051641600000000121e-01
2.358491000000000060e-01
2.741673900000000108e-01
3.157543199999999772e-01
3.569258200000000048e-01
3.959227799999999742e-01
4.321569199999999999e-01
4.654908799999999958e-01
4.959382399999999746e-01
5.235697000000000267e-01
5.484867700000000124e-01
5.708131199999999517e-01
5.906887100000000057e-01
6.082644499999999566e-01
6.236965100000000373e-01
6.371406899999999540e-01
6.487482199999999866e-01
6.586620800000000386e-01
6.670142399999999805e-01
6.739232499999999737e-01
6.794913399999999992e-01
6.837950299999999704e-01
6.868495900000000098e-01
6.885596499999999676e-01
6.888594599999999790e-01
6.878042800000000456e-01
6.854112100000000485e-01
6.816279299999999930e-01
6.763926700000000292e-01
6.696855999999999920e-01
6.615273999999999877e-01
6.519693699999999925e-01
6.411247799999999497e-01
6.291872899999999547e-01
6.164025699999999830e-01
6.030220400000000369e-01
5.892694000000000543e-01
5.753269800000000433e-01
5.613359799999999566e-01
5.474020800000000131e-01
5.336030099999999887e-01
5.199950899999999931e-01
5.066185600000000511e-01
4.935020199999999857e-01
4.806649700000000247e-01
4.681203999999999921e-01
4.558764100000000097e-01
4.439372699999999949e-01
4.323045600000000044e-01
4.209776499999999810e-01
4.099542800000000042e-01
3.992309600000000236e-01
3.888033300000000025e-01
3.786661900000000136e-01
3.688139599999999962e-01
3.592405300000000024e-01
3.499396100000000120e-01
3.409046199999999915e-01
3.321289700000000233e-01
3.236059499999999756e-01
3.153287799999999752e-01
3.072907599999999961e-01
2.994852399999999859e-01
2.919055799999999978e-01
2.845452700000000168e-01
2.773979300000000148e-01
2.704572100000000034e-01
2.637169999999999792e-01
2.571711799999999992e-01
2.508139300000000183e-01
2.446394899999999872e-01
2.386421900000000040e-01
2.328166100000000072e-01
2.271574299999999935e-01
2.216595000000000093e-01
2.163177599999999978e-01
2.111273899999999981e-01
2.060836400000000124e-01
2.011819199999999863e-01
1.964178199999999930e-01
1.917870200000000025e-01
1.872853499999999893e-01
1.829087699999999983e-01
1.786534200000000072e-01
1.745154700000000059e-01
1.704912899999999898e-01
1.665773500000000129e-01
1.627702299999999880e-01
1.590666000000000024e-01
1.554633099999999934e-01
1.519572299999999987e-01
1.485453999999999941e-01
1.452249100000000126e-01
1.419930000000000081e-01
1.388469599999999915e-01
1.357841800000000043e-01
1.328021600000000024e-01
1.298984300000000092e-01
1.270706799999999914e-01
1.243166200000000027e-01
1.216340399999999988e-01
1.190208499999999975e-01
1.164749600000000024e-01
1.139944199999999991e-01
1.115772899999999956e-01
1.092217300000000030e-01
1.069259399999999971e-01
1.046881999999999951e-01
1.025068199999999985e-01
1.003801700000000047e-01
9.830672299999999864e-02
9.628492600000000678e-02
9.431333100000000025e-02
9.239051500000000638e-02
9.051511399999999374e-02
8.868578800000000151e-02
8.690126200000000689e-02
8.516029999999999434e-02
8.346167999999999643e-02
8.180425299999999345e-02
8.018688899999999731e-02
7.860849799999999887e-02
7.706801600000000307e-02
7.556443699999999819e-02
7.409674700000000447e-02
7.266400800000000215e-02
7.126527300000000398e-02
6.989965600000000445e-02
6.856626999999999861e-02
6.726428900000000488e-02
6.599287700000000534e-02
6.475124499999999894e-02
6.353862600000000083e-02
6.235427000000000330e-02
6.119745599999999730e-02
6.006747900000000001e-02
5.896366399999999897e-02
5.788534499999999777e-02
5.683188899999999655e-02
5.580266899999999919e-02
5.479708700000000127e-02
5.381455300000000108e-02
5.285450399999999660e-02
5.191639099999999923e-02
5.099967100000000336e-02
5.010383599999999882e-02
4.922837800000000319e-02
4.837280499999999789e-02
4.753664099999999754e-02
4.671943199999999824e-02
4.592072600000000199e-02
4.514008800000000182e-02
4.437709199999999993e-02
4.363133400000000078e-02
4.290241000000000193e-02
4.218993000000000049e-02
4.149352399999999691e-02
4.081281999999999965e-02
4.014746100000000234e-02
3.949710399999999816e-02
3.886140899999999954e-02
3.824005300000000301e-02
3.763271099999999925e-02
3.703907900000000253e-02
3.645885000000000098e-02
3.589173799999999942e-02
3.533744800000000047e-02
3.479571299999999895e-02
3.426625199999999705e-02
3.374880899999999767e-02
3.324312699999999732e-02
3.274895600000000268e-02
3.226605099999999698e-02
3.179417600000000038e-02
3.133310799999999841e-02
3.088261200000000026e-02
3.044247599999999956e-02
3.001248700000000089e-02
2.959243400000000079e-02
2.918212099999999837e-02
2.878134699999999879e-02
2.838992099999999852e-02
2.800765599999999883e-02
2.763437100000000132e-02
2.726988699999999960e-02
2.691402999999999851e-02
2.656663399999999869e-02
2.622753200000000132e-02
2.589656400000000039e-02
2.557357199999999928e-02
2.525840500000000113e-02
2.495091400000000112e-02
2.465095200000000028e-02
2.435837899999999945e-02
2.407305300000000051e-02
2.379484100000000060e-02
2.352361000000000035e-02
2.325923200000000121e-02
2.300158100000000011e-02
2.275053399999999934e-02
2.250597099999999962e-02
2.226777200000000165e-02
2.203582600000000141e-02
2.181001899999999993e-02
2.159024400000000149e-02
2.137638999999999859e-02
2.116835699999999876e-02
2.096603999999999829e-02
2.076933900000000124e-02
2.057815699999999970e-02
2.039240100000000097e-02
2.021197400000000061e-02
2.003678500000000140e-02
1.986674800000000005e-02
1.970177099999999987e-02
1.954177400000000134e-02
1.938666799999999926e-02
1.923637500000000000e-02
1.909081300000000161e-02
1.894990400000000005e-02
1.881357100000000115e-02
1.868173899999999929e-02
1.855433399999999872e-02
1.843128499999999864e-02
1.831252099999999827e-02
1.819797199999999976e-02
1.808757100000000020e-02
1.798125199999999965e-02
1.787894799999999867e-02
1.778059800000000162e-02
1.768613800000000055e-02
1.759550500000000087e-02
1.750864300000000082e-02
1.742548899999999887e-02
1.734598700000000021e-02
1.727008299999999857e-02
1.719771499999999884e-02
1.712883499999999851e-02
1.706338500000000036e-02
1.700131400000000001e-02
1.694257199999999949e-02
1.688710599999999895e-02
1.683486799999999936e-02
1.678580799999999928e-02
1.673987899999999918e-02
1.669703399999999949e-02
1.665722600000000067e-02
1.662040899999999918e-02
1.658654000000000031e-02
1.655557599999999893e-02
1.652747200000000138e-02
1.650218700000000149e-02
1.647967800000000108e-02
1.645990500000000037e-02
1.644282799999999961e-02
1.642840500000000009e-02
1.641660199999999889e-02
1.640737800000000024e-02
1.640069499999999986e-02
1.639651699999999934e-02
1.639480700000000082e-02
1.639552999999999844e-02
1.639864799999999831e-02
1.640413099999999888e-02
1.641194099999999934e-02
1.642204599999999917e-02
1.643441199999999894e-02
1.644901000000000002e-02
1.646580200000000160e-02
1.648476200000000003e-02
1.650585400000000036e-02
1.652905199999999894e-02
1.655432199999999979e-02
1.658163600000000029e-02
1.661096299999999942e-02
1.664227799999999993e-02
1.667555000000000079e-02
1.671075099999999938e-02
1.674785300000000005e-02
1.678682899999999964e-02
1.682765199999999850e-02
1.687029599999999990e-02
1.691473500000000019e-02
1.696094100000000021e-02
1.700889100000000168e-02
1.705856099999999986e-02
1.710992299999999910e-02
1.716295600000000005e-02
1.721763200000000008e-02
1.727393099999999931e-02
1.733182600000000156e-02
1.739129600000000053e-02
1.745231800000000139e-02
1.751486999999999836e-02
1.757892800000000061e-02
1.764447099999999838e-02
1.771147699999999978e-02
1.777992600000000145e-02
1.784979600000000111e-02
1.792106400000000044e-02
1.799371099999999904e-02
1.806771799999999997e-02
1.814306300000000094e-02
1.821972800000000101e-02
1.829769100000000134e-02
1.837693300000000154e-02
1.845743700000000015e-02
1.853918300000000075e-02
1.862215099999999998e-02
1.870632200000000092e-02
1.879168100000000105e-02
1.887820700000000101e-02
1.896588299999999935e-02
1.905469200000000154e-02
1.914461699999999919e-02
1.923563899999999882e-02
1.932774300000000139e-02
1.942091099999999904e-02
1.951512500000000122e-02
1.961037100000000144e-02
1.970663300000000118e-02
1.980389100000000055e-02
1.990213399999999841e-02
2.000134300000000129e-02
2.010150399999999921e-02
2.020260100000000059e-02
2.030461999999999892e-02
2.040754399999999968e-02
2.051135899999999984e-02
2.061605099999999982e-02
2.072160500000000058e-02
2.082800699999999908e-02
2.093524100000000027e-02
2.104329699999999900e-02
2.115215700000000129e-02
2.126180899999999957e-02
2.137224000000000068e-02
2.148343399999999917e-02
2.159538100000000030e-02
2.170806600000000156e-02
2.182147699999999885e-02
2.193560099999999902e-02
2.205042399999999903e-02
2.216593400000000172e-02
2.228211999999999901e-02
2.239896900000000121e-02
2.251646699999999834e-02
2.263460499999999861e-02
2.275336899999999898e-02
2.287274799999999830e-02
2.299272999999999942e-02
2.311330500000000066e-02
2.323445899999999897e-02
2.335618299999999911e-02
2.347846300000000150e-02
2.360129399999999836e-02
2.372465799999999916e-02
2.384854900000000014e-02
2.397295500000000065e-02
2.409786400000000009e-02
2.422326600000000024e-02
2.434915500000000080e-02
2.447551499999999977e-02
2.460233900000000085e-02
2.472961699999999888e-02
2.485733700000000018e-02
2.498549200000000151e-02
2.511407200000000117e-02
2.524306600000000150e-02
2.537246599999999977e-02
2.550226099999999829e-02
2.563244500000000023e-02
2.576300499999999855e-02
2.589393400000000039e-02
2.602522300000000011e-02
2.615686500000000136e-02
2.628884800000000008e-02
2.642116499999999993e-02
2.655380800000000166e-02
2.668676700000000013e-02
2.682003800000000091e-02
2.695360600000000148e-02
2.708746899999999944e-02
2.722161600000000056e-02
2.735604000000000161e-02
2.749073299999999984e-02
2.762568699999999947e-02
2.776089500000000071e-02
2.789634800000000137e-02
2.803204000000000112e-02
2.816796499999999967e-02
2.830411099999999985e-02
2.844047699999999873e-02
2.857705199999999862e-02
2.871382800000000027e-02
2.885080099999999884e-02
2.898796500000000095e-02
2.912530899999999853e-02
2.926283000000000009e-02
2.940051999999999943e-02
2.953837100000000077e-02
2.967637999999999873e-02
2.981453800000000154e-02
2.995284100000000088e-02
3.009128000000000150e-02
3.022984999999999908e-02
3.036854599999999973e-02
3.050736199999999967e-02
3.064629099999999912e-02
3.078532800000000069e-02
3.092446600000000115e-02
3.106370199999999859e-02
3.120302800000000071e-02
3.134243899999999972e-02
3.148192899999999878e-02
3.162149699999999841e-02
3.176113199999999748e-02
3.190083099999999755e-02
3.204059199999999968e-02
3.218040199999999684e-02
3.232026500000000080e-02
3.246017200000000241e-02
3.260011599999999843e-02
3.274009399999999737e-02
3.288010499999999975e-02
3.302013899999999696e-02
3.316019500000000342e-02
3.330026600000000198e-02
3.344034800000000168e-02
3.358043699999999770e-02
3.372052700000000014e-02
3.386062000000000100e-02
3.400070599999999860e-02
3.414078100000000199e-02
3.428083999999999992e-02
3.442088499999999829e-02
3.456090800000000129e-02
3.470090399999999770e-02
3.484087100000000242e-02
3.498080399999999729e-02
3.512069999999999775e-02
3.526055399999999951e-02
3.540036800000000150e-02
3.554013000000000311e-02
3.567984300000000275e-02
3.581950099999999665e-02
3.595910199999999973e-02
3.609864000000000128e-02
3.623811200000000288e-02
3.637751899999999705e-02
3.651685300000000189e-02
3.665611099999999817e-02
3.679529599999999817e-02
3.693439800000000023e-02
3.707341799999999687e-02
3.721234899999999873e-02
3.735119499999999676e-02
3.748994700000000263e-02
3.762860600000000194e-02
3.776716799999999680e-02
3.790563000000000266e-02
3.804398700000000133e-02
3.818224399999999713e-02
3.832038900000000331e-02
3.845842599999999695e-02
3.859634700000000307e-02
3.873415699999999823e-02
3.887185099999999893e-02
3.900942200000000193e-02
3.914687399999999817e-02
3.928420299999999671e-02
3.942140200000000122e-02
3.955847800000000108e-02
3.969541900000000262e-02
3.983223100000000266e-02
3.996890799999999744e-02
4.010544700000000240e-02
4.024185200000000157e-02
4.037811599999999862e-02
4.051423800000000103e-02
4.065021500000000343e-02
4.078604999999999731e-02
4.092173699999999970e-02
4.105727399999999777e-02
4.119266199999999795e-02
4.132789700000000233e-02
4.146298000000000344e-02
4.159791000000000183e-02
4.173268000000000116e-02
4.186729299999999987e-02
4.200174999999999742e-02
4.213604700000000286e-02
4.227017999999999748e-02
4.240414900000000209e-02
4.253795700000000124e-02
4.267159799999999809e-02
4.280507199999999957e-02
4.293837799999999927e-02
4.307151599999999719e-02
4.320448300000000186e-02
4.333727799999999991e-02
4.346990199999999777e-02
4.360235500000000236e-02
4.373462899999999709e-02
4.386673099999999909e-02
4.399865900000000246e-02
4.413040700000000344e-02
4.426198099999999885e-02
4.439337200000000039e-02
4.452458799999999689e-02
4.465562099999999951e-02
4.478647599999999868e-02
4.491714799999999702e-02
4.504763700000000148e-02
4.517794399999999766e-02
4.530806799999999995e-02
4.543800700000000248e-02
4.556776199999999777e-02
4.569733499999999865e-02
4.582671800000000240e-02
4.595591899999999785e-02
4.608493300000000154e-02
4.621375700000000114e-02
4.634239500000000150e-02
4.647084700000000262e-02
4.659911199999999809e-02
4.672718800000000283e-02
4.685507299999999709e-02
4.698276900000000061e-02
4.711027799999999849e-02
4.723759699999999923e-02
4.736472700000000230e-02
4.749166600000000182e-02
4.761841499999999727e-02
4.774497400000000252e-02
4.787134400000000317e-02
4.799752300000000027e-02
4.812350900000000181e-02
4.824930799999999770e-02
4.837491399999999803e-02
4.850033299999999964e-02
4.862555899999999875e-02
4.875059400000000126e-02
4.887543600000000127e-02
4.900009200000000203e-02
4.912455799999999873e-02
4.924882900000000091e-02
4.937291099999999849e-02
4.949680699999999683e-02
4.962050900000000014e-02
4.974402499999999727e-02
4.986734699999999937e-02
4.999048300000000222e-02
5.011342800000000153e-02
5.023618800000000106e-02
5.035875399999999863e-02
5.048113299999999748e-02
5.060332599999999709e-02
5.072532999999999903e-02
5.084714700000000226e-02
5.096877699999999983e-02
5.109022199999999764e-02
5.121147599999999883e-02
5.133254799999999868e-02
5.145343399999999928e-02
5.157413300000000117e-02
5.169465000000000171e-02
5.181498100000000301e-02
5.193512899999999655e-02
5.205509099999999778e-02
5.217487400000000303e-02
5.229447000000000262e-02
5.241388799999999876e-02
5.253312400000000049e-02
5.265217999999999982e-02
5.277105399999999780e-02
5.288974899999999979e-02
5.300826599999999833e-02
5.312660300000000141e-02
5.324476200000000103e-02
5.336274600000000257e-02
5.348055100000000117e-02
5.359818400000000010e-02
5.371563900000000252e-02
5.383291800000000044e-02
5.395002299999999973e-02
5.406695599999999935e-02
5.418371799999999877e-02
5.430030799999999852e-02
5.441672699999999807e-02
5.453297499999999742e-02
5.464905099999999710e-02
5.476496000000000142e-02
5.488070099999999701e-02
5.499627800000000261e-02
5.511168400000000106e-02
5.522692600000000257e-02
5.534200400000000020e-02
5.545691800000000088e-02
5.557166799999999768e-02
5.568625399999999753e-02
5.580067999999999834e-02
5.591494600000000009e-02
5.602905500000000122e-02
5.614300099999999794e-02
5.625679000000000096e-02
5.637042200000000336e-02
5.648389799999999766e-02
5.659722200000000258e-02
5.671038899999999994e-02
5.682339899999999666e-02
5.693626000000000242e-02
5.704897300000000282e-02
5.716153200000000101e-02
5.727393900000000287e-02
5.738620099999999780e-02
5.749831700000000018e-02
5.761028499999999719e-02
5.772210700000000166e-02
5.783378299999999972e-02
5.794531900000000207e-02
5.805670799999999854e-02
5.816795999999999772e-02
5.827906699999999690e-02
5.839003999999999722e-02
5.850087100000000290e-02
5.861156800000000278e-02
5.872212699999999896e-02
5.883255200000000323e-02
5.894284300000000171e-02
5.905300000000000132e-02
5.916302699999999998e-02
5.927292299999999819e-02
5.938268800000000291e-02
5.949232699999999763e-02
5.960184000000000315e-02
5.971122200000000130e-02
5.982048400000000016e-02
5.992962000000000289e-02
6.003863400000000045e-02
6.014752799999999872e-02
6.025629899999999928e-02
6.036495399999999845e-02
6.047349099999999728e-02
6.058190799999999682e-02
6.069021299999999980e-02
6.079840300000000086e-02
6.090648099999999843e-02
6.101444699999999943e-02
6.112230200000000335e-02
6.123004900000000167e-02
6.133768299999999701e-02
6.144521800000000283e-02
6.155264399999999664e-02
6.165996599999999661e-02
6.176718300000000328e-02
6.187430000000000013e-02
6.198131700000000105e-02
6.208823599999999804e-02
6.219505899999999698e-02
6.230178100000000052e-02
6.240840999999999750e-02
6.251494600000000179e-02
6.262139199999999795e-02
6.272774200000000300e-02
6.283400199999999991e-02
6.294017999999999835e-02
6.304626200000000569e-02
6.315226899999999699e-02
6.325818599999999403e-02
6.336401399999999628e-02
6.346976799999999586e-02
6.357544699999999327e-02
6.368103599999999642e-02
6.378655099999999689e-02
6.389199199999999468e-02
6.399735800000000419e-02
6.410265699999999345e-02
6.420787399999999812e-02
6.431302399999999642e-02
6.441810700000000223e-02
6.452312300000000167e-02
6.462807199999999475e-02
6.473296100000000552e-02
6.483778399999999553e-02
6.494254600000000377e-02
6.504724200000000511e-02
6.515188500000000660e-02
6.525646899999999750e-02
6.536100100000000190e-02
6.546548000000000644e-02
6.556990000000000041e-02
6.567427500000000418e-02
6.577859799999999368e-02
6.588287700000000635e-02
6.598710300000000528e-02
6.609129199999999593e-02
6.619542800000000060e-02
6.629952799999999646e-02
6.640358999999999845e-02
6.650761500000000603e-02
6.661159499999999567e-02
6.671554600000000057e-02
6.681946699999999351e-02
6.692335000000000644e-02
6.702720400000000689e-02
6.713102799999999537e-02
6.723482899999999596e-02
6.733860099999999793e-02
6.744234999999999813e-02
6.754607699999999604e-02
6.764978900000000184e-02
6.775347099999999567e-02
6.785714599999999319e-02
6.796080599999999861e-02
6.806444400000000172e-02
6.816807399999999517e-02
6.827169700000000618e-02
6.837531199999999365e-02
6.847891999999999868e-02
6.858251999999999404e-02
6.868612000000000328e-02
6.878971300000000233e-02
6.889331299999999769e-02
6.899691400000000641e-02
6.910052199999999756e-02
6.920412900000000311e-02
6.930774500000000393e-02
6.941137499999999738e-02
6.951501200000000102e-02
6.961867200000000644e-02
6.972233999999999376e-02
6.982602200000000148e-02
6.992972599999999761e-02
7.003345299999999551e-02
7.013720299999999519e-02
7.024097399999999769e-02
7.034477599999999775e-02
7.044860699999999643e-02
7.055246799999999319e-02
7.065635900000000191e-02
7.076028700000000504e-02
7.086425300000000205e-02
7.096825499999999398e-02
7.107230300000000334e-02
7.117638699999999374e-02
7.128052399999999789e-02
7.138469799999999643e-02
7.148893200000000503e-02
7.159321000000000434e-02
7.169754100000000352e-02
7.180193099999999939e-02
7.190638000000000585e-02
7.201088199999999828e-02
7.211545099999999708e-02
7.222008700000000225e-02
7.232478300000000360e-02
7.242955299999999375e-02
7.253439000000000414e-02
7.263930899999999913e-02
7.274429500000000048e-02
7.284936300000000031e-02
7.295450600000000230e-02
7.305973799999999907e-02
7.316505199999999431e-02
7.327044800000000191e-02
7.337594000000000061e-02
7.348152300000000692e-02
7.358720200000000433e-02
7.369297700000000673e-02
7.379884999999999917e-02
7.390482700000000627e-02
7.401090899999999972e-02
7.411709399999999448e-02
7.422339199999999915e-02
7.432980100000000090e-02
7.443632199999999921e-02
7.454296900000000059e-02
7.464972899999999800e-02
7.475661499999999848e-02
7.486362000000000572e-02
7.497075899999999793e-02
7.507803300000000235e-02
7.518543299999999596e-02
7.529297499999999810e-02
7.540065099999999909e-02
7.550847500000000545e-02
7.561644200000000593e-02
7.572455699999999790e-02
7.583282099999999470e-02
7.594124200000000602e-02
7.604981199999999442e-02
7.615855300000000383e-02
7.626745099999999999e-02
7.637652000000000330e-02
7.648575300000000354e-02
7.659515699999999705e-02
7.670474100000000683e-02
7.681450200000000672e-02
7.692445100000000480e-02
7.703457800000000633e-02
7.714489800000000341e-02
7.725540499999999922e-02
7.736611399999999972e-02
7.747701599999999578e-02
7.758812599999999338e-02
7.769943799999999567e-02
7.781095799999999951e-02
7.792269400000000068e-02
7.803464699999999865e-02
7.814682300000000414e-02
7.825921499999999309e-02
7.837184499999999554e-02
7.848469900000000499e-02
7.859779100000000018e-02
7.871112199999999448e-02
7.882469899999999807e-02
7.893852099999999761e-02
7.905259700000000223e-02
7.916692599999999858e-02
7.928151599999999632e-02
7.939636699999999547e-02
7.951148600000000621e-02
7.962688099999999658e-02
7.974255099999999485e-02
7.985850399999999683e-02
7.997474100000000197e-02
8.009126799999999324e-02
8.020809299999999420e-02
8.032521600000000483e-02
8.044264499999999318e-02
8.056037900000000140e-02
8.067842599999999753e-02
8.079679300000000564e-02
8.091548799999999375e-02
8.103451100000000351e-02
8.115386199999999328e-02
8.127356299999999312e-02
8.139359999999999651e-02
8.151398599999999661e-02
8.163473799999999836e-02
8.175583899999999682e-02
8.187731400000000659e-02
8.199915300000000518e-02
8.212137999999999383e-02
8.224398600000000503e-02
8.236698100000000577e-02
8.249036999999999342e-02
8.261416100000000540e-02
8.273836199999999585e-02
8.286298100000000222e-02
8.298801599999999778e-02
8.311348400000000136e-02
8.323938399999999960e-02
8.336572300000000268e-02
8.349251000000000589e-02
8.361975100000000605e-02
8.374745399999999895e-02
8.387562599999999480e-02
8.400426800000000693e-02
8.413340199999999602e-02
8.426302700000000423e-02
8.439315099999999958e-02
8.452378200000000563e-02
8.465491999999999462e-02
8.478658599999999712e-02
8.491878999999999400e-02
8.505152200000000440e-02
8.518481299999999812e-02
8.531865499999999325e-02
8.545306299999999577e-02
8.558804500000000148e-02
8.572361600000000248e-02
8.585977599999999876e-02
8.599653799999999737e-02
8.613391200000000691e-02
8.627191200000000615e-02
8.641054500000000527e-02
8.654981900000000006e-02
8.668974799999999703e-02
8.683034800000000164e-02
8.697161100000000422e-02
8.711356700000000286e-02
8.725622299999999387e-02
8.739958700000000080e-02
8.754367400000000188e-02
8.768849099999999341e-02
8.783405299999999527e-02
8.798037499999999955e-02
8.812747199999999836e-02
8.827535100000000190e-02
8.842402700000000226e-02
8.857351500000000544e-02
8.872383799999999932e-02
8.887498800000000199e-02
8.902700199999999398e-02
8.917988799999999883e-02
8.933365299999999898e-02
8.948831999999999620e-02
8.964391100000000667e-02
8.980043199999999948e-02
8.995789999999999342e-02
9.011634400000000100e-02
9.027577200000000412e-02
9.043619799999999542e-02
9.059765200000000074e-02
9.076014899999999830e-02
9.092370399999999409e-02
9.108834000000000375e-02
9.125407800000000236e-02
9.142094100000000556e-02
9.158894400000000546e-02
9.175811700000000015e-02
9.192848200000000580e-02
9.210005400000000064e-02
9.227286299999999664e-02
9.244693800000000627e-02
9.262229499999999338e-02
9.279896299999999820e-02
9.297697200000000495e-02
9.315635299999999730e-02
9.333711899999999617e-02
9.351931500000000563e-02
9.370296399999999970e-02
9.388809700000000369e-02
9.407474100000000339e-02
9.426293500000000603e-02
9.445271600000000600e-02
9.464411400000000141e-02
9.483715900000000421e-02
9.503189500000000511e-02
9.522835899999999854e-02
9.542658900000000610e-02
9.562662199999999446e-02
9.582851100000000510e-02
9.603228399999999554e-02
9.623800200000000304e-02
9.644569499999999795e-02
9.665542100000000525e-02
9.686721900000000440e-02
9.708115500000000231e-02
9.729727400000000304e-02
9.751561999999999730e-02
9.773626900000000062e-02
9.795927299999999949e-02
9.818468199999999535e-02
9.841257300000000319e-02
9.864300500000000582e-02
9.887604399999999627e-02
9.911176600000000392e-02
9.935024400000000422e-02
9.959155299999999933e-02
9.983576800000000528e-02
1.000829800000000019e-01
1.003332700000000022e-01
1.005867299999999992e-01
1.008434400000000064e-01
1.011035299999999970e-01
1.013670700000000036e-01
1.016341899999999993e-01
1.019049900000000008e-01
1.021795800000000060e-01
1.024580999999999964e-01
1.027406599999999975e-01
1.030274000000000051e-01
1.033184699999999956e-01
1.036140100000000064e-01
1.039141799999999949e-01
1.042191400000000018e-01
1.045290599999999931e-01
1.048441199999999990e-01
1.051645199999999974e-01
1.054904599999999942e-01
1.058221500000000037e-01
1.061598099999999933e-01
1.065037000000000067e-01
1.068540399999999974e-01
1.072111399999999964e-01
1.075752499999999973e-01
1.079466899999999979e-01
1.083257900000000051e-01
1.087128799999999978e-01
1.091083500000000067e-01
1.095125700000000035e-01
1.099259999999999959e-01
1.103490599999999988e-01
1.107822599999999935e-01
1.112261100000000030e-01
1.116811999999999944e-01
1.121481399999999934e-01
1.126275800000000049e-01
1.131202699999999950e-01
1.136269899999999972e-01
1.141485899999999942e-01
1.146860299999999944e-01
1.152403399999999967e-01
1.158126700000000064e-01
1.164042599999999955e-01
1.170165199999999989e-01
1.176509899999999970e-01
1.183094199999999985e-01
1.189937400000000006e-01
1.197061499999999973e-01
1.204491300000000015e-01
1.212255099999999947e-01
1.220384999999999942e-01
1.228918299999999936e-01
1.237898300000000035e-01
1.247375399999999940e-01
1.257409200000000060e-01
1.268070299999999873e-01
1.279444100000000084e-01
1.291634000000000115e-01
1.304767900000000092e-01
1.319005299999999881e-01
1.334549899999999956e-01
1.351665300000000070e-01
1.370701900000000084e-01
1.392137400000000025e-01
1.416643099999999877e-01
1.445198500000000053e-01
1.479293899999999939e-01
1.521312400000000009e-01
1.575276399999999966e-01
1.648331100000000049e-01
1.753774899999999970e-01
1.918295799999999995e-01
