9.810000000000000000e+02
0.000000000000000000e+00
1.960000000000000142e+01
2.049656699999999887e-01
2.356584700000000088e-01
2.739856800000000092e-01
3.155818300000000076e-01
3.567625300000000221e-01
3.957686999999999733e-01
4.320120199999999966e-01
4.653551599999999899e-01
4.958115499999999898e-01
5.234518599999999910e-01
5.483775699999999809e-01
5.707122100000000531e-01
5.905956599999999668e-01
6.081788500000000486e-01
6.236178900000000080e-01
6.370686300000000246e-01
6.486822399999999655e-01
6.586017600000000360e-01
6.669591099999999662e-01
6.738730099999999945e-01
6.794457400000000202e-01
6.837538499999999964e-01
6.868129400000000384e-01
6.885278799999999810e-01
6.888325800000000276e-01
6.877821699999999705e-01
6.853939300000000401e-01
6.816159499999999705e-01
6.763862999999999959e-01
6.696851299999999618e-01
6.615330000000000377e-01
6.519813500000000150e-01
6.411431399999999448e-01
6.292117799999999983e-01
6.164329100000000006e-01
6.030578599999999456e-01
5.893104099999999512e-01
5.753730500000000525e-01
5.613869999999999694e-01
5.474580500000000294e-01
5.336639300000000086e-01
5.200610799999999534e-01
5.066897900000000288e-01
4.935785500000000048e-01
4.807469799999999904e-01
4.682080399999999920e-01
4.559698099999999754e-01
4.440366000000000035e-01
4.324099100000000084e-01
4.210891700000000126e-01
4.100721199999999844e-01
3.993552300000000055e-01
3.889341099999999996e-01
3.788036100000000128e-01
3.689580599999999766e-01
3.593913899999999773e-01
3.500972700000000160e-01
3.410691299999999981e-01
3.323003900000000010e-01
3.237842300000000062e-01
3.155140000000000167e-01
3.074828700000000192e-01
2.996842299999999959e-01
2.921114300000000052e-01
2.847579399999999872e-01
2.776173699999999744e-01
2.706833799999999735e-01
2.639497800000000227e-01
2.574105899999999947e-01
2.510598299999999838e-01
2.448917499999999914e-01
2.389007700000000123e-01
2.330813700000000099e-01
2.274282900000000052e-01
2.219363199999999925e-01
2.166004300000000105e-01
2.114157799999999976e-01
2.063776099999999891e-01
2.014813699999999930e-01
1.967225800000000080e-01
1.920969800000000005e-01
1.876003400000000043e-01
1.832286899999999996e-01
1.789780900000000063e-01
1.748447599999999880e-01
1.708250600000000008e-01
1.669154499999999930e-01
1.631125099999999883e-01
1.594129200000000135e-01
1.558135200000000109e-01
1.523111900000000130e-01
1.489029699999999956e-01
1.455859499999999918e-01
1.423573800000000056e-01
1.392145200000000083e-01
1.361547999999999925e-01
1.331756900000000132e-01
1.302747599999999895e-01
1.274496499999999977e-01
1.246981199999999956e-01
1.220179500000000000e-01
1.194070299999999973e-01
1.168633000000000033e-01
1.143847999999999948e-01
1.119696000000000025e-01
1.096158500000000008e-01
1.073217600000000022e-01
1.050856000000000012e-01
1.029057200000000061e-01
1.007804699999999970e-01
9.870830899999999408e-02
9.668771199999999510e-02
9.471722700000000106e-02
9.279542400000000135e-02
9.092095499999999775e-02
8.909247800000000272e-02
8.730872700000000264e-02
8.556844299999999404e-02
8.387044800000000022e-02
8.221356600000000181e-02
8.059667800000000493e-02
7.901869699999999885e-02
7.747857299999999503e-02
7.597527699999999384e-02
7.450781800000000343e-02
7.307525700000000457e-02
7.167664899999999506e-02
7.031110699999999769e-02
6.897775800000000013e-02
6.767576200000000042e-02
6.640429800000000049e-02
6.516257699999999931e-02
6.394983099999999865e-02
6.276531500000000208e-02
6.160830700000000104e-02
6.047811000000000159e-02
5.937404899999999819e-02
5.829546199999999928e-02
5.724171200000000015e-02
5.621217900000000101e-02
5.520626499999999742e-02
5.422338799999999737e-02
5.326298299999999986e-02
5.232449599999999812e-02
5.140740099999999840e-02
5.051117799999999686e-02
4.963532799999999939e-02
4.877936100000000025e-02
4.794280199999999964e-02
4.712519800000000009e-02
4.632609699999999664e-02
4.554506800000000105e-02
4.478168899999999952e-02
4.403554999999999969e-02
4.330625400000000236e-02
4.259341600000000200e-02
4.189666000000000223e-02
4.121562100000000090e-02
4.054994099999999907e-02
3.989927800000000330e-02
3.926329700000000256e-02
3.864166899999999655e-02
3.803408099999999736e-02
3.744021799999999733e-02
3.685978399999999960e-02
3.629248999999999670e-02
3.573804299999999712e-02
3.519617399999999674e-02
3.466660900000000101e-02
3.414908800000000105e-02
3.364335699999999874e-02
3.314916799999999969e-02
3.266627300000000261e-02
3.219444700000000104e-02
3.173345000000000332e-02
3.128306599999999826e-02
3.084307500000000105e-02
3.041326600000000130e-02
2.999343200000000043e-02
2.958337000000000119e-02
2.918288700000000110e-02
2.879178900000000166e-02
2.840989099999999962e-02
2.803701299999999952e-02
2.767297599999999844e-02
2.731760800000000017e-02
2.697073999999999999e-02
2.663220800000000096e-02
2.630185300000000004e-02
2.597951899999999953e-02
2.566505200000000070e-02
2.535830400000000165e-02
2.505912999999999891e-02
2.476738800000000129e-02
2.448293899999999870e-02
2.420565100000000164e-02
2.393538900000000136e-02
2.367202599999999879e-02
2.341543499999999833e-02
2.316549600000000070e-02
2.292208600000000124e-02
2.268509000000000150e-02
2.245439399999999905e-02
2.222988399999999837e-02
2.201145100000000132e-02
2.179899299999999915e-02
2.159239900000000170e-02
2.139157100000000158e-02
2.119640600000000097e-02
2.100681100000000023e-02
2.082268899999999839e-02
2.064394400000000088e-02
2.047048900000000143e-02
2.030223000000000097e-02
2.013908500000000101e-02
1.998096499999999984e-02
1.982778699999999950e-02
1.967946799999999857e-02
1.953593099999999944e-02
1.939709499999999961e-02
1.926288400000000095e-02
1.913322099999999887e-02
1.900803699999999846e-02
1.888725299999999968e-02
1.877080500000000152e-02
1.865861900000000129e-02
1.855063100000000145e-02
1.844677100000000070e-02
1.834697500000000148e-02
1.825117899999999932e-02
1.815932099999999910e-02
1.807133899999999876e-02
1.798717299999999866e-02
1.790676299999999915e-02
1.783005099999999954e-02
1.775698200000000102e-02
1.768749799999999942e-02
1.762154499999999888e-02
1.755906800000000059e-02
1.750001899999999860e-02
1.744433899999999968e-02
1.739198299999999975e-02
1.734289899999999843e-02
1.729703700000000122e-02
1.725434899999999869e-02
1.721478800000000170e-02
1.717830999999999872e-02
1.714486399999999924e-02
1.711441199999999899e-02
1.708690300000000051e-02
1.706229700000000057e-02
1.704055299999999995e-02
1.702162399999999909e-02
1.700547499999999906e-02
1.699205999999999980e-02
1.698134299999999944e-02
1.697328299999999873e-02
1.696784000000000139e-02
1.696497900000000156e-02
1.696466099999999894e-02
1.696684999999999860e-02
1.697150799999999973e-02
1.697860099999999942e-02
1.698809500000000167e-02
1.699995199999999873e-02
1.701414199999999946e-02
1.703062799999999904e-02
1.704937999999999940e-02
1.707036400000000106e-02
1.709354700000000060e-02
1.711889899999999992e-02
1.714639000000000094e-02
1.717598600000000073e-02
1.720765999999999962e-02
1.724137900000000112e-02
1.727711800000000103e-02
1.731484399999999937e-02
1.735452900000000048e-02
1.739614800000000017e-02
1.743967299999999929e-02
1.748507300000000028e-02
1.753232299999999896e-02
1.758139800000000155e-02
1.763226799999999955e-02
1.768491200000000055e-02
1.773929999999999951e-02
1.779541000000000109e-02
1.785321499999999867e-02
1.791269100000000142e-02
1.797381600000000010e-02
1.803656299999999851e-02
1.810090799999999889e-02
1.816683100000000134e-02
1.823430700000000168e-02
1.830331400000000108e-02
1.837382799999999830e-02
1.844583099999999934e-02
1.851929500000000159e-02
1.859420200000000065e-02
1.867053100000000063e-02
1.874826099999999870e-02
1.882736900000000005e-02
1.890783600000000078e-02
1.898964100000000155e-02
1.907276499999999847e-02
1.915718799999999861e-02
1.924288999999999861e-02
1.932985099999999859e-02
1.941805300000000109e-02
1.950747699999999876e-02
1.959810199999999919e-02
1.968991399999999933e-02
1.978289000000000089e-02
1.987701500000000135e-02
1.997227000000000030e-02
2.006863999999999870e-02
2.016610300000000119e-02
2.026464399999999833e-02
2.036424699999999852e-02
2.046489300000000136e-02
2.056656800000000035e-02
2.066925400000000149e-02
2.077293399999999984e-02
2.087759399999999932e-02
2.098321499999999951e-02
2.108978499999999978e-02
2.119728599999999921e-02
2.130570299999999875e-02
2.141502099999999936e-02
2.152522499999999853e-02
2.163630000000000067e-02
2.174823199999999929e-02
2.186100599999999880e-02
2.197460600000000069e-02
2.208902100000000035e-02
2.220423300000000030e-02
2.232023299999999835e-02
2.243700399999999998e-02
2.255453199999999866e-02
2.267280600000000021e-02
2.279180999999999915e-02
2.291153199999999834e-02
2.303195900000000115e-02
2.315307999999999949e-02
2.327488000000000126e-02
2.339734499999999995e-02
2.352046600000000029e-02
2.364422899999999925e-02
2.376862199999999967e-02
2.389363400000000040e-02
2.401925099999999841e-02
2.414546199999999948e-02
2.427225699999999847e-02
2.439962099999999981e-02
2.452754799999999971e-02
2.465602199999999966e-02
2.478503199999999851e-02
2.491457000000000047e-02
2.504462400000000144e-02
2.517518200000000081e-02
2.530623400000000037e-02
2.543776999999999844e-02
2.556978000000000029e-02
2.570225300000000129e-02
2.583517899999999978e-02
2.596854599999999860e-02
2.610234700000000144e-02
2.623657100000000020e-02
2.637120899999999962e-02
2.650625100000000151e-02
2.664168600000000123e-02
2.677750599999999953e-02
2.691370200000000115e-02
2.705026400000000095e-02
2.718718499999999913e-02
2.732445299999999855e-02
2.746206099999999942e-02
2.759999999999999953e-02
2.773826199999999964e-02
2.787683700000000153e-02
2.801571799999999848e-02
2.815489499999999923e-02
2.829436199999999998e-02
2.843410899999999908e-02
2.857412800000000072e-02
2.871441300000000113e-02
2.885495299999999916e-02
2.899574300000000091e-02
2.913677500000000017e-02
2.927804000000000170e-02
2.941953200000000171e-02
2.956124400000000041e-02
2.970316599999999960e-02
2.984529400000000138e-02
2.998761800000000061e-02
3.013013299999999992e-02
3.027283199999999952e-02
3.041570799999999963e-02
3.055875400000000047e-02
3.070196299999999878e-02
3.084532900000000119e-02
3.098884400000000150e-02
3.113250399999999835e-02
3.127630099999999941e-02
3.142023099999999985e-02
3.156428399999999801e-02
3.170845700000000239e-02
3.185274500000000175e-02
3.199713700000000188e-02
3.214162999999999742e-02
3.228621899999999795e-02
3.243090199999999756e-02
3.257566299999999776e-02
3.272050600000000337e-02
3.286542399999999725e-02
3.301040799999999803e-02
3.315545599999999982e-02
3.330055999999999988e-02
3.344571600000000033e-02
3.359092000000000328e-02
3.373616599999999799e-02
3.388144800000000151e-02
3.402676400000000101e-02
3.417210999999999860e-02
3.431747500000000006e-02
3.446285799999999899e-02
3.460825599999999697e-02
3.475366500000000303e-02
3.489907800000000004e-02
3.504449099999999706e-02
3.518989699999999776e-02
3.533529900000000057e-02
3.548068599999999739e-02
3.562605800000000211e-02
3.577140699999999812e-02
3.591673399999999877e-02
3.606203200000000081e-02
3.620729999999999782e-02
3.635252600000000306e-02
3.649771599999999949e-02
3.664286099999999879e-02
3.678796100000000097e-02
3.693300900000000275e-02
3.707800099999999932e-02
3.722293699999999761e-02
3.736781299999999972e-02
3.751262300000000188e-02
3.765736499999999820e-02
3.780203699999999667e-02
3.794663399999999992e-02
3.809115700000000049e-02
3.823559700000000311e-02
3.837995200000000190e-02
3.852422500000000222e-02
3.866840900000000081e-02
3.881249600000000188e-02
3.895649300000000176e-02
3.910038999999999876e-02
3.924418999999999824e-02
3.938788499999999748e-02
3.953147700000000236e-02
3.967495599999999734e-02
3.981833199999999795e-02
3.996158799999999928e-02
4.010473600000000194e-02
4.024776099999999995e-02
4.039066699999999815e-02
4.053345299999999707e-02
4.067611699999999775e-02
4.081864999999999799e-02
4.096105700000000210e-02
4.110333299999999884e-02
4.124547900000000156e-02
4.138748700000000058e-02
4.152936100000000075e-02
4.167109699999999722e-02
4.181269199999999853e-02
4.195414499999999824e-02
4.209545299999999796e-02
4.223661900000000302e-02
4.237763600000000325e-02
4.251850399999999863e-02
4.265922300000000306e-02
4.279978899999999781e-02
4.294020300000000318e-02
4.308046399999999887e-02
4.322056800000000087e-02
4.336051300000000330e-02
4.350029999999999869e-02
4.363992399999999661e-02
4.377939200000000031e-02
4.391869200000000223e-02
4.405783099999999869e-02
4.419680699999999768e-02
4.433561099999999700e-02
4.447425199999999884e-02
4.461272399999999944e-02
4.475102599999999931e-02
4.488915999999999740e-02
4.502712200000000276e-02
4.516490900000000308e-02
4.530252500000000321e-02
4.543996599999999830e-02
4.557723200000000224e-02
4.571432200000000168e-02
4.585123800000000249e-02
4.598797500000000038e-02
4.612453300000000228e-02
4.626091599999999915e-02
4.639711600000000213e-02
4.653313800000000167e-02
4.666897999999999880e-02
4.680464000000000152e-02
4.694011800000000290e-02
4.707541700000000134e-02
4.721052900000000108e-02
4.734546299999999736e-02
4.748021100000000133e-02
4.761477599999999755e-02
4.774915799999999988e-02
4.788335400000000297e-02
4.801736799999999777e-02
4.815119500000000080e-02
4.828483599999999765e-02
4.841829100000000219e-02
4.855156299999999897e-02
4.868464900000000345e-02
4.881754499999999691e-02
4.895025900000000291e-02
4.908278600000000325e-02
4.921512699999999740e-02
4.934728099999999978e-02
4.947925000000000240e-02
4.961103199999999935e-02
4.974262399999999917e-02
4.987403399999999765e-02
5.000525699999999740e-02
5.013629399999999792e-02
5.026714499999999919e-02
5.039780600000000332e-02
5.052828799999999759e-02
5.065858000000000166e-02
5.078868599999999955e-02
5.091860899999999662e-02
5.104834600000000139e-02
5.117789699999999997e-02
5.130726499999999773e-02
5.143644700000000319e-02
5.156544600000000089e-02
5.169426299999999724e-02
5.182289300000000182e-02
5.195134500000000294e-02
5.207961099999999788e-02
5.220769699999999736e-02
5.233559799999999707e-02
5.246331900000000131e-02
5.259086200000000211e-02
5.271822200000000208e-02
5.284540399999999860e-02
5.297240200000000176e-02
5.309922599999999937e-02
5.322586700000000309e-02
5.335233400000000126e-02
5.347862500000000185e-02
5.360473699999999952e-02
5.373067000000000121e-02
5.385643200000000269e-02
5.398201899999999914e-02
5.410743099999999750e-02
5.423266799999999777e-02
5.435773399999999783e-02
5.448262799999999823e-02
5.460734999999999895e-02
5.473190199999999894e-02
5.485628199999999927e-02
5.498049399999999781e-02
5.510453900000000099e-02
5.522841199999999756e-02
5.535212199999999666e-02
5.547566699999999934e-02
5.559904499999999972e-02
5.572225900000000315e-02
5.584530900000000270e-02
5.596819499999999836e-02
5.609092100000000192e-02
5.621348300000000159e-02
5.633588900000000010e-02
5.645813400000000010e-02
5.658022299999999893e-02
5.670215199999999872e-02
5.682392800000000271e-02
5.694554400000000072e-02
5.706701100000000082e-02
5.718832100000000029e-02
5.730947900000000345e-02
5.743048700000000228e-02
5.755134299999999786e-02
5.767205000000000248e-02
5.779260800000000226e-02
5.791302000000000255e-02
5.803328800000000232e-02
5.815341000000000260e-02
5.827338600000000340e-02
5.839321799999999674e-02
5.851291100000000078e-02
5.863246300000000272e-02
5.875187400000000254e-02
5.887114999999999709e-02
5.899028500000000341e-02
5.910928499999999752e-02
5.922815199999999919e-02
5.934688400000000252e-02
5.946548699999999743e-02
5.958395500000000095e-02
5.970229199999999709e-02
5.982050299999999710e-02
5.993858400000000308e-02
6.005654099999999801e-02
6.017437199999999681e-02
6.029207999999999790e-02
6.040966500000000128e-02
6.052712700000000001e-02
6.064446999999999893e-02
6.076169800000000287e-02
6.087880600000000059e-02
6.099579499999999849e-02
6.111267199999999983e-02
6.122943799999999714e-02
6.134609099999999843e-02
6.146263300000000263e-02
6.157906400000000280e-02
6.169538900000000325e-02
6.181160699999999758e-02
6.192772099999999807e-02
6.204372999999999833e-02
6.215963900000000264e-02
6.227544699999999767e-02
6.239115399999999728e-02
6.250676500000000579e-02
6.262227900000000291e-02
6.273769599999999558e-02
6.285302299999999398e-02
6.296825400000000128e-02
6.308340299999999623e-02
6.319845500000000060e-02
6.331341699999999684e-02
6.342830500000000427e-02
6.354309599999999336e-02
6.365781299999999365e-02
6.377244699999999600e-02
6.388699999999999934e-02
6.400147800000000053e-02
6.411587400000000325e-02
6.423019600000000329e-02
6.434445099999999695e-02
6.445863100000000234e-02
6.457273700000000505e-02
6.468678299999999770e-02
6.480075400000000208e-02
6.491466599999999587e-02
6.502851099999999718e-02
6.514229600000000231e-02
6.525602199999999686e-02
6.536968799999999524e-02
6.548329399999999745e-02
6.559684899999999874e-02
6.571035100000000018e-02
6.582380100000000123e-02
6.593720599999999821e-02
6.605055899999999480e-02
6.616386800000000068e-02
6.627712400000000670e-02
6.639035000000000075e-02
6.650352499999999389e-02
6.661666900000000335e-02
6.672976899999999434e-02
6.684283900000000112e-02
6.695587199999999961e-02
6.706887500000000002e-02
6.718184800000000234e-02
6.729479100000000658e-02
6.740771199999999463e-02
6.752061099999999427e-02
6.763347999999999582e-02
6.774633400000000527e-02
6.785917299999999486e-02
6.797198999999999602e-02
6.808479900000000140e-02
6.819758600000000448e-02
6.831037299999999368e-02
6.842314500000000466e-02
6.853591700000000175e-02
6.864868100000000306e-02
6.876143799999999418e-02
6.887420299999999496e-02
6.898696699999999626e-02
6.909973199999999705e-02
6.921250399999999414e-02
6.932529099999999722e-02
6.943807800000000030e-02
6.955088700000000568e-02
6.966370299999999349e-02
6.977654199999999696e-02
6.988939600000000640e-02
7.000227300000000374e-02
7.011517100000000391e-02
7.022810000000000163e-02
7.034105799999999797e-02
7.045403899999999608e-02
7.056705700000000248e-02
7.068011200000000327e-02
7.079319700000000215e-02
7.090632600000000563e-02
7.101949999999999930e-02
7.113271200000000072e-02
7.124597600000000253e-02
7.135928399999999505e-02
7.147265199999999763e-02
7.158606500000000428e-02
7.169953699999999375e-02
7.181306899999999327e-02
7.192666799999999916e-02
7.204031900000000543e-02
7.215404499999999999e-02
7.226783800000000091e-02
7.238170500000000451e-02
7.249563900000000061e-02
7.260965599999999465e-02
7.272375400000000156e-02
7.283793399999999307e-02
7.295219599999999693e-02
7.306654799999999506e-02
7.318098800000000237e-02
7.329551900000000342e-02
7.341014599999999557e-02
7.352487700000000237e-02
7.363970599999999922e-02
7.375464599999999316e-02
7.386968300000000542e-02
7.398483899999999669e-02
7.410010699999999839e-02
7.421548699999999665e-02
7.433099299999999798e-02
7.444661099999999587e-02
7.456236300000000650e-02
7.467824200000000578e-02
7.479425500000000393e-02
7.491039500000000462e-02
7.502667600000000048e-02
7.514310600000000118e-02
7.525967100000000021e-02
7.537638400000000460e-02
7.549325399999999575e-02
7.561027300000000562e-02
7.572745499999999907e-02
7.584479500000000651e-02
7.596229799999999754e-02
7.607997199999999571e-02
7.619781800000000049e-02
7.631583499999999853e-02
7.643403899999999529e-02
7.655242099999999550e-02
7.667098899999999495e-02
7.678974399999999312e-02
7.690869999999999651e-02
7.702784999999999493e-02
7.714720099999999858e-02
7.726675299999999358e-02
7.738652099999999978e-02
7.750649799999999312e-02
7.762668999999999819e-02
7.774710699999999586e-02
7.786775399999999736e-02
7.798862500000000586e-02
7.810973400000000011e-02
7.823107399999999767e-02
7.835266000000000453e-02
7.847449900000000311e-02
7.859658399999999712e-02
7.871892299999999620e-02
7.884153000000000688e-02
7.896439700000000561e-02
7.908753300000000153e-02
7.921094400000000535e-02
7.933463899999999847e-02
7.945860899999999949e-02
7.958287699999999631e-02
7.970743600000000650e-02
7.983229299999999862e-02
7.995745499999999673e-02
8.008293099999999609e-02
8.020871899999999777e-02
8.033482699999999754e-02
8.046126400000000456e-02
8.058802800000000599e-02
8.071513499999999341e-02
8.084257699999999880e-02
8.097036900000000037e-02
8.109851899999999392e-02
8.122702699999999332e-02
8.135589999999999489e-02
8.148515200000000513e-02
8.161477699999999946e-02
8.174478300000000142e-02
8.187519000000000047e-02
8.200598500000000346e-02
8.213718999999999881e-02
8.226880400000000093e-02
8.240083600000000508e-02
8.253330000000000388e-02
8.266618800000000156e-02
8.279951700000000303e-02
8.293329200000000567e-02
8.306752100000000527e-02
8.320221299999999709e-02
8.333736699999999553e-02
8.347300400000000342e-02
8.360912700000000530e-02
8.374573999999999907e-02
8.388285299999999334e-02
8.402048099999999409e-02
8.415862200000000237e-02
8.429728400000000010e-02
8.443649100000000240e-02
8.457623400000000013e-02
8.471653599999999507e-02
8.485739700000000107e-02
8.499883099999999692e-02
8.514084700000000561e-02
8.528345800000000643e-02
8.542666599999999832e-02
8.557048400000000221e-02
8.571492099999999947e-02
8.585999900000000629e-02
8.600571799999999489e-02
8.615209199999999956e-02
8.629912900000000220e-02
8.644684399999999491e-02
8.659524500000000125e-02
8.674434599999999995e-02
8.689416199999999701e-02
8.704470799999999842e-02
8.719598500000000363e-02
8.734801400000000160e-02
8.750081099999999779e-02
8.765438200000000291e-02
8.780874299999999466e-02
8.796391600000000310e-02
8.811990199999999995e-02
8.827672200000000191e-02
8.843439799999999740e-02
8.859293899999999555e-02
8.875235900000000289e-02
8.891267299999999763e-02
8.907390399999999542e-02
8.923606600000000277e-02
8.939917399999999792e-02
8.956324300000000072e-02
8.972830299999999537e-02
8.989436200000000543e-02
9.006144100000000596e-02
9.022956299999999874e-02
9.039874400000000310e-02
9.056901200000000429e-02
9.074037499999999812e-02
9.091286399999999601e-02
9.108649900000000132e-02
9.126130500000000090e-02
9.143729500000000177e-02
9.161450699999999780e-02
9.179296300000000519e-02
9.197267900000000163e-02
9.215369099999999591e-02
9.233601399999999404e-02
9.251968600000000376e-02
9.270473599999999592e-02
9.289117900000000427e-02
9.307906000000000513e-02
9.326840899999999657e-02
9.345924899999999425e-02
9.365160799999999730e-02
9.384553900000000559e-02
9.404105699999999735e-02
9.423820700000000439e-02
9.443702499999999389e-02
9.463755000000000084e-02
9.483981900000000576e-02
9.504387499999999989e-02
9.524974999999999414e-02
9.545750199999999963e-02
9.566716100000000056e-02
9.587877999999999679e-02
9.609240300000000679e-02
9.630808200000000319e-02
9.652586999999999973e-02
9.674581100000000100e-02
9.696797299999999897e-02
9.719239899999999877e-02
9.741914999999999603e-02
9.764829299999999712e-02
9.787988699999999875e-02
9.811399099999999762e-02
9.835068900000000502e-02
9.859003099999999464e-02
9.883210100000000553e-02
9.907697899999999558e-02
9.932473299999999838e-02
9.957545299999999433e-02
9.982922700000000649e-02
1.000861400000000040e-01
1.003462700000000013e-01
1.006097499999999978e-01
1.008766499999999983e-01
1.011470899999999951e-01
1.014211700000000049e-01
1.016990200000000011e-01
1.019807499999999950e-01
1.022664900000000016e-01
1.025563899999999973e-01
1.028505599999999937e-01
1.031491600000000036e-01
1.034523499999999985e-01
1.037602799999999964e-01
1.040731399999999945e-01
1.043910799999999972e-01
1.047143199999999996e-01
1.050430499999999989e-01
1.053774700000000009e-01
1.057178200000000040e-01
1.060643200000000036e-01
1.064172399999999963e-01
1.067768300000000031e-01
1.071433700000000017e-01
1.075171800000000039e-01
1.078985699999999992e-01
1.082878899999999978e-01
1.086854899999999957e-01
1.090917599999999960e-01
1.095071400000000028e-01
1.099320599999999981e-01
1.103670199999999962e-01
1.108125199999999977e-01
1.112691299999999939e-01
1.117374599999999968e-01
1.122181700000000060e-01
1.127119699999999947e-01
1.132196500000000050e-01
1.137420400000000026e-01
1.142800699999999975e-01
1.148347700000000027e-01
1.154072500000000029e-01
1.159987600000000063e-01
1.166106499999999963e-01
1.172444700000000034e-01
1.179018899999999953e-01
1.185848399999999969e-01
1.192954499999999973e-01
1.200361399999999995e-01
1.208096800000000026e-01
1.216192200000000001e-01
1.224683800000000017e-01
1.233613800000000066e-01
1.243031099999999944e-01
1.252993599999999985e-01
1.263569700000000129e-01
1.274842200000000092e-01
1.286910500000000013e-01
1.299897899999999940e-01
1.313957600000000003e-01
1.329284299999999863e-01
1.346129500000000090e-01
1.364825799999999922e-01
1.385824200000000117e-01
1.409755599999999998e-01
1.437533099999999953e-01
1.470535699999999946e-01
1.510948199999999908e-01
1.562422199999999872e-01
1.631391299999999933e-01
1.729704099999999911e-01
1.881230600000000086e-01
