1.077000000000000000e+03
0.000000000000000000e+00
2.151999999999999957e+01
2.053307900000000130e-01
2.360092299999999865e-01
2.743203599999999853e-01
3.159000599999999825e-01
3.570643099999999959e-01
3.960539699999999774e-01
4.322807499999999914e-01
4.656073499999999754e-01
4.960473499999999980e-01
5.236715100000000067e-01
5.485815400000000341e-01
5.709009800000000023e-01
5.907699499999999881e-01
6.083394300000000143e-01
6.237655300000000125e-01
6.372041699999999587e-01
6.488065100000000029e-01
6.587154899999999591e-01
6.670631200000000094e-01
6.739678399999999847e-01
6.795319300000000062e-01
6.838316899999999920e-01
6.868822599999999667e-01
6.885879599999999989e-01
6.888834200000000241e-01
6.878240100000000412e-01
6.854264700000000099e-01
6.816384199999999671e-01
6.763980400000000337e-01
6.696856599999999604e-01
6.615218499999999668e-01
6.519580499999999557e-01
6.411076199999999892e-01
6.291643999999999570e-01
6.163742500000000124e-01
6.029885400000000173e-01
5.892308400000000335e-01
5.752835899999999558e-01
5.612877600000000244e-01
5.473489799999999850e-01
5.335449599999999570e-01
5.199319700000000211e-01
5.065502499999999797e-01
4.934283500000000156e-01
4.805858100000000022e-01
4.680355800000000066e-01
4.557857799999999737e-01
4.438407100000000272e-01
4.322018899999999775e-01
4.208687199999999740e-01
4.098389700000000246e-01
3.991092099999999920e-01
3.886749700000000085e-01
3.785311900000000174e-01
3.686721900000000107e-01
3.590919399999999984e-01
3.497841400000000212e-01
3.407422299999999793e-01
3.319596400000000003e-01
3.234296400000000182e-01
3.151454899999999726e-01
3.071004999999999985e-01
2.992879999999999985e-01
2.917014399999999785e-01
2.843342400000000159e-01
2.771800500000000111e-01
2.702325600000000105e-01
2.634856400000000209e-01
2.569332100000000230e-01
2.505693999999999977e-01
2.443884900000000138e-01
2.383848399999999867e-01
2.325530199999999992e-01
2.268876900000000030e-01
2.213837399999999955e-01
2.160361000000000087e-01
2.108399599999999929e-01
2.057905499999999888e-01
2.008833299999999988e-01
1.961138500000000062e-01
1.914778199999999930e-01
1.869710499999999997e-01
1.825895499999999894e-01
1.783293599999999923e-01
1.741867699999999908e-01
1.701580699999999946e-01
1.662397700000000089e-01
1.624284199999999900e-01
1.587207300000000043e-01
1.551135200000000047e-01
1.516036500000000065e-01
1.481881899999999974e-01
1.448642199999999880e-01
1.416289500000000035e-01
1.384796899999999886e-01
1.354138400000000075e-01
1.324288799999999988e-01
1.295223500000000083e-01
1.266919400000000029e-01
1.239353299999999963e-01
1.212503500000000067e-01
1.186348599999999948e-01
1.160868099999999986e-01
1.136042300000000005e-01
1.111851600000000051e-01
1.088277899999999937e-01
1.065302899999999997e-01
1.042909499999999934e-01
1.021080800000000038e-01
9.998005599999999771e-02
9.790530799999999645e-02
9.588232600000000383e-02
9.390962899999999447e-02
9.198580700000000276e-02
9.010948200000000463e-02
8.827932199999999341e-02
8.649405100000000235e-02
8.475240300000000393e-02
8.305318700000000054e-02
8.139523899999999423e-02
7.977741200000000588e-02
7.819863400000000297e-02
7.665782399999999941e-02
7.515397699999999681e-02
7.368608599999999786e-02
7.225318999999999492e-02
7.085435800000000617e-02
6.948869700000000205e-02
6.815531099999999620e-02
6.685337399999999319e-02
6.558205200000000179e-02
6.434054699999999793e-02
6.312809099999999729e-02
6.194393299999999963e-02
6.078735400000000177e-02
5.965764099999999737e-02
5.855411299999999791e-02
5.747611100000000334e-02
5.642299399999999715e-02
5.539413199999999871e-02
5.438892900000000252e-02
5.340679000000000259e-02
5.244715099999999741e-02
5.150945900000000049e-02
5.059317499999999718e-02
4.969777899999999748e-02
4.882276800000000250e-02
4.796764600000000267e-02
4.713194099999999664e-02
4.631518899999999966e-02
4.551693799999999984e-02
4.473675399999999663e-02
4.397420999999999969e-02
4.322889399999999688e-02
4.250040699999999699e-02
4.178835799999999767e-02
4.109236599999999823e-02
4.041206800000000238e-02
3.974710399999999838e-02
3.909712700000000235e-02
3.846179300000000106e-02
3.784078400000000231e-02
3.723376999999999937e-02
3.664044300000000171e-02
3.606050100000000175e-02
3.549365300000000001e-02
3.493960599999999805e-02
3.439808300000000291e-02
3.386881600000000297e-02
3.335153700000000054e-02
3.284598899999999905e-02
3.235192600000000307e-02
3.186909899999999796e-02
3.139727600000000174e-02
3.093621900000000091e-02
3.048570800000000025e-02
3.004552400000000054e-02
2.961545100000000097e-02
2.919528299999999896e-02
2.878481499999999832e-02
2.838385100000000161e-02
2.799219799999999939e-02
2.760967099999999882e-02
2.723608199999999827e-02
2.687125699999999909e-02
2.651502000000000026e-02
2.616720299999999999e-02
2.582764099999999841e-02
2.549616999999999856e-02
2.517263399999999929e-02
2.485688000000000134e-02
2.454876199999999828e-02
2.424812700000000126e-02
2.395483699999999966e-02
2.366875300000000071e-02
2.338973800000000020e-02
2.311766000000000168e-02
2.285238900000000073e-02
2.259380000000000069e-02
2.234176900000000091e-02
2.209617599999999862e-02
2.185690200000000097e-02
2.162383500000000097e-02
2.139685900000000071e-02
2.117586899999999994e-02
2.096075400000000158e-02
2.075141100000000086e-02
2.054773799999999942e-02
2.034963299999999892e-02
2.015700200000000025e-02
1.996974600000000002e-02
1.978777300000000156e-02
1.961099200000000070e-02
1.943931200000000026e-02
1.927264799999999986e-02
1.911091200000000073e-02
1.895402200000000092e-02
1.880189599999999850e-02
1.865445300000000139e-02
1.851161600000000157e-02
1.837330699999999845e-02
1.823945199999999975e-02
1.810997500000000038e-02
1.798480699999999849e-02
1.786387700000000023e-02
1.774711500000000081e-02
1.763445300000000132e-02
1.752582800000000024e-02
1.742116900000000024e-02
1.732041700000000115e-02
1.722350900000000143e-02
1.713038199999999955e-02
1.704097900000000124e-02
1.695523800000000095e-02
1.687310399999999988e-02
1.679451900000000081e-02
1.671942900000000093e-02
1.664777799999999849e-02
1.657951599999999900e-02
1.651458600000000124e-02
1.645293999999999923e-02
1.639452799999999849e-02
1.633929599999999968e-02
1.628720200000000062e-02
1.623819400000000093e-02
1.619222799999999948e-02
1.614925500000000125e-02
1.610923200000000111e-02
1.607211299999999898e-02
1.603785699999999911e-02
1.600642099999999984e-02
1.597776100000000005e-02
1.595183600000000049e-02
1.592860899999999982e-02
1.590803600000000040e-02
1.589007900000000140e-02
1.587470100000000148e-02
1.586186100000000140e-02
1.585152600000000120e-02
1.584365600000000110e-02
1.583821700000000166e-02
1.583517200000000152e-02
1.583448599999999831e-02
1.583612699999999845e-02
1.584005900000000008e-02
1.584625099999999870e-02
1.585466799999999885e-02
1.586527899999999949e-02
1.587805299999999961e-02
1.589295799999999870e-02
1.590996199999999972e-02
1.592903799999999953e-02
1.595015300000000164e-02
1.597327700000000100e-02
1.599838599999999986e-02
1.602544599999999875e-02
1.605443499999999885e-02
1.608531900000000070e-02
1.611807399999999960e-02
1.615267399999999881e-02
1.618909099999999920e-02
1.622729900000000058e-02
1.626727199999999929e-02
1.630898600000000101e-02
1.635241499999999862e-02
1.639753399999999833e-02
1.644431999999999838e-02
1.649274699999999858e-02
1.654279399999999955e-02
1.659443400000000166e-02
1.664764800000000100e-02
1.670241199999999981e-02
1.675870100000000085e-02
1.681649699999999970e-02
1.687577399999999964e-02
1.693651499999999921e-02
1.699869299999999875e-02
1.706229299999999921e-02
1.712728999999999988e-02
1.719366599999999981e-02
1.726139900000000019e-02
1.733047000000000060e-02
1.740085900000000116e-02
1.747254700000000147e-02
1.754551400000000164e-02
1.761973999999999832e-02
1.769521099999999889e-02
1.777190299999999862e-02
1.784979899999999953e-02
1.792888299999999963e-02
1.800913700000000145e-02
1.809054100000000165e-02
1.817308000000000118e-02
1.825673499999999963e-02
1.834148899999999902e-02
1.842732500000000134e-02
1.851422900000000010e-02
1.860218099999999888e-02
1.869116900000000053e-02
1.878117199999999876e-02
1.887217700000000040e-02
1.896416999999999894e-02
1.905712999999999852e-02
1.915104700000000090e-02
1.924590400000000118e-02
1.934168500000000082e-02
1.943837500000000079e-02
1.953596200000000047e-02
1.963442899999999838e-02
1.973376400000000086e-02
1.983394999999999950e-02
1.993497500000000061e-02
2.003682400000000169e-02
2.013948600000000158e-02
2.024294199999999988e-02
2.034718500000000027e-02
2.045219800000000129e-02
2.055796799999999938e-02
2.066448300000000085e-02
2.077172899999999919e-02
2.087969500000000020e-02
2.098836700000000083e-02
2.109773499999999941e-02
2.120778499999999983e-02
2.131850500000000148e-02
2.142988100000000132e-02
2.154190500000000008e-02
2.165456099999999925e-02
2.176784400000000147e-02
2.188173499999999938e-02
2.199622600000000067e-02
2.211130799999999966e-02
2.222696700000000025e-02
2.234319200000000130e-02
2.245997300000000113e-02
2.257729899999999859e-02
2.269515999999999895e-02
2.281354600000000052e-02
2.293244399999999975e-02
2.305184700000000031e-02
2.317174199999999865e-02
2.329212099999999896e-02
2.341297300000000012e-02
2.353428899999999990e-02
2.365605700000000117e-02
2.377827100000000013e-02
2.390091899999999964e-02
2.402399300000000043e-02
2.414748300000000084e-02
2.427137799999999970e-02
2.439567299999999966e-02
2.452035400000000115e-02
2.464541799999999880e-02
2.477085199999999945e-02
2.489664800000000039e-02
2.502279699999999940e-02
2.514929299999999965e-02
2.527612400000000051e-02
2.540328500000000114e-02
2.553076699999999935e-02
2.565856099999999987e-02
2.578665899999999997e-02
2.591505300000000039e-02
2.604373499999999841e-02
2.617269900000000066e-02
2.630193499999999851e-02
2.643143900000000102e-02
2.656119900000000061e-02
2.669121099999999941e-02
2.682146599999999867e-02
2.695195699999999861e-02
2.708267599999999997e-02
2.721362000000000086e-02
2.734477600000000119e-02
2.747614300000000148e-02
2.760770900000000111e-02
2.773947100000000165e-02
2.787142100000000039e-02
2.800355300000000047e-02
2.813585799999999970e-02
2.826833399999999913e-02
2.840097100000000055e-02
2.853376399999999966e-02
2.866670699999999961e-02
2.879979499999999956e-02
2.893302000000000027e-02
2.906637600000000141e-02
2.919985900000000162e-02
2.933346300000000059e-02
2.946717999999999907e-02
2.960100599999999915e-02
2.973493600000000001e-02
2.986896400000000132e-02
3.000308399999999931e-02
3.013728900000000113e-02
3.027157899999999985e-02
3.040594400000000072e-02
3.054038099999999839e-02
3.067488200000000054e-02
3.080944700000000022e-02
3.094406599999999924e-02
3.107873900000000106e-02
3.121345700000000001e-02
3.134821699999999767e-02
3.148301299999999719e-02
3.161784299999999964e-02
3.175270200000000070e-02
3.188757999999999870e-02
3.202247999999999900e-02
3.215739499999999834e-02
3.229232099999999883e-02
3.242725099999999722e-02
3.256218500000000043e-02
3.269711499999999882e-02
3.283203800000000089e-02
3.296695300000000023e-02
3.310185300000000053e-02
3.323673500000000336e-02
3.337159399999999748e-02
3.350642699999999835e-02
3.364123000000000113e-02
3.377600000000000047e-02
3.391073299999999846e-02
3.404542399999999774e-02
3.418007499999999727e-02
3.431467700000000176e-02
3.444922699999999893e-02
3.458372099999999782e-02
3.471816300000000327e-02
3.485254200000000024e-02
3.498685399999999779e-02
3.512110200000000126e-02
3.525527900000000048e-02
3.538938199999999701e-02
3.552341099999999779e-02
3.565735700000000064e-02
3.579122600000000237e-02
3.592500800000000133e-02
3.605870199999999803e-02
3.619230500000000100e-02
3.632581599999999689e-02
3.645923000000000219e-02
3.659254299999999821e-02
3.672576000000000312e-02
3.685887200000000086e-02
3.699187599999999992e-02
3.712477200000000033e-02
3.725756000000000207e-02
3.739023200000000241e-02
3.752278900000000084e-02
3.765522699999999945e-02
3.778754899999999667e-02
3.791974499999999776e-02
3.805181800000000114e-02
3.818376400000000198e-02
3.831558300000000028e-02
3.844726799999999972e-02
3.857882700000000303e-02
3.871024800000000265e-02
3.884153099999999859e-02
3.897267599999999776e-02
3.910368300000000019e-02
3.923454900000000051e-02
3.936526900000000134e-02
3.949584400000000217e-02
3.962627400000000299e-02
3.975655499999999898e-02
3.988668299999999917e-02
4.001666200000000145e-02
4.014648900000000048e-02
4.027615899999999888e-02
4.040567600000000148e-02
4.053503299999999809e-02
4.066423000000000260e-02
4.079326600000000164e-02
4.092214300000000110e-02
4.105085499999999721e-02
4.117940700000000120e-02
4.130778799999999806e-02
4.143600499999999798e-02
4.156405500000000253e-02
4.169193699999999836e-02
4.181964700000000146e-02
4.194718599999999742e-02
4.207455000000000223e-02
4.220174599999999832e-02
4.232876399999999789e-02
4.245560999999999779e-02
4.258227700000000171e-02
4.270876900000000059e-02
4.283508300000000296e-02
4.296121700000000293e-02
4.308717299999999945e-02
4.321294999999999997e-02
4.333854499999999915e-02
4.346395699999999751e-02
4.358918600000000199e-02
4.371423299999999817e-02
4.383909700000000048e-02
4.396377499999999661e-02
4.408827099999999832e-02
4.421258000000000132e-02
4.433670299999999814e-02
4.446063900000000318e-02
4.458438599999999669e-02
4.470794599999999841e-02
4.483132100000000037e-02
4.495450499999999877e-02
4.507749900000000004e-02
4.520030700000000207e-02
4.532292100000000212e-02
4.544534900000000294e-02
4.556758300000000178e-02
4.568963100000000138e-02
4.581148499999999901e-02
4.593314600000000109e-02
4.605461999999999750e-02
4.617590099999999836e-02
4.629698799999999725e-02
4.641788499999999901e-02
4.653858799999999879e-02
4.665910100000000144e-02
4.677942000000000211e-02
4.689954600000000029e-02
4.701947800000000344e-02
4.713922000000000251e-02
4.725876799999999961e-02
4.737812699999999905e-02
4.749728699999999915e-02
4.761625800000000158e-02
4.773503500000000205e-02
4.785362299999999791e-02
4.797201200000000137e-02
4.809021200000000024e-02
4.820822200000000196e-02
4.832603800000000172e-02
4.844365999999999950e-02
4.856108900000000173e-02
4.867832700000000040e-02
4.879537600000000142e-02
4.891223100000000046e-02
4.902889600000000236e-02
4.914537100000000019e-02
4.926165200000000299e-02
4.937774300000000172e-02
4.949364400000000330e-02
4.960935899999999871e-02
4.972488099999999855e-02
4.984021200000000179e-02
4.995535699999999885e-02
5.007031199999999876e-02
5.018507700000000155e-02
5.029965599999999815e-02
5.041404399999999814e-02
5.052824699999999836e-02
5.064226299999999986e-02
5.075609300000000212e-02
5.086974100000000304e-02
5.098319800000000040e-02
5.109646899999999853e-02
5.120955800000000224e-02
5.132246399999999820e-02
5.143518400000000185e-02
5.154772099999999774e-02
5.166007599999999922e-02
5.177224799999999988e-02
5.188424099999999761e-02
5.199605200000000094e-02
5.210768100000000291e-02
5.221913000000000249e-02
5.233040099999999861e-02
5.244149299999999875e-02
5.255240600000000289e-02
5.266313999999999718e-02
5.277369900000000030e-02
5.288408299999999840e-02
5.299428899999999998e-02
5.310432200000000241e-02
5.321417700000000139e-02
5.332386100000000018e-02
5.343337399999999876e-02
5.354271099999999978e-02
5.365187700000000059e-02
5.376087100000000174e-02
5.386969800000000058e-02
5.397835399999999922e-02
5.408684200000000303e-02
5.419516199999999811e-02
5.430331499999999784e-02
5.441130000000000272e-02
5.451911699999999888e-02
5.462676999999999811e-02
5.473426399999999775e-02
5.484158900000000308e-02
5.494875500000000190e-02
5.505575599999999736e-02
5.516259700000000071e-02
5.526927899999999755e-02
5.537580000000000280e-02
5.548216400000000048e-02
5.558836799999999911e-02
5.569441599999999659e-02
5.580030799999999985e-02
5.590604600000000091e-02
5.601162800000000080e-02
5.611705799999999744e-02
5.622233499999999828e-02
5.632746200000000175e-02
5.643243299999999713e-02
5.653725899999999943e-02
5.664193599999999690e-02
5.674646400000000340e-02
5.685084299999999813e-02
5.695507699999999979e-02
5.705916500000000197e-02
5.716311200000000203e-02
5.726691300000000262e-02
5.737057000000000268e-02
5.747408799999999957e-02
5.757746500000000128e-02
5.768070399999999931e-02
5.778380100000000269e-02
5.788676100000000185e-02
5.798958600000000269e-02
5.809227399999999930e-02
5.819482699999999759e-02
5.829725000000000185e-02
5.839953600000000189e-02
5.850169100000000150e-02
5.860371899999999856e-02
5.870561299999999677e-02
5.880737999999999938e-02
5.890902099999999891e-02
5.901053199999999749e-02
5.911191899999999888e-02
5.921318400000000204e-02
5.931432200000000265e-02
5.941533999999999704e-02
5.951623600000000014e-02
5.961701300000000342e-02
5.971767000000000047e-02
5.981820799999999771e-02
5.991863099999999998e-02
6.001893400000000295e-02
6.011912600000000190e-02
6.021920199999999945e-02
6.031916699999999992e-02
6.041901899999999742e-02
6.051876400000000267e-02
6.061839699999999748e-02
6.071792200000000056e-02
6.081733899999999804e-02
6.091665100000000221e-02
6.101585899999999868e-02
6.111496300000000131e-02
6.121396300000000318e-02
6.131286200000000269e-02
6.141166399999999775e-02
6.151036199999999898e-02
6.160896600000000112e-02
6.170747099999999985e-02
6.180588199999999949e-02
6.190419600000000161e-02
6.200241699999999717e-02
6.210054799999999847e-02
6.219858699999999962e-02
6.229653599999999958e-02
6.239439499999999833e-02
6.249216900000000019e-02
6.258985400000000032e-02
6.268745700000000198e-02
6.278497700000000570e-02
6.288241599999999654e-02
6.297976499999999311e-02
6.307704000000000089e-02
6.317424000000000650e-02
6.327135899999999924e-02
6.336839499999999403e-02
6.346536399999999634e-02
6.356225899999999596e-02
6.365907899999999342e-02
6.375582500000000208e-02
6.385250400000000437e-02
6.394910800000000450e-02
6.404565299999999406e-02
6.414213000000000553e-02
6.423854099999999623e-02
6.433488399999999496e-02
6.443116799999999700e-02
6.452739200000000286e-02
6.462355000000000183e-02
6.471965500000000093e-02
6.481570000000000387e-02
6.491169300000000641e-02
6.500762699999999839e-02
6.510350900000000385e-02
6.519933799999999557e-02
6.529511500000000079e-02
6.539084800000000142e-02
6.548652800000000218e-02
6.558216399999999835e-02
6.567775500000000433e-02
6.577329299999999657e-02
6.586879499999999388e-02
6.596425899999999731e-02
6.605967899999999615e-02
6.615506100000000111e-02
6.625040599999999780e-02
6.634571400000000008e-02
6.644099200000000427e-02
6.653623300000000018e-02
6.663144399999999801e-02
6.672661800000000143e-02
6.682176900000000308e-02
6.691689800000000243e-02
6.701198999999999351e-02
6.710706700000000635e-02
6.720211399999999335e-02
6.729713800000000634e-02
6.739214799999999894e-02
6.748713600000000312e-02
6.758210800000000185e-02
6.767705799999999827e-02
6.777200099999999838e-02
6.786692900000000639e-02
6.796184199999999453e-02
6.805675499999999656e-02
6.815164499999999681e-02
6.824653599999999654e-02
6.834142699999999626e-02
6.843630200000000441e-02
6.853118499999999447e-02
6.862606100000000209e-02
6.872093699999999583e-02
6.881581999999999977e-02
6.891070300000000370e-02
6.900559400000000343e-02
6.910049199999999947e-02
6.919538999999999551e-02
6.929030999999999385e-02
6.938523100000000554e-02
6.948017300000000618e-02
6.957513099999999839e-02
6.967009600000000080e-02
6.976508300000000551e-02
6.986009299999999811e-02
6.995512500000000689e-02
7.005018000000000356e-02
7.014525700000000252e-02
7.024035600000000379e-02
7.033549199999999946e-02
7.043065099999999690e-02
7.052584700000000262e-02
7.062106599999999623e-02
7.071632899999999444e-02
7.081162900000000093e-02
7.090695900000000551e-02
7.100233400000000028e-02
7.109775399999999912e-02
7.119321800000000255e-02
7.128871999999999987e-02
7.138427299999999809e-02
7.147987899999999617e-02
7.157552999999999832e-02
7.167123300000000086e-02
7.176699500000000009e-02
7.186280899999999972e-02
7.195868299999999551e-02
7.205461700000000136e-02
7.215061799999999970e-02
7.224667799999999473e-02
7.234279799999999983e-02
7.243899299999999319e-02
7.253525399999999346e-02
7.263158999999999588e-02
7.272799300000000466e-02
7.282447799999999805e-02
7.292103799999999358e-02
7.301767900000000200e-02
7.311440299999999448e-02
7.321120799999999984e-02
7.330809500000000367e-02
7.340507200000000176e-02
7.350213799999999464e-02
7.359930100000000586e-02
7.369655399999999745e-02
7.379390299999999403e-02
7.389134899999999506e-02
7.398889200000000055e-02
7.408654700000000259e-02
7.418429899999999522e-02
7.428216199999999880e-02
7.438013000000000263e-02
7.447820900000000355e-02
7.457640799999999681e-02
7.467471800000000104e-02
7.477314799999999761e-02
7.487169700000000094e-02
7.497037199999999346e-02
7.506916700000000608e-02
7.516809600000000369e-02
7.526715100000000436e-02
7.536634100000000336e-02
7.546566400000000174e-02
7.556512199999999846e-02
7.566472100000000423e-02
7.576446200000000464e-02
7.586435199999999601e-02
7.596438399999999591e-02
7.606457199999999697e-02
7.616490900000000286e-02
7.626540199999999603e-02
7.636605200000000371e-02
7.646686599999999445e-02
7.656784399999999602e-02
7.666898499999999506e-02
7.677029800000000070e-02
7.687177500000000330e-02
7.697343800000000513e-02
7.707527299999999970e-02
7.717728599999999772e-02
7.727947799999999867e-02
7.738186399999999465e-02
7.748443600000000375e-02
7.758720199999999401e-02
7.769016199999999317e-02
7.779332299999999756e-02
7.789668399999999382e-02
7.800024699999999478e-02
7.810401899999999675e-02
7.820799900000000027e-02
7.831219600000000058e-02
7.841661599999999455e-02
7.852124400000000393e-02
7.862610400000000221e-02
7.873119400000000434e-02
7.883650799999999959e-02
7.894205999999999446e-02
7.904785100000000231e-02
7.915387999999999591e-02
7.926015599999999828e-02
7.936668400000000678e-02
7.947345799999999683e-02
7.958049300000000215e-02
7.968778899999999499e-02
7.979534600000000311e-02
7.990316999999999559e-02
8.001126299999999913e-02
8.011963199999999619e-02
8.022828399999999693e-02
8.033721900000000138e-02
8.044644400000000584e-02
8.055595299999999959e-02
8.066576699999999933e-02
8.077587899999999488e-02
8.088628900000000010e-02
8.099702000000000290e-02
8.110805599999999782e-02
8.121941200000000471e-02
8.133108899999999530e-02
8.144309399999999366e-02
8.155543399999999610e-02
8.166810900000000262e-02
8.178112699999999513e-02
8.189449499999999771e-02
8.200821299999999647e-02
8.212228100000000530e-02
8.223671500000000190e-02
8.235152099999999697e-02
8.246669199999999422e-02
8.258224999999999594e-02
8.269818099999999561e-02
8.281450699999999554e-02
8.293122799999999573e-02
8.304834399999999617e-02
8.316587699999999916e-02
8.328381199999999873e-02
8.340216400000000085e-02
8.352094899999999711e-02
8.364015800000000611e-02
8.375979999999999537e-02
8.387989599999999546e-02
8.400043100000000040e-02
8.412142799999999809e-02
8.424288000000000609e-02
8.436480899999999894e-02
8.448721500000000439e-02
8.461009699999999523e-02
8.473347900000000044e-02
8.485735199999999701e-02
8.498173200000000427e-02
8.510662600000000466e-02
8.523204199999999398e-02
8.535798599999999681e-02
8.548446699999999454e-02
8.561149199999999737e-02
8.573906900000000109e-02
8.586720400000000253e-02
8.599591299999999328e-02
8.612519500000000161e-02
8.625506600000000523e-02
8.638554099999999625e-02
8.651661099999999327e-02
8.664830799999999333e-02
8.678061500000000539e-02
8.691356299999999924e-02
8.704715999999999843e-02
8.718140400000000401e-02
8.731631900000000335e-02
8.745190499999999645e-02
8.758817600000000370e-02
8.772514800000000279e-02
8.786282700000000445e-02
8.800122100000000447e-02
8.814035400000000409e-02
8.828022300000000488e-02
8.842085299999999370e-02
8.856224999999999514e-02
8.870442200000000499e-02
8.884739099999999778e-02
8.899117300000000674e-02
8.913576600000000516e-02
8.928119399999999428e-02
8.942747099999999449e-02
8.957461299999999738e-02
8.972263299999999608e-02
8.987154799999999555e-02
9.002136400000000649e-02
9.017210500000000239e-02
9.032379100000000050e-02
9.047643099999999605e-02
9.063004700000000524e-02
9.078464699999999610e-02
9.094026700000000518e-02
9.109690800000000421e-02
9.125459199999999549e-02
9.141334099999999518e-02
9.157317900000000455e-02
9.173412599999999917e-02
9.189619100000000207e-02
9.205940399999999746e-02
9.222378600000000204e-02
9.238936000000000370e-02
9.255614900000000422e-02
9.272417400000000642e-02
9.289345899999999767e-02
9.306403200000000486e-02
9.323591700000000149e-02
9.340913600000000372e-02
9.358372500000000649e-02
9.375970799999999716e-02
9.393710600000000632e-02
9.411595799999999956e-02
9.429629100000000430e-02
9.447813800000000317e-02
9.466152599999999584e-02
9.484649400000000341e-02
9.503306400000000043e-02
9.522128900000000062e-02
9.541119600000000367e-02
9.560281800000000607e-02
9.579619799999999907e-02
9.599138100000000062e-02
9.618839599999999546e-02
9.638728900000000099e-02
9.658811200000000374e-02
9.679090199999999811e-02
9.699571099999999835e-02
9.720258399999999466e-02
9.741156500000000551e-02
9.762271499999999880e-02
9.783608500000000319e-02
9.805173400000000150e-02
9.826970799999999728e-02
9.849008200000000657e-02
9.871290600000000304e-02
9.893824900000000588e-02
9.916616999999999793e-02
9.939675000000000593e-02
9.963005799999999357e-02
9.986615899999999602e-02
1.001051399999999952e-01
1.003470899999999999e-01
1.005920800000000004e-01
1.008401899999999962e-01
1.010915299999999989e-01
1.013461900000000027e-01
1.016042600000000018e-01
1.018658699999999973e-01
1.021310899999999938e-01
1.024000600000000011e-01
1.026728999999999975e-01
1.029497199999999946e-01
1.032306699999999966e-01
1.035158699999999959e-01
1.038054699999999969e-01
1.040996200000000038e-01
1.043984899999999966e-01
1.047022299999999934e-01
1.050110300000000052e-01
1.053250700000000067e-01
1.056445399999999951e-01
1.059696499999999986e-01
1.063006299999999932e-01
1.066377000000000019e-01
1.069811100000000043e-01
1.073311299999999968e-01
1.076880100000000007e-01
1.080520600000000053e-01
1.084235999999999950e-01
1.088029600000000041e-01
1.091904900000000012e-01
1.095865699999999943e-01
1.099916100000000035e-01
1.104060500000000056e-01
1.108303699999999975e-01
1.112650599999999990e-01
1.117106600000000033e-01
1.121677799999999947e-01
1.126370500000000024e-01
1.131191599999999964e-01
1.136148700000000067e-01
1.141249899999999956e-01
1.146504299999999976e-01
1.151921499999999932e-01
1.157512599999999947e-01
1.163289400000000057e-01
1.169265000000000027e-01
1.175453999999999943e-01
1.181872900000000004e-01
1.188539900000000066e-01
1.195475200000000043e-01
1.202702300000000057e-01
1.210247299999999970e-01
1.218140100000000003e-01
1.226415099999999953e-01
1.235112200000000049e-01
1.244277399999999950e-01
1.253964999999999941e-01
1.264239400000000124e-01
1.275177200000000011e-01
1.286870999999999987e-01
1.299434600000000106e-01
1.313008499999999967e-01
1.327770400000000128e-01
1.343947600000000020e-01
1.361838700000000124e-01
1.381844100000000075e-01
1.404517000000000126e-01
1.430647399999999958e-01
1.461408100000000099e-01
1.498622599999999971e-01
1.545276299999999992e-01
1.606528500000000137e-01
1.691722300000000068e-01
1.819024499999999933e-01
2.020216999999999985e-01
