8.870000000000000000e+02
0.000000000000000000e+00
1.771999900000000139e+01
2.043766099999999863e-01
2.350930099999999912e-01
2.734476599999999813e-01
3.150727999999999862e-01
3.562827700000000264e-01
3.953180600000000267e-01
4.315902300000000191e-01
4.649617999999999807e-01
4.954460600000000214e-01
5.231134299999999904e-01
5.480651300000000115e-01
5.704245599999999694e-01
5.903314899999999588e-01
6.079366800000000071e-01
6.233962199999999454e-01
6.368659100000000350e-01
6.484970500000000193e-01
6.584327800000000508e-01
6.668050899999999892e-01
6.737328200000000100e-01
6.793184899999999971e-01
6.836389299999999780e-01
6.867105399999999804e-01
6.884390700000000418e-01
6.887570600000000320e-01
6.877195200000000286e-01
6.853446399999999494e-01
6.815807799999999972e-01
6.763661499999999993e-01
6.696806600000000387e-01
6.615449199999999808e-01
6.520100800000000474e-01
6.411886799999999553e-01
6.292734100000000330e-01
6.165095600000000120e-01
6.031484599999999974e-01
5.894140599999999619e-01
5.754891600000000551e-01
5.615151499999999629e-01
5.475980599999999976e-01
5.338158600000000309e-01
5.202249300000000298e-01
5.068658600000000014e-01
4.937670800000000249e-01
4.809482099999999871e-01
4.684223200000000031e-01
4.561974100000000254e-01
4.442778800000000139e-01
4.326651699999999878e-01
4.213586999999999749e-01
4.103561600000000253e-01
3.996540599999999777e-01
3.892479200000000250e-01
3.791326300000000260e-01
3.693024799999999885e-01
3.597513399999999750e-01
3.504728999999999761e-01
3.414605600000000241e-01
3.327076099999999870e-01
3.242073699999999947e-01
3.159529899999999891e-01
3.079377699999999995e-01
3.001549499999999759e-01
2.925979200000000113e-01
2.852601399999999954e-01
2.781351200000000135e-01
2.712165699999999902e-01
2.644982900000000248e-01
2.579741799999999974e-01
2.516383500000000106e-01
2.454850100000000035e-01
2.395085100000000078e-01
2.337033699999999936e-01
2.280642800000000081e-01
2.225860500000000075e-01
2.172636199999999906e-01
2.120921500000000071e-01
2.070668499999999967e-01
2.021831699999999954e-01
1.974366600000000138e-01
1.928229899999999997e-01
1.883380000000000054e-01
1.839776300000000031e-01
1.797380000000000089e-01
1.756153099999999967e-01
1.716059299999999899e-01
1.677062800000000131e-01
1.639129800000000137e-01
1.602227200000000129e-01
1.566323000000000021e-01
1.531386399999999925e-01
1.497387400000000091e-01
1.464297300000000079e-01
1.432088300000000092e-01
1.400733399999999906e-01
1.370206800000000058e-01
1.340483100000000038e-01
1.311538399999999938e-01
1.283348800000000123e-01
1.255892100000000067e-01
1.229145999999999989e-01
1.203089700000000012e-01
1.177702600000000016e-01
1.152964999999999962e-01
1.128857800000000050e-01
1.105362599999999973e-01
1.082461499999999993e-01
1.060137300000000005e-01
1.038373400000000002e-01
1.017153600000000047e-01
9.964624800000000671e-02
9.762848899999999885e-02
9.566061900000000229e-02
9.374124600000000029e-02
9.186899699999999391e-02
9.004256099999999319e-02
8.826066600000000151e-02
8.652207300000000489e-02
8.482559000000000626e-02
8.317007099999999820e-02
8.155438299999999419e-02
7.997746000000000022e-02
7.843824500000000366e-02
7.693573099999999332e-02
7.546892800000000456e-02
7.403689600000000481e-02
7.263871299999999365e-02
7.127347600000000227e-02
6.994033600000000572e-02
6.863845100000000310e-02
6.736701000000000494e-02
6.612522199999999739e-02
6.491233400000000209e-02
6.372760199999999431e-02
6.257031899999999924e-02
6.143977899999999992e-02
6.033531599999999995e-02
5.925627800000000250e-02
5.820203200000000077e-02
5.717196699999999715e-02
5.616548300000000216e-02
5.518200200000000083e-02
5.422097099999999975e-02
5.328183599999999909e-02
5.236407700000000193e-02
5.146718000000000126e-02
5.059064600000000300e-02
4.973399299999999718e-02
4.889675200000000166e-02
4.807846600000000026e-02
4.727869900000000042e-02
4.649701299999999676e-02
4.573299699999999746e-02
4.498624400000000162e-02
4.425635900000000206e-02
4.354295899999999914e-02
4.284567400000000026e-02
4.216413900000000325e-02
4.149800499999999753e-02
4.084693300000000193e-02
4.021058200000000166e-02
3.958863800000000238e-02
3.898078199999999854e-02
3.838670599999999961e-02
3.780611999999999862e-02
3.723872799999999872e-02
3.668424900000000211e-02
3.614241299999999824e-02
3.561295200000000327e-02
3.509560199999999658e-02
3.459011800000000303e-02
3.409624499999999725e-02
3.361375300000000316e-02
3.314239900000000294e-02
3.268196400000000085e-02
3.223222099999999840e-02
3.179295699999999669e-02
3.136396400000000112e-02
3.094503300000000026e-02
3.053596800000000014e-02
3.013657200000000036e-02
2.974665699999999927e-02
2.936603900000000003e-02
2.899453600000000131e-02
2.863197400000000101e-02
2.827817900000000051e-02
2.793298799999999887e-02
2.759623699999999916e-02
2.726776499999999936e-02
2.694741800000000076e-02
2.663504699999999850e-02
2.633050099999999921e-02
2.603363599999999889e-02
2.574431300000000131e-02
2.546239499999999878e-02
2.518774600000000044e-02
2.492023399999999944e-02
2.465973600000000154e-02
2.440612199999999885e-02
2.415927299999999847e-02
2.391907000000000061e-02
2.368539399999999850e-02
2.345813299999999907e-02
2.323717299999999986e-02
2.302240800000000115e-02
2.281373199999999976e-02
2.261103899999999944e-02
2.241422800000000132e-02
2.222320100000000145e-02
2.203785600000000150e-02
2.185810399999999973e-02
2.168384799999999862e-02
2.151499899999999993e-02
2.135146400000000055e-02
2.119315999999999908e-02
2.103999999999999967e-02
2.089189899999999850e-02
2.074877500000000055e-02
2.061055200000000073e-02
2.047714600000000162e-02
2.034848200000000107e-02
2.022448599999999985e-02
2.010508299999999929e-02
1.999019800000000069e-02
1.987976400000000116e-02
1.977371099999999937e-02
1.967196499999999959e-02
1.957446700000000164e-02
1.948114700000000074e-02
1.939194099999999935e-02
1.930678599999999939e-02
1.922562200000000124e-02
1.914838500000000041e-02
1.907501699999999967e-02
1.900545899999999885e-02
1.893965300000000074e-02
1.887754399999999957e-02
1.881907700000000003e-02
1.876419400000000140e-02
1.871284499999999879e-02
1.866497699999999926e-02
1.862053799999999898e-02
1.857947600000000102e-02
1.854174199999999995e-02
1.850728899999999968e-02
1.847606499999999985e-02
1.844802699999999879e-02
1.842312499999999853e-02
1.840131500000000142e-02
1.838255299999999939e-02
1.836679100000000037e-02
1.835398900000000111e-02
1.834410399999999997e-02
1.833709099999999981e-02
1.833291399999999877e-02
1.833152600000000076e-02
1.833288900000000152e-02
1.833696500000000021e-02
1.834371300000000107e-02
1.835309699999999877e-02
1.836507799999999996e-02
1.837961700000000087e-02
1.839668100000000153e-02
1.841623100000000166e-02
1.843823299999999832e-02
1.846265199999999954e-02
1.848945199999999997e-02
1.851860099999999912e-02
1.855006299999999858e-02
1.858380600000000132e-02
1.861979799999999990e-02
1.865800800000000023e-02
1.869840199999999938e-02
1.874094999999999928e-02
1.878561999999999940e-02
1.883238400000000062e-02
1.888120899999999949e-02
1.893206899999999929e-02
1.898493100000000003e-02
1.903976900000000153e-02
1.909655299999999875e-02
1.915525499999999950e-02
1.921584800000000065e-02
1.927830700000000147e-02
1.934259899999999852e-02
1.940870299999999937e-02
1.947659100000000143e-02
1.954623499999999861e-02
1.961761199999999955e-02
1.969069600000000059e-02
1.976546100000000153e-02
1.984188300000000113e-02
1.991993900000000109e-02
1.999960500000000016e-02
2.008085299999999920e-02
2.016366500000000075e-02
2.024801299999999873e-02
2.033387700000000020e-02
2.042123499999999939e-02
2.051006299999999852e-02
2.060033799999999929e-02
2.069203899999999888e-02
2.078514500000000140e-02
2.087963699999999950e-02
2.097548899999999994e-02
2.107268400000000125e-02
2.117119699999999924e-02
2.127101299999999834e-02
2.137210999999999972e-02
2.147446600000000108e-02
2.157806199999999855e-02
2.168288100000000107e-02
2.178890299999999836e-02
2.189610499999999904e-02
2.200447399999999956e-02
2.211398800000000109e-02
2.222462899999999922e-02
2.233638099999999890e-02
2.244922099999999837e-02
2.256313700000000047e-02
2.267810899999999838e-02
2.279412000000000105e-02
2.291115200000000060e-02
2.302918799999999905e-02
2.314821300000000082e-02
2.326820799999999856e-02
2.338915899999999964e-02
2.351104700000000020e-02
2.363385800000000064e-02
2.375757699999999847e-02
2.388218599999999969e-02
2.400767100000000126e-02
2.413401399999999877e-02
2.426120500000000096e-02
2.438922400000000101e-02
2.451806000000000124e-02
2.464769400000000124e-02
2.477811499999999986e-02
2.490930800000000153e-02
2.504125800000000027e-02
2.517395299999999891e-02
2.530737599999999948e-02
2.544151600000000082e-02
2.557635700000000095e-02
2.571188799999999872e-02
2.584809399999999854e-02
2.598496299999999981e-02
2.612248199999999895e-02
2.626063899999999882e-02
2.639941900000000036e-02
2.653880999999999948e-02
2.667880099999999852e-02
2.681938000000000030e-02
2.696053299999999833e-02
2.710224899999999840e-02
2.724451599999999987e-02
2.738732300000000161e-02
2.753065899999999899e-02
2.767451099999999886e-02
2.781886800000000007e-02
2.796372000000000094e-02
2.810905500000000085e-02
2.825486099999999917e-02
2.840113099999999960e-02
2.854784999999999962e-02
2.869500999999999996e-02
2.884259999999999949e-02
2.899061099999999946e-02
2.913903099999999927e-02
2.928785000000000069e-02
2.943706000000000100e-02
2.958664899999999959e-02
2.973661000000000013e-02
2.988693099999999853e-02
3.003760200000000005e-02
3.018861800000000040e-02
3.033996599999999946e-02
3.049163699999999852e-02
3.064362299999999831e-02
3.079591699999999904e-02
3.094850700000000010e-02
3.110138499999999875e-02
3.125454500000000163e-02
3.140797800000000306e-02
3.156167299999999842e-02
3.171562399999999782e-02
3.186982099999999957e-02
3.202425700000000042e-02
3.217892700000000300e-02
3.233381700000000081e-02
3.248892700000000078e-02
3.264424600000000176e-02
3.279976200000000314e-02
3.295547499999999796e-02
3.311137100000000055e-02
3.326744999999999702e-02
3.342369900000000116e-02
3.358011300000000171e-02
3.373668700000000131e-02
3.389341399999999671e-02
3.405028200000000116e-02
3.420729200000000025e-02
3.436443200000000031e-02
3.452169499999999808e-02
3.467908100000000049e-02
3.483657500000000157e-02
3.499418099999999920e-02
3.515188400000000130e-02
3.530968400000000090e-02
3.546757300000000224e-02
3.562554300000000257e-02
3.578359300000000243e-02
3.594171300000000013e-02
3.609989999999999727e-02
3.625814599999999804e-02
3.641644899999999657e-02
3.657479999999999759e-02
3.673319900000000110e-02
3.689163599999999849e-02
3.705010899999999774e-02
3.720860899999999666e-02
3.736713500000000271e-02
3.752568399999999665e-02
3.768424699999999711e-02
3.784281800000000029e-02
3.800139899999999821e-02
3.815998100000000254e-02
3.831856000000000151e-02
3.847712999999999828e-02
3.863569000000000031e-02
3.879423399999999689e-02
3.895276000000000294e-02
3.911126000000000186e-02
3.926973400000000058e-02
3.942817400000000333e-02
3.958658100000000263e-02
3.974495100000000058e-02
3.990327600000000141e-02
4.006155200000000027e-02
4.021977999999999664e-02
4.037795200000000168e-02
4.053607199999999938e-02
4.069412499999999766e-02
4.085211799999999976e-02
4.101004500000000191e-02
4.116790000000000033e-02
4.132568500000000089e-02
4.148338699999999657e-02
4.164101600000000292e-02
4.179856199999999744e-02
4.195601899999999718e-02
4.211339000000000055e-02
4.227067200000000219e-02
4.242785599999999990e-02
4.258494799999999747e-02
4.274193899999999963e-02
4.289883399999999680e-02
4.305562000000000278e-02
4.321230200000000105e-02
4.336887600000000065e-02
4.352533799999999675e-02
4.368168900000000271e-02
4.383792000000000244e-02
4.399403899999999867e-02
4.415003599999999667e-02
4.430591300000000232e-02
4.446166800000000280e-02
4.461729500000000126e-02
4.477279599999999665e-02
4.492816699999999802e-02
4.508340699999999895e-02
4.523851699999999892e-02
4.539348900000000214e-02
4.554833099999999746e-02
4.570303099999999813e-02
4.585759300000000205e-02
4.601201399999999692e-02
4.616629299999999714e-02
4.632043100000000219e-02
4.647442300000000082e-02
4.662826999999999944e-02
4.678196800000000016e-02
4.693552100000000088e-02
4.708892099999999886e-02
4.724217199999999894e-02
4.739527000000000323e-02
4.754821599999999732e-02
4.770100900000000255e-02
4.785364500000000021e-02
4.800612900000000155e-02
4.815845199999999743e-02
4.831061899999999909e-02
4.846262900000000012e-02
4.861448000000000158e-02
4.876616999999999758e-02
4.891770000000000146e-02
4.906906899999999988e-02
4.922027899999999873e-02
4.937132100000000273e-02
4.952220599999999917e-02
4.967292400000000024e-02
4.982347799999999743e-02
4.997387200000000251e-02
5.012409799999999888e-02
5.027415999999999829e-02
5.042405800000000077e-02
5.057378900000000094e-02
5.072335199999999933e-02
5.087275100000000078e-02
5.102198599999999834e-02
5.117105300000000107e-02
5.131995300000000149e-02
5.146868899999999802e-02
5.161725400000000130e-02
5.176565400000000122e-02
5.191389099999999673e-02
5.206195599999999951e-02
5.220985799999999788e-02
5.235759499999999983e-02
5.250516499999999948e-02
5.265256799999999682e-02
5.279980199999999985e-02
5.294687299999999847e-02
5.309378000000000014e-02
5.324052299999999793e-02
5.338709800000000089e-02
5.353350899999999996e-02
5.367975700000000155e-02
5.382583999999999980e-02
5.397176000000000057e-02
5.411751900000000282e-02
5.426311500000000065e-02
5.440854700000000155e-02
5.455382200000000181e-02
5.469893299999999819e-02
5.484388400000000247e-02
5.498867500000000075e-02
5.513330899999999840e-02
5.527778299999999700e-02
5.542210100000000139e-02
5.556625899999999979e-02
5.571026400000000239e-02
5.585411199999999743e-02
5.599780800000000308e-02
5.614134700000000117e-02
5.628473300000000346e-02
5.642796700000000248e-02
5.657105099999999720e-02
5.671398700000000043e-02
5.685677000000000092e-02
5.699940399999999657e-02
5.714189299999999916e-02
5.728423600000000226e-02
5.742643000000000053e-02
5.756848299999999669e-02
5.771039099999999977e-02
5.785215600000000180e-02
5.799378100000000119e-02
5.813526699999999742e-02
5.827661199999999847e-02
5.841782300000000067e-02
5.855889200000000128e-02
5.869983100000000092e-02
5.884063199999999688e-02
5.898130299999999882e-02
5.912184000000000189e-02
5.926224599999999759e-02
5.940252499999999769e-02
5.954267800000000166e-02
5.968270099999999773e-02
5.982260400000000145e-02
5.996238100000000210e-02
6.010203399999999863e-02
6.024156900000000175e-02
6.038098399999999866e-02
6.052028000000000268e-02
6.065946099999999785e-02
6.079853000000000340e-02
6.093748300000000062e-02
6.107632400000000128e-02
6.121505800000000275e-02
6.135368299999999914e-02
6.149220100000000327e-02
6.163061000000000234e-02
6.176891899999999852e-02
6.190712699999999930e-02
6.204523499999999719e-02
6.218324599999999758e-02
6.232115600000000255e-02
6.245897699999999886e-02
6.259670100000000459e-02
6.273433600000000165e-02
6.287188100000000446e-02
6.300933699999999860e-02
6.314670999999999479e-02
6.328399499999999567e-02
6.342120499999999439e-02
6.355833299999999464e-02
6.369537899999999642e-02
6.383234999999999604e-02
6.396925400000000317e-02
6.410607699999999742e-02
6.424283199999999971e-02
6.437952099999999511e-02
6.451614899999999486e-02
6.465270400000000528e-02
6.478920600000000196e-02
6.492564100000000615e-02
6.506202399999999608e-02
6.519834700000000371e-02
6.533462600000000675e-02
6.547084499999999974e-02
6.560701900000000253e-02
6.574314800000000125e-02
6.587923299999999538e-02
6.601527299999999931e-02
6.615127599999999497e-02
6.628724199999999622e-02
6.642317000000000360e-02
6.655906899999999848e-02
6.669493799999999528e-02
6.683077699999999399e-02
6.696659300000000481e-02
6.710238799999999892e-02
6.723816700000000146e-02
6.737392400000000170e-02
6.750966599999999596e-02
6.764539299999999811e-02
6.778111300000000394e-02
6.791682500000000011e-02
6.805253799999999575e-02
6.818824299999999561e-02
6.832395500000000566e-02
6.845966700000000182e-02
6.859537999999999747e-02
6.873110699999999962e-02
6.886684899999999387e-02
6.900260599999999411e-02
6.913837800000000033e-02
6.927417199999999498e-02
6.940998900000000527e-02
6.954582800000000398e-02
6.968170399999999709e-02
6.981761000000000217e-02
6.995354600000000533e-02
7.008952599999999922e-02
7.022555199999999664e-02
7.036161400000000288e-02
7.049772899999999509e-02
7.063389600000000157e-02
7.077011499999999455e-02
7.090639299999999812e-02
7.104273099999999785e-02
7.117912899999999377e-02
7.131560100000000624e-02
7.145214099999999680e-02
7.158875500000000391e-02
7.172544999999999615e-02
7.186222100000000390e-02
7.199907999999999308e-02
7.213603000000000376e-02
7.227306799999999587e-02
7.241020400000000579e-02
7.254744300000000312e-02
7.268478000000000439e-02
7.282222100000000642e-02
7.295978100000000133e-02
7.309744499999999701e-02
7.323523599999999523e-02
7.337314600000000020e-02
7.351118299999999384e-02
7.364935400000000021e-02
7.378765199999999524e-02
7.392609099999999933e-02
7.406467899999999438e-02
7.420340200000000164e-02
7.434228800000000636e-02
7.448132300000000205e-02
7.462051499999999837e-02
7.475987800000000183e-02
7.489940500000000223e-02
7.503911100000000556e-02
7.517898800000000215e-02
7.531905199999999745e-02
7.545930100000000640e-02
7.559973700000000019e-02
7.574037499999999867e-02
7.588121300000000291e-02
7.602225999999999428e-02
7.616351500000000108e-02
7.630499500000000046e-02
7.644668200000000191e-02
7.658860800000000246e-02
7.673075799999999613e-02
7.687315299999999962e-02
7.701578700000000222e-02
7.715866700000000022e-02
7.730180000000000384e-02
7.744519399999999498e-02
7.758885599999999771e-02
7.773278699999999763e-02
7.787699300000000546e-02
7.802148200000000311e-02
7.816626100000000077e-02
7.831133199999999739e-02
7.845670700000000053e-02
7.860238899999999473e-02
7.874838300000000513e-02
7.889469699999999974e-02
7.904133900000000212e-02
7.918830999999999787e-02
7.933562199999999454e-02
7.948328600000000022e-02
7.963129900000000261e-02
7.977967699999999329e-02
7.992842000000000002e-02
8.007754400000000050e-02
8.022704699999999578e-02
8.037693799999999500e-02
8.052723100000000467e-02
8.067793400000000670e-02
8.082903900000000530e-02
8.098057699999999803e-02
8.113253900000000352e-02
8.128493999999999997e-02
8.143779600000000674e-02
8.159109999999999974e-02
8.174486499999999989e-02
8.189911399999999508e-02
8.205383300000000657e-02
8.220905100000000520e-02
8.236477500000000118e-02
8.252099899999999766e-02
8.267775199999999325e-02
8.283502600000000604e-02
8.299285200000000584e-02
8.315122099999999739e-02
8.331014999999999948e-02
8.346965200000000529e-02
8.362974200000000691e-02
8.379042100000000381e-02
8.395171199999999778e-02
8.411361300000000374e-02
8.427613999999999939e-02
8.443931500000000090e-02
8.460313799999999440e-02
8.476763199999999554e-02
8.493279700000000432e-02
8.509865399999999580e-02
8.526521900000000320e-02
8.543249999999999456e-02
8.560051800000000044e-02
8.576927299999999310e-02
8.593879599999999785e-02
8.610908700000000082e-02
8.628017500000000062e-02
8.645206699999999356e-02
8.662477899999999897e-02
8.679833300000000529e-02
8.697273599999999494e-02
8.714801099999999745e-02
8.732418000000000124e-02
8.750125000000000264e-02
8.767924500000000287e-02
8.785817799999999511e-02
8.803807900000000519e-02
8.821895700000000062e-02
8.840084099999999390e-02
8.858374500000000540e-02
8.876768499999999895e-02
8.895269799999999671e-02
8.913879099999999500e-02
8.932599400000000578e-02
8.951433000000000306e-02
8.970382100000000303e-02
8.989448799999999462e-02
9.008636300000000263e-02
9.027946700000000213e-02
9.047383100000000455e-02
9.066947499999999938e-02
9.086643199999999698e-02
9.106473599999999335e-02
9.126440399999999342e-02
9.146547300000000547e-02
9.166797299999999982e-02
9.187193200000000337e-02
9.207739700000000527e-02
9.228438899999999445e-02
9.249294499999999308e-02
9.270310399999999451e-02
9.291490199999999366e-02
9.312838299999999514e-02
9.334357799999999650e-02
9.356053200000000181e-02
9.377928800000000231e-02
9.399988500000000524e-02
9.422238199999999342e-02
9.444680799999999321e-02
9.467321600000000448e-02
9.490165899999999932e-02
9.513219400000000325e-02
9.536486900000000488e-02
9.559973300000000618e-02
9.583684800000000226e-02
9.607628000000000001e-02
9.631808099999999984e-02
9.656232600000000388e-02
9.680906699999999865e-02
9.705838599999999650e-02
9.731034900000000432e-02
9.756502499999999967e-02
9.782250200000000562e-02
9.808284800000000025e-02
9.834615900000000244e-02
9.861251699999999676e-02
9.888201200000000524e-02
9.915474800000000088e-02
9.943080699999999605e-02
9.971030100000000118e-02
9.999334099999999947e-02
1.002800400000000008e-01
1.005705100000000018e-01
1.008648800000000040e-01
1.011632799999999943e-01
1.014658400000000016e-01
1.017727100000000023e-01
1.020840400000000009e-01
1.023999800000000016e-01
1.027206999999999981e-01
1.030463699999999982e-01
1.033771899999999938e-01
1.037133300000000063e-01
1.040550100000000033e-01
1.044024499999999939e-01
1.047558600000000062e-01
1.051155000000000006e-01
1.054816199999999982e-01
1.058545000000000041e-01
1.062344300000000047e-01
1.066216999999999998e-01
1.070166699999999943e-01
1.074196600000000001e-01
1.078310799999999958e-01
1.082512999999999947e-01
1.086807500000000065e-01
1.091199300000000039e-01
1.095693100000000031e-01
1.100294299999999975e-01
1.105008700000000010e-01
1.109842699999999960e-01
1.114802899999999958e-01
1.119896799999999942e-01
1.125132600000000038e-01
1.130518900000000021e-01
1.136065400000000059e-01
1.141782699999999984e-01
1.147682500000000022e-01
1.153777799999999992e-01
1.160082699999999967e-01
1.166613199999999989e-01
1.173387199999999936e-01
1.180424600000000018e-01
1.187748099999999946e-01
1.195383099999999948e-01
1.203358800000000062e-01
1.211708700000000000e-01
1.220471199999999951e-01
1.229691200000000012e-01
1.239421200000000028e-01
1.249723199999999979e-01
1.260671200000000047e-01
1.272354099999999932e-01
1.284881200000000112e-01
1.298386900000000066e-01
1.313040099999999988e-01
1.329057399999999944e-01
1.346720299999999981e-01
1.366406099999999957e-01
1.388631499999999908e-01
1.414130000000000109e-01
1.443981400000000082e-01
1.479847999999999997e-01
1.524422500000000014e-01
1.582308900000000129e-01
1.661775600000000019e-01
1.778532899999999972e-01
1.962637600000000093e-01
