9.670000000000000000e+02
0.000000000000000000e+00
1.932000000000000028e+01
2.048924699999999932e-01
2.355881900000000029e-01
2.739187499999999886e-01
3.155183799999999872e-01
3.567025999999999808e-01
3.957122599999999824e-01
4.319590600000000058e-01
4.653056600000000098e-01
4.957654499999999964e-01
5.234090700000000318e-01
5.483379999999999921e-01
5.706756699999999682e-01
5.905620499999999495e-01
6.081479800000000324e-01
6.235895799999999767e-01
6.370426999999999618e-01
6.486585099999999660e-01
6.585800600000000227e-01
6.669393799999999706e-01
6.738550700000000004e-01
6.794294100000000114e-01
6.837391299999999728e-01
6.867998199999999498e-01
6.885165600000000552e-01
6.888229300000000555e-01
6.877742399999999812e-01
6.853877900000000523e-01
6.816116599999999526e-01
6.763839699999999455e-01
6.696848300000000087e-01
6.615349099999999760e-01
6.519854699999999559e-01
6.411495200000000283e-01
6.292203100000000049e-01
6.164434600000000541e-01
6.030702599999999691e-01
5.893245900000000370e-01
5.753889699999999996e-01
5.614045899999999811e-01
5.474772999999999445e-01
5.336849099999999568e-01
5.200837299999999663e-01
5.067141699999999638e-01
4.936047199999999968e-01
4.807749700000000237e-01
4.682378799999999952e-01
4.560015499999999777e-01
4.440703100000000236e-01
4.324456500000000148e-01
4.211269599999999946e-01
4.101119899999999818e-01
3.993972199999999972e-01
3.889782700000000148e-01
3.788499499999999909e-01
3.690066000000000179e-01
3.594421700000000053e-01
3.501503200000000149e-01
3.411244800000000077e-01
3.323579700000000026e-01
3.238441300000000078e-01
3.155761699999999892e-01
3.075473300000000076e-01
2.997509500000000160e-01
2.921804499999999805e-01
2.848292299999999888e-01
2.776908900000000235e-01
2.707591100000000250e-01
2.640277400000000108e-01
2.574906900000000221e-01
2.511420799999999898e-01
2.449761299999999864e-01
2.389872399999999897e-01
2.331699000000000133e-01
2.275188300000000052e-01
2.220288199999999879e-01
2.166948900000000011e-01
2.115121199999999979e-01
2.064758200000000044e-01
2.015813700000000097e-01
1.968243699999999985e-01
1.922004700000000121e-01
1.877055199999999868e-01
1.833354799999999951e-01
1.790864600000000029e-01
1.749546700000000066e-01
1.709364499999999898e-01
1.670282600000000117e-01
1.632267099999999971e-01
1.595284800000000003e-01
1.559303599999999901e-01
1.524292800000000003e-01
1.490222499999999950e-01
1.457063899999999912e-01
1.424789099999999864e-01
1.393371099999999863e-01
1.362784099999999887e-01
1.333002600000000037e-01
1.304002599999999901e-01
1.275760400000000017e-01
1.248253400000000068e-01
1.221459700000000065e-01
1.195357999999999976e-01
1.169927999999999940e-01
1.145149699999999937e-01
1.121004099999999976e-01
1.097472599999999993e-01
1.074537500000000007e-01
1.052181300000000069e-01
1.030387400000000037e-01
1.009139500000000023e-01
9.884221899999999505e-02
9.682202299999999318e-02
9.485191099999999709e-02
9.293045099999999725e-02
9.105629499999999543e-02
8.922810899999999990e-02
8.744461100000000542e-02
8.570456499999999644e-02
8.400677900000000364e-02
8.235008300000000447e-02
8.073335900000000454e-02
7.915551999999999311e-02
7.761551399999999656e-02
7.611232299999999562e-02
7.464495300000000000e-02
7.321245199999999731e-02
7.181389600000000206e-02
7.044838400000000278e-02
6.911505799999999311e-02
6.781306099999999393e-02
6.654158999999999768e-02
6.529984599999999473e-02
6.408706299999999967e-02
6.290250299999999850e-02
6.174544199999999761e-02
6.061518199999999662e-02
5.951104699999999748e-02
5.843237800000000010e-02
5.737854199999999766e-02
5.634891599999999889e-02
5.534290099999999990e-02
5.435991999999999907e-02
5.339940600000000342e-02
5.246081200000000250e-02
5.154360100000000139e-02
5.064726199999999845e-02
4.977129400000000065e-02
4.891520700000000221e-02
4.807853299999999969e-02
4.726081000000000032e-02
4.646158999999999706e-02
4.568044500000000008e-02
4.491694999999999716e-02
4.417070399999999814e-02
4.344129900000000266e-02
4.272835700000000153e-02
4.203149999999999942e-02
4.135036500000000004e-02
4.068459600000000342e-02
4.003384699999999741e-02
3.939778699999999662e-02
3.877608899999999970e-02
3.816843400000000108e-02
3.757451099999999794e-02
3.699402899999999772e-02
3.642668899999999821e-02
3.587221000000000160e-02
3.533031400000000155e-02
3.480073399999999983e-02
3.428321000000000146e-02
3.377748299999999704e-02
3.328330399999999967e-02
3.280043600000000226e-02
3.232864299999999719e-02
3.186769799999999986e-02
3.141737000000000002e-02
3.097745000000000012e-02
3.054772099999999990e-02
3.012798200000000107e-02
2.971802700000000103e-02
2.931766400000000022e-02
2.892669800000000069e-02
2.854494800000000054e-02
2.817222800000000055e-02
2.780836399999999861e-02
2.745318399999999853e-02
2.710651600000000064e-02
2.676819999999999894e-02
2.643807600000000133e-02
2.611598600000000076e-02
2.580177800000000091e-02
2.549530399999999988e-02
2.519641800000000167e-02
2.490497900000000070e-02
2.462085199999999863e-02
2.434389699999999976e-02
2.407398399999999966e-02
2.381098800000000168e-02
2.355478000000000086e-02
2.330523699999999948e-02
2.306224000000000121e-02
2.282567500000000013e-02
2.259542200000000042e-02
2.237137399999999943e-02
2.215342000000000006e-02
2.194145499999999860e-02
2.173537199999999933e-02
2.153506900000000043e-02
2.134045000000000039e-02
2.115141400000000033e-02
2.096786499999999873e-02
2.078971500000000028e-02
2.061686700000000053e-02
2.044923599999999911e-02
2.028673099999999882e-02
2.012926900000000172e-02
1.997676500000000049e-02
1.982913899999999910e-02
1.968630799999999959e-02
1.954819600000000032e-02
1.941472699999999968e-02
1.928581999999999866e-02
1.916140900000000077e-02
1.904141700000000145e-02
1.892577299999999990e-02
1.881441099999999964e-02
1.870725999999999986e-02
1.860425400000000062e-02
1.850532900000000092e-02
1.841042000000000026e-02
1.831946500000000005e-02
1.823240099999999878e-02
1.814916899999999972e-02
1.806970899999999977e-02
1.799396400000000118e-02
1.792187599999999978e-02
1.785338900000000076e-02
1.778844699999999890e-02
1.772700099999999918e-02
1.766899200000000142e-02
1.761437199999999967e-02
1.756308800000000100e-02
1.751509099999999999e-02
1.747033400000000056e-02
1.742876299999999989e-02
1.739033699999999877e-02
1.735500400000000026e-02
1.732272099999999926e-02
1.729344400000000156e-02
1.726712500000000122e-02
1.724372399999999847e-02
1.722319599999999964e-02
1.720550100000000152e-02
1.719059599999999896e-02
1.717844199999999863e-02
1.716899699999999834e-02
1.716222200000000128e-02
1.715807999999999917e-02
1.715653199999999864e-02
1.715753799999999996e-02
1.716106599999999913e-02
1.716707500000000039e-02
1.717553299999999977e-02
1.718640100000000046e-02
1.719964699999999846e-02
1.721523700000000129e-02
1.723313500000000012e-02
1.725331100000000034e-02
1.727572999999999956e-02
1.730036199999999968e-02
1.732717300000000127e-02
1.735613100000000034e-02
1.738720900000000069e-02
1.742037600000000130e-02
1.745559799999999925e-02
1.749284900000000129e-02
1.753210100000000132e-02
1.757332099999999939e-02
1.761648600000000064e-02
1.766156400000000112e-02
1.770852900000000063e-02
1.775735399999999950e-02
1.780801300000000101e-02
1.786047799999999908e-02
1.791472399999999993e-02
1.797072400000000042e-02
1.802845499999999879e-02
1.808788999999999883e-02
1.814900499999999930e-02
1.821177599999999897e-02
1.827617900000000004e-02
1.834218899999999833e-02
1.840978500000000143e-02
1.847894099999999873e-02
1.854963600000000129e-02
1.862184700000000040e-02
1.869555200000000070e-02
1.877072600000000147e-02
1.884735200000000124e-02
1.892540599999999879e-02
1.900486599999999873e-02
1.908571499999999962e-02
1.916792599999999833e-02
1.925148399999999926e-02
1.933636700000000014e-02
1.942255299999999865e-02
1.951002500000000028e-02
1.959876300000000168e-02
1.968874799999999897e-02
1.977995999999999921e-02
1.987237899999999904e-02
1.996598999999999943e-02
2.006076999999999860e-02
2.015670400000000098e-02
2.025377399999999870e-02
2.035196099999999828e-02
2.045124800000000173e-02
2.055161800000000066e-02
2.065305400000000055e-02
2.075553700000000099e-02
2.085905299999999893e-02
2.096358300000000091e-02
2.106911300000000042e-02
2.117562699999999895e-02
2.128310500000000008e-02
2.139153300000000077e-02
2.150089900000000040e-02
2.161118199999999961e-02
2.172237100000000073e-02
2.183444799999999936e-02
2.194739899999999938e-02
2.206121000000000124e-02
2.217586499999999947e-02
2.229135100000000091e-02
2.240765100000000065e-02
2.252475400000000100e-02
2.264264399999999997e-02
2.276130999999999988e-02
2.288073300000000032e-02
2.300090299999999963e-02
2.312180800000000064e-02
2.324343099999999843e-02
2.336576200000000172e-02
2.348878600000000108e-02
2.361248999999999987e-02
2.373686399999999988e-02
2.386189299999999860e-02
2.398756499999999889e-02
2.411386899999999958e-02
2.424079200000000059e-02
2.436832200000000129e-02
2.449644499999999864e-02
2.462515399999999979e-02
2.475443500000000172e-02
2.488427400000000136e-02
2.501466299999999948e-02
2.514558999999999891e-02
2.527704500000000146e-02
2.540901500000000007e-02
2.554148800000000108e-02
2.567445900000000017e-02
2.580790999999999988e-02
2.594183599999999937e-02
2.607622399999999854e-02
2.621106600000000161e-02
2.634634799999999860e-02
2.648206399999999960e-02
2.661820300000000000e-02
2.675475600000000106e-02
2.689170999999999923e-02
2.702905800000000164e-02
2.716679099999999916e-02
2.730489900000000053e-02
2.744337200000000060e-02
2.758220200000000011e-02
2.772137900000000085e-02
2.786089500000000010e-02
2.800073999999999966e-02
2.814090799999999920e-02
2.828138700000000158e-02
2.842217099999999955e-02
2.856324999999999836e-02
2.870461700000000171e-02
2.884626399999999993e-02
2.898818099999999828e-02
2.913036199999999992e-02
2.927279799999999918e-02
2.941548299999999921e-02
2.955840499999999940e-02
2.970156300000000027e-02
2.984494299999999878e-02
2.998854199999999998e-02
3.013234999999999872e-02
3.027636200000000111e-02
3.042056799999999853e-02
3.056496400000000002e-02
3.070954199999999940e-02
3.085429400000000086e-02
3.099921500000000010e-02
3.114429700000000134e-02
3.128953300000000132e-02
3.143491999999999814e-02
3.158044799999999708e-02
3.172611100000000128e-02
3.187190000000000162e-02
3.201781599999999756e-02
3.216385100000000025e-02
3.230999400000000160e-02
3.245624200000000320e-02
3.260259000000000074e-02
3.274903099999999789e-02
3.289556099999999678e-02
3.304217000000000265e-02
3.318886100000000006e-02
3.333561899999999689e-02
3.348244400000000009e-02
3.362933199999999789e-02
3.377627200000000302e-02
3.392326100000000316e-02
3.407029799999999886e-02
3.421737600000000074e-02
3.436448799999999859e-02
3.451162900000000200e-02
3.465879699999999813e-02
3.480598299999999867e-02
3.495318800000000309e-02
3.510040400000000171e-02
3.524762800000000307e-02
3.539485500000000284e-02
3.554207799999999778e-02
3.568929800000000124e-02
3.583650299999999872e-02
3.598369700000000199e-02
3.613087200000000138e-02
3.627802399999999899e-02
3.642515100000000283e-02
3.657224399999999681e-02
3.671930699999999964e-02
3.686633000000000271e-02
3.701331100000000013e-02
3.716024400000000200e-02
3.730713199999999979e-02
3.745396399999999931e-02
3.760074100000000002e-02
3.774745799999999762e-02
3.789411499999999905e-02
3.804070100000000315e-02
3.818722100000000036e-02
3.833366900000000077e-02
3.848004000000000008e-02
3.862633199999999933e-02
3.877254200000000012e-02
3.891866699999999707e-02
3.906470199999999976e-02
3.921064700000000125e-02
3.935650400000000049e-02
3.950225899999999790e-02
3.964791799999999727e-02
3.979347300000000281e-02
3.993892699999999907e-02
4.008426899999999876e-02
4.022950699999999769e-02
4.037463300000000005e-02
4.051964400000000049e-02
4.066453500000000165e-02
4.080931100000000089e-02
4.095396800000000032e-02
4.109849799999999720e-02
4.124290500000000331e-02
4.138718200000000152e-02
4.153133199999999720e-02
4.167534800000000095e-02
4.181923299999999732e-02
4.196298100000000336e-02
4.210659499999999666e-02
4.225006700000000226e-02
4.239339799999999880e-02
4.253658700000000070e-02
4.267963000000000312e-02
4.282252899999999807e-02
4.296527800000000258e-02
4.310788200000000014e-02
4.325033400000000139e-02
4.339263200000000043e-02
4.353477399999999831e-02
4.367676399999999987e-02
4.381859700000000080e-02
4.396027300000000110e-02
4.410178599999999699e-02
4.424314199999999919e-02
4.438433399999999751e-02
4.452536599999999678e-02
4.466623399999999910e-02
4.480693499999999913e-02
4.494746799999999737e-02
4.508783699999999867e-02
4.522803400000000029e-02
4.536806399999999961e-02
4.550792299999999874e-02
4.564761400000000302e-02
4.578713000000000227e-02
4.592647400000000185e-02
4.606564300000000334e-02
4.620463799999999926e-02
4.634345699999999763e-02
4.648210099999999789e-02
4.662056600000000217e-02
4.675885700000000089e-02
4.689696799999999721e-02
4.703490099999999702e-02
4.717265400000000136e-02
4.731022900000000225e-02
4.744762599999999969e-02
4.758483899999999683e-02
4.772186999999999957e-02
4.785872299999999885e-02
4.799539199999999783e-02
4.813187900000000241e-02
4.826818399999999870e-02
4.840430600000000111e-02
4.854024199999999734e-02
4.867599899999999757e-02
4.881156999999999857e-02
4.894695799999999875e-02
4.908216399999999757e-02
4.921718299999999768e-02
4.935201599999999855e-02
4.948667100000000291e-02
4.962113499999999677e-02
4.975541700000000317e-02
4.988951600000000181e-02
5.002342900000000120e-02
5.015715999999999924e-02
5.029070399999999857e-02
5.042406499999999708e-02
5.055724100000000276e-02
5.069023400000000068e-02
5.082303999999999988e-02
5.095566399999999774e-02
5.108810600000000118e-02
5.122036499999999687e-02
5.135243800000000025e-02
5.148432800000000281e-02
5.161603499999999761e-02
5.174756400000000284e-02
5.187890700000000188e-02
5.201007099999999800e-02
5.214105200000000023e-02
5.227185000000000165e-02
5.240246999999999961e-02
5.253290800000000316e-02
5.266316599999999737e-02
5.279324600000000201e-02
5.292315000000000214e-02
5.305287200000000092e-02
5.318241600000000319e-02
5.331178400000000095e-02
5.344097300000000272e-02
5.356998699999999947e-02
5.369882699999999759e-02
5.382749099999999814e-02
5.395597600000000271e-02
5.408429399999999804e-02
5.421243199999999790e-02
5.434040400000000187e-02
5.446820000000000134e-02
5.459582400000000113e-02
5.472328099999999862e-02
5.485056700000000285e-02
5.497768100000000047e-02
5.510463200000000061e-02
5.523141100000000109e-02
5.535802599999999768e-02
5.548447399999999891e-02
5.561075399999999835e-02
5.573687299999999928e-02
5.586282900000000273e-02
5.598862100000000230e-02
5.611424899999999799e-02
5.623971999999999999e-02
5.636502799999999758e-02
5.649017900000000147e-02
5.661516999999999938e-02
5.674000500000000308e-02
5.686468599999999762e-02
5.698920799999999953e-02
5.711357699999999871e-02
5.723779300000000209e-02
5.736185600000000273e-02
5.748576999999999854e-02
5.760953199999999802e-02
5.773314499999999960e-02
5.785660799999999687e-02
5.797992600000000107e-02
5.810309899999999833e-02
5.822612700000000252e-02
5.834900999999999976e-02
5.847175000000000289e-02
5.859435000000000338e-02
5.871680800000000228e-02
5.883912699999999801e-02
5.896130900000000341e-02
5.908335399999999765e-02
5.920526400000000050e-02
5.932703599999999966e-02
5.944867799999999786e-02
5.957019000000000203e-02
5.969156700000000093e-02
5.981281799999999677e-02
5.993393799999999910e-02
6.005493199999999837e-02
6.017579900000000204e-02
6.029654300000000106e-02
6.041716400000000237e-02
6.053766199999999903e-02
6.065804100000000282e-02
6.077830099999999985e-02
6.089844199999999708e-02
6.101847099999999774e-02
6.113837999999999911e-02
6.125817800000000340e-02
6.137786099999999884e-02
6.149743500000000307e-02
6.161690100000000170e-02
6.173625600000000324e-02
6.185550599999999760e-02
6.197465199999999813e-02
6.209369399999999789e-02
6.221263500000000224e-02
6.233147199999999888e-02
6.245021099999999853e-02
6.256885099999999478e-02
6.268739700000000581e-02
6.280585399999999430e-02
6.292420599999999642e-02
6.304247699999999954e-02
6.316064999999999874e-02
6.327874199999999894e-02
6.339674400000000487e-02
6.351465700000000214e-02
6.363248800000000094e-02
6.375024499999999705e-02
6.386791199999999891e-02
6.398550399999999860e-02
6.410302199999999562e-02
6.422045799999999416e-02
6.433782000000000389e-02
6.445511399999999391e-02
6.457234200000000479e-02
6.468949499999999964e-02
6.480658100000000199e-02
6.492359899999999850e-02
6.504055899999999779e-02
6.515745800000000143e-02
6.527429099999999818e-02
6.539107099999999506e-02
6.550779199999999525e-02
6.562445299999999926e-02
6.574106999999999867e-02
6.585763399999999823e-02
6.597414599999999740e-02
6.609061400000000586e-02
6.620702900000000057e-02
6.632340700000000089e-02
6.643973999999999713e-02
6.655603599999999898e-02
6.667229500000000642e-02
6.678851700000000557e-02
6.690470099999999698e-02
6.702085600000000365e-02
6.713698099999999835e-02
6.725307599999999497e-02
6.736914099999999350e-02
6.748518300000000414e-02
6.760120399999999807e-02
6.771720900000000043e-02
6.783319299999999996e-02
6.794915299999999825e-02
6.806510699999999969e-02
6.818105300000000535e-02
6.829697599999999535e-02
6.841289999999999871e-02
6.852881600000000628e-02
6.864473199999999997e-02
6.876064099999999735e-02
6.887654999999999472e-02
6.899246600000000229e-02
6.910838199999999598e-02
6.922430499999999987e-02
6.934024399999999533e-02
6.945619000000000098e-02
6.957215099999999874e-02
6.968812600000000301e-02
6.980411699999999886e-02
6.992013800000000667e-02
7.003617299999999324e-02
7.015223800000000565e-02
7.026832600000000595e-02
7.038445000000000118e-02
7.050059699999999818e-02
7.061678899999999925e-02
7.073301099999999841e-02
7.084927700000000217e-02
7.096558799999999612e-02
7.108193599999999834e-02
7.119833700000000043e-02
7.131478900000000343e-02
7.143128699999999609e-02
7.154784399999999933e-02
7.166445300000000296e-02
7.178112899999999907e-02
7.189786400000000577e-02
7.201466700000000443e-02
7.213152899999999978e-02
7.224847399999999309e-02
7.236548499999999329e-02
7.248257099999999564e-02
7.259973899999999647e-02
7.271698899999999577e-02
7.283431999999999407e-02
7.295174199999999998e-02
7.306925200000000120e-02
7.318685900000000688e-02
7.330455600000000682e-02
7.342235699999999365e-02
7.354025499999999882e-02
7.365826500000000054e-02
7.377637900000000304e-02
7.389459800000000578e-02
7.401293500000000192e-02
7.413139200000000428e-02
7.424996799999999952e-02
7.436867099999999731e-02
7.448749200000000237e-02
7.460644800000000576e-02
7.472553799999999413e-02
7.484476299999999471e-02
7.496412800000000487e-02
7.508363599999999527e-02
7.520329200000000491e-02
7.532309700000000552e-02
7.544305199999999656e-02
7.556316999999999895e-02
7.568344500000000197e-02
7.580388300000000246e-02
7.592448599999999936e-02
7.604526699999999972e-02
7.616622000000000670e-02
7.628735200000000272e-02
7.640866899999999851e-02
7.653017300000000689e-02
7.665186400000000011e-02
7.677374800000000277e-02
7.689583299999999677e-02
7.701811899999999600e-02
7.714061399999999624e-02
7.726331100000000118e-02
7.738623000000000030e-02
7.750936599999999621e-02
7.763272499999999965e-02
7.775631500000000640e-02
7.788012900000000627e-02
7.800418100000000576e-02
7.812847900000000068e-02
7.825301599999999469e-02
7.837780599999999431e-02
7.850284899999999955e-02
7.862815300000000618e-02
7.875371700000000086e-02
7.887955000000000660e-02
7.900565900000000585e-02
7.913204299999999913e-02
7.925871800000000578e-02
7.938567500000000277e-02
7.951292399999999871e-02
7.964047000000000487e-02
7.976832999999999840e-02
7.989648700000000214e-02
8.002497299999999925e-02
8.015377099999999866e-02
8.028288899999999617e-02
8.041235100000000691e-02
8.054213999999999818e-02
8.067227899999999952e-02
8.080276799999999704e-02
8.093360800000000410e-02
8.106480500000000367e-02
8.119638299999999698e-02
8.132832500000000686e-02
8.146064699999999714e-02
8.159335700000000524e-02
8.172646199999999972e-02
8.185996900000000465e-02
8.199387800000000615e-02
8.212820399999999632e-02
8.226294800000000240e-02
8.239812400000000314e-02
8.253373199999999854e-02
8.266977999999999827e-02
8.280628199999999495e-02
8.294323800000000246e-02
8.308066399999999851e-02
8.321855999999999698e-02
8.335693900000000489e-02
8.349580299999999344e-02
8.363517400000000657e-02
8.377504299999999349e-02
8.391542700000000077e-02
8.405633999999999328e-02
8.419778199999999879e-02
8.433976799999999552e-02
8.448229699999999787e-02
8.462539299999999320e-02
8.476905499999999594e-02
8.491329799999999817e-02
8.505812999999999569e-02
8.520356599999999447e-02
8.534960399999999558e-02
8.549626899999999974e-02
8.564355999999999358e-02
8.579149799999999382e-02
8.594008499999999939e-02
8.608933500000000294e-02
8.623926299999999656e-02
8.638987700000000380e-02
8.654119799999999973e-02
8.669322699999999771e-02
8.684597900000000370e-02
8.699946899999999594e-02
8.715370999999999535e-02
8.730872000000000632e-02
8.746450399999999847e-02
8.762107800000000501e-02
8.777846400000000049e-02
8.793666999999999456e-02
8.809570199999999796e-02
8.825559900000000402e-02
8.841635300000000308e-02
8.857799299999999376e-02
8.874053499999999539e-02
8.890398600000000429e-02
8.906837600000000466e-02
8.923371099999999334e-02
8.940002299999999513e-02
8.956731900000000635e-02
8.973561200000000626e-02
8.990494200000000158e-02
9.007530699999999335e-02
9.024674400000000374e-02
9.041926299999999972e-02
9.059289099999999484e-02
9.076764399999999455e-02
9.094355299999999642e-02
9.112063800000000380e-02
9.129891499999999438e-02
9.147841499999999348e-02
9.165916600000000025e-02
9.184119100000000258e-02
9.202451300000000223e-02
9.220915999999999835e-02
9.239515700000000553e-02
9.258254600000000167e-02
9.277133599999999591e-02
9.296158000000000199e-02
9.315328999999999970e-02
9.334650599999999576e-02
9.354126499999999844e-02
9.373758699999999722e-02
9.393552700000000477e-02
9.413510599999999617e-02
9.433636099999999358e-02
9.453934399999999738e-02
9.474407899999999494e-02
9.495061600000000157e-02
9.515900200000000642e-02
9.536926399999999526e-02
9.558146400000000487e-02
9.579563900000000187e-02
9.601183200000000528e-02
9.623011200000000653e-02
9.645051500000000055e-02
9.667309400000000108e-02
9.689791500000000113e-02
9.712503100000000056e-02
9.735449399999999975e-02
9.758637800000000140e-02
9.782073600000000535e-02
9.805763500000000410e-02
9.829715599999999665e-02
9.853936000000000639e-02
9.878431999999999491e-02
9.903211900000000179e-02
9.928283799999999826e-02
9.953655999999999615e-02
9.979337500000000361e-02
1.000533599999999940e-01
1.003166300000000039e-01
1.005832799999999971e-01
1.008533999999999958e-01
1.011271100000000062e-01
1.014045199999999980e-01
1.016857500000000053e-01
1.019709200000000066e-01
1.022601699999999975e-01
1.025536300000000067e-01
1.028514400000000023e-01
1.031537500000000024e-01
1.034607300000000008e-01
1.037725399999999965e-01
1.040893400000000024e-01
1.044113400000000053e-01
1.047387199999999935e-01
1.050716899999999954e-01
1.054104599999999975e-01
1.057552799999999932e-01
1.061063599999999968e-01
1.064640000000000031e-01
1.068284399999999967e-01
1.071999899999999950e-01
1.075789600000000013e-01
1.079656699999999997e-01
1.083604799999999951e-01
1.087637800000000043e-01
1.091759600000000024e-01
1.095974499999999990e-01
1.100287399999999999e-01
1.104702999999999935e-01
1.109226900000000043e-01
1.113864999999999994e-01
1.118623499999999993e-01
1.123509300000000016e-01
1.128529800000000055e-01
1.133693199999999957e-01
1.139008400000000032e-01
1.144484999999999947e-01
1.150133899999999931e-01
1.155966699999999986e-01
1.161996500000000015e-01
1.168237800000000021e-01
1.174706499999999959e-01
1.181420799999999965e-01
1.188401000000000041e-01
1.195669599999999999e-01
1.203252699999999981e-01
1.211179899999999948e-01
1.219484799999999980e-01
1.228206599999999982e-01
1.237390700000000066e-01
1.247090500000000018e-01
1.257368899999999901e-01
1.268301199999999906e-01
1.279978200000000121e-01
1.292510600000000009e-01
1.306035999999999864e-01
1.320726999999999873e-01
1.336805199999999971e-01
1.354559800000000036e-01
1.374378099999999936e-01
1.396793100000000010e-01
1.422563500000000036e-01
1.452810300000000054e-01
1.489267099999999899e-01
1.534755100000000094e-01
1.594122799999999895e-01
1.676110500000000114e-01
1.797493000000000007e-01
1.989263400000000070e-01
