8.750000000000000000e+02
0.000000000000000000e+00
1.748000000000000043e+01
1.218827400000000033e-01
1.560193300000000116e-01
1.887738599999999878e-01
2.201811800000000041e-01
2.502967099999999778e-01
2.791736100000000165e-01
3.068627700000000069e-01
3.334130599999999833e-01
3.588713399999999831e-01
3.832825400000000049e-01
4.066896700000000031e-01
4.291340699999999786e-01
4.506553400000000154e-01
4.712914200000000164e-01
4.910786400000000107e-01
5.100508900000000345e-01
5.282297700000000429e-01
5.455161299999999880e-01
5.607678900000000466e-01
5.693578099999999642e-01
5.706347800000000081e-01
5.698323800000000272e-01
5.687347699999999451e-01
5.676025199999999993e-01
5.664687800000000051e-01
5.653369999999999784e-01
5.642074299999999543e-01
5.630801899999999804e-01
5.619551499999999589e-01
5.608323200000000508e-01
5.597118100000000318e-01
5.585935100000000153e-01
5.574774099999999510e-01
5.563635799999999687e-01
5.552519599999999889e-01
5.541425899999999904e-01
5.530353799999999653e-01
5.519304299999999719e-01
5.508276800000000417e-01
5.497271400000000030e-01
5.486287499999999984e-01
5.475326200000000254e-01
5.464386300000000363e-01
5.453468599999999888e-01
5.442572199999999860e-01
5.431698000000000359e-01
5.420845699999999878e-01
5.410015000000000240e-01
5.399205700000000441e-01
5.388417800000000479e-01
5.377652000000000543e-01
5.366907100000000153e-01
5.356184200000000395e-01
5.345482799999999868e-01
5.334802299999999997e-01
5.324143199999999965e-01
5.313505499999999770e-01
5.302889299999999917e-01
5.292293999999999610e-01
5.281720199999999643e-01
5.271167199999999831e-01
5.260635599999999856e-01
5.250124900000000538e-01
5.239635099999999657e-01
5.229166200000000542e-01
5.218718100000000470e-01
5.208291400000000237e-01
5.197884999999999867e-01
5.187499500000000152e-01
5.177134899999999984e-01
5.166791099999999970e-01
5.156468199999999502e-01
5.146165499999999504e-01
5.135883100000000479e-01
5.125621599999999889e-01
5.115380899999999453e-01
5.105160499999999990e-01
5.094960299999999886e-01
5.084780500000000147e-01
5.074620800000000376e-01
5.064482099999999543e-01
5.054362999999999495e-01
5.044264200000000420e-01
5.034185599999999594e-01
5.024127400000000243e-01
5.014089299999999749e-01
5.004070999999999936e-01
4.994073199999999879e-01
4.984094800000000158e-01
4.974136699999999744e-01
4.964198499999999958e-01
4.954279999999999795e-01
4.944381099999999862e-01
4.934502199999999950e-01
4.924643300000000057e-01
4.914803799999999945e-01
4.904983900000000063e-01
4.895183699999999805e-01
4.885403199999999724e-01
4.875642099999999979e-01
4.865900599999999909e-01
4.856178500000000176e-01
4.846476000000000117e-01
4.836792599999999998e-01
4.827128600000000214e-01
4.817484000000000210e-01
4.807858799999999988e-01
4.798252599999999757e-01
4.788665799999999861e-01
4.779097999999999957e-01
4.769549399999999939e-01
4.760019799999999912e-01
4.750509299999999824e-01
4.741017799999999727e-01
4.731545200000000229e-01
4.722091600000000167e-01
4.712656700000000254e-01
4.703241000000000227e-01
4.693843699999999952e-01
4.684465500000000171e-01
4.675106099999999931e-01
4.665765199999999946e-01
4.656443000000000110e-01
4.647139299999999973e-01
4.637854399999999933e-01
4.628588000000000147e-01
4.619340000000000113e-01
4.610110499999999778e-01
4.600899500000000253e-01
4.591706999999999872e-01
4.582532599999999956e-01
4.573376800000000242e-01
4.564239099999999882e-01
4.555119899999999777e-01
4.546018499999999740e-01
4.536935699999999905e-01
4.527870999999999979e-01
4.518824200000000069e-01
4.509795600000000015e-01
4.500784899999999977e-01
4.491792299999999849e-01
4.482817900000000133e-01
4.473861199999999982e-01
4.464922199999999952e-01
4.456001499999999726e-01
4.447098400000000229e-01
4.438213100000000244e-01
4.429345399999999877e-01
4.420495600000000080e-01
4.411663399999999902e-01
4.402849099999999738e-01
4.394051999999999958e-01
4.385272900000000140e-01
4.376511000000000151e-01
4.367766699999999780e-01
4.359040000000000137e-01
4.350330499999999767e-01
4.341638700000000073e-01
4.332964100000000207e-01
4.324306800000000117e-01
4.315666899999999750e-01
4.307044099999999820e-01
4.298438399999999771e-01
4.289850299999999894e-01
4.281279100000000004e-01
4.272725299999999837e-01
4.264188099999999815e-01
4.255668499999999965e-01
4.247165600000000207e-01
4.238679699999999828e-01
4.230210799999999938e-01
4.221758800000000034e-01
4.213323900000000011e-01
4.204905600000000132e-01
4.196504099999999737e-01
4.188119499999999884e-01
4.179751600000000122e-01
4.171400399999999897e-01
4.163066100000000214e-01
4.154748300000000172e-01
4.146446899999999824e-01
4.138162400000000019e-01
4.129894399999999854e-01
4.121642699999999992e-01
4.113407700000000222e-01
4.105189100000000146e-01
4.096986899999999765e-01
4.088801100000000188e-01
4.080631699999999751e-01
4.072478700000000118e-01
4.064341799999999783e-01
4.056221199999999749e-01
4.048117099999999913e-01
4.040028800000000087e-01
4.031956800000000007e-01
4.023900899999999781e-01
4.015861199999999909e-01
4.007837499999999942e-01
3.999829899999999827e-01
3.991838099999999723e-01
3.983862400000000026e-01
3.975902800000000181e-01
3.967958999999999792e-01
3.960030999999999968e-01
3.952118800000000154e-01
3.944222299999999848e-01
3.936341999999999897e-01
3.928477200000000114e-01
3.920627799999999996e-01
3.912794600000000234e-01
3.904976800000000137e-01
3.897174600000000155e-01
3.889388100000000237e-01
3.881617199999999879e-01
3.873861399999999899e-01
3.866121499999999878e-01
3.858397000000000077e-01
3.850687999999999889e-01
3.842994299999999974e-01
3.835315999999999725e-01
3.827652899999999803e-01
3.820005399999999995e-01
3.812373000000000012e-01
3.804755799999999799e-01
3.797153799999999912e-01
3.789567400000000141e-01
3.781995799999999797e-01
3.774439399999999778e-01
3.766897900000000243e-01
3.759371599999999924e-01
3.751860599999999879e-01
3.744364099999999973e-01
3.736883100000000235e-01
3.729416700000000029e-01
3.721965300000000254e-01
3.714528699999999906e-01
3.707107000000000041e-01
3.699700200000000105e-01
3.692308400000000046e-01
3.684931100000000126e-01
3.677568700000000135e-01
3.670221000000000178e-01
3.662887799999999805e-01
3.655569300000000021e-01
3.648265299999999822e-01
3.640976300000000054e-01
3.633701500000000029e-01
3.626441400000000037e-01
3.619195800000000185e-01
3.611964599999999970e-01
3.604747999999999841e-01
3.597545600000000010e-01
3.590357599999999816e-01
3.583184200000000263e-01
3.576025099999999846e-01
3.568879999999999830e-01
3.561749499999999902e-01
3.554632999999999821e-01
3.547530799999999984e-01
3.540442899999999837e-01
3.533369000000000093e-01
3.526309400000000038e-01
3.519263899999999778e-01
3.512232299999999974e-01
3.505214799999999964e-01
3.498211500000000251e-01
3.491221999999999936e-01
3.484246400000000077e-01
3.477284900000000012e-01
3.470337399999999795e-01
3.463403600000000138e-01
3.456483799999999773e-01
3.449577699999999969e-01
3.442685600000000012e-01
3.435806900000000219e-01
3.428942300000000221e-01
3.422091299999999725e-01
3.415253799999999895e-01
3.408430199999999965e-01
3.401620100000000146e-01
3.394823699999999778e-01
3.388040999999999969e-01
3.381271699999999769e-01
3.374515799999999732e-01
3.367773600000000256e-01
3.361044499999999990e-01
3.354329200000000233e-01
3.347627200000000136e-01
3.340938700000000150e-01
3.334263599999999772e-01
3.327601600000000270e-01
3.320953200000000272e-01
3.314317800000000092e-01
3.307695999999999970e-01
3.301086999999999771e-01
3.294491500000000239e-01
3.287908999999999970e-01
3.281339699999999970e-01
3.274783800000000134e-01
3.268240700000000221e-01
3.261710700000000074e-01
3.255193800000000248e-01
3.248690100000000136e-01
3.242199100000000000e-01
3.235721300000000134e-01
3.229256300000000190e-01
3.222804100000000171e-01
3.216364999999999919e-01
3.209938700000000145e-01
3.203525199999999740e-01
3.197124599999999761e-01
3.190736800000000262e-01
3.184361499999999734e-01
3.177999300000000082e-01
3.171649599999999958e-01
3.165312699999999757e-01
3.158988400000000141e-01
3.152676799999999946e-01
3.146377499999999938e-01
3.140091300000000252e-01
3.133817300000000250e-01
3.127555799999999775e-01
3.121306899999999884e-01
3.115070799999999918e-01
3.108846800000000243e-01
3.102635100000000201e-01
3.096436300000000030e-01
3.090249600000000152e-01
3.084075199999999906e-01
3.077913199999999794e-01
3.071763499999999869e-01
3.065626000000000184e-01
3.059501099999999973e-01
3.053388000000000213e-01
3.047287499999999927e-01
3.041198800000000091e-01
3.035122800000000232e-01
3.029058600000000268e-01
3.023006300000000146e-01
3.016966300000000212e-01
3.010938499999999962e-01
3.004922600000000110e-01
2.998918899999999943e-01
2.992926799999999776e-01
2.986946999999999797e-01
2.980979100000000215e-01
2.975023099999999920e-01
2.969079000000000024e-01
2.963146899999999917e-01
2.957226299999999863e-01
2.951317999999999997e-01
2.945421300000000131e-01
2.939536300000000213e-01
2.933663100000000190e-01
2.927801600000000115e-01
2.921951700000000041e-01
2.916113699999999809e-01
2.910287400000000080e-01
2.904472599999999849e-01
2.898669500000000121e-01
2.892878099999999786e-01
2.887097900000000217e-01
2.881329699999999883e-01
2.875572699999999760e-01
2.869827200000000245e-01
2.864093200000000228e-01
2.858370800000000211e-01
2.852659799999999746e-01
2.846960099999999994e-01
2.841272100000000189e-01
2.835595000000000199e-01
2.829929600000000156e-01
2.824275500000000272e-01
2.818632400000000149e-01
2.813000999999999974e-01
2.807380600000000115e-01
2.801771499999999859e-01
2.796173399999999920e-01
2.790586700000000087e-01
2.785010900000000067e-01
2.779446500000000153e-01
2.773893199999999948e-01
2.768350800000000111e-01
2.762819799999999826e-01
2.757299799999999856e-01
2.751790599999999753e-01
2.746292699999999809e-01
2.740805399999999836e-01
2.735329300000000075e-01
2.729864100000000127e-01
2.724409700000000045e-01
2.718966600000000122e-01
2.713533900000000276e-01
2.708112300000000139e-01
2.702701399999999921e-01
2.697301500000000019e-01
2.691912399999999983e-01
2.686533899999999919e-01
2.681166200000000277e-01
2.675809299999999946e-01
2.670463000000000142e-01
2.665127199999999807e-01
2.659802399999999789e-01
2.654488099999999795e-01
2.649184500000000275e-01
2.643891300000000277e-01
2.638608800000000199e-01
2.633336800000000144e-01
2.628075500000000009e-01
2.622824599999999950e-01
2.617584199999999917e-01
2.612354199999999960e-01
2.607134899999999922e-01
2.601925700000000119e-01
2.596726999999999785e-01
2.591538700000000084e-01
2.586360899999999852e-01
2.581193399999999749e-01
2.576036199999999776e-01
2.570889299999999933e-01
2.565752600000000272e-01
2.560626300000000133e-01
2.555510100000000229e-01
2.550404099999999952e-01
2.545308499999999752e-01
2.540222999999999787e-01
2.535147700000000004e-01
2.530082200000000059e-01
2.525027100000000191e-01
2.519982199999999950e-01
2.514947399999999944e-01
2.509922399999999776e-01
2.504907499999999843e-01
2.499902699999999867e-01
2.494908000000000126e-01
2.489923099999999945e-01
2.484948200000000051e-01
2.479983299999999891e-01
2.475028300000000070e-01
2.470083200000000034e-01
2.465148000000000061e-01
2.460222499999999979e-01
2.455307100000000131e-01
2.450401299999999949e-01
2.445505400000000107e-01
2.440619300000000103e-01
2.435742899999999989e-01
2.430876299999999990e-01
2.426019500000000106e-01
2.421172299999999888e-01
2.416334699999999891e-01
2.411506900000000009e-01
2.406688800000000017e-01
2.401880200000000021e-01
2.397081299999999915e-01
2.392291900000000082e-01
2.387511999999999968e-01
2.382741700000000074e-01
2.377981100000000070e-01
2.373229900000000114e-01
2.368488199999999877e-01
2.363755899999999965e-01
2.359033100000000049e-01
2.354319699999999904e-01
2.349615800000000032e-01
2.344921199999999983e-01
2.340236199999999878e-01
2.335560299999999978e-01
2.330893900000000074e-01
2.326236799999999993e-01
2.321589000000000014e-01
2.316950399999999910e-01
2.312321099999999907e-01
2.307701100000000005e-01
2.303090200000000032e-01
2.298488800000000054e-01
2.293896400000000058e-01
2.289313099999999990e-01
2.284739000000000075e-01
2.280174199999999984e-01
2.275618299999999927e-01
2.271071699999999971e-01
2.266534099999999996e-01
2.262005500000000002e-01
2.257485999999999937e-01
2.252975600000000078e-01
2.248474199999999923e-01
2.243981700000000079e-01
2.239498199999999939e-01
2.235023700000000058e-01
2.230558099999999933e-01
2.226101500000000066e-01
2.221653799999999956e-01
2.217214899999999933e-01
2.212784899999999944e-01
2.208363700000000041e-01
2.203951299999999947e-01
2.199547900000000111e-01
2.195153200000000138e-01
2.190767200000000026e-01
2.186390199999999895e-01
2.182021700000000008e-01
2.177661999999999931e-01
2.173311099999999940e-01
2.168968799999999864e-01
2.164635199999999926e-01
2.160310099999999955e-01
2.155993900000000019e-01
2.151686299999999996e-01
2.147387099999999993e-01
2.143096600000000129e-01
2.138814800000000127e-01
2.134541399999999867e-01
2.130276600000000076e-01
2.126020299999999974e-01
2.121772500000000117e-01
2.117533199999999949e-01
2.113302400000000025e-01
2.109080000000000121e-01
2.104866099999999907e-01
2.100660500000000042e-01
2.096463399999999866e-01
2.092274699999999987e-01
2.088094400000000128e-01
2.083922300000000116e-01
2.079758600000000124e-01
2.075603299999999873e-01
2.071456200000000025e-01
2.067317399999999972e-01
2.063186899999999990e-01
2.059064700000000081e-01
2.054950600000000072e-01
2.050844900000000082e-01
2.046747200000000044e-01
2.042657900000000026e-01
2.038576599999999961e-01
2.034503500000000020e-01
2.030438599999999927e-01
2.026381800000000011e-01
2.022333000000000047e-01
2.018292399999999931e-01
2.014259800000000045e-01
2.010235300000000058e-01
2.006218899999999972e-01
2.002210500000000115e-01
1.998210099999999934e-01
1.994217600000000035e-01
1.990233200000000036e-01
1.986256700000000042e-01
1.982288200000000000e-01
1.978327599999999964e-01
1.974374899999999933e-01
1.970429999999999959e-01
1.966493099999999938e-01
1.962564099999999923e-01
1.958642899999999964e-01
1.954729600000000012e-01
1.950823999999999891e-01
1.946926300000000054e-01
1.943036300000000050e-01
1.939154100000000103e-01
1.935279699999999936e-01
1.931412999999999880e-01
1.927553999999999934e-01
1.923702700000000099e-01
1.919859200000000043e-01
1.916023299999999874e-01
1.912195100000000092e-01
1.908374399999999971e-01
1.904561499999999907e-01
1.900756200000000007e-01
1.896958499999999992e-01
1.893168399999999862e-01
1.889385899999999896e-01
1.885610799999999920e-01
1.881843400000000055e-01
1.878083500000000128e-01
1.874331100000000139e-01
1.870586099999999863e-01
1.866848799999999975e-01
1.863118699999999905e-01
1.859396199999999999e-01
1.855681100000000083e-01
1.851973500000000106e-01
1.848273300000000119e-01
1.844580500000000123e-01
1.840894999999999893e-01
1.837216799999999983e-01
1.833546000000000065e-01
1.829882600000000137e-01
1.826226599999999922e-01
1.822577700000000134e-01
1.818936200000000059e-01
1.815301900000000079e-01
1.811675000000000091e-01
1.808055299999999921e-01
1.804442699999999900e-01
1.800837499999999869e-01
1.797239499999999934e-01
1.793648599999999871e-01
1.790064899999999903e-01
1.786488300000000085e-01
1.782918900000000084e-01
1.779356599999999955e-01
1.775801499999999922e-01
1.772253400000000090e-01
1.768712400000000129e-01
1.765178599999999987e-01
1.761651599999999873e-01
1.758132000000000028e-01
1.754619199999999934e-01
1.751113400000000042e-01
1.747614700000000021e-01
1.744122999999999923e-01
1.740638200000000080e-01
1.737160399999999882e-01
1.733689599999999886e-01
1.730225699999999867e-01
1.726768599999999876e-01
1.723318500000000086e-01
1.719875299999999996e-01
1.716439100000000106e-01
1.713009600000000021e-01
1.709586999999999912e-01
1.706171200000000110e-01
1.702762399999999954e-01
1.699360199999999932e-01
1.695964899999999886e-01
1.692576399999999870e-01
1.689194599999999935e-01
1.685819600000000029e-01
1.682451199999999980e-01
1.679089800000000132e-01
1.675734999999999864e-01
1.672386800000000007e-01
1.669045399999999901e-01
1.665710699999999878e-01
1.662382500000000041e-01
1.659061000000000008e-01
1.655746300000000004e-01
1.652437999999999962e-01
1.649136499999999950e-01
1.645841600000000071e-01
1.642553200000000102e-01
1.639271399999999990e-01
1.635996100000000064e-01
1.632727399999999995e-01
1.629465099999999889e-01
1.626209499999999863e-01
1.622960300000000078e-01
1.619717599999999924e-01
1.616481399999999957e-01
1.613251699999999900e-01
1.610028400000000082e-01
1.606811599999999896e-01
1.603601100000000002e-01
1.600397199999999964e-01
1.597199599999999942e-01
1.594008399999999881e-01
1.590823500000000112e-01
1.587645099999999976e-01
1.584473000000000131e-01
1.581307200000000024e-01
1.578147699999999931e-01
1.574994600000000078e-01
1.571847799999999962e-01
1.568707199999999913e-01
1.565572899999999879e-01
1.562444900000000136e-01
1.559323099999999906e-01
1.556207500000000021e-01
1.553098300000000098e-01
1.549995200000000017e-01
1.546898300000000004e-01
1.543807500000000110e-01
1.540722999999999954e-01
1.537644699999999864e-01
1.534572499999999895e-01
1.531506499999999993e-01
1.528446499999999986e-01
1.525392700000000046e-01
1.522344900000000001e-01
1.519303200000000076e-01
1.516267699999999941e-01
1.513238100000000030e-01
1.510214699999999910e-01
1.507197299999999962e-01
1.504185899999999909e-01
1.501180500000000029e-01
1.498181199999999991e-01
1.495187900000000125e-01
1.492200499999999930e-01
1.489219099999999907e-01
1.486243600000000109e-01
1.483274099999999929e-01
1.480310400000000026e-01
1.477352799999999966e-01
1.474401100000000131e-01
1.471455200000000019e-01
1.468515200000000132e-01
1.465581099999999914e-01
1.462652799999999975e-01
1.459730599999999878e-01
1.456813999999999887e-01
1.453903199999999896e-01
1.450998300000000130e-01
1.448099300000000034e-01
1.445205999999999991e-01
1.442318400000000000e-01
1.439436699999999958e-01
1.436560600000000021e-01
1.433690499999999979e-01
1.430825900000000095e-01
1.427967099999999934e-01
1.425114000000000103e-01
1.422266699999999995e-01
1.419424999999999992e-01
1.416588900000000095e-01
1.413758499999999974e-01
1.410933900000000130e-01
1.408114900000000114e-01
1.405301399999999978e-01
1.402493700000000121e-01
1.399691399999999919e-01
1.396894899999999995e-01
1.394103899999999951e-01
1.391318400000000066e-01
1.388538599999999956e-01
1.385764300000000004e-01
1.382995499999999933e-01
1.380232299999999968e-01
1.377474700000000107e-01
1.374722399999999956e-01
1.371975699999999909e-01
1.369234500000000021e-01
1.366498800000000013e-01
1.363768599999999886e-01
1.361043799999999970e-01
1.358324300000000040e-01
1.355610299999999990e-01
1.352901900000000046e-01
1.350198800000000088e-01
1.347501100000000063e-01
1.344808799999999971e-01
1.342121799999999865e-01
1.339440299999999917e-01
1.336764099999999955e-01
1.334093199999999979e-01
1.331427699999999936e-01
1.328767499999999879e-01
1.326112600000000086e-01
1.323463000000000001e-01
1.320818800000000126e-01
1.318179800000000013e-01
1.315545999999999938e-01
1.312917600000000073e-01
1.310294399999999970e-01
1.307676399999999906e-01
1.305063700000000104e-01
1.302456100000000117e-01
1.299853800000000115e-01
1.297256800000000099e-01
1.294664700000000002e-01
1.292078000000000115e-01
1.289496599999999937e-01
1.286920000000000008e-01
1.284348800000000013e-01
1.281782700000000108e-01
1.279221600000000070e-01
1.276665800000000017e-01
1.274115000000000109e-01
1.271569300000000013e-01
1.269028799999999957e-01
1.266493200000000097e-01
1.263962700000000050e-01
1.261437400000000042e-01
1.258916999999999953e-01
1.256401699999999955e-01
1.253891400000000100e-01
1.251386100000000112e-01
1.248885799999999990e-01
1.246390599999999960e-01
1.243900299999999987e-01
1.241415000000000018e-01
1.238934599999999969e-01
1.236459200000000064e-01
1.233988800000000025e-01
1.231523199999999957e-01
1.229062699999999980e-01
1.226606999999999975e-01
1.224156200000000028e-01
1.221710399999999946e-01
1.219269399999999975e-01
1.216833300000000062e-01
1.214402100000000068e-01
1.211975700000000045e-01
1.209554199999999941e-01
1.207137499999999947e-01
1.204725600000000063e-01
1.202318599999999960e-01
1.199916300000000019e-01
1.197518899999999997e-01
1.195126299999999947e-01
1.192738400000000060e-01
1.190355300000000005e-01
1.187977000000000061e-01
1.185603400000000002e-01
1.183234499999999967e-01
1.180870499999999990e-01
1.178511099999999950e-01
1.176156399999999935e-01
1.173806399999999944e-01
1.171461200000000064e-01
1.169120599999999982e-01
1.166784700000000063e-01
1.164453500000000030e-01
1.162126899999999935e-01
1.159804900000000055e-01
1.157487600000000061e-01
1.155174999999999952e-01
1.152866899999999972e-01
1.150563500000000017e-01
1.148264699999999999e-01
1.145970399999999972e-01
1.143680799999999970e-01
1.141395699999999958e-01
1.139115200000000022e-01
1.136839199999999939e-01
1.134567900000000018e-01
1.132301000000000002e-01
1.130038599999999976e-01
1.127780800000000028e-01
1.125527499999999931e-01
1.123278699999999963e-01
1.121034399999999986e-01
1.118794600000000000e-01
1.116559200000000057e-01
1.114328400000000052e-01
1.112101900000000004e-01
1.109879899999999947e-01
1.107662400000000019e-01
1.105449299999999996e-01
1.103240500000000068e-01
1.101036299999999940e-01
1.098836400000000046e-01
1.096641000000000005e-01
1.094449799999999973e-01
1.092263200000000017e-01
1.090080799999999933e-01
1.087902899999999978e-01
1.085729200000000033e-01
1.083559899999999993e-01
1.081394900000000048e-01
1.079234300000000008e-01
1.077078000000000063e-01
1.074925999999999937e-01
1.072778300000000046e-01
1.070634899999999973e-01
1.068495700000000048e-01
1.066360900000000028e-01
1.064230399999999965e-01
1.062103999999999965e-01
1.059981900000000060e-01
1.057864099999999974e-01
1.055750500000000036e-01
1.053641099999999969e-01
1.051535900000000051e-01
1.049434900000000004e-01
1.047338200000000052e-01
1.045245499999999939e-01
1.043157200000000007e-01
1.041073099999999946e-01
1.038995300000000038e-01
1.037269200000000002e-01
1.182132800000000039e-01
