9.960000000000000000e+02
0.000000000000000000e+00
1.989999999999999858e+01
9.850626399999999616e-02
1.336037499999999933e-01
1.672802300000000020e-01
1.995715899999999932e-01
2.305348100000000067e-01
2.602244899999999750e-01
2.886930400000000119e-01
3.159906900000000185e-01
3.421655599999999797e-01
3.672638500000000028e-01
3.913298199999999949e-01
4.144059999999999966e-01
4.365330000000000044e-01
4.577499600000000113e-01
4.780941300000000060e-01
4.976004099999999930e-01
5.162906600000000124e-01
5.340601200000000270e-01
5.497136099999999637e-01
5.584785899999999970e-01
5.597928800000000482e-01
5.590132500000000171e-01
5.579373199999999589e-01
5.568265900000000101e-01
5.557144299999999815e-01
5.546041099999999835e-01
5.534959999999999880e-01
5.523901599999999634e-01
5.512864600000000337e-01
5.501849699999999954e-01
5.490857399999999888e-01
5.479886499999999661e-01
5.468937799999999960e-01
5.458010399999999596e-01
5.447105800000000553e-01
5.436222600000000238e-01
5.425360799999999761e-01
5.414521100000000420e-01
5.403702900000000309e-01
5.392906100000000036e-01
5.382130699999999601e-01
5.371377499999999694e-01
5.360645699999999625e-01
5.349934699999999710e-01
5.339245799999999820e-01
5.328577799999999476e-01
5.317931200000000080e-01
5.307306099999999915e-01
5.296702399999999589e-01
5.286119599999999918e-01
5.275557600000000402e-01
5.265017199999999509e-01
5.254497500000000487e-01
5.243998800000000404e-01
5.233521500000000160e-01
5.223065000000000069e-01
5.212629399999999524e-01
5.202214099999999952e-01
5.191820299999999611e-01
5.181447300000000533e-01
5.171094499999999705e-01
5.160762700000000036e-01
5.150451700000000521e-01
5.140160900000000366e-01
5.129890999999999757e-01
5.119641400000000120e-01
5.109412100000000345e-01
5.099203599999999614e-01
5.089015399999999856e-01
5.078847399999999457e-01
5.068700299999999714e-01
5.058572900000000150e-01
5.048465699999999945e-01
5.038378799999999602e-01
5.028312200000000232e-01
5.018265800000000221e-01
5.008239199999999780e-01
4.998232699999999862e-01
4.988246299999999911e-01
4.978279800000000033e-01
4.968332899999999830e-01
4.958406399999999992e-01
4.948499499999999829e-01
4.938612299999999844e-01
4.928744999999999932e-01
4.918897400000000197e-01
4.909069200000000244e-01
4.899260999999999755e-01
4.889472400000000052e-01
4.879703200000000129e-01
4.869953399999999988e-01
4.860223200000000077e-01
4.850512399999999946e-01
4.840821299999999994e-01
4.831149299999999980e-01
4.821496599999999799e-01
4.811863299999999954e-01
4.802249100000000048e-01
4.792654199999999975e-01
4.783078399999999841e-01
4.773522000000000043e-01
4.763984399999999786e-01
4.754466099999999917e-01
4.744966600000000145e-01
4.735486199999999757e-01
4.726024600000000020e-01
4.716582000000000274e-01
4.707158200000000070e-01
4.697753499999999804e-01
4.688367199999999846e-01
4.678999799999999931e-01
4.669651100000000166e-01
4.660321199999999942e-01
4.651009999999999867e-01
4.641717100000000151e-01
4.632442900000000030e-01
4.623187500000000005e-01
4.613950299999999838e-01
4.604731499999999977e-01
4.595531199999999816e-01
4.586349399999999910e-01
4.577185799999999860e-01
4.568040700000000065e-01
4.558913700000000180e-01
4.549804900000000152e-01
4.540714599999999823e-01
4.531642200000000065e-01
4.522588000000000164e-01
4.513551900000000172e-01
4.504533700000000196e-01
4.495533700000000077e-01
4.486551599999999973e-01
4.477587299999999937e-01
4.468641300000000260e-01
4.459712800000000255e-01
4.450802200000000264e-01
4.441909800000000130e-01
4.433034699999999773e-01
4.424177400000000038e-01
4.415337999999999763e-01
4.406516300000000164e-01
4.397711799999999838e-01
4.388925100000000135e-01
4.380156099999999997e-01
4.371404600000000085e-01
4.362670499999999896e-01
4.353953899999999932e-01
4.345254599999999745e-01
4.336572899999999731e-01
4.327908500000000047e-01
4.319261300000000192e-01
4.310631500000000060e-01
4.302018599999999915e-01
4.293423299999999943e-01
4.284844999999999904e-01
4.276284000000000196e-01
4.267739999999999867e-01
4.259212900000000079e-01
4.250703200000000015e-01
4.242210100000000095e-01
4.233734000000000108e-01
4.225275199999999898e-01
4.216833099999999779e-01
4.208407699999999751e-01
4.199999300000000213e-01
4.191607800000000106e-01
4.183233100000000038e-01
4.174874700000000272e-01
4.166533399999999832e-01
4.158208700000000091e-01
4.149900699999999887e-01
4.141609099999999932e-01
4.133334200000000069e-01
4.125075599999999953e-01
4.116833799999999877e-01
4.108608400000000049e-01
4.100399299999999969e-01
4.092206700000000086e-01
4.084030699999999792e-01
4.075870500000000063e-01
4.067726999999999871e-01
4.059599600000000086e-01
4.051488599999999995e-01
4.043393699999999757e-01
4.035315199999999769e-01
4.027252499999999791e-01
4.019206200000000062e-01
4.011175599999999841e-01
4.003161199999999975e-01
3.995163099999999856e-01
3.987180599999999853e-01
3.979214400000000151e-01
3.971263800000000010e-01
3.963329199999999775e-01
3.955410400000000104e-01
3.947507399999999889e-01
3.939620600000000028e-01
3.931749199999999833e-01
3.923893600000000204e-01
3.916053500000000187e-01
3.908229200000000181e-01
3.900420700000000185e-01
3.892627699999999802e-01
3.884850100000000195e-01
3.877088100000000148e-01
3.869341600000000270e-01
3.861610600000000004e-01
3.853895399999999749e-01
3.846195000000000030e-01
3.838510500000000270e-01
3.830841199999999724e-01
3.823187100000000060e-01
3.815548400000000062e-01
3.807924999999999782e-01
3.800316799999999828e-01
3.792723700000000253e-01
3.785145599999999999e-01
3.777582899999999966e-01
3.770035500000000206e-01
3.762502999999999820e-01
3.754985299999999970e-01
3.747482899999999839e-01
3.739995400000000192e-01
3.732522999999999813e-01
3.725065300000000024e-01
3.717622800000000005e-01
3.710194800000000126e-01
3.702781800000000123e-01
3.695383700000000049e-01
3.688000100000000114e-01
3.680631500000000056e-01
3.673277799999999926e-01
3.665938699999999884e-01
3.658613900000000085e-01
3.651303900000000269e-01
3.644008599999999931e-01
3.636727900000000235e-01
3.629461800000000071e-01
3.622210000000000152e-01
3.614973100000000161e-01
3.607750200000000018e-01
3.600541899999999962e-01
3.593348000000000098e-01
3.586168599999999818e-01
3.579003499999999782e-01
3.571852400000000149e-01
3.564715999999999996e-01
3.557593800000000139e-01
3.550485700000000078e-01
3.543391799999999758e-01
3.536311999999999789e-01
3.529246400000000117e-01
3.522194900000000239e-01
3.515157700000000052e-01
3.508134500000000267e-01
3.501125299999999774e-01
3.494129799999999841e-01
3.487148600000000154e-01
3.480181399999999758e-01
3.473227899999999924e-01
3.466288399999999936e-01
3.459362699999999902e-01
3.452450899999999767e-01
3.445552900000000141e-01
3.438668500000000017e-01
3.431798200000000243e-01
3.424941599999999919e-01
3.418098399999999759e-01
3.411269200000000001e-01
3.404453399999999852e-01
3.397651300000000263e-01
3.390862599999999727e-01
3.384087700000000254e-01
3.377326399999999729e-01
3.370578599999999869e-01
3.363844200000000173e-01
3.357123100000000138e-01
3.350415500000000213e-01
3.343721299999999896e-01
3.337040499999999743e-01
3.330373200000000256e-01
3.323719199999999874e-01
3.317078399999999760e-01
3.310450899999999863e-01
3.303836600000000234e-01
3.297235399999999816e-01
3.290647600000000117e-01
3.284072900000000184e-01
3.277511300000000016e-01
3.270962800000000170e-01
3.264427500000000038e-01
3.257905199999999724e-01
3.251395799999999836e-01
3.244899500000000270e-01
3.238416299999999914e-01
3.231945900000000038e-01
3.225488400000000033e-01
3.219043899999999847e-01
3.212612300000000087e-01
3.206193399999999749e-01
3.199787399999999837e-01
3.193394199999999850e-01
3.187013899999999733e-01
3.180646300000000148e-01
3.174291300000000038e-01
3.167948999999999904e-01
3.161619600000000196e-01
3.155302400000000174e-01
3.148998299999999917e-01
3.142706499999999847e-01
3.136427399999999754e-01
3.130160900000000246e-01
3.123906900000000264e-01
3.117665099999999967e-01
3.111436100000000149e-01
3.105219300000000016e-01
3.099015099999999912e-01
3.092823299999999942e-01
3.086643800000000160e-01
3.080476799999999904e-01
3.074321999999999888e-01
3.068179500000000060e-01
3.062049199999999916e-01
3.055931299999999906e-01
3.049825400000000242e-01
3.043732000000000104e-01
3.037650599999999756e-01
3.031581300000000256e-01
3.025524299999999833e-01
3.019479199999999808e-01
3.013446300000000022e-01
3.007425400000000026e-01
3.001416599999999768e-01
2.995419799999999855e-01
2.989434899999999784e-01
2.983461900000000111e-01
2.977501200000000070e-01
2.971552000000000082e-01
2.965614799999999884e-01
2.959689500000000084e-01
2.953776100000000127e-01
2.947874400000000117e-01
2.941984500000000002e-01
2.936106600000000233e-01
2.930240000000000067e-01
2.924385700000000088e-01
2.918542599999999765e-01
2.912711199999999945e-01
2.906891699999999967e-01
2.901083799999999990e-01
2.895287300000000119e-01
2.889502600000000143e-01
2.883729300000000273e-01
2.877967699999999796e-01
2.872217599999999926e-01
2.866478900000000163e-01
2.860751500000000003e-01
2.855035699999999843e-01
2.849331500000000239e-01
2.843638399999999788e-01
2.837956799999999946e-01
2.832286700000000157e-01
2.826627800000000024e-01
2.820980299999999996e-01
2.815343699999999783e-01
2.809718800000000072e-01
2.804105000000000070e-01
2.798502399999999724e-01
2.792910900000000196e-01
2.787330700000000272e-01
2.781761600000000056e-01
2.776203500000000157e-01
2.770656599999999914e-01
2.765120899999999882e-01
2.759596100000000218e-01
2.754082700000000106e-01
2.748579999999999912e-01
2.743088300000000035e-01
2.737607699999999866e-01
2.732137700000000224e-01
2.726678799999999736e-01
2.721231000000000066e-01
2.715794100000000211e-01
2.710368000000000221e-01
2.704952700000000099e-01
2.699547999999999948e-01
2.694154400000000060e-01
2.688771500000000092e-01
2.683399300000000043e-01
2.678037899999999860e-01
2.672687200000000152e-01
2.667347199999999807e-01
2.662017600000000095e-01
2.656699100000000091e-01
2.651391000000000164e-01
2.646093400000000262e-01
2.640806399999999776e-01
2.635530200000000267e-01
2.630264500000000227e-01
2.625009099999999762e-01
2.619764500000000274e-01
2.614529999999999910e-01
2.609306299999999967e-01
2.604093000000000102e-01
2.598889799999999917e-01
2.593697300000000205e-01
2.588515000000000121e-01
2.583343100000000114e-01
2.578181600000000184e-01
2.573030599999999724e-01
2.567889700000000053e-01
2.562758900000000062e-01
2.557638600000000095e-01
2.552528399999999809e-01
2.547428299999999757e-01
2.542338699999999729e-01
2.537259199999999937e-01
2.532189499999999982e-01
2.527130200000000104e-01
2.522081099999999854e-01
2.517041899999999943e-01
2.512013000000000162e-01
2.506994000000000167e-01
2.501984800000000009e-01
2.496985899999999980e-01
2.491996999999999962e-01
2.487018000000000006e-01
2.482048900000000113e-01
2.477089799999999953e-01
2.472140499999999907e-01
2.467201199999999872e-01
2.462271699999999952e-01
2.457352100000000095e-01
2.452442300000000075e-01
2.447542299999999893e-01
2.442652100000000104e-01
2.437771699999999875e-01
2.432901000000000091e-01
2.428040099999999868e-01
2.423188799999999865e-01
2.418347299999999978e-01
2.413515400000000033e-01
2.408693299999999926e-01
2.403880700000000092e-01
2.399077699999999924e-01
2.394284299999999976e-01
2.389500599999999919e-01
2.384726400000000135e-01
2.379961600000000121e-01
2.375206499999999998e-01
2.370460799999999923e-01
2.365724600000000122e-01
2.360997900000000038e-01
2.356280699999999950e-01
2.351572799999999963e-01
2.346874300000000024e-01
2.342185200000000134e-01
2.337505699999999909e-01
2.332835299999999890e-01
2.328174299999999919e-01
2.323522600000000049e-01
2.318880100000000055e-01
2.314247000000000110e-01
2.309623199999999987e-01
2.305008500000000071e-01
2.300403099999999978e-01
2.295806900000000039e-01
2.291219800000000029e-01
2.286642000000000119e-01
2.282073300000000138e-01
2.277513700000000085e-01
2.272963199999999961e-01
2.268421899999999991e-01
2.263889600000000002e-01
2.259366399999999941e-01
2.254852099999999915e-01
2.250346799999999869e-01
2.245850699999999978e-01
2.241363500000000120e-01
2.236885299999999965e-01
2.232416000000000122e-01
2.227955600000000036e-01
2.223504199999999931e-01
2.219061599999999912e-01
2.214627899999999927e-01
2.210203099999999976e-01
2.205786999999999887e-01
2.201379800000000109e-01
2.196981500000000087e-01
2.192591999999999874e-01
2.188211100000000131e-01
2.183839099999999867e-01
2.179475700000000071e-01
2.175121200000000032e-01
2.170775199999999960e-01
2.166438099999999922e-01
2.162109500000000128e-01
2.157789599999999919e-01
2.153478400000000126e-01
2.149175700000000022e-01
2.144881600000000110e-01
2.140596200000000060e-01
2.136319299999999977e-01
2.132050799999999913e-01
2.127790999999999988e-01
2.123539700000000030e-01
2.119296900000000039e-01
2.115062500000000068e-01
2.110836700000000010e-01
2.106619200000000025e-01
2.102410200000000007e-01
2.098209600000000008e-01
2.094017300000000081e-01
2.089833500000000122e-01
2.085657999999999956e-01
2.081490900000000088e-01
2.077332000000000067e-01
2.073181600000000013e-01
2.069039300000000137e-01
2.064905300000000055e-01
2.060779600000000045e-01
2.056662099999999882e-01
2.052553000000000016e-01
2.048452000000000051e-01
2.044359099999999985e-01
2.040274599999999938e-01
2.036198100000000122e-01
2.032129799999999875e-01
2.028069500000000136e-01
2.024017399999999967e-01
2.019973499999999922e-01
2.015937600000000107e-01
2.011909799999999915e-01
2.007889900000000005e-01
2.003878199999999943e-01
1.999874399999999885e-01
1.995878700000000006e-01
1.991890799999999906e-01
1.987910999999999984e-01
1.983939299999999961e-01
1.979975300000000049e-01
1.976019300000000090e-01
1.972071200000000135e-01
1.968131100000000133e-01
1.964198600000000017e-01
1.960274300000000025e-01
1.956357699999999866e-01
1.952448800000000095e-01
1.948547800000000052e-01
1.944654600000000066e-01
1.940769300000000086e-01
1.936891500000000044e-01
1.933021500000000059e-01
1.929159500000000027e-01
1.925304999999999933e-01
1.921458199999999950e-01
1.917619100000000076e-01
1.913787700000000036e-01
1.909963899999999881e-01
1.906147900000000062e-01
1.902339299999999955e-01
1.898538499999999907e-01
1.894745200000000074e-01
1.890959600000000074e-01
1.887181400000000064e-01
1.883410799999999941e-01
1.879647700000000032e-01
1.875892100000000062e-01
1.872144199999999925e-01
1.868403600000000109e-01
1.864670499999999953e-01
1.860944900000000013e-01
1.857226800000000011e-01
1.853516000000000052e-01
1.849812700000000032e-01
1.846116800000000002e-01
1.842428100000000069e-01
1.838747099999999968e-01
1.835073200000000015e-01
1.831406800000000001e-01
1.827747500000000136e-01
1.824095699999999931e-01
1.820451200000000047e-01
1.816813899999999982e-01
1.813183899999999960e-01
1.809561299999999928e-01
1.805945599999999873e-01
1.802337499999999981e-01
1.798736300000000066e-01
1.795142399999999916e-01
1.791555699999999862e-01
1.787976199999999904e-01
1.784403900000000043e-01
1.780838700000000052e-01
1.777280400000000038e-01
1.773729500000000014e-01
1.770185499999999967e-01
1.766648700000000016e-01
1.763118999999999936e-01
1.759596300000000058e-01
1.756080499999999878e-01
1.752571900000000071e-01
1.749070299999999911e-01
1.745575699999999952e-01
1.742087999999999970e-01
1.738607299999999911e-01
1.735133500000000106e-01
1.731666799999999895e-01
1.728206899999999990e-01
1.724754000000000009e-01
1.721307800000000110e-01
1.717868700000000082e-01
1.714436400000000082e-01
1.711010900000000112e-01
1.707592300000000118e-01
1.704180499999999876e-01
1.700775599999999887e-01
1.697377399999999981e-01
1.693986100000000050e-01
1.690601599999999871e-01
1.687223599999999879e-01
1.683852700000000036e-01
1.680488300000000101e-01
1.677130599999999971e-01
1.673779800000000095e-01
1.670435500000000129e-01
1.667097999999999913e-01
1.663767100000000110e-01
1.660442900000000110e-01
1.657125399999999915e-01
1.653814500000000132e-01
1.650510099999999980e-01
1.647212399999999910e-01
1.643921299999999974e-01
1.640636600000000000e-01
1.637358700000000056e-01
1.634087300000000020e-01
1.630822299999999947e-01
1.627563999999999955e-01
1.624312099999999925e-01
1.621066600000000135e-01
1.617827900000000096e-01
1.614595400000000125e-01
1.611369400000000063e-01
1.608149899999999910e-01
1.604936899999999944e-01
1.601730100000000045e-01
1.598529800000000056e-01
1.595335999999999976e-01
1.592148499999999911e-01
1.588967400000000085e-01
1.585792599999999997e-01
1.582624300000000095e-01
1.579462100000000035e-01
1.576306399999999885e-01
1.573156900000000080e-01
1.570013799999999959e-01
1.566876899999999906e-01
1.563746199999999920e-01
1.560621899999999895e-01
1.557503799999999938e-01
1.554391800000000101e-01
1.551286100000000001e-01
1.548186699999999916e-01
1.545093499999999898e-01
1.542006300000000052e-01
1.538925499999999891e-01
1.535850599999999955e-01
1.532782000000000033e-01
1.529719499999999954e-01
1.526663199999999943e-01
1.523612900000000103e-01
1.520568700000000106e-01
1.517530500000000004e-01
1.514498599999999917e-01
1.511472600000000055e-01
1.508452600000000088e-01
1.505438699999999963e-01
1.502430899999999958e-01
1.499428999999999901e-01
1.496433199999999963e-01
1.493443299999999974e-01
1.490459399999999879e-01
1.487481400000000009e-01
1.484509400000000034e-01
1.481543300000000007e-01
1.478583199999999875e-01
1.475629099999999916e-01
1.472680700000000009e-01
1.469738299999999998e-01
1.466801799999999933e-01
1.463871200000000095e-01
1.460946399999999978e-01
1.458027399999999862e-01
1.455114200000000024e-01
1.452206799999999909e-01
1.449305399999999966e-01
1.446409700000000076e-01
1.443519699999999961e-01
1.440635600000000072e-01
1.437757199999999957e-01
1.434884499999999896e-01
1.432017700000000060e-01
1.429156500000000052e-01
1.426301000000000097e-01
1.423451299999999864e-01
1.420607299999999962e-01
1.417768899999999888e-01
1.414936199999999866e-01
1.412109099999999950e-01
1.409287800000000035e-01
1.406471900000000053e-01
1.403661800000000071e-01
1.400857299999999916e-01
1.398058399999999868e-01
1.395264999999999977e-01
1.392477299999999862e-01
1.389695099999999905e-01
1.386918600000000001e-01
1.384147400000000083e-01
1.381381899999999940e-01
1.378621899999999956e-01
1.375867400000000129e-01
1.373118500000000131e-01
1.370375000000000065e-01
1.367636899999999933e-01
1.364904299999999959e-01
1.362177300000000091e-01
1.359455699999999878e-01
1.356739600000000101e-01
1.354028700000000085e-01
1.351323399999999897e-01
1.348623499999999920e-01
1.345928899999999928e-01
1.343239699999999870e-01
1.340555800000000075e-01
1.337877500000000108e-01
1.335204399999999902e-01
1.332536599999999960e-01
1.329874199999999951e-01
1.327217199999999875e-01
1.324565400000000115e-01
1.321918800000000116e-01
1.319277699999999998e-01
1.316641699999999970e-01
1.314011099999999876e-01
1.311385800000000046e-01
1.308765600000000029e-01
1.306150699999999998e-01
1.303540900000000058e-01
1.300936500000000051e-01
1.298337300000000083e-01
1.295743099999999981e-01
1.293154199999999865e-01
1.290570500000000065e-01
1.287992000000000026e-01
1.285418600000000078e-01
1.282850199999999996e-01
1.280287200000000125e-01
1.277729099999999895e-01
1.275176299999999929e-01
1.272628500000000107e-01
1.270085699999999873e-01
1.267548099999999955e-01
1.265015499999999904e-01
1.262488099999999891e-01
1.259965600000000074e-01
1.257448200000000071e-01
1.254935699999999987e-01
1.252428399999999942e-01
1.249925999999999954e-01
1.247428700000000057e-01
1.244936299999999940e-01
1.242448899999999967e-01
1.239966499999999999e-01
1.237489100000000036e-01
1.235016599999999992e-01
1.232549000000000006e-01
1.230086400000000024e-01
1.227628699999999962e-01
1.225175899999999957e-01
1.222728000000000009e-01
1.220284900000000033e-01
1.217846800000000063e-01
1.215413500000000063e-01
1.212985099999999983e-01
1.210561599999999960e-01
1.208142900000000047e-01
1.205728999999999967e-01
1.203319999999999945e-01
1.200915699999999947e-01
1.198516300000000007e-01
1.196121599999999952e-01
1.193731799999999954e-01
1.191346699999999981e-01
1.188966399999999979e-01
1.186590899999999948e-01
1.184220099999999942e-01
1.181853999999999960e-01
1.179492600000000002e-01
1.177136000000000016e-01
1.174784100000000053e-01
1.172436800000000029e-01
1.170094299999999976e-01
1.167756499999999947e-01
1.165423299999999995e-01
1.163094800000000067e-01
1.160771000000000025e-01
1.158451699999999973e-01
1.156137099999999945e-01
1.153827199999999942e-01
1.151521800000000068e-01
1.149221099999999940e-01
1.146924899999999942e-01
1.144633399999999968e-01
1.142346399999999984e-01
1.140063999999999939e-01
1.137786100000000022e-01
1.135512800000000044e-01
1.133244100000000004e-01
1.130979899999999955e-01
1.128720099999999948e-01
1.126464999999999966e-01
1.124214300000000027e-01
1.121968099999999940e-01
1.119726399999999983e-01
1.117489200000000016e-01
1.115256500000000039e-01
1.113028199999999968e-01
1.110804299999999939e-01
1.108584900000000040e-01
1.106369999999999992e-01
1.104159499999999988e-01
1.101953400000000027e-01
1.099751699999999971e-01
1.097554300000000010e-01
1.095361400000000041e-01
1.093172899999999975e-01
1.090988700000000006e-01
1.088808899999999941e-01
1.086633500000000058e-01
1.084462399999999993e-01
1.082295600000000024e-01
1.080133199999999960e-01
1.077975099999999992e-01
1.075821299999999980e-01
1.073671800000000065e-01
1.071526599999999968e-01
1.069385699999999967e-01
1.067249100000000062e-01
1.065116700000000027e-01
1.062988599999999950e-01
1.060864799999999969e-01
1.058745199999999997e-01
1.056629800000000036e-01
1.054518599999999945e-01
1.052411699999999950e-01
1.050308900000000017e-01
1.048210499999999989e-01
1.046116099999999938e-01
1.044025999999999982e-01
1.041939999999999950e-01
1.039858200000000066e-01
1.037780600000000053e-01
1.035707099999999964e-01
1.033637699999999937e-01
1.031572500000000059e-01
1.029511500000000052e-01
1.027454500000000021e-01
1.025401699999999999e-01
1.023352899999999954e-01
1.021308199999999972e-01
1.019267699999999999e-01
1.017231100000000055e-01
1.015198800000000068e-01
1.013170300000000024e-01
1.011145999999999989e-01
1.009125800000000017e-01
1.007109499999999935e-01
1.005097300000000055e-01
1.003089199999999959e-01
1.001085000000000030e-01
9.990847899999999449e-02
9.970886299999999480e-02
9.950964199999999538e-02
9.931082300000000640e-02
9.911239900000000380e-02
9.891437699999999777e-02
9.871674299999999569e-02
9.851950399999999386e-02
9.832266700000000248e-02
9.812621800000000116e-02
9.793016300000000063e-02
9.773449600000000403e-02
9.753922399999999382e-02
9.734433900000000195e-02
9.714984100000000067e-02
9.695573899999999912e-02
9.676202400000000203e-02
9.656868899999999922e-02
9.637574899999999667e-02
9.618318800000000279e-02
9.599101499999999898e-02
9.579922300000000279e-02
9.560781699999999772e-02
9.541679200000000027e-02
9.522614599999999763e-02
9.503588799999999892e-02
9.484600299999999817e-02
9.465650500000000189e-02
9.446737900000000410e-02
9.427863400000000005e-02
9.409026099999999448e-02
9.390226799999999707e-02
9.371465399999999446e-02
9.352741400000000316e-02
9.334054599999999646e-02
9.315405000000000213e-02
9.296792700000000575e-02
9.278217699999999346e-02
9.259679899999999353e-02
9.241179400000000543e-02
9.222715300000000616e-02
9.204287799999999464e-02
9.185898300000000516e-02
9.167544499999999430e-02
9.149227999999999528e-02
9.130947300000000211e-02
9.112703799999999354e-02
9.094496800000000103e-02
9.076325600000000049e-02
9.058191599999999843e-02
9.040093400000000223e-02
9.022030999999999801e-02
9.004004999999999648e-02
8.986014900000000027e-02
8.968061200000000677e-02
8.950142599999999504e-02
8.932260399999999989e-02
8.914413300000000040e-02
8.896602700000000308e-02
8.878827100000000194e-02
8.861087300000000666e-02
8.843383200000000388e-02
8.825713400000000097e-02
8.808080100000000023e-02
8.790481099999999937e-02
8.772917800000000488e-02
8.755389600000000605e-02
8.737896400000000341e-02
8.720438199999999695e-02
8.703015000000000057e-02
8.685626100000000405e-02
8.668272200000000371e-02
8.650952600000000325e-02
8.633667999999999898e-02
8.616418400000000477e-02
8.599202300000000077e-02
8.582021300000000630e-02
8.564874499999999835e-02
8.547762000000000415e-02
8.530683099999999963e-02
8.513639100000000570e-02
8.496628700000000145e-02
8.479652599999999707e-02
8.462709899999999730e-02
8.445801599999999687e-02
8.428926800000000052e-02
8.412086200000000458e-02
8.395278500000000199e-02
8.378504999999999980e-02
8.361764300000000538e-02
8.345057799999999748e-02
8.328384199999999682e-02
8.311744000000000077e-02
8.295137399999999439e-02
8.278563599999999578e-02
8.262023300000000126e-02
8.245515800000000062e-02
8.229041099999999387e-02
8.212599199999999489e-02
8.196190700000000051e-02
8.179814400000000318e-02
8.163471499999999659e-02
8.147160700000000144e-02
8.130882700000000018e-02
8.114637399999999334e-02
8.098424199999999795e-02
8.082243100000000013e-02
8.066095400000000692e-02
8.049979100000000110e-02
8.033895500000000356e-02
8.017844000000000360e-02
8.001828900000000633e-02
7.986006900000000575e-02
8.093506799999999890e-02
