8.990000000000000000e+02
0.000000000000000000e+00
1.795999899999999982e+01
1.165717500000000018e-01
1.509266499999999955e-01
1.838906399999999941e-01
2.154988200000000076e-01
2.458069300000000068e-01
2.748684900000000209e-01
3.027347300000000074e-01
3.294548099999999868e-01
3.550758999999999999e-01
3.796432000000000140e-01
4.032000299999999871e-01
4.257879600000000209e-01
4.474468200000000229e-01
4.682148700000000052e-01
4.881286300000000078e-01
5.072222400000000464e-01
5.255172799999999755e-01
5.429133200000000326e-01
5.582557900000000295e-01
5.668839799999999540e-01
5.681686400000000026e-01
5.673713099999999621e-01
5.662785799999999758e-01
5.651512100000000149e-01
5.640224200000000243e-01
5.628955399999999720e-01
5.617708599999999830e-01
5.606484400000000257e-01
5.595282299999999598e-01
5.584103500000000553e-01
5.572946100000000236e-01
5.561811300000000235e-01
5.550698600000000260e-01
5.539608599999999994e-01
5.528540600000000360e-01
5.517494699999999641e-01
5.506470199999999870e-01
5.495468399999999809e-01
5.484488600000000380e-01
5.473530300000000182e-01
5.462594600000000300e-01
5.451680399999999649e-01
5.440787700000000449e-01
5.429916999999999661e-01
5.419067699999999821e-01
5.408240600000000509e-01
5.397434800000000532e-01
5.386651199999999973e-01
5.375888300000000175e-01
5.365147599999999795e-01
5.354427699999999568e-01
5.343729900000000477e-01
5.333052900000000429e-01
5.322397399999999612e-01
5.311763299999999743e-01
5.301150100000000531e-01
5.290558899999999731e-01
5.279988100000000406e-01
5.269438600000000417e-01
5.258910700000000160e-01
5.248403000000000374e-01
5.237916700000000425e-01
5.227451300000000023e-01
5.217006800000000277e-01
5.206583099999999575e-01
5.196180299999999530e-01
5.185798400000000141e-01
5.175437299999999796e-01
5.165097100000000108e-01
5.154777200000000281e-01
5.144477499999999814e-01
5.134199299999999688e-01
5.123940700000000348e-01
5.113703000000000554e-01
5.103486200000000306e-01
5.093288999999999733e-01
5.083112699999999817e-01
5.072956699999999763e-01
5.062820900000000179e-01
5.052705400000000457e-01
5.042610199999999487e-01
5.032535200000000097e-01
5.022479899999999775e-01
5.012444900000000425e-01
5.002430100000000435e-01
4.992435299999999909e-01
4.982460400000000011e-01
4.972505600000000081e-01
4.962570399999999826e-01
4.952655100000000199e-01
4.942759899999999984e-01
4.932884300000000000e-01
4.923028300000000246e-01
4.913192100000000062e-01
4.903375500000000109e-01
4.893578599999999779e-01
4.883801300000000234e-01
4.874043499999999862e-01
4.864304999999999879e-01
4.854586100000000126e-01
4.844886700000000102e-01
4.835206599999999910e-01
4.825545800000000107e-01
4.815904500000000033e-01
4.806282199999999949e-01
4.796679300000000201e-01
4.787095499999999837e-01
4.777530700000000019e-01
4.767985299999999982e-01
4.758458700000000041e-01
4.748951499999999881e-01
4.739462999999999870e-01
4.729993599999999798e-01
4.720542999999999823e-01
4.711111499999999785e-01
4.701698699999999898e-01
4.692304700000000106e-01
4.682929499999999856e-01
4.673572799999999861e-01
4.664235099999999856e-01
4.654915900000000106e-01
4.645615499999999898e-01
4.636333599999999944e-01
4.627070099999999742e-01
4.617825199999999741e-01
4.608598600000000101e-01
4.599390600000000107e-01
4.590201099999999812e-01
4.581029999999999824e-01
4.571877100000000249e-01
4.562742399999999976e-01
4.553626199999999957e-01
4.544527800000000006e-01
4.535448000000000257e-01
4.526386000000000021e-01
4.517342400000000091e-01
4.508316800000000124e-01
4.499309100000000172e-01
4.490319500000000130e-01
4.481347800000000103e-01
4.472394000000000092e-01
4.463458399999999937e-01
4.454540300000000008e-01
4.445640100000000094e-01
4.436757599999999746e-01
4.427892900000000020e-01
4.419045999999999808e-01
4.410216800000000270e-01
4.401405199999999796e-01
4.392611100000000102e-01
4.383834600000000026e-01
4.375075700000000123e-01
4.366334399999999838e-01
4.357610299999999937e-01
4.348903900000000156e-01
4.340214700000000203e-01
4.331543099999999868e-01
4.322888599999999970e-01
4.314251499999999795e-01
4.305631500000000056e-01
4.297029099999999935e-01
4.288443599999999800e-01
4.279875200000000102e-01
4.271324000000000232e-01
4.262789799999999740e-01
4.254272900000000135e-01
4.245772700000000066e-01
4.237289699999999826e-01
4.228823500000000180e-01
4.220374499999999807e-01
4.211942300000000028e-01
4.203526699999999838e-01
4.195128100000000138e-01
4.186746199999999973e-01
4.178380999999999901e-01
4.170032399999999972e-01
4.161700899999999925e-01
4.153385800000000128e-01
4.145087299999999919e-01
4.136805499999999802e-01
4.128540199999999882e-01
4.120291200000000265e-01
4.112058900000000183e-01
4.103842999999999797e-01
4.095643500000000214e-01
4.087460299999999824e-01
4.079293600000000186e-01
4.071143300000000242e-01
4.063009000000000204e-01
4.054891199999999807e-01
4.046789399999999870e-01
4.038704000000000183e-01
4.030634799999999740e-01
4.022581599999999757e-01
4.014544199999999785e-01
4.006523200000000062e-01
3.998518300000000192e-01
3.990529199999999777e-01
3.982556199999999769e-01
3.974598899999999824e-01
3.966657800000000234e-01
3.958732200000000256e-01
3.950822700000000132e-01
3.942928900000000070e-01
3.935050999999999966e-01
3.927188799999999924e-01
3.919342199999999998e-01
3.911511300000000135e-01
3.903696199999999727e-01
3.895896699999999990e-01
3.888112599999999919e-01
3.880344000000000015e-01
3.872591300000000070e-01
3.864853699999999948e-01
3.857131899999999836e-01
3.849425300000000050e-01
3.841734199999999877e-01
3.834058300000000030e-01
3.826397999999999744e-01
3.818752799999999836e-01
3.811122800000000255e-01
3.803508299999999731e-01
3.795908700000000247e-01
3.788324599999999820e-01
3.780755399999999877e-01
3.773201400000000261e-01
3.765662599999999860e-01
3.758138699999999943e-01
3.750629999999999797e-01
3.743136200000000136e-01
3.735657600000000245e-01
3.728193599999999885e-01
3.720744799999999852e-01
3.713310699999999853e-01
3.705891399999999836e-01
3.698486999999999747e-01
3.691097500000000142e-01
3.683722600000000069e-01
3.676362599999999925e-01
3.669017299999999815e-01
3.661686499999999844e-01
3.654370599999999802e-01
3.647069000000000005e-01
3.639782100000000242e-01
3.632509999999999906e-01
3.625252199999999814e-01
3.618008799999999914e-01
3.610780199999999995e-01
3.603565699999999872e-01
3.596365699999999888e-01
3.589180399999999937e-01
3.582009099999999835e-01
3.574852299999999872e-01
3.567709600000000258e-01
3.560581500000000177e-01
3.553467399999999943e-01
3.546367599999999953e-01
3.539281799999999811e-01
3.532210299999999914e-01
3.525153100000000261e-01
3.518109899999999901e-01
3.511080400000000101e-01
3.504065599999999781e-01
3.497064400000000073e-01
3.490077300000000160e-01
3.483104100000000147e-01
3.476144700000000087e-01
3.469199499999999770e-01
3.462267800000000117e-01
3.455350400000000155e-01
3.448446399999999801e-01
3.441556399999999849e-01
3.434680399999999745e-01
3.427817799999999804e-01
3.420968899999999868e-01
3.414133799999999885e-01
3.407312299999999960e-01
3.400504599999999988e-01
3.393710600000000022e-01
3.386929900000000271e-01
3.380162700000000076e-01
3.373409199999999886e-01
3.366669099999999859e-01
3.359942399999999996e-01
3.353229200000000243e-01
3.346529599999999993e-01
3.339843200000000012e-01
3.333170100000000247e-01
3.326510500000000037e-01
3.319864000000000148e-01
3.313230899999999868e-01
3.306611199999999751e-01
3.300004599999999955e-01
3.293411099999999925e-01
3.286830800000000163e-01
3.280263800000000063e-01
3.273709699999999834e-01
3.267168999999999768e-01
3.260641100000000181e-01
3.254126299999999805e-01
3.247624599999999750e-01
3.241135800000000122e-01
3.234659999999999758e-01
3.228197099999999820e-01
3.221747300000000203e-01
3.215310299999999955e-01
3.208886100000000186e-01
3.202474699999999785e-01
3.196076199999999812e-01
3.189690399999999815e-01
3.183317500000000244e-01
3.176957100000000200e-01
3.170609500000000081e-01
3.164274699999999885e-01
3.157952399999999771e-01
3.151643000000000083e-01
3.145345700000000133e-01
3.139061300000000054e-01
3.132789699999999899e-01
3.126530299999999984e-01
3.120283500000000099e-01
3.114049099999999792e-01
3.107827300000000070e-01
3.101617700000000033e-01
3.095420899999999920e-01
3.089236000000000204e-01
3.083063999999999805e-01
3.076903799999999856e-01
3.070756199999999936e-01
3.064620800000000256e-01
3.058497600000000261e-01
3.052386899999999792e-01
3.046288200000000224e-01
3.040201699999999785e-01
3.034127400000000141e-01
3.028065300000000182e-01
3.022015100000000065e-01
3.015977100000000188e-01
3.009951100000000102e-01
3.003937300000000254e-01
2.997935400000000250e-01
2.991945400000000088e-01
2.985967700000000113e-01
2.980001600000000139e-01
2.974047699999999850e-01
2.968105400000000116e-01
2.962175300000000067e-01
2.956256899999999965e-01
2.950349999999999917e-01
2.944455400000000056e-01
2.938572199999999746e-01
2.932701099999999728e-01
2.926841399999999815e-01
2.920993599999999746e-01
2.915157400000000232e-01
2.909333100000000005e-01
2.903520199999999885e-01
2.897718799999999817e-01
2.891929100000000252e-01
2.886151100000000080e-01
2.880384599999999962e-01
2.874629799999999791e-01
2.868885999999999936e-01
2.863154099999999924e-01
2.857433600000000018e-01
2.851724299999999768e-01
2.846026700000000020e-01
2.840340100000000034e-01
2.834665199999999996e-01
2.829001500000000169e-01
2.823349199999999892e-01
2.817708300000000277e-01
2.812078299999999920e-01
2.806460000000000066e-01
2.800852699999999973e-01
2.795256400000000196e-01
2.789671400000000023e-01
2.784097799999999956e-01
2.778535200000000205e-01
2.772983600000000215e-01
2.767443099999999934e-01
2.761913799999999863e-01
2.756395600000000057e-01
2.750888200000000117e-01
2.745391999999999832e-01
2.739906599999999970e-01
2.734432199999999868e-01
2.728968900000000031e-01
2.723516500000000007e-01
2.718074899999999849e-01
2.712644000000000166e-01
2.707224200000000192e-01
2.701815399999999978e-01
2.696416999999999842e-01
2.691029600000000022e-01
2.685653000000000068e-01
2.680287100000000033e-01
2.674931600000000076e-01
2.669587099999999880e-01
2.664253400000000105e-01
2.658930099999999852e-01
2.653617600000000021e-01
2.648315700000000161e-01
2.643024299999999771e-01
2.637743699999999802e-01
2.632473399999999963e-01
2.627213600000000149e-01
2.621964500000000253e-01
2.616725899999999827e-01
2.611497600000000086e-01
2.606279899999999761e-01
2.601072500000000121e-01
2.595875599999999950e-01
2.590689099999999856e-01
2.585512699999999997e-01
2.580346800000000163e-01
2.575191299999999850e-01
2.570046200000000169e-01
2.564911200000000169e-01
2.559786399999999795e-01
2.554672100000000001e-01
2.549567799999999940e-01
2.544473700000000060e-01
2.539390000000000258e-01
2.534316200000000241e-01
2.529252499999999904e-01
2.524199200000000198e-01
2.519155699999999776e-01
2.514122400000000090e-01
2.509099200000000085e-01
2.504086200000000262e-01
2.499082999999999999e-01
2.494089800000000023e-01
2.489106700000000005e-01
2.484133400000000103e-01
2.479170099999999932e-01
2.474216700000000102e-01
2.469273200000000057e-01
2.464339600000000075e-01
2.459415799999999930e-01
2.454501799999999900e-01
2.449597900000000106e-01
2.444703599999999977e-01
2.439819000000000015e-01
2.434944199999999892e-01
2.430079099999999936e-01
2.425223900000000044e-01
2.420378300000000094e-01
2.415542499999999981e-01
2.410716099999999917e-01
2.405899499999999969e-01
2.401092499999999963e-01
2.396295099999999900e-01
2.391507300000000058e-01
2.386729099999999881e-01
2.381960499999999925e-01
2.377201300000000017e-01
2.372451600000000105e-01
2.367711399999999911e-01
2.362980699999999989e-01
2.358259600000000011e-01
2.353547699999999909e-01
2.348845300000000080e-01
2.344152300000000022e-01
2.339468700000000012e-01
2.334794400000000103e-01
2.330129400000000017e-01
2.325473899999999927e-01
2.320827500000000043e-01
2.316190599999999877e-01
2.311562899999999865e-01
2.306944300000000059e-01
2.302335100000000023e-01
2.297734899999999969e-01
2.293144199999999910e-01
2.288562399999999886e-01
2.283989800000000014e-01
2.279426499999999967e-01
2.274872199999999900e-01
2.270326900000000092e-01
2.265790799999999883e-01
2.261263699999999932e-01
2.256745699999999910e-01
2.252236800000000094e-01
2.247736800000000035e-01
2.243245799999999956e-01
2.238763900000000084e-01
2.234290800000000021e-01
2.229826599999999992e-01
2.225371499999999891e-01
2.220925099999999930e-01
2.216487799999999897e-01
2.212059200000000003e-01
2.207639499999999866e-01
2.203228600000000093e-01
2.198826500000000128e-01
2.194433399999999867e-01
2.190048800000000129e-01
2.185673099999999869e-01
2.181306199999999973e-01
2.176947899999999991e-01
2.172598400000000096e-01
2.168257500000000115e-01
2.163925299999999996e-01
2.159601700000000069e-01
2.155286999999999897e-01
2.150980700000000023e-01
2.146683000000000063e-01
2.142393900000000018e-01
2.138113399999999886e-01
2.133841499999999947e-01
2.129578000000000026e-01
2.125323100000000021e-01
2.121076699999999982e-01
2.116838799999999909e-01
2.112609300000000134e-01
2.108388399999999996e-01
2.104175799999999930e-01
2.099971599999999883e-01
2.095775900000000080e-01
2.091588500000000073e-01
2.087409500000000084e-01
2.083239000000000063e-01
2.079076599999999941e-01
2.074922600000000117e-01
2.070777000000000034e-01
2.066639500000000129e-01
2.062510399999999966e-01
2.058389499999999928e-01
2.054276800000000014e-01
2.050172399999999895e-01
2.046076099999999953e-01
2.041988100000000084e-01
2.037908099999999889e-01
2.033836400000000044e-01
2.029772699999999874e-01
2.025717300000000054e-01
2.021669899999999909e-01
2.017630599999999941e-01
2.013599399999999873e-01
2.009576299999999982e-01
2.005560999999999872e-01
2.001553899999999886e-01
1.997554900000000078e-01
1.993563799999999997e-01
1.989580499999999974e-01
1.985605400000000076e-01
1.981638099999999958e-01
1.977678800000000070e-01
1.973727500000000135e-01
1.969783900000000032e-01
1.965848400000000107e-01
1.961920600000000015e-01
1.958000699999999927e-01
1.954088499999999951e-01
1.950184299999999926e-01
1.946287800000000012e-01
1.942399099999999879e-01
1.938518100000000133e-01
1.934645000000000115e-01
1.930779499999999982e-01
1.926921900000000132e-01
1.923071899999999890e-01
1.919229600000000036e-01
1.915395000000000014e-01
1.911567999999999878e-01
1.907748700000000130e-01
1.903936999999999991e-01
1.900132900000000014e-01
1.896336499999999869e-01
1.892547599999999941e-01
1.888766299999999898e-01
1.884992600000000018e-01
1.881226300000000129e-01
1.877467600000000125e-01
1.873716400000000060e-01
1.869972799999999880e-01
1.866236500000000020e-01
1.862507800000000047e-01
1.858786500000000064e-01
1.855072700000000019e-01
1.851366200000000017e-01
1.847667100000000007e-01
1.843975499999999934e-01
1.840291300000000130e-01
1.836614299999999866e-01
1.832944800000000096e-01
1.829282600000000092e-01
1.825627700000000131e-01
1.821979999999999988e-01
1.818339700000000114e-01
1.814706600000000059e-01
1.811080899999999994e-01
1.807462400000000025e-01
1.803850999999999927e-01
1.800247000000000097e-01
1.796649999999999914e-01
1.793060300000000051e-01
1.789477800000000007e-01
1.785902400000000112e-01
1.782334100000000088e-01
1.778773100000000107e-01
1.775219100000000050e-01
1.771672199999999864e-01
1.768132400000000104e-01
1.764599699999999938e-01
1.761074099999999920e-01
1.757555299999999932e-01
1.754043799999999986e-01
1.750539200000000017e-01
1.747041599999999972e-01
1.743551000000000128e-01
1.740067499999999878e-01
1.736590699999999987e-01
1.733120999999999967e-01
1.729658199999999924e-01
1.726202400000000081e-01
1.722753499999999938e-01
1.719311299999999876e-01
1.715876199999999963e-01
1.712447900000000078e-01
1.709026399999999946e-01
1.705611800000000067e-01
1.702203899999999992e-01
1.698803000000000119e-01
1.695408700000000102e-01
1.692021300000000061e-01
1.688640700000000050e-01
1.685266800000000120e-01
1.681899599999999995e-01
1.678539099999999951e-01
1.675185399999999936e-01
1.671838300000000055e-01
1.668498099999999873e-01
1.665164399999999878e-01
1.661837399999999965e-01
1.658516999999999908e-01
1.655203299999999933e-01
1.651896200000000092e-01
1.648595800000000056e-01
1.645301899999999928e-01
1.642014499999999988e-01
1.638733699999999904e-01
1.635459499999999955e-01
1.632192000000000087e-01
1.628930899999999904e-01
1.625676199999999960e-01
1.622428099999999873e-01
1.619186599999999920e-01
1.615951399999999982e-01
1.612722699999999953e-01
1.609500500000000112e-01
1.606284699999999954e-01
1.603075300000000036e-01
1.599872400000000028e-01
1.596675800000000034e-01
1.593485600000000002e-01
1.590301799999999932e-01
1.587124500000000049e-01
1.583953399999999956e-01
1.580788599999999877e-01
1.577630200000000038e-01
1.574478099999999936e-01
1.571332199999999901e-01
1.568192700000000106e-01
1.565059599999999995e-01
1.561932600000000004e-01
1.558811800000000081e-01
1.555697299999999894e-01
1.552588900000000105e-01
1.549486999999999948e-01
1.546391099999999963e-01
1.543301300000000098e-01
1.540217799999999970e-01
1.537140499999999910e-01
1.534069299999999969e-01
1.531004199999999871e-01
1.527945300000000117e-01
1.524892399999999981e-01
1.521845599999999965e-01
1.518805000000000016e-01
1.515770399999999962e-01
1.512741900000000028e-01
1.509719499999999937e-01
1.506703000000000070e-01
1.503692699999999993e-01
1.500688299999999864e-01
1.497689899999999907e-01
1.494697500000000123e-01
1.491711099999999957e-01
1.488730600000000015e-01
1.485756199999999916e-01
1.482787600000000094e-01
1.479825100000000115e-01
1.476868400000000137e-01
1.473917499999999881e-01
1.470972600000000075e-01
1.468033599999999939e-01
1.465100500000000028e-01
1.462173300000000065e-01
1.459251799999999877e-01
1.456336199999999914e-01
1.453426499999999899e-01
1.450522499999999937e-01
1.447624399999999922e-01
1.444731999999999961e-01
1.441845399999999999e-01
1.438964600000000038e-01
1.436089600000000077e-01
1.433220199999999944e-01
1.430356700000000036e-01
1.427498899999999904e-01
1.424646699999999877e-01
1.421800300000000128e-01
1.418959499999999929e-01
1.416124400000000061e-01
1.413294999999999968e-01
1.410471199999999981e-01
1.407653100000000046e-01
1.404840599999999939e-01
1.402033699999999938e-01
1.399232400000000043e-01
1.396436799999999923e-01
1.393646699999999961e-01
1.390862200000000104e-01
1.388083200000000128e-01
1.385309799999999980e-01
1.382541999999999938e-01
1.379779700000000053e-01
1.377022900000000050e-01
1.374271699999999874e-01
1.371525799999999962e-01
1.368785499999999877e-01
1.366050699999999951e-01
1.363321200000000011e-01
1.360597299999999898e-01
1.357878899999999944e-01
1.355165799999999976e-01
1.352458300000000113e-01
1.349756000000000011e-01
1.347059200000000068e-01
1.344367700000000110e-01
1.341681799999999980e-01
1.339001099999999889e-01
1.336325700000000061e-01
1.333655699999999888e-01
1.330991099999999927e-01
1.328331799999999951e-01
1.325677799999999962e-01
1.323029099999999958e-01
1.320385599999999993e-01
1.317747499999999961e-01
1.315114599999999967e-01
1.312487099999999907e-01
1.309864699999999937e-01
1.307247599999999954e-01
1.304635700000000009e-01
1.302029000000000103e-01
1.299427599999999905e-01
1.296831400000000023e-01
1.294240200000000007e-01
1.291654399999999925e-01
1.289073699999999933e-01
1.286498000000000086e-01
1.283927699999999894e-01
1.281362299999999899e-01
1.278802199999999889e-01
1.276247199999999971e-01
1.273697199999999918e-01
1.271152299999999957e-01
1.268612600000000035e-01
1.266077899999999978e-01
1.263548300000000013e-01
1.261023699999999914e-01
1.258504199999999906e-01
1.255989700000000042e-01
1.253480200000000044e-01
1.250975699999999913e-01
1.248476300000000011e-01
1.245981800000000028e-01
1.243492399999999998e-01
1.241007900000000025e-01
1.238528299999999971e-01
1.236053800000000008e-01
1.233584100000000017e-01
1.231119400000000030e-01
1.228659700000000049e-01
1.226204800000000039e-01
1.223754799999999948e-01
1.221309800000000001e-01
1.218869499999999939e-01
1.216434200000000021e-01
1.214003899999999969e-01
1.211578199999999994e-01
1.209157500000000024e-01
1.206741600000000025e-01
1.204330499999999998e-01
1.201924300000000029e-01
1.199522799999999945e-01
1.197126200000000057e-01
1.194734300000000055e-01
1.192347299999999971e-01
1.189964899999999964e-01
1.187587400000000015e-01
1.185214599999999951e-01
1.182846500000000051e-01
1.180483199999999983e-01
1.178124599999999939e-01
1.175770700000000057e-01
1.173421500000000062e-01
1.171076999999999951e-01
1.168737200000000004e-01
1.166401999999999994e-01
1.164071599999999956e-01
1.161745799999999995e-01
1.159424599999999972e-01
1.157108099999999973e-01
1.154796200000000050e-01
1.152488900000000066e-01
1.150186200000000020e-01
1.147888199999999997e-01
1.145594600000000018e-01
1.143305700000000064e-01
1.141021400000000047e-01
1.138741699999999968e-01
1.136466500000000018e-01
1.134195800000000059e-01
1.131929700000000039e-01
1.129668100000000008e-01
1.127410999999999969e-01
1.125158400000000058e-01
1.122910399999999947e-01
1.120666800000000018e-01
1.118427699999999941e-01
1.116193099999999994e-01
1.113962899999999950e-01
1.111737200000000036e-01
1.109515999999999974e-01
1.107299199999999956e-01
1.105086700000000033e-01
1.102878800000000048e-01
1.100675200000000020e-01
1.098476099999999983e-01
1.096281300000000042e-01
1.094090900000000005e-01
1.091904900000000012e-01
1.089723300000000061e-01
1.087546100000000016e-01
1.085373200000000066e-01
1.083204599999999934e-01
1.081040399999999985e-01
1.078880400000000045e-01
1.076724800000000010e-01
1.074573499999999932e-01
1.072426499999999949e-01
1.070283800000000063e-01
1.068145399999999995e-01
1.066011199999999937e-01
1.063881299999999974e-01
1.061755699999999969e-01
1.059634299999999973e-01
1.057517199999999935e-01
1.055404199999999959e-01
1.053295499999999940e-01
1.051190999999999931e-01
1.049090800000000018e-01
1.046994700000000028e-01
1.044902800000000048e-01
1.042815099999999939e-01
1.040731500000000032e-01
1.038652099999999995e-01
1.036576899999999968e-01
1.034505800000000003e-01
1.032438900000000048e-01
1.030375999999999931e-01
1.028317400000000048e-01
1.026262800000000003e-01
1.024212300000000020e-01
1.022165899999999961e-01
1.020123700000000050e-01
1.018085499999999977e-01
1.016051300000000018e-01
1.014021299999999931e-01
1.011995200000000011e-01
1.009973299999999963e-01
1.007955299999999943e-01
1.005941399999999986e-01
1.003931500000000004e-01
1.001925699999999947e-01
9.999238700000000202e-02
9.979259999999999520e-02
9.959321499999999883e-02
9.939422500000000271e-02
9.919563700000000317e-02
9.899744400000000388e-02
9.879965300000000117e-02
9.860228000000000048e-02
9.840588299999999955e-02
9.843555800000000633e-02
