1.094000000000000000e+03
0.000000000000000000e+00
2.186000100000000046e+01
8.386503200000000602e-02
1.195643499999999998e-01
1.538182800000000017e-01
1.866633299999999884e-01
2.181574699999999922e-01
2.483562400000000059e-01
2.773129300000000130e-01
3.050786300000000173e-01
3.317023199999999949e-01
3.572309599999999863e-01
3.817096099999999770e-01
4.051814400000000038e-01
4.276878800000000203e-01
4.492686100000000127e-01
4.699616400000000138e-01
4.898023599999999922e-01
5.088129000000000124e-01
5.268854499999999774e-01
5.427944099999999494e-01
5.516796099999999869e-01
5.530224400000000040e-01
5.522578399999999998e-01
5.511954999999999494e-01
5.500983000000000400e-01
5.489995500000000028e-01
5.479026399999999963e-01
5.468079399999999923e-01
5.457154499999999908e-01
5.446250999999999731e-01
5.435368999999999895e-01
5.424509600000000376e-01
5.413671100000000402e-01
5.402854700000000454e-01
5.392059700000000344e-01
5.381286100000000072e-01
5.370534700000000328e-01
5.359804000000000235e-01
5.349095499999999559e-01
5.338407800000000147e-01
5.327741499999999464e-01
5.317096700000000231e-01
5.306473400000000229e-01
5.295870900000000381e-01
5.285289899999999763e-01
5.274729700000000410e-01
5.264191000000000287e-01
5.253673199999999710e-01
5.243176200000000398e-01
5.232700099999999521e-01
5.222245500000000096e-01
5.211811100000000030e-01
5.201398099999999802e-01
5.191005499999999939e-01
5.180634299999999914e-01
5.170283300000000359e-01
5.159952599999999556e-01
5.149643400000000204e-01
5.139354499999999604e-01
5.129085799999999473e-01
5.118837999999999999e-01
5.108610399999999885e-01
5.098403700000000427e-01
5.088216700000000037e-01
5.078050499999999801e-01
5.067904600000000537e-01
5.057779000000000025e-01
5.047673599999999983e-01
5.037588499999999803e-01
5.027523000000000408e-01
5.017478499999999952e-01
5.007453600000000282e-01
4.997448299999999732e-01
4.987463400000000102e-01
4.977498699999999832e-01
4.967553299999999949e-01
4.957628299999999877e-01
4.947722900000000035e-01
4.937837400000000265e-01
4.927971700000000066e-01
4.918125600000000097e-01
4.908299099999999804e-01
4.898492400000000191e-01
4.888704999999999856e-01
4.878937300000000254e-01
4.869189300000000276e-01
4.859460600000000130e-01
4.849751600000000162e-01
4.840061700000000133e-01
4.830391099999999938e-01
4.820739900000000078e-01
4.811108099999999999e-01
4.801495700000000255e-01
4.791902299999999948e-01
4.782328000000000134e-01
4.772772800000000260e-01
4.763236900000000218e-01
4.753719900000000220e-01
4.744221900000000214e-01
4.734742900000000199e-01
4.725283100000000069e-01
4.715842000000000089e-01
4.706419700000000206e-01
4.697016199999999864e-01
4.687631400000000226e-01
4.678265799999999919e-01
4.668918599999999919e-01
4.659590100000000068e-01
4.650280199999999864e-01
4.640988699999999967e-01
4.631716000000000166e-01
4.622462099999999907e-01
4.613226400000000060e-01
4.604009099999999965e-01
4.594810300000000125e-01
4.585629700000000142e-01
4.576467599999999858e-01
4.567323899999999881e-01
4.558198500000000264e-01
4.549091200000000002e-01
4.540002000000000204e-01
4.530931100000000211e-01
4.521878400000000076e-01
4.512843500000000008e-01
4.503826799999999797e-01
4.494828299999999999e-01
4.485847700000000216e-01
4.476884899999999945e-01
4.467940000000000245e-01
4.459013000000000004e-01
4.450103899999999779e-01
4.441212700000000124e-01
4.432339100000000087e-01
4.423483300000000118e-01
4.414645099999999767e-01
4.405824500000000143e-01
4.397021799999999980e-01
4.388236699999999990e-01
4.379468899999999776e-01
4.370718599999999787e-01
4.361985899999999972e-01
4.353270799999999774e-01
4.344572999999999907e-01
4.335892499999999816e-01
4.327229300000000056e-01
4.318583599999999967e-01
4.309954899999999811e-01
4.301343599999999934e-01
4.292749499999999885e-01
4.284172700000000167e-01
4.275612799999999880e-01
4.267070299999999872e-01
4.258544400000000008e-01
4.250035899999999867e-01
4.241544300000000267e-01
4.233069700000000046e-01
4.224612099999999759e-01
4.216171499999999961e-01
4.207747600000000254e-01
4.199340300000000137e-01
4.190950099999999900e-01
4.182576499999999808e-01
4.174219699999999755e-01
4.165879800000000244e-01
4.157556299999999871e-01
4.149249500000000146e-01
4.140959100000000115e-01
4.132685700000000018e-01
4.124428299999999825e-01
4.116188000000000069e-01
4.107963700000000218e-01
4.099755900000000008e-01
4.091564699999999943e-01
4.083389599999999731e-01
4.075231000000000270e-01
4.067088700000000001e-01
4.058962799999999982e-01
4.050852999999999815e-01
4.042759200000000108e-01
4.034681900000000043e-01
4.026620699999999831e-01
4.018575300000000183e-01
4.010546199999999728e-01
4.002533300000000183e-01
3.994536100000000145e-01
3.986554999999999960e-01
3.978589799999999732e-01
3.970640599999999965e-01
3.962707200000000207e-01
3.954789899999999747e-01
3.946888100000000010e-01
3.939002200000000231e-01
3.931132299999999802e-01
3.923277900000000096e-01
3.915439000000000003e-01
3.907615799999999973e-01
3.899808499999999900e-01
3.892016699999999996e-01
3.884240400000000260e-01
3.876479899999999978e-01
3.868734500000000076e-01
3.861004699999999734e-01
3.853290400000000115e-01
3.845591500000000162e-01
3.837908199999999770e-01
3.830240100000000258e-01
3.822587100000000015e-01
3.814949699999999888e-01
3.807327400000000139e-01
3.799720400000000109e-01
3.792128599999999850e-01
3.784551600000000127e-01
3.776990199999999964e-01
3.769443900000000180e-01
3.761912600000000273e-01
3.754396099999999792e-01
3.746894900000000139e-01
3.739408599999999860e-01
3.731937100000000118e-01
3.724480900000000094e-01
3.717039200000000210e-01
3.709612500000000201e-01
3.702200900000000017e-01
3.694803700000000024e-01
3.687421699999999802e-01
3.680054200000000275e-01
3.672701400000000227e-01
3.665363200000000266e-01
3.658039900000000233e-01
3.650731099999999785e-01
3.643436999999999926e-01
3.636157500000000153e-01
3.628892300000000071e-01
3.621641700000000075e-01
3.614405700000000166e-01
3.607184299999999788e-01
3.599976899999999813e-01
3.592784099999999925e-01
3.585605900000000124e-01
3.578441700000000170e-01
3.571292200000000250e-01
3.564156600000000230e-01
3.557035299999999900e-01
3.549928399999999762e-01
3.542835699999999921e-01
3.535757099999999875e-01
3.528692700000000126e-01
3.521642400000000173e-01
3.514606100000000066e-01
3.507584000000000257e-01
3.500575699999999846e-01
3.493581700000000234e-01
3.486601400000000073e-01
3.479635099999999759e-01
3.472682799999999848e-01
3.465744599999999731e-01
3.458820000000000228e-01
3.451909100000000175e-01
3.445012299999999916e-01
3.438129100000000271e-01
3.431259700000000024e-01
3.424403999999999781e-01
3.417561900000000152e-01
3.410733899999999763e-01
3.403919000000000250e-01
3.397118199999999977e-01
3.390330699999999919e-01
3.383556899999999867e-01
3.376796499999999979e-01
3.370049600000000201e-01
3.363316399999999873e-01
3.356596199999999919e-01
3.349889799999999918e-01
3.343196800000000080e-01
3.336516900000000008e-01
3.329850699999999941e-01
3.323197700000000143e-01
3.316558000000000006e-01
3.309931500000000137e-01
3.303318000000000088e-01
3.296718000000000148e-01
3.290131399999999817e-01
3.283557599999999965e-01
3.276996899999999879e-01
3.270449599999999957e-01
3.263915199999999905e-01
3.257393800000000228e-01
3.250885600000000264e-01
3.244390500000000066e-01
3.237908199999999792e-01
3.231438699999999997e-01
3.224982299999999968e-01
3.218538799999999811e-01
3.212108000000000185e-01
3.205690400000000273e-01
3.199285299999999888e-01
3.192893299999999823e-01
3.186513799999999841e-01
3.180147099999999782e-01
3.173793300000000150e-01
3.167451900000000098e-01
3.161123399999999917e-01
3.154807399999999817e-01
3.148504200000000197e-01
3.142213500000000104e-01
3.135935400000000040e-01
3.129669700000000110e-01
3.123416600000000209e-01
3.117175999999999836e-01
3.110947900000000099e-01
3.104732000000000047e-01
3.098528999999999867e-01
3.092338099999999979e-01
3.086159500000000278e-01
3.079993400000000103e-01
3.073839500000000169e-01
3.067698200000000264e-01
3.061568700000000254e-01
3.055451800000000273e-01
3.049347099999999977e-01
3.043254300000000079e-01
3.037174000000000262e-01
3.031105700000000236e-01
3.025049599999999894e-01
3.019005399999999950e-01
3.012973400000000246e-01
3.006953600000000226e-01
3.000945700000000049e-01
2.994949800000000217e-01
2.988965800000000228e-01
2.982993999999999923e-01
2.977033900000000122e-01
2.971085600000000215e-01
2.965149599999999941e-01
2.959225200000000222e-01
2.953312699999999791e-01
2.947411799999999915e-01
2.941522899999999829e-01
2.935645900000000141e-01
2.929780499999999899e-01
2.923926700000000212e-01
2.918084599999999917e-01
2.912254300000000073e-01
2.906435700000000177e-01
2.900628399999999885e-01
2.894833099999999937e-01
2.889049399999999990e-01
2.883276900000000253e-01
2.877516199999999857e-01
2.871766700000000228e-01
2.866029099999999885e-01
2.860302599999999806e-01
2.854587699999999728e-01
2.848884500000000153e-01
2.843192199999999836e-01
2.837511600000000023e-01
2.831842299999999812e-01
2.826183999999999918e-01
2.820537399999999972e-01
2.814902100000000185e-01
2.809277800000000158e-01
2.803664799999999735e-01
2.798063199999999973e-01
2.792472500000000024e-01
2.786893200000000181e-01
2.781325000000000047e-01
2.775768000000000124e-01
2.770222099999999910e-01
2.764686900000000169e-01
2.759163399999999822e-01
2.753650500000000001e-01
2.748148699999999889e-01
2.742658000000000040e-01
2.737177900000000164e-01
2.731709199999999838e-01
2.726251199999999986e-01
2.720804199999999895e-01
2.715368000000000226e-01
2.709942499999999921e-01
2.704528299999999774e-01
2.699124500000000260e-01
2.693731500000000056e-01
2.688349500000000170e-01
2.682978200000000202e-01
2.677617700000000101e-01
2.672267899999999918e-01
2.666928499999999813e-01
2.661600100000000024e-01
2.656282200000000260e-01
2.650974999999999859e-01
2.645678200000000091e-01
2.640392200000000189e-01
2.635116599999999809e-01
2.629851699999999903e-01
2.624597300000000022e-01
2.619353200000000270e-01
2.614119899999999830e-01
2.608896800000000127e-01
2.603684399999999788e-01
2.598482100000000239e-01
2.593290200000000212e-01
2.588108800000000209e-01
2.582937799999999728e-01
2.577777199999999880e-01
2.572626800000000213e-01
2.567486800000000069e-01
2.562356900000000159e-01
2.557237099999999930e-01
2.552127799999999724e-01
2.547028700000000256e-01
2.541939599999999966e-01
2.536861000000000255e-01
2.531792199999999826e-01
2.526733899999999977e-01
2.521685399999999966e-01
2.516647000000000189e-01
2.511618700000000093e-01
2.506600600000000179e-01
2.501592300000000102e-01
2.496594199999999930e-01
2.491605899999999874e-01
2.486627700000000052e-01
2.481659400000000015e-01
2.476701000000000041e-01
2.471752600000000077e-01
2.466814099999999899e-01
2.461885400000000113e-01
2.456966499999999887e-01
2.452057500000000001e-01
2.447158200000000006e-01
2.442268900000000020e-01
2.437389199999999978e-01
2.432519200000000104e-01
2.427659000000000067e-01
2.422808599999999868e-01
2.417967900000000114e-01
2.413136800000000026e-01
2.408315199999999934e-01
2.403503499999999904e-01
2.398701299999999870e-01
2.393908600000000109e-01
2.389125699999999908e-01
2.384352100000000085e-01
2.379588199999999876e-01
2.374833799999999939e-01
2.370088800000000051e-01
2.365353400000000106e-01
2.360627499999999879e-01
2.355910999999999977e-01
2.351203900000000124e-01
2.346506100000000095e-01
2.341817800000000060e-01
2.337138800000000127e-01
2.332469199999999965e-01
2.327808899999999903e-01
2.323157899999999942e-01
2.318516399999999977e-01
2.313883899999999993e-01
2.309260800000000058e-01
2.304646800000000051e-01
2.300042200000000092e-01
2.295446700000000062e-01
2.290860399999999908e-01
2.286283199999999960e-01
2.281715300000000113e-01
2.277156399999999969e-01
2.272606600000000032e-01
2.268065999999999971e-01
2.263534399999999891e-01
2.259011900000000017e-01
2.254498299999999900e-01
2.249993799999999988e-01
2.245498300000000058e-01
2.241011900000000057e-01
2.236534199999999917e-01
2.232065599999999983e-01
2.227606000000000031e-01
2.223155199999999887e-01
2.218713300000000055e-01
2.214280399999999926e-01
2.209856199999999937e-01
2.205440999999999929e-01
2.201034400000000113e-01
2.196636800000000000e-01
2.192247999999999974e-01
2.187867799999999863e-01
2.183496400000000115e-01
2.179133699999999951e-01
2.174779900000000099e-01
2.170434699999999884e-01
2.166098200000000085e-01
2.161770299999999922e-01
2.157451099999999899e-01
2.153140500000000068e-01
2.148838499999999874e-01
2.144545200000000096e-01
2.140260300000000060e-01
2.135983999999999938e-01
2.131716300000000008e-01
2.127457100000000045e-01
2.123206599999999944e-01
2.118964299999999967e-01
2.114730599999999905e-01
2.110505400000000087e-01
2.106288699999999958e-01
2.102080299999999902e-01
2.097880199999999917e-01
2.093688700000000125e-01
2.089505500000000127e-01
2.085330800000000095e-01
2.081164299999999912e-01
2.077006100000000077e-01
2.072856100000000090e-01
2.068714600000000070e-01
2.064581400000000122e-01
2.060456300000000074e-01
2.056339500000000098e-01
2.052230999999999916e-01
2.048130599999999912e-01
2.044038300000000086e-01
2.039954400000000001e-01
2.035878600000000094e-01
2.031810900000000086e-01
2.027751399999999926e-01
2.023699899999999996e-01
2.019656400000000018e-01
2.015621200000000113e-01
2.011593999999999882e-01
2.007574900000000107e-01
2.003563800000000006e-01
1.999560599999999910e-01
1.995565400000000045e-01
1.991578300000000079e-01
1.987599100000000119e-01
1.983628000000000058e-01
1.979664700000000055e-01
1.975709200000000110e-01
1.971761700000000117e-01
1.967822200000000077e-01
1.963890500000000094e-01
1.959966700000000117e-01
1.956050699999999920e-01
1.952142400000000111e-01
1.948242000000000029e-01
1.944349400000000005e-01
1.940464699999999987e-01
1.936587499999999906e-01
1.932718300000000056e-01
1.928856700000000091e-01
1.925002899999999906e-01
1.921156599999999937e-01
1.917318299999999920e-01
1.913487500000000119e-01
1.909664299999999926e-01
1.905848800000000121e-01
1.902040799999999976e-01
1.898240599999999889e-01
1.894447999999999965e-01
1.890662800000000032e-01
1.886885299999999932e-01
1.883115300000000047e-01
1.879352800000000101e-01
1.875597800000000093e-01
1.871850300000000022e-01
1.868110400000000115e-01
1.864377999999999869e-01
1.860652899999999943e-01
1.856935299999999955e-01
1.853225199999999906e-01
1.849522399999999900e-01
1.845827100000000109e-01
1.842139100000000085e-01
1.838458500000000051e-01
1.834785300000000008e-01
1.831119400000000008e-01
1.827460800000000052e-01
1.823809600000000086e-01
1.820165499999999992e-01
1.816528900000000113e-01
1.812899400000000105e-01
1.809277199999999863e-01
1.805662399999999890e-01
1.802054600000000117e-01
1.798454100000000111e-01
1.794860799999999923e-01
1.791274700000000109e-01
1.787695699999999888e-01
1.784123900000000040e-01
1.780559100000000117e-01
1.777001599999999959e-01
1.773451100000000002e-01
1.769907799999999864e-01
1.766371599999999875e-01
1.762842400000000087e-01
1.759320199999999945e-01
1.755805000000000005e-01
1.752296999999999882e-01
1.748795800000000067e-01
1.745301800000000070e-01
1.741814600000000102e-01
1.738334400000000057e-01
1.734861299999999884e-01
1.731395000000000017e-01
1.727935700000000074e-01
1.724483199999999883e-01
1.721037800000000118e-01
1.717599200000000104e-01
1.714167299999999894e-01
1.710742399999999885e-01
1.707324400000000131e-01
1.703913200000000128e-01
1.700508699999999929e-01
1.697111099999999984e-01
1.693720200000000120e-01
1.690336199999999955e-01
1.686959000000000097e-01
1.683588299999999871e-01
1.680224499999999899e-01
1.676867499999999955e-01
1.673517099999999869e-01
1.670173399999999864e-01
1.666836399999999940e-01
1.663505999999999874e-01
1.660182299999999889e-01
1.656865299999999985e-01
1.653554899999999939e-01
1.650251199999999974e-01
1.646953800000000023e-01
1.643663300000000049e-01
1.640379299999999985e-01
1.637101800000000107e-01
1.633830800000000139e-01
1.630566400000000027e-01
1.627308600000000050e-01
1.624057100000000087e-01
1.620812299999999928e-01
1.617573900000000009e-01
1.614341999999999999e-01
1.611116499999999951e-01
1.607897600000000038e-01
1.604684999999999861e-01
1.601478799999999925e-01
1.598278999999999950e-01
1.595085699999999884e-01
1.591898599999999886e-01
1.588718100000000022e-01
1.585543899999999895e-01
1.582375900000000113e-01
1.579214300000000015e-01
1.576058999999999932e-01
1.572910100000000089e-01
1.569767400000000035e-01
1.566630999999999996e-01
1.563500899999999971e-01
1.560377000000000014e-01
1.557259400000000071e-01
1.554147899999999971e-01
1.551042800000000110e-01
1.547943800000000092e-01
1.544850899999999916e-01
1.541764399999999979e-01
1.538683899999999938e-01
1.535609699999999911e-01
1.532541500000000056e-01
1.529479499999999992e-01
1.526423500000000100e-01
1.523373699999999997e-01
1.520330000000000015e-01
1.517292399999999875e-01
1.514260900000000132e-01
1.511235400000000006e-01
1.508216000000000001e-01
1.505202499999999943e-01
1.502195100000000005e-01
1.499193799999999910e-01
1.496198300000000092e-01
1.493209000000000064e-01
1.490225500000000036e-01
1.487248100000000128e-01
1.484276499999999943e-01
1.481310899999999930e-01
1.478351199999999865e-01
1.475397499999999973e-01
1.472449600000000081e-01
1.469507700000000083e-01
1.466571700000000034e-01
1.463641400000000037e-01
1.460716999999999988e-01
1.457798499999999886e-01
1.454885900000000010e-01
1.451978999999999909e-01
1.449077900000000085e-01
1.446182699999999932e-01
1.443293200000000109e-01
1.440409599999999957e-01
1.437531599999999909e-01
1.434659399999999863e-01
1.431793000000000093e-01
1.428932199999999875e-01
1.426077199999999934e-01
1.423227900000000046e-01
1.420384299999999933e-01
1.417546399999999873e-01
1.414714199999999866e-01
1.411887599999999965e-01
1.409066499999999944e-01
1.406251199999999923e-01
1.403441599999999956e-01
1.400637499999999869e-01
1.397838999999999887e-01
1.395046100000000011e-01
1.392258899999999910e-01
1.389477100000000021e-01
1.386700899999999959e-01
1.383930300000000002e-01
1.381165099999999979e-01
1.378405500000000061e-01
1.375651499999999972e-01
1.372903000000000040e-01
1.370159999999999989e-01
1.367422299999999924e-01
1.364690199999999964e-01
1.361963599999999885e-01
1.359242300000000070e-01
1.356526600000000082e-01
1.353816200000000081e-01
1.351111399999999907e-01
1.348411700000000102e-01
1.345717600000000125e-01
1.343029000000000028e-01
1.340345599999999970e-01
1.337667600000000123e-01
1.334994899999999984e-01
1.332327600000000056e-01
1.329665600000000114e-01
1.327008899999999880e-01
1.324357499999999910e-01
1.321711399999999925e-01
1.319070599999999926e-01
1.316435200000000139e-01
1.313805000000000112e-01
1.311180000000000123e-01
1.308560199999999896e-01
1.305945699999999932e-01
1.303336499999999953e-01
1.300732300000000119e-01
1.298133399999999993e-01
1.295539900000000078e-01
1.292951300000000081e-01
1.290368000000000070e-01
1.287789799999999873e-01
1.285216799999999993e-01
1.282648999999999873e-01
1.280086199999999896e-01
1.277528699999999906e-01
1.274976100000000112e-01
1.272428800000000026e-01
1.269886299999999912e-01
1.267349100000000062e-01
1.264817000000000025e-01
1.262289900000000131e-01
1.259767900000000052e-01
1.257250900000000116e-01
1.254738900000000046e-01
1.252231900000000120e-01
1.249729900000000060e-01
1.247232900000000005e-01
1.244741000000000042e-01
1.242253999999999997e-01
1.239771999999999957e-01
1.237294899999999975e-01
1.234822799999999998e-01
1.232355599999999940e-01
1.229893299999999939e-01
1.227435999999999944e-01
1.224983600000000006e-01
1.222536099999999987e-01
1.220093399999999939e-01
1.217655700000000035e-01
1.215222900000000050e-01
1.212794799999999951e-01
1.210371600000000047e-01
1.207953300000000063e-01
1.205539899999999998e-01
1.203131199999999956e-01
1.200727300000000025e-01
1.198328200000000066e-01
1.195934000000000025e-01
1.193544500000000008e-01
1.191159799999999963e-01
1.188779799999999942e-01
1.186404699999999979e-01
1.184034300000000040e-01
1.181668599999999986e-01
1.179307599999999956e-01
1.176951299999999950e-01
1.174599800000000055e-01
1.172252899999999959e-01
1.169910700000000026e-01
1.167573300000000064e-01
1.165240500000000040e-01
1.162912299999999954e-01
1.160588800000000032e-01
1.158269900000000047e-01
1.155955699999999947e-01
1.153646100000000063e-01
1.151341099999999978e-01
1.149040800000000057e-01
1.146744900000000039e-01
1.144453700000000046e-01
1.142167199999999938e-01
1.139885100000000012e-01
1.137607600000000024e-01
1.135334699999999974e-01
1.133066300000000054e-01
1.130802399999999985e-01
1.128543000000000046e-01
1.126288200000000045e-01
1.124037900000000034e-01
1.121792000000000067e-01
1.119550700000000037e-01
1.117313899999999999e-01
1.115081500000000003e-01
1.112853500000000051e-01
1.110629999999999951e-01
1.108410999999999980e-01
1.106196400000000052e-01
1.103986200000000029e-01
1.101780499999999996e-01
1.099579100000000059e-01
1.097382199999999974e-01
1.095189500000000038e-01
1.093001400000000040e-01
1.090817500000000051e-01
1.088638100000000053e-01
1.086463000000000012e-01
1.084292200000000067e-01
1.082125800000000027e-01
1.079963699999999943e-01
1.077806000000000042e-01
1.075652500000000011e-01
1.073503299999999938e-01
1.071358500000000047e-01
1.069217900000000027e-01
1.067081599999999963e-01
1.064949599999999996e-01
1.062821800000000039e-01
1.060698300000000038e-01
1.058579000000000048e-01
1.056463900000000067e-01
1.054353199999999990e-01
1.052246500000000029e-01
1.050144100000000025e-01
1.048045999999999978e-01
1.045951999999999993e-01
1.043862200000000018e-01
1.041776499999999966e-01
1.039695100000000011e-01
1.037617799999999979e-01
1.035544600000000010e-01
1.033475499999999964e-01
1.031410700000000014e-01
1.029349900000000040e-01
1.027293299999999937e-01
1.025240699999999949e-01
1.023192299999999971e-01
1.021148000000000056e-01
1.019107699999999977e-01
1.017071499999999962e-01
1.015039499999999956e-01
1.013011399999999979e-01
1.010987400000000064e-01
1.008967499999999934e-01
1.006951499999999972e-01
1.004939599999999933e-01
1.002931700000000009e-01
1.000927900000000009e-01
9.989280300000000223e-02
9.969321600000000116e-02
9.949403299999999561e-02
9.929524400000000472e-02
9.909685000000000021e-02
9.889884999999999649e-02
9.870125400000000215e-02
9.850405199999999473e-02
9.830723700000000564e-02
9.811081700000000294e-02
9.791479299999999997e-02
9.771916299999999778e-02
9.752391300000000374e-02
9.732906500000000627e-02
9.713459800000000255e-02
9.694052499999999961e-02
9.674684000000000061e-02
9.655353399999999642e-02
9.636062400000000583e-02
9.616809299999999616e-02
9.597595000000000431e-02
9.578418700000000674e-02
9.559281199999999923e-02
9.540181600000000040e-02
9.521120800000000550e-02
9.502097199999999522e-02
9.483112400000000275e-02
9.464164799999999489e-02
9.445255199999999518e-02
9.426383700000000310e-02
9.407550100000000581e-02
9.388753800000000649e-02
9.369994700000000565e-02
9.351273599999999908e-02
9.332589800000000435e-02
9.313943199999999423e-02
9.295333899999999594e-02
9.276761899999999561e-02
9.258227099999999377e-02
9.239728699999999462e-02
9.221267700000000678e-02
9.202843900000000354e-02
9.184456600000000248e-02
9.166105800000000359e-02
9.147792300000000265e-02
9.129514499999999422e-02
9.111273999999999762e-02
9.093070000000000319e-02
9.074901800000000074e-02
9.056770100000000046e-02
9.038674800000000287e-02
9.020615399999999673e-02
9.002592399999999329e-02
8.984605199999999570e-02
8.966653800000000396e-02
8.948738100000000473e-02
8.930858999999999326e-02
8.913014800000000626e-02
8.895206499999999683e-02
8.877433799999999431e-02
8.859696999999999711e-02
8.841995099999999663e-02
8.824329100000000148e-02
8.806698000000000304e-02
8.789102000000000026e-02
8.771541700000000386e-02
8.754015699999999345e-02
8.736525500000000277e-02
8.719069499999999862e-02
8.701649300000000031e-02
8.684263400000000188e-02
8.666911700000000385e-02
8.649595100000000147e-02
8.632313499999999529e-02
8.615066100000000338e-02
8.597852999999999746e-02
8.580675000000000108e-02
8.563530399999999543e-02
8.546420899999999932e-02
8.529344899999999341e-02
8.512303200000000125e-02
8.495295799999999509e-02
8.478321900000000688e-02
8.461382200000000520e-02
8.444476099999999319e-02
8.427604299999999493e-02
8.410766000000000076e-02
8.393961199999999678e-02
8.377189899999999689e-02
8.360452200000000056e-02
8.343747999999999443e-02
8.327077300000000626e-02
8.310440199999999389e-02
8.293835800000000369e-02
8.277264199999999350e-02
8.260726899999999706e-02
8.244221699999999819e-02
8.227749900000000394e-02
8.211311000000000304e-02
8.194904799999999656e-02
8.178530600000000206e-02
8.162189999999999723e-02
8.145882200000000017e-02
8.129606400000000122e-02
8.113364100000000634e-02
8.097153199999999884e-02
8.080974999999999964e-02
8.064829599999999432e-02
8.048715400000000519e-02
8.032634099999999555e-02
8.016585599999999368e-02
8.000568299999999411e-02
7.984583100000000599e-02
7.968629900000000210e-02
7.952708799999999578e-02
7.936818900000000565e-02
7.920961099999999921e-02
7.905135300000000476e-02
7.889340799999999820e-02
7.873577599999999344e-02
7.857846500000000012e-02
7.842145899999999892e-02
7.826477299999999582e-02
7.810839999999999450e-02
7.795233999999999497e-02
7.779659299999999722e-02
7.764115900000000126e-02
7.748603099999999688e-02
7.733120799999999850e-02
7.717670499999999822e-02
7.702250800000000341e-02
7.686861600000000072e-02
7.671503000000000350e-02
7.656175599999999470e-02
7.640878099999999506e-02
7.625611899999999721e-02
7.610375399999999568e-02
7.595170299999999541e-02
7.579994900000000535e-02
7.564850200000000635e-02
7.549735900000000000e-02
7.534651500000000279e-02
7.519596800000000192e-02
7.504572700000000651e-02
7.489578400000000691e-02
7.474614699999999889e-02
7.459680000000000477e-02
7.444775800000000276e-02
7.429900799999999972e-02
7.415056200000000319e-02
7.400240700000000615e-02
7.385455100000000439e-02
7.370699199999999895e-02
7.355972400000000688e-02
7.341275399999999673e-02
7.326607400000000048e-02
7.311968500000000371e-02
7.297359400000000274e-02
7.282779400000000125e-02
7.268228399999999978e-02
7.253706499999999779e-02
7.239213599999999582e-02
7.224749799999999333e-02
7.210314299999999454e-02
7.195907799999999577e-02
7.181530399999999648e-02
7.167182099999999667e-02
7.152862100000000056e-02
7.138570399999999427e-02
7.124307800000000135e-02
7.110073399999999877e-02
7.095867399999999936e-02
7.081689700000000365e-02
7.067540299999999776e-02
7.053419900000000575e-02
7.039327200000000673e-02
7.025262000000000173e-02
7.011225799999999675e-02
6.997217199999999915e-02
6.983237000000000472e-02
6.969284300000000432e-02
6.955359899999999373e-02
6.941463100000000441e-02
6.927593799999999524e-02
6.913752900000000312e-02
6.899938699999999536e-02
6.886152900000000465e-02
6.872393899999999778e-02
6.858663299999999408e-02
6.844959400000000249e-02
6.831283100000000441e-02
6.817634399999999983e-02
6.804012500000000685e-02
6.790418199999999349e-02
6.776851400000000192e-02
6.763310699999999787e-02
6.749797600000000120e-02
6.736312099999999803e-02
6.722852599999999679e-02
6.709419899999999326e-02
6.696014899999999659e-02
6.682635800000000237e-02
6.669284400000000113e-02
6.655959000000000181e-02
6.642660499999999968e-02
6.629388799999999526e-02
6.616143100000000665e-02
6.602923600000000504e-02
6.589730800000000166e-02
6.576564899999999547e-02
6.563425100000000456e-02
6.550311300000000170e-02
6.537223600000000023e-02
6.524162699999999648e-02
6.511127899999999413e-02
6.498124500000000692e-02
6.485395100000000690e-02
6.700425599999999815e-02
