9.810000000000000000e+02
0.000000000000000000e+00
1.960000000000000142e+01
1.010296700000000020e-01
1.360234300000000007e-01
1.696004000000000123e-01
2.017963200000000012e-01
2.326680399999999926e-01
2.622699700000000189e-01
2.906543899999999847e-01
3.178713599999999917e-01
3.439688699999999821e-01
3.689930100000000102e-01
3.929878800000000116e-01
4.159958400000000056e-01
4.380574799999999991e-01
4.592117099999999952e-01
4.794957599999999931e-01
4.989443700000000259e-01
5.175794400000000017e-01
5.352966799999999692e-01
5.509064799999999762e-01
5.596516700000000455e-01
5.609614800000000123e-01
5.601793499999999648e-01
5.591010499999999883e-01
5.579879899999999893e-01
5.568735000000000213e-01
5.557608600000000232e-01
5.546504899999999960e-01
5.535422599999999527e-01
5.524362900000000520e-01
5.513325300000000428e-01
5.502309800000000362e-01
5.491316299999999817e-01
5.480344299999999613e-01
5.469394899999999726e-01
5.458467000000000180e-01
5.447561100000000156e-01
5.436676700000000473e-01
5.425814399999999704e-01
5.414973499999999884e-01
5.404154100000000405e-01
5.393356700000000448e-01
5.382580799999999721e-01
5.371826299999999943e-01
5.361093300000000506e-01
5.350381699999999796e-01
5.339691600000000538e-01
5.329023000000000510e-01
5.318375800000000320e-01
5.307749499999999676e-01
5.297144700000000483e-01
5.286561300000000019e-01
5.275998699999999708e-01
5.265457000000000054e-01
5.254936799999999630e-01
5.244437499999999863e-01
5.233959000000000250e-01
5.223501299999999681e-01
5.213065099999999452e-01
5.202649200000000196e-01
5.192254200000000486e-01
5.181879999999999820e-01
5.171526699999999810e-01
5.161194199999999954e-01
5.150881999999999961e-01
5.140590699999999513e-01
5.130319599999999536e-01
5.120069400000000215e-01
5.109839400000000253e-01
5.099629799999999547e-01
5.089440899999999601e-01
5.079271800000000336e-01
5.069123500000000115e-01
5.058995499999999756e-01
5.048887699999999867e-01
5.038800199999999840e-01
5.028732399999999991e-01
5.018684900000000004e-01
5.008657600000000487e-01
4.998650600000000277e-01
4.988663199999999742e-01
4.978695799999999783e-01
4.968748399999999843e-01
4.958820600000000134e-01
4.948912899999999837e-01
4.939025000000000221e-01
4.929156900000000174e-01
4.919308399999999803e-01
4.909479600000000166e-01
4.899670500000000151e-01
4.889880999999999811e-01
4.880110899999999807e-01
4.870360499999999981e-01
4.860629399999999989e-01
4.850918100000000122e-01
4.841225699999999743e-01
4.831553100000000045e-01
4.821899499999999783e-01
4.812265299999999857e-01
4.802650500000000267e-01
4.793054800000000060e-01
4.783478400000000241e-01
4.773920799999999964e-01
4.764382500000000076e-01
4.754863400000000073e-01
4.745363000000000220e-01
4.735882000000000147e-01
4.726419399999999826e-01
4.716976299999999789e-01
4.707551600000000058e-01
4.698146000000000266e-01
4.688759100000000068e-01
4.679390800000000072e-01
4.670041500000000068e-01
4.660710699999999762e-01
4.651398700000000108e-01
4.642105100000000206e-01
4.632830299999999846e-01
4.623573699999999898e-01
4.614335900000000046e-01
4.605116499999999946e-01
4.595915400000000206e-01
4.586732700000000218e-01
4.577568499999999929e-01
4.568422400000000105e-01
4.559294899999999928e-01
4.550185199999999819e-01
4.541093999999999964e-01
4.532020999999999966e-01
4.522965800000000036e-01
4.513928899999999911e-01
4.504910100000000250e-01
4.495909499999999892e-01
4.486926500000000262e-01
4.477961699999999934e-01
4.469014700000000229e-01
4.460085599999999983e-01
4.451174399999999753e-01
4.442280800000000252e-01
4.433405100000000210e-01
4.424547300000000183e-01
4.415706999999999827e-01
4.406884300000000199e-01
4.398079500000000031e-01
4.389292000000000193e-01
4.380522399999999816e-01
4.371769999999999823e-01
4.363035299999999950e-01
4.354317799999999905e-01
4.345617900000000033e-01
4.336935299999999938e-01
4.328270300000000015e-01
4.319622200000000078e-01
4.310991800000000262e-01
4.302378299999999878e-01
4.293782099999999824e-01
4.285203200000000101e-01
4.276641299999999757e-01
4.268096699999999744e-01
4.259569000000000272e-01
4.251058400000000126e-01
4.242564699999999966e-01
4.234088100000000243e-01
4.225628399999999951e-01
4.217185399999999751e-01
4.208759699999999881e-01
4.200350299999999759e-01
4.191958000000000073e-01
4.183582699999999766e-01
4.175223699999999760e-01
4.166881700000000244e-01
4.158556199999999814e-01
4.150247599999999926e-01
4.141955399999999732e-01
4.133679599999999787e-01
4.125420499999999935e-01
4.117178000000000226e-01
4.108951699999999763e-01
4.100741999999999998e-01
4.092548799999999876e-01
4.084371900000000055e-01
4.076211499999999877e-01
4.068067100000000158e-01
4.059939100000000134e-01
4.051827199999999962e-01
4.043731700000000040e-01
4.035652299999999970e-01
4.027588999999999753e-01
4.019541999999999837e-01
4.011510899999999880e-01
4.003495899999999774e-01
3.995496900000000129e-01
3.987513799999999886e-01
3.979546700000000103e-01
3.971595800000000120e-01
3.963660600000000200e-01
3.955740899999999893e-01
3.947837399999999941e-01
3.939949600000000052e-01
3.932077600000000173e-01
3.924221399999999749e-01
3.916380700000000048e-01
3.908555799999999802e-01
3.900746399999999725e-01
3.892952800000000213e-01
3.885174699999999759e-01
3.877412100000000028e-01
3.869664999999999910e-01
3.861933399999999961e-01
3.854217200000000232e-01
3.846516600000000063e-01
3.838831200000000221e-01
3.831161299999999992e-01
3.823506500000000141e-01
3.815867299999999851e-01
3.808243000000000045e-01
3.800634099999999904e-01
3.793040500000000037e-01
3.785462099999999941e-01
3.777898800000000223e-01
3.770350499999999827e-01
3.762817399999999757e-01
3.755299200000000170e-01
3.747796099999999853e-01
3.740307999999999966e-01
3.732834800000000008e-01
3.725376699999999874e-01
3.717933299999999774e-01
3.710504800000000158e-01
3.703091399999999811e-01
3.695692400000000211e-01
3.688308599999999826e-01
3.680939400000000084e-01
3.673584799999999873e-01
3.666245000000000198e-01
3.658919600000000161e-01
3.651609100000000052e-01
3.644313200000000030e-01
3.637031900000000095e-01
3.629765200000000247e-01
3.622512800000000088e-01
3.615275000000000016e-01
3.608051800000000031e-01
3.600843000000000238e-01
3.593648400000000187e-01
3.586468400000000223e-01
3.579302400000000106e-01
3.572151100000000024e-01
3.565014000000000238e-01
3.557891000000000248e-01
3.550782200000000000e-01
3.543687799999999943e-01
3.536607600000000184e-01
3.529541500000000220e-01
3.522489400000000104e-01
3.515451600000000232e-01
3.508427700000000260e-01
3.501417600000000241e-01
3.494421799999999911e-01
3.487439999999999984e-01
3.480472299999999852e-01
3.473518199999999778e-01
3.466578100000000107e-01
3.459651799999999833e-01
3.452739400000000014e-01
3.445840800000000148e-01
3.438956100000000182e-01
3.432084899999999772e-01
3.425227699999999764e-01
3.418384199999999762e-01
3.411554099999999923e-01
3.404737999999999931e-01
3.397935300000000103e-01
3.391146099999999830e-01
3.384370500000000170e-01
3.377608699999999908e-01
3.370860199999999862e-01
3.364125199999999927e-01
3.357403600000000155e-01
3.350695699999999833e-01
3.344000899999999832e-01
3.337319499999999994e-01
3.330651499999999765e-01
3.323997000000000202e-01
3.317355499999999902e-01
3.310727500000000267e-01
3.304112599999999844e-01
3.297511000000000192e-01
3.290922600000000253e-01
3.284347400000000028e-01
3.277785200000000176e-01
3.271236100000000091e-01
3.264700200000000274e-01
3.258177300000000276e-01
3.251667599999999991e-01
3.245170700000000186e-01
3.238686900000000146e-01
3.232215900000000031e-01
3.225758100000000184e-01
3.219312999999999758e-01
3.212880799999999759e-01
3.206461400000000239e-01
3.200054800000000088e-01
3.193661300000000258e-01
3.187280299999999955e-01
3.180912100000000131e-01
3.174556499999999781e-01
3.168213699999999911e-01
3.161883699999999964e-01
3.155566200000000099e-01
3.149261500000000158e-01
3.142969299999999744e-01
3.136689699999999914e-01
3.130422500000000219e-01
3.124167899999999998e-01
3.117925799999999859e-01
3.111696199999999801e-01
3.105478899999999931e-01
3.099274300000000038e-01
3.093081699999999934e-01
3.086901899999999754e-01
3.080734299999999815e-01
3.074578900000000115e-01
3.068435800000000047e-01
3.062305200000000061e-01
3.056186699999999812e-01
3.050080499999999750e-01
3.043986300000000034e-01
3.037904499999999897e-01
3.031834700000000105e-01
3.025777000000000050e-01
3.019731600000000182e-01
3.013698200000000105e-01
3.007676899999999764e-01
3.001667599999999769e-01
2.995670100000000224e-01
2.989684599999999914e-01
2.983711399999999792e-01
2.977750000000000119e-01
2.971800299999999839e-01
2.965862799999999799e-01
2.959936899999999760e-01
2.954022900000000118e-01
2.948120799999999764e-01
2.942230399999999912e-01
2.936351899999999904e-01
2.930484999999999896e-01
2.924629999999999730e-01
2.918786400000000225e-01
2.912954700000000008e-01
2.907134599999999791e-01
2.901326100000000130e-01
2.895529299999999862e-01
2.889744000000000201e-01
2.883970399999999934e-01
2.878208199999999772e-01
2.872457500000000219e-01
2.866718500000000058e-01
2.860990800000000056e-01
2.855274400000000212e-01
2.849569599999999814e-01
2.843876200000000076e-01
2.838194099999999942e-01
2.832523299999999966e-01
2.826863800000000149e-01
2.821215999999999724e-01
2.815579200000000171e-01
2.809953700000000221e-01
2.804339200000000032e-01
2.798736099999999949e-01
2.793144300000000024e-01
2.787563499999999861e-01
2.781993999999999856e-01
2.776435600000000115e-01
2.770888200000000134e-01
2.765352099999999758e-01
2.759826799999999802e-01
2.754312800000000006e-01
2.748809799999999970e-01
2.743317499999999853e-01
2.737836200000000053e-01
2.732365999999999961e-01
2.726906800000000186e-01
2.721458400000000277e-01
2.716020900000000182e-01
2.710594499999999796e-01
2.705178599999999989e-01
2.699773599999999996e-01
2.694379700000000266e-01
2.688996200000000059e-01
2.683623399999999770e-01
2.678261699999999745e-01
2.672910399999999798e-01
2.667570100000000166e-01
2.662240300000000004e-01
2.656921099999999814e-01
2.651612500000000150e-01
2.646314499999999903e-01
2.641027300000000078e-01
2.635750499999999774e-01
2.630484399999999945e-01
2.625228499999999743e-01
2.619983300000000015e-01
2.614748499999999809e-01
2.609524400000000077e-01
2.604310499999999973e-01
2.599106999999999945e-01
2.593913999999999942e-01
2.588731300000000068e-01
2.583559200000000167e-01
2.578397099999999997e-01
2.573245499999999852e-01
2.568104299999999784e-01
2.562973199999999951e-01
2.557852299999999746e-01
2.552741800000000172e-01
2.547641399999999723e-01
2.542551200000000011e-01
2.537471099999999979e-01
2.532401400000000025e-01
2.527341499999999908e-01
2.522291799999999973e-01
2.517252300000000220e-01
2.512222800000000200e-01
2.507203499999999807e-01
2.502193999999999807e-01
2.497194699999999989e-01
2.492205200000000009e-01
2.487225799999999987e-01
2.482256300000000027e-01
2.477296700000000129e-01
2.472347199999999912e-01
2.467407399999999862e-01
2.462477499999999875e-01
2.457557499999999950e-01
2.452647199999999916e-01
2.447746799999999945e-01
2.442856300000000036e-01
2.437975400000000070e-01
2.433104399999999889e-01
2.428242999999999929e-01
2.423391300000000137e-01
2.418549500000000130e-01
2.413717200000000118e-01
2.408894599999999997e-01
2.404081499999999871e-01
2.399278300000000086e-01
2.394484400000000124e-01
2.389700299999999999e-01
2.384925599999999923e-01
2.380160500000000068e-01
2.375404999999999878e-01
2.370658999999999961e-01
2.365922299999999867e-01
2.361195199999999994e-01
2.356477499999999892e-01
2.351769400000000010e-01
2.347070599999999951e-01
2.342381000000000046e-01
2.337701000000000084e-01
2.333030299999999946e-01
2.328368899999999908e-01
2.323716700000000024e-01
2.319074000000000135e-01
2.314440500000000123e-01
2.309816199999999986e-01
2.305201100000000003e-01
2.300595300000000121e-01
2.295998800000000062e-01
2.291411499999999879e-01
2.286833199999999955e-01
2.282264099999999907e-01
2.277704000000000117e-01
2.273153199999999874e-01
2.268611500000000114e-01
2.264078900000000005e-01
2.259555199999999930e-01
2.255040600000000062e-01
2.250534999999999897e-01
2.246038499999999938e-01
2.241550800000000065e-01
2.237072099999999897e-01
2.232602499999999934e-01
2.228141700000000058e-01
2.223690000000000111e-01
2.219247099999999973e-01
2.214812899999999973e-01
2.210387699999999955e-01
2.205971300000000024e-01
2.201563900000000074e-01
2.197165199999999985e-01
2.192775200000000035e-01
2.188394100000000120e-01
2.184021600000000118e-01
2.179657999999999873e-01
2.175303000000000098e-01
2.170956699999999906e-01
2.166619200000000078e-01
2.162290199999999940e-01
2.157969899999999941e-01
2.153658400000000028e-01
2.149355400000000083e-01
2.145060900000000104e-01
2.140775000000000039e-01
2.136497800000000113e-01
2.132229099999999877e-01
2.127969000000000110e-01
2.123717200000000138e-01
2.119474000000000080e-01
2.115239399999999936e-01
2.111013099999999865e-01
2.106795300000000037e-01
2.102585899999999952e-01
2.098384899999999886e-01
2.094192400000000065e-01
2.090008100000000091e-01
2.085832400000000031e-01
2.081664799999999871e-01
2.077505600000000008e-01
2.073354699999999939e-01
2.069212199999999890e-01
2.065077899999999966e-01
2.060951900000000114e-01
2.056834100000000110e-01
2.052724499999999952e-01
2.048623300000000091e-01
2.044530099999999906e-01
2.040445100000000123e-01
2.036368299999999909e-01
2.032299599999999873e-01
2.028239099999999961e-01
2.024186699999999950e-01
2.020142400000000116e-01
2.016106099999999957e-01
2.012077899999999975e-01
2.008057699999999945e-01
2.004045700000000041e-01
2.000041599999999864e-01
1.996045399999999970e-01
1.992057399999999923e-01
1.988077199999999933e-01
1.984105100000000121e-01
1.980140800000000090e-01
1.976184500000000011e-01
1.972235999999999989e-01
1.968295599999999868e-01
1.964362900000000134e-01
1.960437999999999903e-01
1.956521099999999902e-01
1.952611999999999959e-01
1.948710700000000073e-01
1.944817199999999968e-01
1.940931399999999973e-01
1.937053400000000036e-01
1.933183199999999879e-01
1.929320700000000111e-01
1.925465899999999897e-01
1.921618700000000124e-01
1.917779400000000078e-01
1.913947599999999971e-01
1.910123699999999869e-01
1.906307200000000035e-01
1.902498300000000087e-01
1.898697199999999918e-01
1.894903599999999966e-01
1.891117499999999951e-01
1.887339100000000047e-01
1.883568200000000081e-01
1.879804900000000001e-01
1.876048999999999911e-01
1.872300699999999984e-01
1.868559700000000101e-01
1.864826400000000051e-01
1.861100499999999991e-01
1.857381899999999975e-01
1.853670900000000121e-01
1.849967200000000034e-01
1.846270999999999884e-01
1.842582200000000003e-01
1.838900699999999888e-01
1.835226600000000041e-01
1.831559799999999960e-01
1.827900399999999870e-01
1.824248099999999928e-01
1.820603299999999924e-01
1.816965799999999964e-01
1.813335399999999875e-01
1.809712500000000002e-01
1.806096600000000052e-01
1.802488100000000093e-01
1.798886700000000005e-01
1.795292500000000013e-01
1.791705500000000117e-01
1.788125600000000093e-01
1.784552899999999886e-01
1.780987400000000054e-01
1.777429000000000092e-01
1.773877700000000002e-01
1.770333500000000060e-01
1.766796399999999989e-01
1.763266300000000120e-01
1.759743400000000069e-01
1.756227300000000047e-01
1.752718400000000121e-01
1.749216500000000118e-01
1.745721500000000093e-01
1.742233599999999938e-01
1.738752600000000037e-01
1.735278500000000113e-01
1.731811500000000059e-01
1.728351300000000035e-01
1.724898099999999934e-01
1.721451699999999863e-01
1.718012200000000045e-01
1.714579599999999926e-01
1.711154000000000008e-01
1.707735099999999895e-01
1.704323000000000088e-01
1.700917799999999980e-01
1.697519299999999953e-01
1.694127599999999956e-01
1.690742799999999935e-01
1.687364699999999995e-01
1.683993300000000137e-01
1.680628700000000031e-01
1.677270800000000006e-01
1.673919600000000063e-01
1.670575099999999924e-01
1.667237299999999867e-01
1.663906099999999944e-01
1.660581700000000049e-01
1.657263800000000065e-01
1.653952599999999884e-01
1.650648000000000115e-01
1.647349999999999925e-01
1.644058700000000095e-01
1.640773899999999896e-01
1.637495499999999937e-01
1.634223800000000060e-01
1.630958600000000092e-01
1.627699999999999980e-01
1.624447900000000056e-01
1.621202200000000093e-01
1.617963000000000040e-01
1.614730400000000121e-01
1.611504099999999939e-01
1.608284299999999944e-01
1.605071000000000137e-01
1.601864000000000066e-01
1.598663499999999904e-01
1.595469399999999982e-01
1.592281600000000075e-01
1.589100200000000129e-01
1.585925199999999868e-01
1.582756499999999900e-01
1.579594199999999893e-01
1.576438099999999953e-01
1.573288399999999976e-01
1.570145000000000013e-01
1.567007900000000065e-01
1.563876999999999906e-01
1.560752199999999867e-01
1.557633900000000016e-01
1.554521799999999954e-01
1.551415800000000011e-01
1.548316200000000031e-01
1.545222599999999946e-01
1.542135199999999928e-01
1.539054099999999925e-01
1.535979100000000042e-01
1.532910200000000001e-01
1.529847400000000079e-01
1.526790700000000001e-01
1.523740100000000042e-01
1.520695699999999873e-01
1.517657299999999876e-01
1.514625099999999946e-01
1.511598799999999965e-01
1.508578700000000050e-01
1.505564600000000031e-01
1.502556499999999906e-01
1.499554399999999954e-01
1.496558199999999950e-01
1.493568100000000065e-01
1.490584000000000076e-01
1.487605700000000086e-01
1.484633499999999939e-01
1.481667200000000018e-01
1.478706899999999991e-01
1.475752399999999964e-01
1.472803799999999885e-01
1.469861100000000032e-01
1.466924400000000073e-01
1.463993500000000114e-01
1.461068399999999878e-01
1.458149300000000093e-01
1.455235800000000135e-01
1.452328300000000072e-01
1.449426600000000009e-01
1.446530500000000052e-01
1.443640399999999990e-01
1.440755999999999981e-01
1.437877399999999972e-01
1.435004500000000016e-01
1.432137300000000113e-01
1.429275899999999933e-01
1.426420200000000083e-01
1.423570200000000008e-01
1.420725899999999986e-01
1.417887399999999964e-01
1.415054400000000101e-01
1.412227199999999960e-01
1.409405499999999978e-01
1.406589400000000101e-01
1.403779099999999946e-01
1.400974399999999898e-01
1.398175200000000007e-01
1.395381699999999892e-01
1.392593699999999934e-01
1.389811300000000083e-01
1.387034400000000112e-01
1.384263199999999916e-01
1.381497399999999931e-01
1.378737100000000104e-01
1.375982500000000053e-01
1.373233199999999987e-01
1.370489400000000080e-01
1.367751200000000000e-01
1.365018500000000079e-01
1.362291099999999866e-01
1.359569300000000036e-01
1.356852899999999862e-01
1.354141799999999951e-01
1.351436400000000093e-01
1.348736100000000049e-01
1.346041400000000110e-01
1.343351899999999932e-01
1.340667899999999912e-01
1.337989300000000104e-01
1.335316000000000003e-01
1.332647899999999941e-01
1.329985399999999984e-01
1.327328100000000066e-01
1.324676100000000134e-01
1.322029399999999910e-01
1.319387999999999950e-01
1.316751800000000028e-01
1.314120900000000092e-01
1.311495299999999864e-01
1.308874899999999952e-01
1.306259800000000026e-01
1.303649799999999914e-01
1.301045299999999960e-01
1.298445799999999872e-01
1.295851500000000101e-01
1.293262400000000090e-01
1.290678399999999892e-01
1.288099600000000011e-01
1.285525999999999891e-01
1.282957499999999862e-01
1.280394199999999871e-01
1.277835999999999972e-01
1.275282799999999939e-01
1.272734899999999891e-01
1.270191800000000093e-01
1.267654000000000003e-01
1.265121300000000004e-01
1.262593599999999872e-01
1.260070799999999935e-01
1.257553200000000038e-01
1.255040600000000006e-01
1.252533000000000118e-01
1.250030500000000044e-01
1.247532999999999975e-01
1.245040399999999964e-01
1.242552799999999957e-01
1.240070199999999956e-01
1.237592500000000012e-01
1.235119799999999934e-01
1.232652000000000053e-01
1.230189200000000038e-01
1.227731299999999942e-01
1.225278199999999956e-01
1.222830099999999975e-01
1.220386900000000052e-01
1.217948600000000048e-01
1.215515100000000015e-01
1.213086500000000040e-01
1.210662799999999983e-01
1.208243900000000037e-01
1.205829800000000063e-01
1.203420500000000060e-01
1.201016099999999975e-01
1.198616500000000001e-01
1.196221600000000052e-01
1.193831600000000021e-01
1.191446300000000014e-01
1.189065799999999978e-01
1.186689999999999967e-01
1.184319000000000066e-01
1.181952799999999998e-01
1.179591200000000006e-01
1.177234399999999986e-01
1.174882299999999991e-01
1.172534900000000019e-01
1.170192099999999985e-01
1.167854100000000062e-01
1.165520699999999937e-01
1.163191999999999976e-01
1.160868000000000039e-01
1.158548499999999953e-01
1.156233799999999978e-01
1.153923599999999994e-01
1.151618100000000033e-01
1.149317100000000064e-01
1.147020799999999979e-01
1.144729000000000024e-01
1.142441899999999955e-01
1.140159300000000014e-01
1.137881200000000065e-01
1.135607700000000053e-01
1.133338799999999980e-01
1.131074400000000035e-01
1.128814499999999943e-01
1.126559200000000066e-01
1.124308299999999955e-01
1.122061899999999973e-01
1.119819999999999982e-01
1.117582599999999982e-01
1.115349699999999972e-01
1.113121200000000005e-01
1.110897200000000029e-01
1.108677599999999958e-01
1.106462500000000015e-01
1.104251700000000030e-01
1.102045499999999983e-01
1.099843499999999946e-01
1.097646099999999986e-01
1.095452999999999982e-01
1.093264300000000022e-01
1.091079900000000019e-01
1.088900000000000007e-01
1.086724300000000004e-01
1.084553099999999992e-01
1.082386099999999990e-01
1.080223500000000031e-01
1.078065200000000029e-01
1.075911199999999984e-01
1.073761599999999983e-01
1.071616199999999991e-01
1.069475099999999956e-01
1.067338300000000018e-01
1.065205699999999950e-01
1.063077399999999978e-01
1.060953399999999963e-01
1.058833599999999958e-01
1.056718100000000049e-01
1.054606700000000064e-01
1.052499600000000035e-01
1.050396799999999964e-01
1.048298000000000008e-01
1.046203599999999956e-01
1.044113299999999966e-01
1.042027100000000039e-01
1.039945099999999983e-01
1.037867299999999937e-01
1.035793599999999953e-01
1.033724200000000065e-01
1.031658800000000015e-01
1.029597500000000027e-01
1.027540299999999962e-01
1.025487300000000046e-01
1.023438400000000054e-01
1.021393599999999985e-01
1.019352800000000031e-01
1.017316199999999948e-01
1.015283500000000033e-01
1.013254999999999989e-01
1.011230600000000007e-01
1.009210100000000054e-01
1.007193700000000025e-01
1.005181400000000058e-01
1.003172999999999981e-01
1.001168600000000020e-01
9.991683099999999762e-02
9.971720000000000583e-02
9.951796400000000042e-02
9.931912299999999527e-02
9.912068400000000057e-02
9.892264000000000612e-02
9.872499099999999805e-02
9.852774400000000043e-02
9.833088500000000676e-02
9.813442099999999946e-02
9.793834399999999663e-02
9.774266199999999405e-02
9.754737500000000561e-02
9.735247499999999388e-02
9.715796299999999996e-02
9.696384500000000684e-02
9.677010799999999358e-02
9.657675799999999866e-02
9.638380300000000400e-02
9.619122700000000414e-02
9.599903199999999803e-02
9.580723200000000606e-02
9.561580399999999869e-02
9.542476399999999526e-02
9.523410399999999998e-02
9.504383099999999529e-02
9.485393000000000296e-02
9.466441000000000439e-02
9.447527699999999640e-02
9.428650900000000445e-02
9.409812800000000310e-02
9.391011999999999971e-02
9.372248499999999427e-02
9.353522999999999699e-02
9.334834699999999819e-02
9.316183599999999787e-02
9.297569799999999551e-02
9.278993300000000499e-02
9.260453999999999908e-02
9.241951299999999481e-02
9.223485700000000342e-02
9.205057499999999560e-02
9.186665700000000434e-02
9.168310500000000085e-02
9.149992499999999584e-02
9.131711000000000689e-02
9.113465199999999655e-02
9.095256799999999753e-02
9.077084800000000120e-02
9.058948599999999685e-02
9.040848899999999466e-02
9.022784999999999833e-02
9.004757600000000417e-02
8.986765900000000251e-02
8.968810700000000302e-02
8.950890599999999919e-02
8.933006999999999753e-02
8.915158400000000594e-02
8.897346300000000263e-02
8.879569199999999551e-02
8.861827899999999425e-02
8.844122299999999937e-02
8.826451700000000067e-02
8.808816199999999763e-02
8.791216500000000045e-02
8.773651000000000366e-02
8.756121199999999938e-02
8.738626500000000463e-02
8.721166800000000607e-02
8.703742200000000317e-02
8.686351800000000067e-02
8.668996399999999436e-02
8.651675999999999811e-02
8.634389900000000173e-02
8.617138100000000522e-02
8.599921300000000490e-02
8.582738800000000445e-02
8.565590500000000440e-02
8.548476500000000422e-02
8.531396099999999372e-02
8.514350699999999328e-02
8.497338699999999745e-02
8.480361100000000096e-02
8.463417700000000488e-02
8.446507899999999847e-02
8.429631599999999614e-02
8.412788799999999789e-02
8.395980299999999952e-02
8.379205300000000523e-02
8.362463100000000482e-02
8.345755200000000429e-02
8.329080799999999396e-02
8.312439200000000528e-02
8.295831100000000680e-02
8.279256499999999852e-02
8.262717699999999610e-02
8.246304799999999713e-02
8.280502300000000537e-02
