1.130000000000000000e+03
0.000000000000000000e+00
2.257999999999999829e+01
7.920157199999999786e-02
1.150925799999999999e-01
1.495304299999999920e-01
1.825518499999999877e-01
2.142150800000000022e-01
2.445760100000000103e-01
2.736881999999999926e-01
3.016029599999999755e-01
3.283696199999999732e-01
3.540353500000000264e-01
3.786454200000000103e-01
4.022432899999999756e-01
4.248705799999999977e-01
4.465671800000000080e-01
4.673713099999999843e-01
4.873185500000000170e-01
5.064311599999999913e-01
5.246003900000000275e-01
5.405913599999999652e-01
5.495169199999999643e-01
5.508698199999999545e-01
5.501101600000000147e-01
5.490522399999999692e-01
5.479592699999999983e-01
5.468648099999999790e-01
5.457721899999999904e-01
5.446817299999999751e-01
5.435934700000000230e-01
5.425073500000000548e-01
5.414234399999999781e-01
5.403416800000000464e-01
5.392620599999999875e-01
5.381846399999999919e-01
5.371093200000000012e-01
5.360361900000000235e-01
5.349651600000000506e-01
5.338963300000000300e-01
5.328295800000000249e-01
5.317649800000000537e-01
5.307025300000000056e-01
5.296421599999999730e-01
5.285839399999999744e-01
5.275278700000000098e-01
5.264738799999999497e-01
5.254219799999999552e-01
5.243721599999999761e-01
5.233244900000000310e-01
5.222788499999999612e-01
5.212353499999999862e-01
5.201939300000000266e-01
5.191545499999999924e-01
5.181173100000000531e-01
5.170820999999999890e-01
5.160489700000000513e-01
5.150179299999999571e-01
5.139889100000000210e-01
5.129619199999999601e-01
5.119370199999999649e-01
5.109142100000000353e-01
5.098934200000000416e-01
5.088745999999999547e-01
5.078579199999999627e-01
5.068432099999999885e-01
5.058305300000000004e-01
5.048198699999999484e-01
5.038112399999999935e-01
5.028046400000000249e-01
5.018000000000000238e-01
5.007973900000000089e-01
4.997968400000000200e-01
4.987982200000000144e-01
4.978016299999999950e-01
4.968070099999999933e-01
4.958144099999999832e-01
4.948237500000000066e-01
4.938350899999999766e-01
4.928484300000000040e-01
4.918637000000000148e-01
4.908809700000000276e-01
4.899001700000000237e-01
4.889213700000000218e-01
4.879444800000000138e-01
4.869695900000000077e-01
4.859966000000000008e-01
4.850255800000000117e-01
4.840565000000000007e-01
4.830893600000000232e-01
4.821241499999999736e-01
4.811608800000000130e-01
4.801995199999999908e-01
4.792400600000000233e-01
4.782825399999999783e-01
4.773269299999999826e-01
4.763732299999999809e-01
4.754214600000000179e-01
4.744715400000000249e-01
4.735235600000000100e-01
4.725774500000000100e-01
4.716332599999999986e-01
4.706909400000000021e-01
4.697504900000000205e-01
4.688119299999999878e-01
4.678752400000000256e-01
4.669403999999999777e-01
4.660074699999999792e-01
4.650763900000000062e-01
4.641471500000000083e-01
4.632197900000000201e-01
4.622942800000000019e-01
4.613706200000000091e-01
4.604487999999999914e-01
4.595288299999999992e-01
4.586106799999999928e-01
4.576943800000000118e-01
4.567799000000000165e-01
4.558672599999999964e-01
4.549564400000000175e-01
4.540474400000000244e-01
4.531402299999999772e-01
4.522348600000000163e-01
4.513312899999999961e-01
4.504295300000000224e-01
4.495295899999999789e-01
4.486314399999999925e-01
4.477350399999999730e-01
4.468404899999999791e-01
4.459477099999999972e-01
4.450566799999999823e-01
4.441674600000000139e-01
4.432800100000000021e-01
4.423943499999999918e-01
4.415104400000000040e-01
4.406282899999999780e-01
4.397479300000000091e-01
4.388693000000000177e-01
4.379924499999999776e-01
4.371173400000000209e-01
4.362439799999999757e-01
4.353723500000000191e-01
4.345024800000000242e-01
4.336343400000000070e-01
4.327679600000000071e-01
4.319032700000000058e-01
4.310403500000000165e-01
4.301791200000000259e-01
4.293196200000000129e-01
4.284618199999999932e-01
4.276057799999999909e-01
4.267514099999999977e-01
4.258987599999999873e-01
4.250478100000000259e-01
4.241985699999999970e-01
4.233510200000000223e-01
4.225051699999999855e-01
4.216609900000000133e-01
4.208185099999999790e-01
4.199777199999999988e-01
4.191386100000000225e-01
4.183011699999999999e-01
4.174653899999999918e-01
4.166313099999999769e-01
4.157988699999999871e-01
4.149681000000000064e-01
4.141389999999999794e-01
4.133115399999999773e-01
4.124857499999999844e-01
4.116616000000000164e-01
4.108391100000000073e-01
4.100182399999999783e-01
4.091990300000000191e-01
4.083814599999999739e-01
4.075655000000000250e-01
4.067511899999999847e-01
4.059385099999999746e-01
4.051274400000000053e-01
4.043179800000000212e-01
4.035101500000000119e-01
4.027039399999999825e-01
4.018993399999999938e-01
4.010963399999999957e-01
4.002949599999999775e-01
3.994951500000000211e-01
3.986969599999999891e-01
3.979003700000000032e-01
3.971053700000000131e-01
3.963119700000000134e-01
3.955201199999999750e-01
3.947298799999999774e-01
3.939411899999999966e-01
3.931541100000000011e-01
3.923685800000000223e-01
3.915846299999999891e-01
3.908022299999999727e-01
3.900214100000000128e-01
3.892421699999999984e-01
3.884644500000000167e-01
3.876883099999999804e-01
3.869136899999999768e-01
3.861406399999999794e-01
3.853691200000000094e-01
3.845991799999999849e-01
3.838307300000000089e-01
3.830638499999999835e-01
3.822984700000000013e-01
3.815346399999999805e-01
3.807723499999999817e-01
3.800115600000000260e-01
3.792522799999999972e-01
3.784945599999999799e-01
3.777383300000000110e-01
3.769835799999999848e-01
3.762303900000000256e-01
3.754786600000000196e-01
3.747284699999999802e-01
3.739797499999999997e-01
3.732325400000000015e-01
3.724868299999999910e-01
3.717426099999999733e-01
3.709998400000000252e-01
3.702585999999999933e-01
3.695188200000000256e-01
3.687805200000000005e-01
3.680436899999999789e-01
3.673083500000000057e-01
3.665744699999999856e-01
3.658420399999999795e-01
3.651110799999999768e-01
3.643816100000000224e-01
3.636535699999999816e-01
3.629269900000000049e-01
3.622018399999999971e-01
3.614781799999999823e-01
3.607559499999999919e-01
3.600351500000000260e-01
3.593158100000000132e-01
3.585978699999999852e-01
3.578814000000000162e-01
3.571663500000000213e-01
3.564527299999999954e-01
3.557405499999999887e-01
3.550297900000000118e-01
3.543204400000000143e-01
3.536124800000000068e-01
3.529059900000000027e-01
3.522008699999999992e-01
3.514971700000000254e-01
3.507948799999999756e-01
3.500939900000000216e-01
3.493944999999999967e-01
3.486964100000000122e-01
3.479997200000000124e-01
3.473044000000000131e-01
3.466104899999999933e-01
3.459179700000000190e-01
3.452268199999999898e-01
3.445370500000000114e-01
3.438486800000000176e-01
3.431616699999999742e-01
3.424760399999999816e-01
3.417917500000000053e-01
3.411088600000000137e-01
3.404273400000000227e-01
3.397471599999999925e-01
3.390683199999999786e-01
3.383908899999999997e-01
3.377147600000000027e-01
3.370400100000000010e-01
3.363666200000000051e-01
3.356945499999999805e-01
3.350238200000000277e-01
3.343544600000000200e-01
3.336864099999999889e-01
3.330196999999999741e-01
3.323543400000000259e-01
3.316902800000000040e-01
3.310275699999999932e-01
3.303661600000000198e-01
3.297061000000000019e-01
3.290473500000000162e-01
3.283899100000000071e-01
3.277337799999999746e-01
3.270789700000000244e-01
3.264254600000000006e-01
3.257732700000000037e-01
3.251223899999999833e-01
3.244727800000000162e-01
3.238245000000000151e-01
3.231774900000000117e-01
3.225317899999999849e-01
3.218873400000000218e-01
3.212442400000000142e-01
3.206023900000000149e-01
3.199618200000000079e-01
3.193225299999999933e-01
3.186845200000000267e-01
3.180477899999999969e-01
3.174123500000000098e-01
3.167781499999999806e-01
3.161452100000000098e-01
3.155135499999999760e-01
3.148831699999999900e-01
3.142540200000000228e-01
3.136261399999999977e-01
3.129995199999999755e-01
3.123741400000000223e-01
3.117500200000000166e-01
3.111271600000000137e-01
3.105055099999999846e-01
3.098851100000000192e-01
3.092659700000000011e-01
3.086480500000000071e-01
3.080313800000000213e-01
3.074159300000000039e-01
3.068017100000000053e-01
3.061887300000000200e-01
3.055769500000000138e-01
3.049664200000000158e-01
3.043570800000000021e-01
3.037489999999999912e-01
3.031421000000000254e-01
3.025364300000000228e-01
3.019319500000000045e-01
3.013286900000000101e-01
3.007266200000000000e-01
3.001257800000000087e-01
2.995261300000000015e-01
2.989276599999999839e-01
2.983304299999999798e-01
2.977343499999999810e-01
2.971395000000000008e-01
2.965458000000000260e-01
2.959532999999999747e-01
2.953620000000000134e-01
2.947718500000000019e-01
2.941829000000000249e-01
2.935951099999999925e-01
2.930085099999999998e-01
2.924230700000000072e-01
2.918388199999999988e-01
2.912557100000000010e-01
2.906737899999999875e-01
2.900930299999999740e-01
2.895134100000000266e-01
2.889349800000000079e-01
2.883576800000000051e-01
2.877815400000000023e-01
2.872065599999999996e-01
2.866327200000000075e-01
2.860600400000000154e-01
2.854884899999999837e-01
2.849180700000000233e-01
2.843488200000000021e-01
2.837806600000000179e-01
2.832136800000000232e-01
2.826478199999999941e-01
2.820830899999999808e-01
2.815194699999999939e-01
2.809570100000000070e-01
2.803956599999999910e-01
2.798354299999999961e-01
2.792763100000000276e-01
2.787183200000000194e-01
2.781614399999999820e-01
2.776056800000000213e-01
2.770509999999999917e-01
2.764974499999999780e-01
2.759450399999999748e-01
2.753936900000000243e-01
2.748434499999999892e-01
2.742943199999999804e-01
2.737462800000000085e-01
2.731993200000000233e-01
2.726534600000000141e-01
2.721086999999999811e-01
2.715650499999999745e-01
2.710224399999999756e-01
2.704809599999999925e-01
2.699405300000000119e-01
2.694011900000000126e-01
2.688629300000000000e-01
2.683257499999999740e-01
2.677896300000000007e-01
2.672545599999999744e-01
2.667205899999999796e-01
2.661877000000000271e-01
2.656558500000000267e-01
2.651250700000000182e-01
2.645953600000000017e-01
2.640666999999999875e-01
2.635390799999999811e-01
2.630125300000000221e-01
2.624870200000000153e-01
2.619625899999999952e-01
2.614391699999999985e-01
2.609168299999999885e-01
2.603955000000000020e-01
2.598752400000000073e-01
2.593560200000000204e-01
2.588378199999999962e-01
2.583206599999999797e-01
2.578045400000000265e-01
2.572894399999999804e-01
2.567753799999999975e-01
2.562623299999999826e-01
2.557503300000000257e-01
2.552393399999999812e-01
2.547293600000000158e-01
2.542204299999999972e-01
2.537124800000000180e-01
2.532055699999999909e-01
2.526996699999999874e-01
2.521947600000000178e-01
2.516908600000000162e-01
2.511880100000000171e-01
2.506861400000000017e-01
2.501852500000000257e-01
2.496853900000000070e-01
2.491865199999999947e-01
2.486886399999999886e-01
2.481917600000000113e-01
2.476958599999999899e-01
2.472009799999999868e-01
2.467070700000000005e-01
2.462141499999999927e-01
2.457222000000000017e-01
2.452312600000000065e-01
2.447412800000000055e-01
2.442522900000000108e-01
2.437642700000000051e-01
2.432772400000000057e-01
2.427911600000000059e-01
2.423060700000000123e-01
2.418219400000000130e-01
2.413387700000000080e-01
2.408565900000000093e-01
2.403753499999999876e-01
2.398950800000000105e-01
2.394157600000000052e-01
2.389374200000000115e-01
2.384600199999999948e-01
2.379835700000000054e-01
2.375080900000000050e-01
2.370335500000000095e-01
2.365599600000000136e-01
2.360873099999999947e-01
2.356156000000000084e-01
2.351448399999999939e-01
2.346750200000000119e-01
2.342061400000000071e-01
2.337382000000000071e-01
2.332711799999999946e-01
2.328050999999999870e-01
2.323399600000000120e-01
2.318757499999999916e-01
2.314124599999999865e-01
2.309500999999999915e-01
2.304886600000000119e-01
2.300281399999999921e-01
2.295685399999999876e-01
2.291098699999999933e-01
2.286520999999999970e-01
2.281952600000000109e-01
2.277393199999999951e-01
2.272842999999999947e-01
2.268301799999999924e-01
2.263769800000000054e-01
2.259246900000000113e-01
2.254732799999999981e-01
2.250227800000000056e-01
2.245731900000000059e-01
2.241244900000000095e-01
2.236767000000000061e-01
2.232297799999999888e-01
2.227837699999999921e-01
2.223386499999999988e-01
2.218944099999999864e-01
2.214510699999999999e-01
2.210086099999999942e-01
2.205670299999999973e-01
2.201263499999999984e-01
2.196865199999999962e-01
2.192475899999999922e-01
2.188095499999999916e-01
2.183723599999999876e-01
2.179360499999999923e-01
2.175006100000000109e-01
2.170660500000000104e-01
2.166323500000000013e-01
2.161995200000000061e-01
2.157675500000000024e-01
2.153364399999999901e-01
2.149061999999999917e-01
2.144768200000000125e-01
2.140482999999999969e-01
2.136206300000000058e-01
2.131937999999999889e-01
2.127678500000000084e-01
2.123427400000000020e-01
2.119184699999999977e-01
2.114950700000000072e-01
2.110724999999999962e-01
2.106507699999999872e-01
2.102298900000000026e-01
2.098098499999999922e-01
2.093906600000000062e-01
2.089722900000000050e-01
2.085547600000000057e-01
2.081380800000000031e-01
2.077222200000000130e-01
2.073071700000000128e-01
2.068929800000000041e-01
2.064796100000000079e-01
2.060670699999999911e-01
2.056553399999999920e-01
2.052444400000000002e-01
2.048343599999999931e-01
2.044250999999999985e-01
2.040166599999999886e-01
2.036090299999999964e-01
2.032022199999999890e-01
2.027962199999999993e-01
2.023910399999999943e-01
2.019866600000000123e-01
2.015830899999999926e-01
2.011803199999999958e-01
2.007783700000000116e-01
2.003772100000000000e-01
1.999768600000000063e-01
1.995773000000000130e-01
1.991785500000000098e-01
1.987806000000000017e-01
1.983834399999999942e-01
1.979870599999999925e-01
1.975914800000000138e-01
1.971966900000000078e-01
1.968026900000000023e-01
1.964094799999999974e-01
1.960170599999999930e-01
1.956254099999999996e-01
1.952345500000000067e-01
1.948444699999999918e-01
1.944551800000000052e-01
1.940666600000000019e-01
1.936788999999999872e-01
1.932919300000000007e-01
1.929057399999999922e-01
1.925203100000000001e-01
1.921356600000000137e-01
1.917517599999999933e-01
1.913686500000000013e-01
1.909862900000000030e-01
1.906046999999999880e-01
1.902238699999999894e-01
1.898438000000000070e-01
1.894644900000000132e-01
1.890859500000000026e-01
1.887081600000000137e-01
1.883311099999999960e-01
1.879548299999999894e-01
1.875792900000000096e-01
1.872045099999999906e-01
1.868304799999999932e-01
1.864571899999999949e-01
1.860846399999999956e-01
1.857128399999999901e-01
1.853417900000000063e-01
1.849714799999999937e-01
1.846019000000000132e-01
1.842330699999999988e-01
1.838649800000000112e-01
1.834976100000000054e-01
1.831309799999999988e-01
1.827651000000000137e-01
1.823999299999999879e-01
1.820354899999999942e-01
1.816717800000000049e-01
1.813088099999999869e-01
1.809465399999999891e-01
1.805850099999999903e-01
1.802242099999999958e-01
1.798641199999999885e-01
1.795047499999999907e-01
1.791461000000000026e-01
1.787881699999999963e-01
1.784309400000000101e-01
1.780744300000000058e-01
1.777186500000000058e-01
1.773635600000000034e-01
1.770092000000000054e-01
1.766555300000000051e-01
1.763025699999999918e-01
1.759503199999999934e-01
1.755987699999999874e-01
1.752479200000000015e-01
1.748977800000000027e-01
1.745483300000000015e-01
1.741995799999999928e-01
1.738515300000000041e-01
1.735041700000000131e-01
1.731575099999999867e-01
1.728115400000000135e-01
1.724662600000000101e-01
1.721216700000000044e-01
1.717777799999999910e-01
1.714345700000000083e-01
1.710920499999999955e-01
1.707501999999999909e-01
1.704090400000000116e-01
1.700685600000000075e-01
1.697287700000000010e-01
1.693896500000000027e-01
1.690512000000000126e-01
1.687134399999999923e-01
1.683763600000000027e-01
1.680399300000000040e-01
1.677041900000000030e-01
1.673691099999999876e-01
1.670347199999999976e-01
1.667009700000000039e-01
1.663679000000000130e-01
1.660355000000000025e-01
1.657037700000000002e-01
1.653726799999999941e-01
1.650422800000000134e-01
1.647125200000000012e-01
1.643834299999999971e-01
1.640549900000000116e-01
1.637272100000000119e-01
1.634000800000000031e-01
1.630736000000000130e-01
1.627477900000000033e-01
1.624226099999999950e-01
1.620980900000000002e-01
1.617742199999999964e-01
1.614510000000000112e-01
1.611284199999999944e-01
1.608064800000000016e-01
1.604851899999999998e-01
1.601645399999999941e-01
1.598445300000000124e-01
1.595251599999999992e-01
1.592064400000000046e-01
1.588883399999999890e-01
1.585708700000000027e-01
1.582540600000000020e-01
1.579378499999999907e-01
1.576222899999999982e-01
1.573073700000000019e-01
1.569930800000000071e-01
1.566793900000000017e-01
1.563663499999999873e-01
1.560539300000000074e-01
1.557421400000000011e-01
1.554309600000000069e-01
1.551204200000000089e-01
1.548104899999999950e-01
1.545011699999999932e-01
1.541924799999999929e-01
1.538844000000000045e-01
1.535769399999999951e-01
1.532700999999999925e-01
1.529638600000000070e-01
1.526582400000000006e-01
1.523532300000000062e-01
1.520488299999999959e-01
1.517450200000000082e-01
1.514418399999999942e-01
1.511392599999999975e-01
1.508372900000000127e-01
1.505359099999999950e-01
1.502351500000000117e-01
1.499349600000000060e-01
1.496354000000000017e-01
1.493364299999999922e-01
1.490380500000000052e-01
1.487402800000000025e-01
1.484430899999999998e-01
1.481464999999999865e-01
1.478504999999999958e-01
1.475550999999999946e-01
1.472602799999999934e-01
1.469660600000000095e-01
1.466724100000000031e-01
1.463793700000000086e-01
1.460868999999999918e-01
1.457950199999999974e-01
1.455037100000000083e-01
1.452130100000000035e-01
1.449228700000000092e-01
1.446333099999999872e-01
1.443443299999999929e-01
1.440559299999999987e-01
1.437681199999999992e-01
1.434808700000000103e-01
1.431941800000000042e-01
1.429080799999999929e-01
1.426225600000000093e-01
1.423375900000000138e-01
1.420531999999999906e-01
1.417693800000000004e-01
1.414861199999999930e-01
1.412034299999999909e-01
1.409213099999999941e-01
1.406397500000000078e-01
1.403587500000000043e-01
1.400783200000000062e-01
1.397984300000000013e-01
1.395191299999999912e-01
1.392403700000000022e-01
1.389621600000000012e-01
1.386845100000000108e-01
1.384074200000000032e-01
1.381308900000000062e-01
1.378549000000000024e-01
1.375794599999999868e-01
1.373045699999999869e-01
1.370302399999999976e-01
1.367564599999999964e-01
1.364832199999999884e-01
1.362105299999999963e-01
1.359383799999999975e-01
1.356667699999999921e-01
1.353957100000000024e-01
1.351251900000000061e-01
1.348552100000000031e-01
1.345857699999999935e-01
1.343168600000000101e-01
1.340484899999999924e-01
1.337806699999999904e-01
1.335133799999999871e-01
1.332466200000000101e-01
1.329803900000000039e-01
1.327146899999999963e-01
1.324495199999999873e-01
1.321848899999999993e-01
1.319207799999999875e-01
1.316572099999999967e-01
1.313941600000000098e-01
1.311316299999999990e-01
1.308696299999999868e-01
1.306081600000000009e-01
1.303472099999999911e-01
1.300867599999999957e-01
1.298268599999999884e-01
1.295674599999999954e-01
1.293085800000000063e-01
1.290502299999999880e-01
1.287923800000000119e-01
1.285350500000000118e-01
1.282782399999999878e-01
1.280219400000000007e-01
1.277661499999999950e-01
1.275108799999999931e-01
1.272561100000000056e-01
1.270018499999999995e-01
1.267481000000000024e-01
1.264948499999999920e-01
1.262421200000000132e-01
1.259898799999999985e-01
1.257381599999999877e-01
1.254869399999999913e-01
1.252362099999999867e-01
1.249859900000000051e-01
1.247362699999999963e-01
1.244870500000000019e-01
1.242383199999999993e-01
1.239901000000000059e-01
1.237423599999999957e-01
1.234951199999999999e-01
1.232483800000000046e-01
1.230021300000000012e-01
1.227563700000000035e-01
1.225110999999999978e-01
1.222663199999999978e-01
1.220220399999999983e-01
1.217782300000000012e-01
1.215349200000000046e-01
1.212920999999999999e-01
1.210497499999999976e-01
1.208078999999999958e-01
1.205665199999999965e-01
1.203256300000000029e-01
1.200852200000000064e-01
1.198452899999999932e-01
1.196058400000000049e-01
1.193668699999999999e-01
1.191283699999999973e-01
1.188903500000000057e-01
1.186528099999999974e-01
1.184157400000000054e-01
1.181791499999999967e-01
1.179430300000000043e-01
1.177073700000000056e-01
1.174721900000000041e-01
1.172374899999999998e-01
1.170032500000000031e-01
1.167694700000000002e-01
1.165361599999999997e-01
1.163033200000000017e-01
1.160709600000000008e-01
1.158390400000000042e-01
1.156076000000000048e-01
1.153766100000000044e-01
1.151460900000000065e-01
1.149160300000000023e-01
1.146864199999999973e-01
1.144572799999999946e-01
1.142285999999999996e-01
1.140003700000000036e-01
1.137725900000000068e-01
1.135452799999999984e-01
1.133184099999999944e-01
1.130920100000000067e-01
1.128660400000000008e-01
1.126405399999999973e-01
1.124154900000000068e-01
1.121908699999999981e-01
1.119667099999999971e-01
1.117430100000000037e-01
1.115197500000000008e-01
1.112969300000000022e-01
1.110745600000000027e-01
1.108526299999999937e-01
1.106311499999999975e-01
1.104101100000000057e-01
1.101894999999999958e-01
1.099693499999999935e-01
1.097496300000000008e-01
1.095303400000000038e-01
1.093115100000000006e-01
1.090930999999999984e-01
1.088751300000000005e-01
1.086575999999999931e-01
1.084404999999999952e-01
1.082238400000000017e-01
1.080076100000000039e-01
1.077918100000000018e-01
1.075764399999999954e-01
1.073614999999999986e-01
1.071469899999999975e-01
1.069329200000000007e-01
1.067192599999999963e-01
1.065060300000000015e-01
1.062932399999999972e-01
1.060808599999999990e-01
1.058689099999999966e-01
1.056573799999999952e-01
1.054462899999999981e-01
1.052355999999999986e-01
1.050253399999999948e-01
1.048155000000000059e-01
1.046060800000000041e-01
1.043970699999999946e-01
1.041884899999999947e-01
1.039803299999999958e-01
1.037725699999999945e-01
1.035652299999999942e-01
1.033583099999999949e-01
1.031518000000000018e-01
1.029457000000000011e-01
1.027400100000000066e-01
1.025347399999999992e-01
1.023298700000000033e-01
1.021254199999999945e-01
1.019213699999999972e-01
1.017177300000000062e-01
1.015144999999999936e-01
1.013116800000000012e-01
1.011092499999999977e-01
1.009072399999999953e-01
1.007056199999999957e-01
1.005044100000000024e-01
1.003036100000000014e-01
1.001032000000000033e-01
9.990319599999999967e-02
9.970358799999999577e-02
9.950438100000000285e-02
9.930556999999999579e-02
9.910716099999999917e-02
9.890914000000000650e-02
9.871151999999999704e-02
9.851429600000000120e-02
9.831746700000000561e-02
9.812102500000000060e-02
9.792497799999999586e-02
9.772932500000000577e-02
9.753406000000000575e-02
9.733919100000000546e-02
9.714470799999999628e-02
9.695060599999999473e-02
9.675690500000000416e-02
9.656357799999999714e-02
9.637064500000000478e-02
9.617810000000000248e-02
9.598593399999999498e-02
9.579415600000000530e-02
9.560275799999999602e-02
9.541173999999999489e-02
9.522110999999999770e-02
9.503085899999999531e-02
9.484098900000000054e-02
9.465149800000000058e-02
9.446237999999999857e-02
9.427364200000000471e-02
9.408528400000000513e-02
9.389730500000000035e-02
9.370970000000000688e-02
9.352246699999999802e-02
9.333560600000000151e-02
9.314911800000000297e-02
9.296300999999999870e-02
9.277726699999999660e-02
9.259189700000000633e-02
9.240689900000000068e-02
9.222227299999999350e-02
9.203801300000000185e-02
9.185411799999999849e-02
9.167059499999999361e-02
9.148743700000000478e-02
9.130464500000000372e-02
9.112221700000000535e-02
9.094015499999999474e-02
9.075845800000000019e-02
9.057712599999999392e-02
9.039615099999999404e-02
9.021553400000000000e-02
9.003529000000000393e-02
8.985539500000000457e-02
8.967586600000000685e-02
8.949669500000000111e-02
8.931788100000000175e-02
8.913941699999999857e-02
8.896131799999999756e-02
8.878357700000000241e-02
8.860618600000000344e-02
8.842915299999999645e-02
8.825246999999999953e-02
8.807613699999999879e-02
8.790016200000000390e-02
8.772453700000000520e-02
8.754926200000000269e-02
8.737434400000000656e-02
8.719976999999999590e-02
8.702554599999999529e-02
8.685166399999999509e-02
8.667813200000000495e-02
8.650495099999999660e-02
8.633211300000000199e-02
8.615962400000000410e-02
8.598747800000000607e-02
8.581567599999999352e-02
8.564421499999999576e-02
8.547309799999999735e-02
8.530232299999999934e-02
8.513188400000000489e-02
8.496179399999999327e-02
8.479203999999999908e-02
8.462262199999999457e-02
8.445354600000000433e-02
8.428481200000000062e-02
8.411640700000000415e-02
8.394834399999999419e-02
8.378061700000000167e-02
8.361322399999999988e-02
8.344616000000000533e-02
8.327943799999999730e-02
8.311304499999999651e-02
8.294698600000000033e-02
8.278125499999999803e-02
8.261585999999999930e-02
8.245079199999999497e-02
8.228605199999999842e-02
8.212164800000000542e-02
8.195757100000000683e-02
8.179381500000000582e-02
8.163039399999999501e-02
8.146729299999999618e-02
8.130452800000000091e-02
8.114207499999999407e-02
8.097995800000000466e-02
8.081816099999999947e-02
8.065668500000000574e-02
8.049552899999999622e-02
8.033470099999999448e-02
8.017419300000000471e-02
8.001400499999999916e-02
7.985413800000000506e-02
7.969458399999999887e-02
7.953535800000000044e-02
7.937644400000000433e-02
7.921785100000000579e-02
7.905957099999999516e-02
7.890161099999999650e-02
7.874396399999999963e-02
7.858663800000000033e-02
7.842961699999999314e-02
7.827291599999999794e-02
7.811652900000000399e-02
7.796045399999999848e-02
7.780468499999999843e-02
7.764923599999999648e-02
7.749409200000000053e-02
7.733925399999999617e-02
7.718472899999999359e-02
7.703051700000000668e-02
7.687661099999999748e-02
7.672300899999999479e-02
7.656972099999999337e-02
7.641673100000000163e-02
7.626405399999999779e-02
7.611167400000000416e-02
7.595960100000000159e-02
7.580784000000000133e-02
7.565636900000000109e-02
7.550521200000000210e-02
7.535435299999999892e-02
7.520379100000000594e-02
7.505353500000000455e-02
7.490357799999999844e-02
7.475391800000000253e-02
7.460456299999999874e-02
7.445549999999999391e-02
7.430674099999999560e-02
7.415827399999999625e-02
7.401010399999999323e-02
7.386223199999999989e-02
7.371465900000000182e-02
7.356737600000000377e-02
7.342039000000000204e-02
7.327369599999999927e-02
7.312729199999999652e-02
7.298118600000000344e-02
7.283537099999999598e-02
7.268984600000000240e-02
7.254461199999999443e-02
7.239966100000000404e-02
7.225500799999999557e-02
7.211064500000000099e-02
7.196656599999999571e-02
7.182277700000000431e-02
7.167927899999999852e-02
7.153606399999999643e-02
7.139313199999999804e-02
7.125049099999999913e-02
7.110813300000000392e-02
7.096605699999999906e-02
7.082426499999999736e-02
7.068275699999999884e-02
7.054153100000000454e-02
7.040058800000000006e-02
7.025992899999999874e-02
7.011955200000000166e-02
6.997945199999999755e-02
6.983963399999999766e-02
6.970009200000000515e-02
6.956083300000000247e-02
6.942184999999999329e-02
6.928314300000000536e-02
6.914471799999999391e-02
6.900657000000000318e-02
6.886868899999999682e-02
6.873109199999999364e-02
6.859376999999999835e-02
6.845671700000000026e-02
6.831993899999999620e-02
6.818343699999999952e-02
6.804720300000000055e-02
6.791124499999999509e-02
6.777556199999999753e-02
6.764014799999999716e-02
6.750500199999999451e-02
6.737012400000000345e-02
6.723552200000000589e-02
6.710118099999999586e-02
6.696711499999999373e-02
6.683331700000000319e-02
6.669978099999999965e-02
6.656651199999999435e-02
6.643351200000000012e-02
6.630078000000000360e-02
6.616830799999999513e-02
6.603610499999999772e-02
6.590416999999999803e-02
6.577248900000000342e-02
6.564107499999999318e-02
6.550992299999999768e-02
6.537903800000000043e-02
6.524840699999999438e-02
6.511804499999999940e-02
6.498793499999999668e-02
6.485809400000000502e-02
6.472850600000000509e-02
6.459917900000000657e-02
6.447010499999999977e-02
6.434129900000000457e-02
6.421273900000000479e-02
6.408444800000000219e-02
6.395640199999999553e-02
6.382861700000000416e-02
6.370109300000000030e-02
6.357381500000000574e-02
6.344679699999999922e-02
6.332002600000000148e-02
6.319351500000000565e-02
6.306725000000000525e-02
6.294124600000000624e-02
6.281548700000000318e-02
6.268998200000000520e-02
6.256473099999999843e-02
6.243972500000000148e-02
6.231496899999999783e-02
6.219046200000000191e-02
6.206620899999999719e-02
6.194219699999999745e-02
6.181844000000000228e-02
6.169492399999999821e-02
6.157165800000000133e-02
6.144863700000000040e-02
6.132586300000000129e-02
6.120333399999999813e-02
6.108104799999999890e-02
6.095901100000000045e-02
6.083721300000000110e-02
6.071565999999999769e-02
6.059434999999999821e-02
6.047328600000000109e-02
6.035246300000000202e-02
6.023190500000000225e-02
6.011221199999999820e-02
6.023449799999999743e-02
