1.060000000000000000e+03
0.000000000000000000e+00
2.117999999999999972e+01
8.864294699999999971e-02
1.241458700000000054e-01
1.582113500000000006e-01
1.908757199999999987e-01
2.221965899999999994e-01
2.522292400000000212e-01
2.810266299999999995e-01
3.086395900000000192e-01
3.351167999999999925e-01
3.605050100000000146e-01
3.848490099999999914e-01
4.081917099999999854e-01
4.305743300000000051e-01
4.520363499999999757e-01
4.726155400000000006e-01
4.923471200000000270e-01
5.112531200000000053e-01
5.292267200000000393e-01
5.450519299999999623e-01
5.538968399999999459e-01
5.552299000000000540e-01
5.544602899999999668e-01
5.533935399999999616e-01
5.522919299999999865e-01
5.511887699999999946e-01
5.500875100000000018e-01
5.489884600000000114e-01
5.478915600000000552e-01
5.467969200000000196e-01
5.457043599999999994e-01
5.446140800000000004e-01
5.435259300000000460e-01
5.424399399999999538e-01
5.413561500000000359e-01
5.402745599999999593e-01
5.391950599999999483e-01
5.381177700000000508e-01
5.370426200000000261e-01
5.359696099999999852e-01
5.348986999999999492e-01
5.338299899999999765e-01
5.327634199999999876e-01
5.316989399999999533e-01
5.306366099999999530e-01
5.295763599999999682e-01
5.285183199999999859e-01
5.274623000000000506e-01
5.264084300000000383e-01
5.253566499999999806e-01
5.243070100000000178e-01
5.232594600000000096e-01
5.222139999999999560e-01
5.211706200000000289e-01
5.201292600000000377e-01
5.190900600000000198e-01
5.180529400000000173e-01
5.170178399999999508e-01
5.159848299999999499e-01
5.149539100000000147e-01
5.139250199999999547e-01
5.128982100000000210e-01
5.118734200000000234e-01
5.108507300000000306e-01
5.098300599999999738e-01
5.088114099999999640e-01
5.077947999999999906e-01
5.067802099999999532e-01
5.057676399999999628e-01
5.047571699999999773e-01
5.037486599999999592e-01
5.027421699999999882e-01
5.017376500000000350e-01
5.007352200000000364e-01
4.997347300000000159e-01
4.987362599999999868e-01
4.977397900000000153e-01
4.967452900000000060e-01
4.957528099999999882e-01
4.947622700000000040e-01
4.937737600000000060e-01
4.927871799999999913e-01
4.918025999999999787e-01
4.908199899999999838e-01
4.898393200000000225e-01
4.888606099999999732e-01
4.878838699999999973e-01
4.869090899999999889e-01
4.859362199999999743e-01
4.849653199999999775e-01
4.839963600000000143e-01
4.830293399999999737e-01
4.820642500000000275e-01
4.811011000000000037e-01
4.801398499999999792e-01
4.791805399999999882e-01
4.782231200000000015e-01
4.772676200000000035e-01
4.763140699999999783e-01
4.753623900000000235e-01
4.744125900000000229e-01
4.734647300000000003e-01
4.725187399999999927e-01
4.715746599999999789e-01
4.706324299999999905e-01
4.696921099999999960e-01
4.687536700000000112e-01
4.678170999999999857e-01
4.668824100000000255e-01
4.659495699999999796e-01
4.650186000000000042e-01
4.640894799999999987e-01
4.631622400000000028e-01
4.622368499999999769e-01
4.613133099999999764e-01
4.603915800000000225e-01
4.594717300000000226e-01
4.585537000000000085e-01
4.576375200000000198e-01
4.567231500000000222e-01
4.558106100000000049e-01
4.548999100000000184e-01
4.539910300000000176e-01
4.530839300000000236e-01
4.521786899999999942e-01
4.512752300000000272e-01
4.503735899999999903e-01
4.494737400000000105e-01
4.485756799999999767e-01
4.476794299999999893e-01
4.467849700000000035e-01
4.458922699999999795e-01
4.450013899999999967e-01
4.441122699999999757e-01
4.432249400000000117e-01
4.423393899999999990e-01
4.414555700000000193e-01
4.405735399999999857e-01
4.396933000000000091e-01
4.388147900000000101e-01
4.379380299999999782e-01
4.370630400000000138e-01
4.361897699999999767e-01
4.353182600000000124e-01
4.344485100000000100e-01
4.335804899999999851e-01
4.327141899999999985e-01
4.318496299999999843e-01
4.309867900000000085e-01
4.301256500000000260e-01
4.292662700000000053e-01
4.284085899999999780e-01
4.275526399999999838e-01
4.266983899999999830e-01
4.258458299999999808e-01
4.249950100000000064e-01
4.241458799999999751e-01
4.232984200000000086e-01
4.224526599999999799e-01
4.216086000000000000e-01
4.207662300000000188e-01
4.199255399999999860e-01
4.190865500000000021e-01
4.182491899999999929e-01
4.174135299999999771e-01
4.165795400000000259e-01
4.157472300000000232e-01
4.149165499999999951e-01
4.140875299999999815e-01
4.132601900000000272e-01
4.124345200000000267e-01
4.116104500000000166e-01
4.107880600000000104e-01
4.099672999999999790e-01
4.091481900000000227e-01
4.083307099999999856e-01
4.075148699999999735e-01
4.067006400000000021e-01
4.058880500000000002e-01
4.050771000000000233e-01
4.042677599999999760e-01
4.034600300000000250e-01
4.026539000000000090e-01
4.018494200000000127e-01
4.010465100000000227e-01
4.002452200000000127e-01
3.994455299999999931e-01
3.986474300000000248e-01
3.978509299999999915e-01
3.970560399999999990e-01
3.962627100000000180e-01
3.954709800000000275e-01
3.946808299999999825e-01
3.938922599999999941e-01
3.931052700000000066e-01
3.923198299999999805e-01
3.915359700000000109e-01
3.907536899999999869e-01
3.899729499999999849e-01
3.891937999999999787e-01
3.884161999999999892e-01
3.876401199999999769e-01
3.868656200000000212e-01
3.860926599999999764e-01
3.853212599999999988e-01
3.845513799999999982e-01
3.837830400000000197e-01
3.830162599999999973e-01
3.822509900000000127e-01
3.814872500000000000e-01
3.807250300000000198e-01
3.799643500000000063e-01
3.792051699999999803e-01
3.784475299999999764e-01
3.776913900000000157e-01
3.769367599999999818e-01
3.761836299999999911e-01
3.754320099999999827e-01
3.746819200000000016e-01
3.739332899999999738e-01
3.731861699999999837e-01
3.724405499999999813e-01
3.716964099999999771e-01
3.709537700000000160e-01
3.702125800000000133e-01
3.694729199999999825e-01
3.687346899999999761e-01
3.679979700000000076e-01
3.672627199999999870e-01
3.665289299999999750e-01
3.657966000000000273e-01
3.650657199999999825e-01
3.643363399999999808e-01
3.636083900000000035e-01
3.628818999999999795e-01
3.621568700000000196e-01
3.614332699999999732e-01
3.607111299999999909e-01
3.599904199999999777e-01
3.592711699999999730e-01
3.585533200000000087e-01
3.578369299999999975e-01
3.571219700000000108e-01
3.564084499999999878e-01
3.556963499999999945e-01
3.549856499999999859e-01
3.542764199999999808e-01
3.535685499999999815e-01
3.528621200000000013e-01
3.521571199999999902e-01
3.514535100000000245e-01
3.507513099999999828e-01
3.500505099999999814e-01
3.493511100000000202e-01
3.486530800000000041e-01
3.479564800000000124e-01
3.472612500000000213e-01
3.465674200000000149e-01
3.458749899999999933e-01
3.451839400000000224e-01
3.444942500000000019e-01
3.438059700000000163e-01
3.431190299999999915e-01
3.424334800000000123e-01
3.417493099999999728e-01
3.410664800000000052e-01
3.403850199999999826e-01
3.397049300000000160e-01
3.390262099999999945e-01
3.383488399999999841e-01
3.376727999999999952e-01
3.369981300000000068e-01
3.363248099999999741e-01
3.356528300000000131e-01
3.349822199999999972e-01
3.343129200000000134e-01
3.336449599999999904e-01
3.329783399999999838e-01
3.323130300000000092e-01
3.316490699999999903e-01
3.309864399999999929e-01
3.303251300000000223e-01
3.296651500000000179e-01
3.290064600000000006e-01
3.283491099999999996e-01
3.276930699999999752e-01
3.270383499999999777e-01
3.263849300000000175e-01
3.257327999999999890e-01
3.250819699999999979e-01
3.244324599999999781e-01
3.237842599999999904e-01
3.231373399999999951e-01
3.224917099999999870e-01
3.218473800000000162e-01
3.212042999999999981e-01
3.205625400000000069e-01
3.199220600000000081e-01
3.192828600000000017e-01
3.186449399999999876e-01
3.180082699999999818e-01
3.173728900000000186e-01
3.167387799999999975e-01
3.161059299999999794e-01
3.154743600000000092e-01
3.148440399999999917e-01
3.142149699999999823e-01
3.135871900000000156e-01
3.129606200000000227e-01
3.123353400000000168e-01
3.117112799999999795e-01
3.110884999999999900e-01
3.104669500000000193e-01
3.098466400000000065e-01
3.092275600000000124e-01
3.086097199999999763e-01
3.079931100000000144e-01
3.073777300000000157e-01
3.067635899999999749e-01
3.061506700000000136e-01
3.055389800000000156e-01
3.049285400000000257e-01
3.043192900000000201e-01
3.037112699999999776e-01
3.031044299999999803e-01
3.024988200000000016e-01
3.018944299999999914e-01
3.012912600000000052e-01
3.006892800000000032e-01
3.000884999999999803e-01
2.994889299999999865e-01
2.988905299999999876e-01
2.982933500000000127e-01
2.976973700000000167e-01
2.971025700000000103e-01
2.965089699999999828e-01
2.959165300000000109e-01
2.953252800000000233e-01
2.947352200000000200e-01
2.941463599999999956e-01
2.935586299999999871e-01
2.929721200000000025e-01
2.923867399999999783e-01
2.918025599999999886e-01
2.912195300000000042e-01
2.906376700000000146e-01
2.900570000000000093e-01
2.894774700000000145e-01
2.888990599999999853e-01
2.883218499999999906e-01
2.877457999999999960e-01
2.871708900000000120e-01
2.865970999999999935e-01
2.860244800000000254e-01
2.854530200000000018e-01
2.848826600000000098e-01
2.843134700000000126e-01
2.837454099999999757e-01
2.831784800000000102e-01
2.826127099999999892e-01
2.820480499999999946e-01
2.814845100000000211e-01
2.809221100000000026e-01
2.803608200000000106e-01
2.798006499999999841e-01
2.792416200000000237e-01
2.786836899999999839e-01
2.781269000000000102e-01
2.775711699999999782e-01
2.770166099999999965e-01
2.764631200000000066e-01
2.759107399999999877e-01
2.753594799999999898e-01
2.748092999999999786e-01
2.742602199999999990e-01
2.737122499999999903e-01
2.731653700000000184e-01
2.726196100000000122e-01
2.720749100000000031e-01
2.715313100000000257e-01
2.709887899999999794e-01
2.704473399999999805e-01
2.699070000000000080e-01
2.693677199999999772e-01
2.688295199999999885e-01
2.682923999999999864e-01
2.677563399999999816e-01
2.672213600000000189e-01
2.666874499999999926e-01
2.661546200000000084e-01
2.656228500000000214e-01
2.650921299999999814e-01
2.645624899999999835e-01
2.640338799999999986e-01
2.635063200000000161e-01
2.629798700000000045e-01
2.624544200000000216e-01
2.619300199999999856e-01
2.614066899999999971e-01
2.608844000000000163e-01
2.603631599999999824e-01
2.598429600000000117e-01
2.593237800000000037e-01
2.588056599999999929e-01
2.582885600000000004e-01
2.577725100000000102e-01
2.572574599999999934e-01
2.567434599999999789e-01
2.562305000000000277e-01
2.557185599999999837e-01
2.552076300000000186e-01
2.546977100000000216e-01
2.541888400000000270e-01
2.536809700000000056e-01
2.531741000000000130e-01
2.526682599999999779e-01
2.521634400000000165e-01
2.516595999999999833e-01
2.511568100000000081e-01
2.506550000000000167e-01
2.501541700000000090e-01
2.496543699999999866e-01
2.491555500000000034e-01
2.486577500000000107e-01
2.481609300000000018e-01
2.476650900000000044e-01
2.471702500000000080e-01
2.466764200000000073e-01
2.461835599999999957e-01
2.456916899999999904e-01
2.452007800000000071e-01
2.447108799999999917e-01
2.442219399999999985e-01
2.437339900000000115e-01
2.432469999999999910e-01
2.427610000000000046e-01
2.422759700000000072e-01
2.417918900000000093e-01
2.413087899999999952e-01
2.408266500000000032e-01
2.403454899999999950e-01
2.398652699999999915e-01
2.393860200000000049e-01
2.389077199999999901e-01
2.384303999999999868e-01
2.379540099999999936e-01
2.374785799999999947e-01
2.370040999999999953e-01
2.365305600000000008e-01
2.360579700000000059e-01
2.355863300000000105e-01
2.351156299999999921e-01
2.346458600000000116e-01
2.341770400000000030e-01
2.337091599999999991e-01
2.332422000000000106e-01
2.327761799999999992e-01
2.323110999999999926e-01
2.318469400000000014e-01
2.313837099999999924e-01
2.309213999999999989e-01
2.304600199999999877e-01
2.299995699999999865e-01
2.295400200000000113e-01
2.290814100000000131e-01
2.286237000000000130e-01
2.281669100000000006e-01
2.277110400000000034e-01
2.272560600000000097e-01
2.268020099999999983e-01
2.263488600000000128e-01
2.258966099999999977e-01
2.254452700000000032e-01
2.249948200000000120e-01
2.245452900000000085e-01
2.240966400000000136e-01
2.236489100000000063e-01
2.232020500000000129e-01
2.227560899999999899e-01
2.223110199999999981e-01
2.218668500000000043e-01
2.214235499999999968e-01
2.209811499999999873e-01
2.205396299999999865e-01
2.200989899999999944e-01
2.196592400000000056e-01
2.192203600000000030e-01
2.187823499999999866e-01
2.183452200000000065e-01
2.179089800000000021e-01
2.174735999999999891e-01
2.170390799999999953e-01
2.166054400000000102e-01
2.161726499999999940e-01
2.157407399999999864e-01
2.153096899999999980e-01
2.148795000000000011e-01
2.144501699999999955e-01
2.140217000000000092e-01
2.135940799999999917e-01
2.131673199999999935e-01
2.127414199999999866e-01
2.123163600000000095e-01
2.118921400000000066e-01
2.114687899999999898e-01
2.110462800000000028e-01
2.106246099999999899e-01
2.102037800000000067e-01
2.097837899999999978e-01
2.093646399999999907e-01
2.089463300000000134e-01
2.085288499999999878e-01
2.081122099999999919e-01
2.076964099999999980e-01
2.072814299999999887e-01
2.068672799999999867e-01
2.064539499999999972e-01
2.060414600000000096e-01
2.056298000000000015e-01
2.052189399999999886e-01
2.048089200000000054e-01
2.043996999999999897e-01
2.039913100000000090e-01
2.035837299999999905e-01
2.031769800000000070e-01
2.027710400000000135e-01
2.023658899999999927e-01
2.019615600000000122e-01
2.015580499999999886e-01
2.011553299999999933e-01
2.007534199999999880e-01
2.003523299999999951e-01
1.999520200000000081e-01
1.995525099999999885e-01
1.991538099999999867e-01
1.987558899999999906e-01
1.983587699999999898e-01
1.979624600000000068e-01
1.975669300000000017e-01
1.971721899999999972e-01
1.967782399999999932e-01
1.963850900000000121e-01
1.959926899999999972e-01
1.956011099999999947e-01
1.952102900000000085e-01
1.948202699999999898e-01
1.944310099999999875e-01
1.940425299999999909e-01
1.936548499999999895e-01
1.932679300000000044e-01
1.928817800000000027e-01
1.924963899999999895e-01
1.921117900000000045e-01
1.917279500000000081e-01
1.913448700000000002e-01
1.909625699999999981e-01
1.905810199999999899e-01
1.902002399999999926e-01
1.898202200000000117e-01
1.894409699999999863e-01
1.890624599999999877e-01
1.886847000000000107e-01
1.883077200000000118e-01
1.879314800000000119e-01
1.875559800000000110e-01
1.871812499999999935e-01
1.868072600000000028e-01
1.864340300000000006e-01
1.860615300000000027e-01
1.856897799999999987e-01
1.853187699999999938e-01
1.849484999999999879e-01
1.845789700000000089e-01
1.842101800000000011e-01
1.838421399999999872e-01
1.834748099999999882e-01
1.831082400000000054e-01
1.827423900000000045e-01
1.823772600000000133e-01
1.820128699999999933e-01
1.816492100000000054e-01
1.812862799999999941e-01
1.809240699999999924e-01
1.805625899999999950e-01
1.802018099999999901e-01
1.798417700000000119e-01
1.794824499999999878e-01
1.791238300000000117e-01
1.787659500000000068e-01
1.784087699999999943e-01
1.780523199999999862e-01
1.776965699999999981e-01
1.773415399999999920e-01
1.769872000000000112e-01
1.766335800000000122e-01
1.762806600000000057e-01
1.759284600000000087e-01
1.755769600000000041e-01
1.752261499999999972e-01
1.748760500000000051e-01
1.745266500000000054e-01
1.741779400000000033e-01
1.738299299999999936e-01
1.734826100000000093e-01
1.731360000000000121e-01
1.727900800000000126e-01
1.724448399999999881e-01
1.721002899999999891e-01
1.717564299999999877e-01
1.714132700000000065e-01
1.710707800000000056e-01
1.707289800000000024e-01
1.703878600000000021e-01
1.700474299999999994e-01
1.697076700000000049e-01
1.693685900000000133e-01
1.690301999999999916e-01
1.686924800000000058e-01
1.683554399999999951e-01
1.680190599999999979e-01
1.676833600000000035e-01
1.673483299999999896e-01
1.670139599999999891e-01
1.666802599999999968e-01
1.663472400000000073e-01
1.660148800000000036e-01
1.656831800000000132e-01
1.653521500000000033e-01
1.650217800000000068e-01
1.646920600000000012e-01
1.643630000000000091e-01
1.640346099999999974e-01
1.637068700000000043e-01
1.633797700000000075e-01
1.630533500000000136e-01
1.627275599999999933e-01
1.624024400000000090e-01
1.620779499999999984e-01
1.617541200000000012e-01
1.614309399999999950e-01
1.611084000000000127e-01
1.607865099999999936e-01
1.604652599999999985e-01
1.601446400000000048e-01
1.598246700000000020e-01
1.595053399999999955e-01
1.591866500000000129e-01
1.588685999999999987e-01
1.585511699999999913e-01
1.582343900000000025e-01
1.579182399999999875e-01
1.576027100000000070e-01
1.572878199999999949e-01
1.569735700000000067e-01
1.566599300000000028e-01
1.563469299999999951e-01
1.560345399999999993e-01
1.557227800000000051e-01
1.554116500000000123e-01
1.551011399999999985e-01
1.547912499999999913e-01
1.544819799999999910e-01
1.541733100000000078e-01
1.538652799999999932e-01
1.535578499999999957e-01
1.532510499999999998e-01
1.529448499999999933e-01
1.526392699999999936e-01
1.523343000000000058e-01
1.520299300000000076e-01
1.517261699999999935e-01
1.514230199999999915e-01
1.511204800000000015e-01
1.508185400000000009e-01
1.505172100000000124e-01
1.502164800000000133e-01
1.499163400000000090e-01
1.496168099999999890e-01
1.493178799999999862e-01
1.490195400000000059e-01
1.487217999999999873e-01
1.484246600000000138e-01
1.481280899999999900e-01
1.478321400000000008e-01
1.475367700000000115e-01
1.472419899999999893e-01
1.469477999999999895e-01
1.466542000000000123e-01
1.463611900000000021e-01
1.460687499999999972e-01
1.457769100000000095e-01
1.454856399999999994e-01
1.451949600000000118e-01
1.449048699999999912e-01
1.446153400000000089e-01
1.443263999999999936e-01
1.440380400000000061e-01
1.437502499999999961e-01
1.434630299999999914e-01
1.431763899999999867e-01
1.428903300000000098e-01
1.426048400000000105e-01
1.423199199999999887e-01
1.420355600000000051e-01
1.417517699999999992e-01
1.414685499999999985e-01
1.411858900000000083e-01
1.409037999999999957e-01
1.406222699999999937e-01
1.403413099999999969e-01
1.400609200000000054e-01
1.397810700000000073e-01
1.395018000000000091e-01
1.392230700000000043e-01
1.389448899999999876e-01
1.386672899999999986e-01
1.383902300000000030e-01
1.381137199999999954e-01
1.378377699999999983e-01
1.375623599999999946e-01
1.372875299999999910e-01
1.370132300000000136e-01
1.367394600000000071e-01
1.364662600000000059e-01
1.361935999999999980e-01
1.359214900000000059e-01
1.356499200000000072e-01
1.353788800000000070e-01
1.351083999999999896e-01
1.348384499999999986e-01
1.345690499999999956e-01
1.343001699999999965e-01
1.340318500000000079e-01
1.337640400000000007e-01
1.334967900000000041e-01
1.332300600000000113e-01
1.329638700000000118e-01
1.326982100000000109e-01
1.324330700000000138e-01
1.321684700000000101e-01
1.319043900000000102e-01
1.316408500000000037e-01
1.313778300000000010e-01
1.311153499999999916e-01
1.308533699999999966e-01
1.305919299999999950e-01
1.303310099999999971e-01
1.300706100000000032e-01
1.298107199999999906e-01
1.295513699999999990e-01
1.292925199999999941e-01
1.290341899999999931e-01
1.287763899999999906e-01
1.285190900000000025e-01
1.282623099999999905e-01
1.280060399999999876e-01
1.277502799999999938e-01
1.274950400000000039e-01
1.272403000000000006e-01
1.269860700000000064e-01
1.267323499999999936e-01
1.264791500000000124e-01
1.262264399999999953e-01
1.259742399999999873e-01
1.257225399999999937e-01
1.254713500000000093e-01
1.252206600000000114e-01
1.249704700000000002e-01
1.247207699999999947e-01
1.244715799999999983e-01
1.242228799999999939e-01
1.239746899999999985e-01
1.237269899999999950e-01
1.234797799999999973e-01
1.232330700000000001e-01
1.229868499999999948e-01
1.227411199999999952e-01
1.224958800000000014e-01
1.222511399999999943e-01
1.220068799999999981e-01
1.217631099999999938e-01
1.215198299999999954e-01
1.212770299999999940e-01
1.210347199999999984e-01
1.207928900000000000e-01
1.205515399999999987e-01
1.203106800000000032e-01
1.200703000000000048e-01
1.198304000000000036e-01
1.195909799999999995e-01
1.193520400000000065e-01
1.191135700000000019e-01
1.188755900000000032e-01
1.186380699999999982e-01
1.184010300000000043e-01
1.181644599999999989e-01
1.179283700000000046e-01
1.176927499999999988e-01
1.174575999999999953e-01
1.172229199999999943e-01
1.169887099999999958e-01
1.167549600000000048e-01
1.165216899999999972e-01
1.162888799999999973e-01
1.160565300000000050e-01
1.158246500000000012e-01
1.155932300000000051e-01
1.153622799999999976e-01
1.151317800000000030e-01
1.149017499999999969e-01
1.146721799999999986e-01
1.144430599999999992e-01
1.142144100000000023e-01
1.139861999999999959e-01
1.137584600000000057e-01
1.135311700000000007e-01
1.133043299999999948e-01
1.130779499999999965e-01
1.128520199999999973e-01
1.126265500000000058e-01
1.124015200000000048e-01
1.121769400000000028e-01
1.119528000000000051e-01
1.117291200000000012e-01
1.115058899999999964e-01
1.112830999999999959e-01
1.110607599999999945e-01
1.108388599999999974e-01
1.106174000000000046e-01
1.103963899999999970e-01
1.101758199999999938e-01
1.099556800000000001e-01
1.097360000000000002e-01
1.095167400000000013e-01
1.092979200000000067e-01
1.090795499999999973e-01
1.088616099999999975e-01
1.086440999999999935e-01
1.084270299999999937e-01
1.082103900000000035e-01
1.079941900000000038e-01
1.077784199999999998e-01
1.075630800000000054e-01
1.073481700000000066e-01
1.071336799999999950e-01
1.069196300000000016e-01
1.067059999999999953e-01
1.064927999999999986e-01
1.062800299999999976e-01
1.060676900000000061e-01
1.058557599999999932e-01
1.056442600000000037e-01
1.054331800000000013e-01
1.052225299999999947e-01
1.050122899999999942e-01
1.048024699999999948e-01
1.045930800000000049e-01
1.043840999999999936e-01
1.041755500000000056e-01
1.039674099999999962e-01
1.037596800000000069e-01
1.035523599999999961e-01
1.033454699999999948e-01
1.031389800000000051e-01
1.029329100000000025e-01
1.027272500000000061e-01
1.025220000000000020e-01
1.023171600000000042e-01
1.021127299999999988e-01
1.019087099999999996e-01
1.017051000000000066e-01
1.015018899999999974e-01
1.012990899999999944e-01
1.010966900000000029e-01
1.008947000000000038e-01
1.006931100000000023e-01
1.004919299999999932e-01
1.002911499999999956e-01
1.000907600000000008e-01
9.989078299999999688e-02
9.969119699999999529e-02
9.949202099999999993e-02
9.929323199999999516e-02
9.909484500000000085e-02
9.889685400000000626e-02
9.869925699999999857e-02
9.850205500000000503e-02
9.830524799999999785e-02
9.810883600000000482e-02
9.791281100000000237e-02
9.771718100000000018e-02
9.752194599999999824e-02
9.732709800000000078e-02
9.713263799999999337e-02
9.693856500000000431e-02
9.674488000000000532e-02
9.655158199999999691e-02
9.635867200000000632e-02
9.616614900000000632e-02
9.597400600000000059e-02
9.578224999999999933e-02
9.559088200000000202e-02
9.539988600000000318e-02
9.520927799999999441e-02
9.501904999999999379e-02
9.482920200000000133e-02
9.463973300000000366e-02
9.445064499999999974e-02
9.426192899999999431e-02
9.407359399999999650e-02
9.388563799999999349e-02
9.369805500000000231e-02
9.351084399999999575e-02
9.332401299999999733e-02
9.313754700000000109e-02
9.295146199999999859e-02
9.276574099999999878e-02
9.258039299999999694e-02
9.239541699999999358e-02
9.221081400000000206e-02
9.202657599999999882e-02
9.184271099999999355e-02
9.165920299999999465e-02
9.147606799999999372e-02
9.129330500000000514e-02
9.111089999999999467e-02
9.092886000000000024e-02
9.074718499999999410e-02
9.056586799999999382e-02
9.038491499999999623e-02
9.020432800000000029e-02
9.002409899999999632e-02
8.984423399999999504e-02
8.966472000000000331e-02
8.948557099999999986e-02
8.930677900000000280e-02
8.912834499999999771e-02
8.895026899999999848e-02
8.877254299999999543e-02
8.859517399999999876e-02
8.841816299999999407e-02
8.824150299999999891e-02
8.806519999999999626e-02
8.788923899999999401e-02
8.771363599999999761e-02
8.753839099999999318e-02
8.736348900000000250e-02
8.718893699999999414e-02
8.701472700000000005e-02
8.684087499999999793e-02
8.666736599999999568e-02
8.649420700000000350e-02
8.632139099999999732e-02
8.614891800000000488e-02
8.597679399999999528e-02
8.580501399999999890e-02
8.563357600000000291e-02
8.546248100000000680e-02
8.529172100000000090e-02
8.512131100000000505e-02
8.495123699999999889e-02
8.478150499999999312e-02
8.461210900000000479e-02
8.444305500000000297e-02
8.427433700000000472e-02
8.410596100000000686e-02
8.393791300000000288e-02
8.377020799999999878e-02
8.360283100000000245e-02
8.343579600000000651e-02
8.326908900000000446e-02
8.310271800000000597e-02
8.293668199999999768e-02
8.277097299999999769e-02
8.260559300000000493e-02
8.244054800000000238e-02
8.227582999999999425e-02
8.211144800000000354e-02
8.194738599999999706e-02
8.178365199999999835e-02
8.162025400000000319e-02
8.145717500000000666e-02
8.129442500000000349e-02
8.113199499999999842e-02
8.096989200000000164e-02
8.080811799999999823e-02
8.064666400000000679e-02
8.048552999999999957e-02
8.032471700000000381e-02
8.016423100000000246e-02
8.000406599999999868e-02
7.984421399999999669e-02
7.968468200000000667e-02
7.952547799999999667e-02
7.936658700000000233e-02
7.920800899999999589e-02
7.904975100000000143e-02
7.889180599999999488e-02
7.873418199999999978e-02
7.857686999999999311e-02
7.841987899999999789e-02
7.826319299999999479e-02
7.810682100000000683e-02
7.795076800000000361e-02
7.779502100000000586e-02
7.763958699999999602e-02
7.748445900000000552e-02
7.732965099999999925e-02
7.717514000000000318e-02
7.702094299999999449e-02
7.686705900000000147e-02
7.671348000000000056e-02
7.656020700000000512e-02
7.640723900000000179e-02
7.625457600000000447e-02
7.610221999999999820e-02
7.595016799999999846e-02
7.579841499999999399e-02
7.564697400000000571e-02
7.549583199999999883e-02
7.534498700000000215e-02
7.519444799999999707e-02
7.504420700000000166e-02
7.489427199999999785e-02
7.474463400000000424e-02
7.459529500000000590e-02
7.444625300000000390e-02
7.429750999999999717e-02
7.414906500000000011e-02
7.400091000000000308e-02
7.385306099999999763e-02
7.370550200000000607e-02
7.355823400000000012e-02
7.341126400000000385e-02
7.326459100000000391e-02
7.311821000000000292e-02
7.297211900000000195e-02
7.282631800000000100e-02
7.268080899999999900e-02
7.253559699999999333e-02
7.239066800000000523e-02
7.224603000000000275e-02
7.210168200000000027e-02
7.195762499999999728e-02
7.181385199999999747e-02
7.167036799999999819e-02
7.152717599999999787e-02
7.138425900000000546e-02
7.124163999999999497e-02
7.109929600000000627e-02
7.095723600000000686e-02
7.081546599999999358e-02
7.067397999999999736e-02
7.053276899999999516e-02
7.039184900000000633e-02
7.025120399999999765e-02
7.011084300000000602e-02
6.997077200000000052e-02
6.983116300000000165e-02
6.971492599999999651e-02
8.251043399999999362e-02
