1.011000000000000000e+03
0.000000000000000000e+00
2.020000100000000032e+01
9.600540999999999936e-02
1.312056900000000137e-01
1.649808100000000055e-01
1.973667400000000127e-01
2.284206400000000081e-01
2.581973100000000132e-01
2.867492099999999766e-01
3.141267899999999891e-01
3.403783400000000015e-01
3.655501299999999731e-01
3.896866099999999888e-01
4.128303500000000126e-01
4.350221799999999805e-01
4.563012699999999811e-01
4.767050099999999846e-01
4.962684199999999879e-01
5.150133999999999546e-01
5.328345899999999968e-01
5.485314700000000210e-01
5.573163599999999551e-01
5.586351800000000090e-01
5.578581099999999626e-01
5.567844499999999863e-01
5.556761000000000061e-01
5.545661400000000407e-01
5.534581499999999821e-01
5.523523700000000369e-01
5.512487900000000440e-01
5.501473500000000350e-01
5.490481900000000470e-01
5.479511599999999927e-01
5.468563400000000518e-01
5.457637300000000025e-01
5.446733200000000163e-01
5.435850599999999533e-01
5.424989500000000353e-01
5.414150399999999586e-01
5.403333299999999451e-01
5.392537099999999972e-01
5.381763000000000519e-01
5.371010299999999793e-01
5.360279100000000518e-01
5.349569299999999972e-01
5.338880400000000082e-01
5.328213600000000216e-01
5.317567600000000505e-01
5.306943100000000024e-01
5.296340000000000492e-01
5.285757800000000506e-01
5.275197000000000358e-01
5.264657099999999756e-01
5.254138099999999811e-01
5.243640499999999705e-01
5.233163800000000254e-01
5.222708000000000350e-01
5.212272999999999490e-01
5.201858900000000396e-01
5.191465600000000347e-01
5.181092600000000159e-01
5.170741100000000312e-01
5.160409799999999825e-01
5.150099399999999994e-01
5.139809300000000025e-01
5.129540000000000211e-01
5.119291500000000550e-01
5.109062800000000459e-01
5.098854900000000523e-01
5.088667300000000449e-01
5.078500500000000528e-01
5.068353399999999676e-01
5.058227199999999479e-01
5.048120600000000069e-01
5.038034300000000520e-01
5.027968299999999724e-01
5.017922500000000507e-01
5.007896400000000359e-01
4.997890899999999914e-01
4.987905000000000255e-01
4.977939399999999903e-01
4.967993499999999729e-01
4.958067199999999786e-01
4.948160899999999862e-01
4.938274599999999959e-01
4.928408000000000233e-01
4.918561000000000183e-01
4.908733699999999756e-01
4.898926000000000114e-01
4.889138000000000095e-01
4.879369399999999857e-01
4.869620499999999796e-01
4.859890900000000125e-01
4.850181000000000076e-01
4.840490199999999965e-01
4.830819100000000033e-01
4.821167000000000091e-01
4.811534299999999931e-01
4.801921000000000106e-01
4.792326700000000272e-01
4.782751499999999822e-01
4.773195700000000263e-01
4.763658599999999743e-01
4.754141000000000061e-01
4.744642099999999973e-01
4.735162299999999824e-01
4.725701500000000221e-01
4.716259500000000160e-01
4.706836300000000195e-01
4.697432200000000169e-01
4.688046599999999842e-01
4.678680000000000061e-01
4.669331899999999980e-01
4.660002599999999995e-01
4.650692000000000159e-01
4.641399700000000128e-01
4.632126400000000088e-01
4.622871299999999906e-01
4.613634899999999872e-01
4.604416800000000198e-01
4.595217100000000277e-01
4.586035900000000054e-01
4.576872900000000244e-01
4.567728300000000186e-01
4.558601999999999932e-01
4.549494099999999985e-01
4.540404100000000054e-01
4.531332299999999980e-01
4.522278599999999815e-01
4.513243100000000063e-01
4.504225900000000116e-01
4.495226099999999891e-01
4.486244899999999869e-01
4.477281300000000019e-01
4.468335800000000080e-01
4.459407899999999758e-01
4.450497900000000007e-01
4.441605800000000270e-01
4.432731599999999994e-01
4.423874899999999943e-01
4.415036099999999908e-01
4.406214999999999993e-01
4.397411299999999801e-01
4.388625299999999729e-01
4.379856599999999989e-01
4.371105699999999761e-01
4.362372199999999811e-01
4.353656200000000087e-01
4.344957799999999981e-01
4.336276399999999809e-01
4.327612499999999862e-01
4.318966000000000194e-01
4.310336699999999799e-01
4.301724399999999893e-01
4.293129700000000160e-01
4.284551999999999805e-01
4.275991599999999782e-01
4.267448200000000247e-01
4.258921700000000143e-01
4.250412299999999921e-01
4.241920100000000082e-01
4.233444599999999780e-01
4.224986099999999967e-01
4.216544600000000087e-01
4.208120100000000141e-01
4.199712299999999732e-01
4.191321100000000022e-01
4.182947000000000193e-01
4.174589499999999953e-01
4.166248399999999963e-01
4.157924399999999854e-01
4.149616999999999889e-01
4.141326000000000174e-01
4.133051600000000048e-01
4.124793700000000118e-01
4.116552499999999726e-01
4.108327600000000190e-01
4.100119199999999742e-01
4.091927100000000150e-01
4.083751400000000253e-01
4.075591900000000156e-01
4.067449000000000203e-01
4.059322200000000103e-01
4.051211800000000252e-01
4.043117500000000253e-01
4.035039200000000159e-01
4.026977099999999865e-01
4.018931399999999821e-01
4.010901499999999786e-01
4.002887600000000212e-01
3.994889899999999883e-01
3.986908200000000013e-01
3.978942300000000154e-01
3.970992300000000252e-01
3.963058300000000256e-01
3.955140100000000269e-01
3.947237699999999738e-01
3.939351099999999772e-01
3.931480299999999817e-01
3.923625099999999977e-01
3.915785800000000094e-01
3.907961799999999930e-01
3.900153900000000173e-01
3.892361200000000188e-01
3.884584300000000212e-01
3.876822899999999850e-01
3.869077300000000053e-01
3.861346800000000079e-01
3.853631599999999824e-01
3.845932200000000134e-01
3.838248000000000215e-01
3.830579199999999962e-01
3.822925699999999982e-01
3.815287399999999773e-01
3.807664499999999785e-01
3.800056900000000071e-01
3.792464099999999783e-01
3.784886900000000165e-01
3.777324599999999921e-01
3.769777699999999898e-01
3.762245499999999909e-01
3.754728700000000141e-01
3.747226599999999852e-01
3.739739699999999889e-01
3.732267599999999907e-01
3.724810499999999802e-01
3.717368500000000076e-01
3.709941199999999828e-01
3.702528800000000064e-01
3.695130899999999885e-01
3.687748000000000137e-01
3.680379999999999763e-01
3.673026600000000030e-01
3.665687699999999882e-01
3.658363800000000166e-01
3.651054499999999980e-01
3.643759500000000040e-01
3.636479400000000028e-01
3.629213600000000262e-01
3.621962400000000026e-01
3.614725799999999878e-01
3.607503499999999974e-01
3.600295800000000157e-01
3.593102400000000030e-01
3.585923300000000147e-01
3.578758799999999796e-01
3.571608399999999794e-01
3.564472200000000091e-01
3.557350300000000076e-01
3.550242800000000254e-01
3.543149500000000174e-01
3.536070299999999889e-01
3.529005100000000006e-01
3.521954099999999865e-01
3.514917200000000075e-01
3.507894599999999974e-01
3.500885699999999878e-01
3.493891100000000027e-01
3.486910200000000182e-01
3.479943300000000184e-01
3.472990400000000033e-01
3.466051199999999888e-01
3.459126100000000092e-01
3.452214900000000197e-01
3.445317399999999752e-01
3.438433699999999815e-01
3.431563699999999884e-01
3.424707399999999957e-01
3.417864700000000089e-01
3.411035800000000173e-01
3.404220600000000263e-01
3.397418899999999908e-01
3.390630800000000167e-01
3.383856399999999875e-01
3.377095500000000250e-01
3.370347899999999730e-01
3.363614100000000273e-01
3.356893699999999869e-01
3.350186299999999839e-01
3.343492699999999762e-01
3.336812599999999795e-01
3.330145500000000203e-01
3.323491800000000218e-01
3.316851599999999789e-01
3.310224399999999734e-01
3.303610699999999789e-01
3.297010100000000166e-01
3.290422599999999753e-01
3.283848500000000059e-01
3.277287199999999734e-01
3.270739300000000127e-01
3.264204299999999837e-01
3.257682299999999920e-01
3.251173500000000272e-01
3.244677799999999834e-01
3.238194899999999876e-01
3.231724799999999842e-01
3.225267800000000129e-01
3.218823699999999732e-01
3.212392600000000265e-01
3.205974100000000271e-01
3.199568700000000043e-01
3.193175799999999898e-01
3.186796000000000073e-01
3.180428699999999775e-01
3.174074299999999904e-01
3.167732400000000115e-01
3.161403199999999747e-01
3.155086899999999805e-01
3.148782800000000104e-01
3.142491600000000274e-01
3.136212800000000023e-01
3.129946900000000198e-01
3.123693200000000059e-01
3.117452000000000001e-01
3.111223300000000025e-01
3.105007100000000131e-01
3.098803199999999869e-01
3.092612000000000139e-01
3.086432800000000198e-01
3.080266099999999785e-01
3.074111600000000166e-01
3.067969700000000022e-01
3.061839900000000170e-01
3.055722399999999950e-01
3.049617099999999970e-01
3.043523699999999832e-01
3.037442899999999724e-01
3.031374199999999908e-01
3.025317499999999882e-01
3.019272700000000254e-01
3.013240400000000152e-01
3.007219700000000051e-01
3.001211300000000137e-01
2.995215099999999908e-01
2.989230500000000235e-01
2.983258100000000246e-01
2.977297600000000100e-01
2.971348799999999901e-01
2.965412099999999995e-01
2.959487100000000037e-01
2.953574099999999869e-01
2.947672900000000151e-01
2.941783399999999826e-01
2.935905799999999899e-01
2.930039799999999972e-01
2.924185699999999888e-01
2.918342899999999962e-01
2.912512099999999826e-01
2.906692900000000246e-01
2.900885300000000111e-01
2.895089399999999924e-01
2.889305099999999737e-01
2.883532300000000159e-01
2.877771000000000079e-01
2.872021200000000052e-01
2.866282800000000131e-01
2.860555900000000262e-01
2.854840499999999892e-01
2.849136600000000130e-01
2.843443999999999972e-01
2.837762799999999919e-01
2.832092900000000024e-01
2.826434400000000235e-01
2.820787100000000103e-01
2.815151200000000076e-01
2.809526600000000207e-01
2.803913100000000047e-01
2.798310800000000098e-01
2.792719900000000255e-01
2.787140000000000173e-01
2.781571400000000249e-01
2.776013900000000034e-01
2.770467400000000135e-01
2.764931899999999998e-01
2.759407500000000124e-01
2.753894299999999906e-01
2.748391900000000110e-01
2.742900600000000022e-01
2.737420500000000145e-01
2.731950899999999738e-01
2.726492600000000044e-01
2.721045000000000269e-01
2.715608500000000203e-01
2.710182700000000056e-01
2.704767599999999828e-01
2.699363499999999916e-01
2.693970199999999870e-01
2.688587599999999744e-01
2.683215700000000092e-01
2.677854900000000149e-01
2.672504499999999727e-01
2.667164799999999780e-01
2.661835799999999752e-01
2.656517299999999748e-01
2.651209500000000219e-01
2.645912500000000001e-01
2.640626099999999754e-01
2.635349900000000245e-01
2.630084500000000047e-01
2.624829699999999821e-01
2.619585400000000175e-01
2.614351200000000208e-01
2.609127800000000108e-01
2.603914700000000138e-01
2.598712100000000191e-01
2.593520000000000270e-01
2.588338000000000028e-01
2.583166700000000260e-01
2.578005500000000172e-01
2.572854500000000266e-01
2.567713899999999883e-01
2.562583700000000131e-01
2.557463600000000059e-01
2.552353700000000170e-01
2.547254299999999749e-01
2.542164900000000172e-01
2.537085700000000221e-01
2.532016300000000109e-01
2.526957400000000020e-01
2.521908600000000167e-01
2.516869899999999993e-01
2.511841100000000160e-01
2.506822300000000059e-01
2.501813800000000088e-01
2.496815199999999901e-01
2.491826600000000003e-01
2.486847899999999889e-01
2.481879100000000116e-01
2.476920300000000075e-01
2.471971500000000044e-01
2.467032500000000128e-01
2.462103399999999997e-01
2.457184000000000035e-01
2.452274600000000082e-01
2.447374900000000020e-01
2.442485100000000020e-01
2.437604999999999911e-01
2.432734699999999917e-01
2.427874100000000090e-01
2.423023099999999930e-01
2.418182000000000109e-01
2.413350499999999954e-01
2.408528600000000019e-01
2.403716300000000028e-01
2.398913699999999927e-01
2.394120700000000046e-01
2.389337300000000108e-01
2.384563199999999994e-01
2.379798899999999995e-01
2.375044099999999991e-01
2.370298799999999984e-01
2.365562900000000024e-01
2.360836600000000007e-01
2.356119600000000092e-01
2.351411999999999947e-01
2.346713800000000127e-01
2.342025199999999974e-01
2.337345799999999973e-01
2.332675800000000021e-01
2.328015099999999893e-01
2.323363699999999865e-01
2.318721599999999938e-01
2.314088800000000112e-01
2.309465300000000110e-01
2.304850999999999983e-01
2.300245900000000010e-01
2.295649899999999966e-01
2.291063200000000022e-01
2.286485699999999954e-01
2.281917300000000093e-01
2.277357999999999882e-01
2.272807799999999878e-01
2.268266800000000027e-01
2.263734799999999880e-01
2.259211799999999992e-01
2.254697999999999980e-01
2.250193100000000002e-01
2.245697100000000057e-01
2.241210200000000041e-01
2.236732200000000059e-01
2.232263200000000058e-01
2.227803200000000039e-01
2.223352000000000106e-01
2.218909900000000102e-01
2.214476499999999959e-01
2.210051899999999903e-01
2.205636199999999880e-01
2.201229299999999944e-01
2.196831300000000042e-01
2.192442000000000002e-01
2.188061500000000048e-01
2.183689799999999903e-01
2.179326699999999950e-01
2.174972400000000083e-01
2.170626800000000078e-01
2.166289999999999882e-01
2.161961599999999983e-01
2.157642100000000118e-01
2.153331199999999890e-01
2.149028799999999906e-01
2.144735000000000114e-01
2.140449899999999905e-01
2.136173199999999994e-01
2.131905099999999997e-01
2.127645599999999915e-01
2.123394600000000076e-01
2.119151900000000033e-01
2.114917900000000128e-01
2.110692299999999966e-01
2.106475100000000100e-01
2.102266399999999924e-01
2.098066100000000045e-01
2.093874199999999908e-01
2.089690600000000120e-01
2.085515400000000075e-01
2.081348399999999876e-01
2.077189999999999870e-01
2.073039700000000041e-01
2.068897799999999954e-01
2.064764199999999938e-01
2.060638800000000048e-01
2.056521600000000005e-01
2.052412600000000087e-01
2.048311999999999911e-01
2.044219399999999964e-01
2.040135100000000090e-01
2.036058900000000116e-01
2.031990700000000094e-01
2.027930900000000092e-01
2.023879100000000042e-01
2.019835399999999892e-01
2.015799699999999972e-01
2.011772099999999952e-01
2.007752700000000057e-01
2.003741099999999942e-01
1.999737600000000004e-01
1.995742199999999966e-01
1.991754799999999881e-01
1.987775099999999906e-01
1.983803700000000003e-01
1.979839999999999933e-01
1.975884300000000093e-01
1.971936400000000034e-01
1.967996499999999926e-01
1.964064399999999877e-01
1.960140200000000110e-01
1.956223800000000124e-01
1.952315299999999865e-01
1.948414599999999941e-01
1.944521700000000075e-01
1.940636500000000042e-01
1.936759100000000067e-01
1.932889499999999872e-01
1.929027600000000064e-01
1.925173400000000090e-01
1.921326800000000001e-01
1.917487999999999970e-01
1.913656900000000050e-01
1.909833400000000014e-01
1.906017499999999865e-01
1.902209400000000050e-01
1.898408699999999949e-01
1.894615699999999958e-01
1.890830199999999905e-01
1.887052399999999963e-01
1.883282099999999959e-01
1.879519199999999945e-01
1.875764000000000042e-01
1.872016200000000130e-01
1.868275899999999878e-01
1.864543100000000120e-01
1.860817700000000074e-01
1.857099799999999967e-01
1.853389300000000128e-01
1.849686200000000003e-01
1.845990600000000093e-01
1.842302200000000001e-01
1.838621300000000125e-01
1.834947799999999962e-01
1.831281499999999896e-01
1.827622700000000044e-01
1.823971000000000064e-01
1.820326700000000075e-01
1.816689700000000129e-01
1.813059900000000002e-01
1.809437399999999918e-01
1.805822300000000102e-01
1.802214199999999933e-01
1.798613400000000084e-01
1.795019700000000107e-01
1.791433199999999948e-01
1.787854000000000110e-01
1.784281899999999865e-01
1.780716800000000100e-01
1.777159000000000100e-01
1.773608200000000024e-01
1.770064500000000096e-01
1.766527900000000040e-01
1.762998400000000132e-01
1.759475899999999871e-01
1.755960599999999983e-01
1.752452100000000124e-01
1.748950599999999911e-01
1.745456300000000072e-01
1.741968799999999984e-01
1.738488400000000045e-01
1.735014900000000082e-01
1.731548300000000096e-01
1.728088700000000033e-01
1.724635999999999947e-01
1.721190200000000114e-01
1.717751200000000034e-01
1.714319099999999929e-01
1.710894000000000026e-01
1.707475599999999927e-01
1.704064000000000134e-01
1.700659200000000093e-01
1.697261300000000028e-01
1.693870299999999940e-01
1.690485899999999986e-01
1.687108300000000061e-01
1.683737499999999887e-01
1.680373400000000073e-01
1.677016000000000062e-01
1.673665300000000133e-01
1.670321399999999956e-01
1.666983999999999966e-01
1.663653400000000004e-01
1.660329399999999900e-01
1.657012099999999877e-01
1.653701399999999988e-01
1.650397200000000009e-01
1.647099700000000111e-01
1.643808800000000070e-01
1.640524600000000111e-01
1.637246800000000113e-01
1.633975500000000025e-01
1.630710800000000071e-01
1.627452699999999974e-01
1.624200899999999892e-01
1.620955900000000116e-01
1.617717100000000130e-01
1.614484900000000001e-01
1.611259300000000005e-01
1.608039900000000078e-01
1.604827000000000059e-01
1.601620599999999950e-01
1.598420600000000080e-01
1.595226999999999895e-01
1.592039600000000055e-01
1.588858800000000071e-01
1.585684300000000102e-01
1.582515999999999923e-01
1.579354099999999983e-01
1.576198600000000005e-01
1.573049400000000042e-01
1.569906500000000094e-01
1.566769799999999935e-01
1.563639300000000121e-01
1.560515199999999991e-01
1.557397199999999982e-01
1.554285599999999934e-01
1.551180199999999954e-01
1.548080900000000093e-01
1.544987899999999970e-01
1.541900900000000019e-01
1.538820100000000135e-01
1.535745599999999988e-01
1.532677299999999909e-01
1.529614900000000055e-01
1.526558699999999991e-01
1.523508699999999993e-01
1.520464699999999891e-01
1.517426799999999909e-01
1.514395000000000047e-01
1.511369200000000079e-01
1.508349499999999954e-01
1.505335899999999949e-01
1.502328199999999891e-01
1.499326500000000006e-01
1.496330800000000016e-01
1.493341199999999869e-01
1.490357499999999946e-01
1.487379699999999971e-01
1.484407899999999891e-01
1.481442199999999931e-01
1.478482200000000024e-01
1.475528200000000012e-01
1.472580099999999947e-01
1.469637900000000108e-01
1.466701499999999991e-01
1.463771000000000100e-01
1.460846399999999878e-01
1.457927699999999882e-01
1.455014599999999991e-01
1.452107599999999943e-01
1.449206299999999947e-01
1.446310700000000005e-01
1.443421099999999957e-01
1.440537100000000015e-01
1.437658800000000126e-01
1.434786500000000131e-01
1.431919799999999965e-01
1.429058800000000129e-01
1.426203500000000068e-01
1.423354000000000008e-01
1.420510100000000053e-01
1.417671899999999874e-01
1.414839300000000077e-01
1.412012599999999951e-01
1.409191300000000036e-01
1.406375800000000120e-01
1.403565900000000033e-01
1.400761500000000104e-01
1.397962700000000003e-01
1.395169599999999954e-01
1.392382100000000011e-01
1.389600000000000002e-01
1.386823699999999993e-01
1.384052799999999916e-01
1.381287399999999999e-01
1.378527599999999909e-01
1.375773399999999924e-01
1.373024599999999873e-01
1.370281299999999980e-01
1.367543499999999967e-01
1.364811099999999888e-01
1.362084199999999967e-01
1.359362799999999927e-01
1.356646699999999872e-01
1.353936199999999923e-01
1.351230999999999960e-01
1.348531199999999930e-01
1.345836800000000111e-01
1.343147899999999895e-01
1.340464199999999995e-01
1.337785999999999975e-01
1.335112999999999994e-01
1.332445600000000119e-01
1.329783400000000004e-01
1.327126499999999876e-01
1.324474800000000063e-01
1.321828499999999906e-01
1.319187400000000066e-01
1.316551699999999880e-01
1.313921200000000011e-01
1.311296100000000076e-01
1.308676199999999901e-01
1.306061299999999870e-01
1.303451800000000049e-01
1.300847499999999990e-01
1.298248499999999916e-01
1.295654499999999987e-01
1.293065800000000043e-01
1.290482300000000138e-01
1.287903900000000046e-01
1.285330699999999993e-01
1.282762600000000031e-01
1.280199599999999882e-01
1.277641800000000050e-01
1.275089100000000031e-01
1.272541399999999878e-01
1.269998800000000094e-01
1.267461500000000019e-01
1.264928999999999915e-01
1.262401599999999902e-01
1.259879499999999874e-01
1.257362200000000096e-01
1.254849899999999907e-01
1.252342800000000034e-01
1.249840599999999941e-01
1.247343399999999991e-01
1.244851200000000047e-01
1.242363999999999968e-01
1.239881699999999948e-01
1.237404500000000018e-01
1.234932100000000060e-01
1.232464800000000055e-01
1.230002300000000021e-01
1.227544700000000044e-01
1.225092099999999934e-01
1.222644400000000020e-01
1.220201499999999939e-01
1.217763500000000054e-01
1.215330399999999950e-01
1.212902200000000041e-01
1.210478799999999966e-01
1.208060299999999948e-01
1.205646600000000040e-01
1.203237699999999966e-01
1.200833600000000001e-01
1.198434399999999955e-01
1.196039899999999934e-01
1.193650200000000022e-01
1.191265299999999944e-01
1.188885100000000028e-01
1.186509699999999945e-01
1.184139099999999972e-01
1.181773200000000024e-01
1.179411999999999960e-01
1.177055500000000060e-01
1.174703799999999992e-01
1.172356700000000002e-01
1.170014399999999982e-01
1.167676700000000040e-01
1.165343600000000035e-01
1.163015300000000002e-01
1.160691600000000046e-01
1.158372500000000027e-01
1.156058100000000033e-01
1.153748299999999977e-01
1.151443000000000050e-01
1.149142499999999956e-01
1.146846499999999991e-01
1.144555099999999964e-01
1.142268300000000014e-01
1.139986000000000055e-01
1.137708399999999981e-01
1.135435199999999950e-01
1.133166599999999996e-01
1.130902500000000033e-01
1.128643000000000007e-01
1.126387900000000025e-01
1.124137399999999981e-01
1.121891400000000066e-01
1.119649900000000003e-01
1.117412799999999984e-01
1.115180199999999955e-01
1.112952100000000055e-01
1.110728400000000060e-01
1.108509200000000056e-01
1.106294300000000008e-01
1.104084000000000038e-01
1.101878000000000024e-01
1.099676500000000001e-01
1.097479299999999935e-01
1.095286500000000052e-01
1.093098099999999934e-01
1.090914199999999945e-01
1.088734499999999966e-01
1.086559200000000031e-01
1.084388299999999999e-01
1.082221599999999978e-01
1.080059300000000000e-01
1.077901400000000065e-01
1.075747799999999949e-01
1.073598399999999981e-01
1.071453400000000056e-01
1.069312600000000002e-01
1.067176100000000044e-01
1.065043900000000043e-01
1.062915900000000052e-01
1.060792200000000018e-01
1.058672699999999994e-01
1.056557500000000066e-01
1.054446500000000009e-01
1.052339699999999961e-01
1.050237200000000010e-01
1.048138799999999982e-01
1.046044599999999963e-01
1.043954599999999955e-01
1.041868799999999956e-01
1.039787199999999967e-01
1.037709599999999954e-01
1.035636300000000037e-01
1.033567100000000044e-01
1.031501999999999974e-01
1.029441100000000053e-01
1.027384300000000056e-01
1.025331500000000035e-01
1.023282900000000023e-01
1.021238399999999935e-01
1.019198000000000048e-01
1.017161599999999999e-01
1.015129300000000012e-01
1.013101099999999949e-01
1.011076900000000001e-01
1.009056799999999976e-01
1.007040700000000066e-01
1.005028599999999994e-01
1.003020599999999984e-01
1.001016500000000004e-01
9.990164599999999673e-02
9.970204500000000303e-02
9.950283899999999571e-02
9.930403499999999883e-02
9.910562600000000222e-02
9.890761200000000586e-02
9.870999299999999588e-02
9.851276900000000003e-02
9.831593900000000497e-02
9.811950499999999575e-02
9.792346500000000120e-02
9.772781299999999671e-02
9.753255500000000688e-02
9.733768600000000659e-02
9.714320299999999742e-02
9.694910800000000606e-02
9.675540800000000108e-02
9.656208800000000425e-02
9.636915499999999801e-02
9.617660899999999624e-02
9.598445099999999841e-02
9.579267399999999433e-02
9.560127599999999892e-02
9.541026499999999411e-02
9.521963399999999744e-02
9.502939100000000472e-02
9.483952099999999608e-02
9.465002999999999611e-02
9.446091900000000430e-02
9.427218900000000623e-02
9.408383100000000665e-02
9.389585300000000134e-02
9.370824699999999452e-02
9.352101399999999953e-02
9.333416099999999882e-02
9.314767999999999659e-02
9.296157200000000620e-02
9.277583699999999989e-02
9.259046599999999627e-02
9.240546800000000449e-02
9.222084299999999679e-02
9.203659000000000145e-02
9.185270199999999441e-02
9.166917900000000341e-02
9.148602200000000018e-02
9.130322899999999964e-02
9.112080899999999706e-02
9.093874700000000033e-02
9.075705700000000209e-02
9.057571700000000003e-02
9.039474999999999594e-02
9.021414099999999769e-02
9.003389600000000215e-02
8.985400200000000226e-02
8.967448000000000086e-02
8.949530899999999511e-02
8.931649499999999575e-02
8.913803800000000277e-02
8.895994000000000124e-02
8.878219900000000608e-02
8.860481500000000343e-02
8.842778199999999644e-02
8.825110599999999583e-02
8.807477399999999457e-02
8.789880599999999600e-02
8.772318099999999730e-02
8.754791300000000498e-02
8.737298799999999865e-02
8.719842099999999818e-02
8.702419699999999758e-02
8.685032299999999317e-02
8.667679100000000303e-02
8.650361700000000487e-02
8.633077899999999638e-02
8.615829099999999796e-02
8.598614499999999994e-02
8.581434899999999810e-02
8.564288899999999982e-02
8.547177200000000141e-02
8.530100399999999972e-02
8.513057200000000158e-02
8.496047599999999311e-02
8.479072899999999524e-02
8.462131800000000093e-02
8.445224199999999681e-02
8.428350799999999310e-02
8.411511000000000682e-02
8.394704799999999634e-02
8.377932000000000434e-02
8.361192800000000203e-02
8.344487100000000379e-02
8.327814899999999576e-02
8.311175599999999497e-02
8.294570399999999510e-02
8.277997400000000616e-02
8.261457799999999407e-02
8.244951799999999942e-02
8.228478599999999865e-02
8.212038100000000618e-02
8.195630499999999319e-02
8.179255600000000237e-02
8.162912699999999577e-02
8.146603400000000661e-02
8.130326899999999746e-02
8.114082400000000028e-02
8.097870599999999752e-02
8.081691000000000569e-02
8.065543299999999860e-02
8.049428499999999875e-02
8.033345599999999753e-02
8.017294899999999336e-02
8.001276899999999748e-02
7.985290100000000391e-02
7.969335499999999350e-02
7.953412799999999561e-02
7.937521499999999897e-02
7.921662899999999674e-02
7.905834899999999998e-02
7.890038900000000133e-02
7.874275000000000024e-02
7.858542400000000094e-02
7.842841000000000395e-02
7.827170899999999487e-02
7.811532200000000092e-02
7.795924699999999541e-02
7.780348500000000556e-02
7.764803600000000361e-02
7.749291499999999555e-02
7.733859099999999820e-02
7.733935100000000062e-02
