1.149000000000000000e+03
0.000000000000000000e+00
2.295999899999999982e+01
7.691546500000000230e-02
1.129004400000000047e-01
1.474284499999999887e-01
1.805363299999999949e-01
2.122824600000000062e-01
2.427228800000000020e-01
2.719112599999999880e-01
2.998991300000000138e-01
3.267358499999999943e-01
3.524687899999999763e-01
3.771432900000000199e-01
4.008029399999999964e-01
4.234894799999999737e-01
4.452428800000000075e-01
4.661015000000000019e-01
4.861009700000000211e-01
5.052636299999999636e-01
5.234801799999999616e-01
5.395116199999999695e-01
5.484573200000000259e-01
5.498153599999999752e-01
5.490581399999999723e-01
5.480023000000000533e-01
5.469114800000000054e-01
5.458191000000000015e-01
5.447285800000000178e-01
5.436402000000000179e-01
5.425540199999999702e-01
5.414699899999999566e-01
5.403881699999999455e-01
5.393084299999999498e-01
5.382308999999999566e-01
5.371555099999999472e-01
5.360822699999999719e-01
5.350111699999999804e-01
5.339422200000000229e-01
5.328754199999999885e-01
5.318107600000000490e-01
5.307481899999999531e-01
5.296877599999999520e-01
5.286294200000000165e-01
5.275732300000000041e-01
5.265191200000000071e-01
5.254671600000000442e-01
5.244172799999999857e-01
5.233694899999999928e-01
5.223237899999999545e-01
5.212801700000000427e-01
5.202386399999999744e-01
5.191992500000000010e-01
5.181618900000000139e-01
5.171265600000000129e-01
5.160933699999999957e-01
5.150622099999999648e-01
5.140331399999999995e-01
5.130060899999999702e-01
5.119810700000000381e-01
5.109581399999999496e-01
5.099372300000000191e-01
5.089183999999999930e-01
5.079015500000000349e-01
5.068867799999999812e-01
5.058740400000000248e-01
5.048632600000000359e-01
5.038545700000000016e-01
5.028478499999999851e-01
5.018431500000000156e-01
5.008404899999999715e-01
4.998398099999999955e-01
4.988411400000000162e-01
4.978444599999999887e-01
4.968497499999999789e-01
4.958570600000000161e-01
4.948663400000000157e-01
4.938775899999999774e-01
4.928908100000000125e-01
4.919060199999999994e-01
4.909232000000000040e-01
4.899423099999999920e-01
4.889634299999999767e-01
4.879864800000000002e-01
4.870114600000000071e-01
4.860384200000000265e-01
4.850673099999999738e-01
4.840981699999999943e-01
4.831309300000000140e-01
4.821656300000000117e-01
4.812022400000000033e-01
4.802408200000000127e-01
4.792813100000000159e-01
4.783237000000000183e-01
4.773680000000000145e-01
4.764142000000000099e-01
4.754623499999999781e-01
4.745123700000000166e-01
4.735642999999999936e-01
4.726180999999999854e-01
4.716738200000000214e-01
4.707314100000000168e-01
4.697908800000000218e-01
4.688522500000000259e-01
4.679154799999999947e-01
4.669805799999999785e-01
4.660475600000000274e-01
4.651163799999999959e-01
4.641870900000000244e-01
4.632596399999999726e-01
4.623340400000000017e-01
4.614103099999999902e-01
4.604884100000000147e-01
4.595683500000000143e-01
4.586501399999999840e-01
4.577337499999999948e-01
4.568192099999999756e-01
4.559064800000000028e-01
4.549955700000000158e-01
4.540864800000000145e-01
4.531792099999999990e-01
4.522737600000000247e-01
4.513701199999999858e-01
4.504682700000000040e-01
4.495682400000000078e-01
4.486700000000000133e-01
4.477735800000000044e-01
4.468789100000000181e-01
4.459860600000000175e-01
4.450949699999999787e-01
4.442056699999999969e-01
4.433181600000000167e-01
4.424324000000000034e-01
4.415484100000000023e-01
4.406662000000000079e-01
4.397857499999999753e-01
4.389070600000000155e-01
4.380301200000000228e-01
4.371549499999999866e-01
4.362814999999999888e-01
4.354098100000000082e-01
4.345398500000000053e-01
4.336716500000000196e-01
4.328051800000000116e-01
4.319404399999999811e-01
4.310774199999999889e-01
4.302160999999999902e-01
4.293565500000000035e-01
4.284986900000000154e-01
4.276425500000000102e-01
4.267881199999999930e-01
4.259353900000000248e-01
4.250843799999999839e-01
4.242350500000000024e-01
4.233874400000000038e-01
4.225415000000000143e-01
4.216972600000000182e-01
4.208547200000000155e-01
4.200138400000000272e-01
4.191746700000000270e-01
4.183371399999999962e-01
4.175013000000000196e-01
4.166671299999999967e-01
4.158346399999999776e-01
4.150038099999999730e-01
4.141746199999999933e-01
4.133471000000000228e-01
4.125212400000000112e-01
4.116969999999999796e-01
4.108744599999999969e-01
4.100535200000000047e-01
4.092342299999999766e-01
4.084165699999999788e-01
4.076005500000000059e-01
4.067861700000000025e-01
4.059733999999999843e-01
4.051622699999999910e-01
4.043527499999999830e-01
4.035448700000000000e-01
4.027385700000000179e-01
4.019339100000000053e-01
4.011308599999999780e-01
4.003293800000000124e-01
3.995295200000000269e-01
3.987312599999999763e-01
3.979346200000000167e-01
3.971395200000000236e-01
3.963460300000000158e-01
3.955541599999999880e-01
3.947638299999999822e-01
3.939750799999999775e-01
3.931879099999999738e-01
3.924023200000000267e-01
3.916183100000000250e-01
3.908358499999999847e-01
3.900549700000000009e-01
3.892756399999999783e-01
3.884978599999999727e-01
3.877216600000000235e-01
3.869469799999999959e-01
3.861738399999999904e-01
3.854022899999999807e-01
3.846322600000000036e-01
3.838637500000000036e-01
3.830967800000000256e-01
3.823313700000000037e-01
3.815674800000000144e-01
3.808051000000000075e-01
3.800442499999999724e-01
3.792849200000000254e-01
3.785271000000000052e-01
3.777708100000000124e-01
3.770160100000000125e-01
3.762627499999999792e-01
3.755109600000000047e-01
3.747606900000000074e-01
3.740119299999999924e-01
3.732646399999999809e-01
3.725188700000000019e-01
3.717745800000000211e-01
3.710317599999999882e-01
3.702904300000000037e-01
3.695506199999999963e-01
3.688122300000000187e-01
3.680753399999999731e-01
3.673399399999999759e-01
3.666059999999999874e-01
3.658735200000000076e-01
3.651424899999999862e-01
3.644129300000000238e-01
3.636848300000000145e-01
3.629581900000000139e-01
3.622330100000000219e-01
3.615092599999999989e-01
3.607869699999999846e-01
3.600661199999999895e-01
3.593467200000000084e-01
3.586287200000000119e-01
3.579121800000000242e-01
3.571970800000000001e-01
3.564834000000000058e-01
3.557711499999999805e-01
3.550603099999999901e-01
3.543508899999999739e-01
3.536429099999999770e-01
3.529363300000000203e-01
3.522311699999999823e-01
3.515273899999999951e-01
3.508250399999999769e-01
3.501240899999999989e-01
3.494245699999999899e-01
3.487263899999999972e-01
3.480296399999999735e-01
3.473342999999999847e-01
3.466403200000000018e-01
3.459477100000000194e-01
3.452565100000000164e-01
3.445667000000000035e-01
3.438782400000000017e-01
3.431911799999999846e-01
3.425054799999999733e-01
3.418211600000000128e-01
3.411382099999999973e-01
3.404565999999999981e-01
3.397763699999999942e-01
3.390974999999999961e-01
3.384199700000000144e-01
3.377438199999999724e-01
3.370690000000000075e-01
3.363955299999999982e-01
3.357234299999999894e-01
3.350526400000000127e-01
3.343832199999999810e-01
3.337151099999999815e-01
3.330483399999999983e-01
3.323829200000000261e-01
3.317188300000000201e-01
3.310560599999999853e-01
3.303945999999999827e-01
3.297344700000000017e-01
3.290756599999999921e-01
3.284181700000000093e-01
3.277619800000000083e-01
3.271070999999999840e-01
3.264535700000000262e-01
3.258012800000000264e-01
3.251503399999999822e-01
3.245007100000000255e-01
3.238523300000000216e-01
3.232052899999999784e-01
3.225595099999999937e-01
3.219150599999999751e-01
3.212718700000000149e-01
3.206299499999999969e-01
3.199893500000000057e-01
3.193500000000000227e-01
3.187119400000000269e-01
3.180751499999999732e-01
3.174396500000000176e-01
3.168053900000000200e-01
3.161724200000000096e-01
3.155407000000000073e-01
3.149102599999999974e-01
3.142810500000000062e-01
3.136531100000000127e-01
3.130264600000000064e-01
3.124010300000000240e-01
3.117768499999999943e-01
3.111539199999999727e-01
3.105322099999999752e-01
3.099117900000000203e-01
3.092925799999999836e-01
3.086746000000000212e-01
3.080578700000000114e-01
3.074423700000000204e-01
3.068281099999999872e-01
3.062150799999999728e-01
3.056032399999999982e-01
3.049926499999999763e-01
3.043832799999999783e-01
3.037751000000000201e-01
3.031681800000000093e-01
3.025624499999999828e-01
3.019579399999999803e-01
3.013546200000000175e-01
3.007524899999999834e-01
3.001515900000000237e-01
2.995518999999999821e-01
2.989533799999999908e-01
2.983560900000000182e-01
2.977599799999999797e-01
2.971650399999999914e-01
2.965713099999999769e-01
2.959787500000000127e-01
2.953873900000000274e-01
2.947972099999999762e-01
2.942081999999999753e-01
2.936203800000000141e-01
2.930337199999999975e-01
2.924482199999999810e-01
2.918639199999999989e-01
2.912807800000000169e-01
2.906987999999999794e-01
2.901179799999999975e-01
2.895383200000000157e-01
2.889598299999999731e-01
2.883824999999999861e-01
2.878063000000000149e-01
2.872312699999999830e-01
2.866573600000000277e-01
2.860846200000000117e-01
2.855130399999999957e-01
2.849425700000000061e-01
2.843732500000000218e-01
2.838050699999999926e-01
2.832380500000000190e-01
2.826721400000000162e-01
2.821073499999999790e-01
2.815437000000000078e-01
2.809811799999999971e-01
2.804197700000000126e-01
2.798594799999999938e-01
2.793003299999999856e-01
2.787422800000000089e-01
2.781853699999999874e-01
2.776295500000000027e-01
2.770748399999999889e-01
2.765212699999999857e-01
2.759687599999999796e-01
2.754173899999999842e-01
2.748670899999999806e-01
2.743179199999999929e-01
2.737698299999999918e-01
2.732228300000000276e-01
2.726769099999999946e-01
2.721321300000000276e-01
2.715883900000000128e-01
2.710457700000000192e-01
2.705042100000000227e-01
2.699637400000000076e-01
2.694243499999999791e-01
2.688860599999999823e-01
2.683488099999999932e-01
2.678126399999999907e-01
2.672775700000000199e-01
2.667435400000000012e-01
2.662105900000000247e-01
2.656786999999999899e-01
2.651478600000000130e-01
2.646181000000000227e-01
2.640894100000000244e-01
2.635617599999999783e-01
2.630351499999999954e-01
2.625096100000000043e-01
2.619851200000000158e-01
2.614616799999999741e-01
2.609392700000000009e-01
2.604179099999999747e-01
2.598975900000000117e-01
2.593783100000000008e-01
2.588600799999999924e-01
2.583428600000000075e-01
2.578267200000000092e-01
2.573115799999999842e-01
2.567974599999999774e-01
2.562843899999999731e-01
2.557723199999999975e-01
2.552613000000000243e-01
2.547512699999999741e-01
2.542422699999999924e-01
2.537343200000000132e-01
2.532273500000000177e-01
2.527213999999999849e-01
2.522164599999999757e-01
2.517125299999999899e-01
2.512096200000000223e-01
2.507076899999999831e-01
2.502067700000000228e-01
2.497068600000000027e-01
2.492079399999999889e-01
2.487100399999999933e-01
2.482131099999999868e-01
2.477171699999999865e-01
2.472222400000000098e-01
2.467282899999999890e-01
2.462353300000000023e-01
2.457433499999999993e-01
2.452523600000000026e-01
2.447623300000000002e-01
2.442732999999999988e-01
2.437852500000000089e-01
2.432981600000000133e-01
2.428120500000000015e-01
2.423269200000000012e-01
2.418427499999999952e-01
2.413595299999999888e-01
2.408772999999999886e-01
2.403960199999999880e-01
2.399157100000000042e-01
2.394363599999999870e-01
2.389579699999999918e-01
2.384805399999999909e-01
2.380040400000000000e-01
2.375285199999999930e-01
2.370539299999999960e-01
2.365802999999999934e-01
2.361076199999999903e-01
2.356358600000000025e-01
2.351650600000000091e-01
2.346952099999999874e-01
2.342262900000000037e-01
2.337583000000000022e-01
2.332912500000000056e-01
2.328251299999999913e-01
2.323599500000000095e-01
2.318957000000000102e-01
2.314323600000000036e-01
2.309699699999999967e-01
2.305084900000000103e-01
2.300479300000000116e-01
2.295882999999999952e-01
2.291295799999999994e-01
2.286717699999999964e-01
2.282148900000000036e-01
2.277589100000000089e-01
2.273038500000000017e-01
2.268496999999999875e-01
2.263964599999999938e-01
2.259441199999999983e-01
2.254926700000000062e-01
2.250421300000000069e-01
2.245925099999999952e-01
2.241437699999999922e-01
2.236959299999999873e-01
2.232489900000000083e-01
2.228029400000000049e-01
2.223577800000000049e-01
2.219135000000000135e-01
2.214701199999999925e-01
2.210276300000000027e-01
2.205860000000000043e-01
2.201452700000000040e-01
2.197054300000000071e-01
2.192664599999999964e-01
2.188283699999999943e-01
2.183911400000000114e-01
2.179548000000000041e-01
2.175193300000000107e-01
2.170847200000000088e-01
2.166509799999999930e-01
2.162181099999999911e-01
2.157861100000000032e-01
2.153549600000000119e-01
2.149246900000000016e-01
2.144952699999999879e-01
2.140666999999999986e-01
2.136390099999999903e-01
2.132121499999999892e-01
2.127861500000000072e-01
2.123610099999999890e-01
2.119367100000000004e-01
2.115132500000000138e-01
2.110906499999999908e-01
2.106688899999999975e-01
2.102479800000000010e-01
2.098279000000000116e-01
2.094086699999999912e-01
2.089902600000000110e-01
2.085726999999999998e-01
2.081559699999999957e-01
2.077400799999999936e-01
2.073250100000000040e-01
2.069107699999999939e-01
2.064973700000000134e-01
2.060847899999999899e-01
2.056730200000000119e-01
2.052620900000000081e-01
2.048519799999999891e-01
2.044426900000000102e-01
2.040342099999999936e-01
2.036265399999999948e-01
2.032197000000000031e-01
2.028136700000000014e-01
2.024084499999999898e-01
2.020040300000000011e-01
2.016004299999999971e-01
2.011976400000000109e-01
2.007956399999999975e-01
2.003944500000000017e-01
1.999940600000000013e-01
1.995944699999999961e-01
1.991956800000000138e-01
1.987976899999999991e-01
1.984005000000000074e-01
1.980040799999999990e-01
1.976084700000000083e-01
1.972136499999999903e-01
1.968196200000000007e-01
1.964263800000000115e-01
1.960339100000000057e-01
1.956422300000000003e-01
1.952513499999999902e-01
1.948612299999999964e-01
1.944719000000000031e-01
1.940833499999999878e-01
1.936955599999999889e-01
1.933085599999999904e-01
1.929223200000000082e-01
1.925368799999999936e-01
1.921521900000000005e-01
1.917682599999999959e-01
1.913851099999999972e-01
1.910027300000000094e-01
1.906210899999999930e-01
1.902402300000000102e-01
1.898601400000000106e-01
1.894808000000000048e-01
1.891022199999999875e-01
1.887243799999999971e-01
1.883473099999999900e-01
1.879709999999999992e-01
1.875954300000000075e-01
1.872206200000000043e-01
1.868465500000000001e-01
1.864732199999999951e-01
1.861006500000000063e-01
1.857288199999999889e-01
1.853577299999999983e-01
1.849873999999999963e-01
1.846177900000000038e-01
1.842489200000000105e-01
1.838807899999999884e-01
1.835133999999999932e-01
1.831467400000000023e-01
1.827808200000000105e-01
1.824156200000000005e-01
1.820511499999999949e-01
1.816874099999999936e-01
1.813243900000000020e-01
1.809621200000000041e-01
1.806005499999999986e-01
1.802397099999999974e-01
1.798795900000000059e-01
1.795201899999999962e-01
1.791615000000000013e-01
1.788035500000000055e-01
1.784462900000000074e-01
1.780897499999999911e-01
1.777339300000000122e-01
1.773788199999999926e-01
1.770244199999999879e-01
1.766707299999999980e-01
1.763177400000000006e-01
1.759654599999999902e-01
1.756138700000000052e-01
1.752630000000000021e-01
1.749128299999999914e-01
1.745633500000000060e-01
1.742145700000000130e-01
1.738664799999999899e-01
1.735191000000000094e-01
1.731724099999999988e-01
1.728264100000000136e-01
1.724810999999999983e-01
1.721364900000000031e-01
1.717925499999999883e-01
1.714493199999999884e-01
1.711067599999999966e-01
1.707648900000000025e-01
1.704237000000000113e-01
1.700831899999999952e-01
1.697433600000000098e-01
1.694042199999999943e-01
1.690657399999999921e-01
1.687279499999999877e-01
1.683908400000000138e-01
1.680543899999999979e-01
1.677186200000000127e-01
1.673835200000000079e-01
1.670490799999999887e-01
1.667153200000000002e-01
1.663822199999999973e-01
1.660497900000000027e-01
1.657180199999999937e-01
1.653869199999999928e-01
1.650564700000000107e-01
1.647266900000000089e-01
1.643975699999999929e-01
1.640690999999999955e-01
1.637412900000000116e-01
1.634141400000000133e-01
1.630876400000000059e-01
1.627617799999999948e-01
1.624365899999999918e-01
1.621120400000000128e-01
1.617881399999999970e-01
1.614648800000000051e-01
1.611422700000000041e-01
1.608203199999999888e-01
1.604989900000000080e-01
1.601783200000000129e-01
1.598582899999999862e-01
1.595388799999999940e-01
1.592201299999999875e-01
1.589019999999999877e-01
1.585845200000000066e-01
1.582676600000000044e-01
1.579514399999999985e-01
1.576358499999999940e-01
1.573209000000000135e-01
1.570065800000000067e-01
1.566928800000000066e-01
1.563798000000000132e-01
1.560673599999999883e-01
1.557555300000000031e-01
1.554443399999999864e-01
1.551337499999999869e-01
1.548237899999999889e-01
1.545144599999999924e-01
1.542057400000000078e-01
1.538976400000000022e-01
1.535901400000000139e-01
1.532832699999999992e-01
1.529770199999999913e-01
1.526713700000000007e-01
1.523663299999999943e-01
1.520618900000000051e-01
1.517580699999999949e-01
1.514548699999999914e-01
1.511522700000000052e-01
1.508502499999999913e-01
1.505488600000000066e-01
1.502480700000000113e-01
1.499478700000000109e-01
1.496482600000000052e-01
1.493492700000000062e-01
1.490508799999999967e-01
1.487530800000000097e-01
1.484558599999999950e-01
1.481592499999999923e-01
1.478632199999999897e-01
1.475677900000000042e-01
1.472729399999999911e-01
1.469787100000000124e-01
1.466850299999999940e-01
1.463919599999999877e-01
1.460994599999999866e-01
1.458075600000000027e-01
1.455162299999999964e-01
1.452255000000000074e-01
1.449353399999999958e-01
1.446457499999999896e-01
1.443567600000000006e-01
1.440683299999999945e-01
1.437804799999999883e-01
1.434932100000000099e-01
1.432065100000000091e-01
1.429203699999999910e-01
1.426348199999999955e-01
1.423498400000000053e-01
1.420654199999999978e-01
1.417815799999999904e-01
1.414982999999999935e-01
1.412155800000000072e-01
1.409334399999999932e-01
1.406518499999999949e-01
1.403708300000000020e-01
1.400903599999999971e-01
1.398104599999999975e-01
1.395311200000000085e-01
1.392523300000000075e-01
1.389741200000000065e-01
1.386964499999999989e-01
1.384193300000000071e-01
1.381427600000000033e-01
1.378667500000000101e-01
1.375912999999999997e-01
1.373163900000000104e-01
1.370420300000000091e-01
1.367682199999999959e-01
1.364949599999999985e-01
1.362222399999999944e-01
1.359500700000000062e-01
1.356784400000000113e-01
1.354073600000000044e-01
1.351368099999999961e-01
1.348668000000000089e-01
1.345973500000000045e-01
1.343284200000000039e-01
1.340600299999999967e-01
1.337921800000000105e-01
1.335248599999999952e-01
1.332580700000000062e-01
1.329918200000000106e-01
1.327261000000000135e-01
1.324609200000000098e-01
1.321962600000000099e-01
1.319321400000000033e-01
1.316685400000000006e-01
1.314054600000000017e-01
1.311429100000000014e-01
1.308808899999999997e-01
1.306193900000000019e-01
1.303584100000000079e-01
1.300979600000000125e-01
1.298380199999999984e-01
1.295786100000000107e-01
1.293197100000000044e-01
1.290613300000000019e-01
1.288034600000000085e-01
1.285460999999999965e-01
1.282892800000000055e-01
1.280329500000000065e-01
1.277771400000000113e-01
1.275218399999999974e-01
1.272670599999999874e-01
1.270127699999999971e-01
1.267590100000000053e-01
1.265057300000000107e-01
1.262529799999999869e-01
1.260007300000000052e-01
1.257489800000000102e-01
1.254977300000000018e-01
1.252469900000000025e-01
1.249967399999999951e-01
1.247469999999999968e-01
1.244977599999999990e-01
1.242490099999999931e-01
1.240007600000000015e-01
1.237530000000000019e-01
1.235057499999999975e-01
1.232589800000000041e-01
1.230127099999999973e-01
1.227669299999999963e-01
1.225216400000000011e-01
1.222768399999999978e-01
1.220325300000000002e-01
1.217887099999999945e-01
1.215453799999999945e-01
1.213025300000000056e-01
1.210601699999999947e-01
1.208182899999999949e-01
1.205769000000000007e-01
1.203359799999999952e-01
1.200955499999999954e-01
1.198556000000000066e-01
1.196161300000000011e-01
1.193771400000000066e-01
1.191386200000000006e-01
1.189005800000000057e-01
1.186630099999999993e-01
1.184259299999999987e-01
1.181893100000000058e-01
1.179531699999999961e-01
1.177175000000000027e-01
1.174822999999999978e-01
1.172475699999999954e-01
1.170133099999999954e-01
1.167795100000000030e-01
1.165461899999999940e-01
1.163133300000000064e-01
1.160809399999999936e-01
1.158490100000000023e-01
1.156175400000000048e-01
1.153865399999999958e-01
1.151559899999999997e-01
1.149259100000000061e-01
1.146962900000000063e-01
1.144671300000000003e-01
1.142384199999999933e-01
1.140101699999999940e-01
1.137823800000000024e-01
1.135550399999999960e-01
1.133281599999999972e-01
1.131017299999999975e-01
1.128757499999999969e-01
1.126502199999999954e-01
1.124251500000000015e-01
1.122005300000000066e-01
1.119763500000000023e-01
1.117526199999999970e-01
1.115293400000000046e-01
1.113065000000000027e-01
1.110841099999999998e-01
1.108621699999999960e-01
1.106406600000000018e-01
1.104196000000000066e-01
1.101989800000000019e-01
1.099788099999999963e-01
1.097590700000000002e-01
1.095397699999999946e-01
1.093209099999999934e-01
1.091024899999999964e-01
1.088844999999999952e-01
1.086669499999999983e-01
1.084498299999999971e-01
1.082331500000000002e-01
1.080168999999999990e-01
1.078010799999999936e-01
1.075856899999999977e-01
1.073707299999999976e-01
1.071562100000000017e-01
1.069421100000000069e-01
1.067284399999999939e-01
1.065152000000000043e-01
1.063023800000000019e-01
1.060899899999999951e-01
1.058780200000000032e-01
1.056664699999999985e-01
1.054553500000000033e-01
1.052446499999999951e-01
1.050343700000000019e-01
1.048245099999999957e-01
1.046150799999999992e-01
1.044060599999999950e-01
1.041974499999999970e-01
1.039892699999999948e-01
1.037814900000000040e-01
1.035741399999999951e-01
1.033671899999999977e-01
1.031606699999999960e-01
1.029545500000000058e-01
1.027488500000000027e-01
1.025435600000000058e-01
1.023386800000000013e-01
1.021342100000000030e-01
1.019301400000000024e-01
1.017264900000000027e-01
1.015232400000000007e-01
1.013203899999999963e-01
1.011179499999999981e-01
1.009159200000000062e-01
1.007142899999999980e-01
1.005130600000000013e-01
1.003122300000000022e-01
1.001118099999999955e-01
9.991178700000000190e-02
9.971216300000000643e-02
9.951294199999999313e-02
9.931411599999999396e-02
9.911568499999999504e-02
9.891764799999999691e-02
9.872001399999999482e-02
9.852276699999999721e-02
9.832592299999999563e-02
9.812946599999999853e-02
9.793340400000000168e-02
9.773772999999999489e-02
9.754245000000000276e-02
9.734755800000000070e-02
9.715305999999999942e-02
9.695895000000000208e-02
9.676522799999999480e-02
9.657188499999999620e-02
9.637893699999999786e-02
9.618636999999999326e-02
9.599418899999999366e-02
9.580239699999999747e-02
9.561098399999999609e-02
9.541995100000000285e-02
9.522929800000000389e-02
9.503903199999999551e-02
9.484914699999999477e-02
9.465963400000000638e-02
9.447050799999999471e-02
9.428175499999999487e-02
9.409338200000000318e-02
9.390538199999999558e-02
9.371775400000000034e-02
9.353050599999999937e-02
9.334363800000000655e-02
9.315713500000000202e-02
9.297100499999999546e-02
9.278524700000000125e-02
9.259986100000000553e-02
9.241484899999999336e-02
9.223020799999999408e-02
9.204592600000000013e-02
9.186202300000000098e-02
9.167847799999999381e-02
9.149530499999999900e-02
9.131249800000000583e-02
9.113005500000000147e-02
9.094797799999999877e-02
9.076626599999999823e-02
9.058491100000000407e-02
9.040392199999999767e-02
9.022329699999999397e-02
9.004303099999999560e-02
8.986312200000000361e-02
8.968357700000000043e-02
8.950439100000000259e-02
8.932556199999999724e-02
8.914709099999999775e-02
8.896896999999999445e-02
8.879121399999999331e-02
8.861380800000000224e-02
8.843676000000000315e-02
8.826006200000000024e-02
8.808371399999999352e-02
8.790772400000000653e-02
8.773208400000000184e-02
8.755679399999999335e-02
8.738185499999999439e-02
8.720726500000000603e-02
8.703302599999999944e-02
8.685913700000000293e-02
8.668559000000000681e-02
8.651239400000000634e-02
8.633954100000000575e-02
8.616703700000000188e-02
8.599486900000000156e-02
8.582305199999999690e-02
8.565158400000000283e-02
8.548045199999999844e-02
8.530966199999999444e-02
8.513920799999999400e-02
8.496910300000000416e-02
8.479933400000000399e-02
8.462990099999999349e-02
8.446080999999999728e-02
8.429206200000000093e-02
8.412364099999999900e-02
8.395556399999999642e-02
8.378782099999999844e-02
8.362041400000000402e-02
8.345334199999999980e-02
8.328659800000000335e-02
8.312019700000000677e-02
8.295411599999999441e-02
8.278837799999999580e-02
8.262296800000000496e-02
8.245788499999999466e-02
8.229313000000000600e-02
8.212871099999999314e-02
8.196461900000000245e-02
8.180085600000000512e-02
8.163741200000000642e-02
8.147430399999999739e-02
8.131151600000000035e-02
8.114905699999999666e-02
8.098692400000000180e-02
8.082511300000000398e-02
8.066362100000000479e-02
8.050245799999999896e-02
8.034160699999999544e-02
8.018108499999999916e-02
8.002088999999999730e-02
7.986100799999999722e-02
7.970143899999999892e-02
7.954219699999999504e-02
7.938327600000000261e-02
7.922466799999999809e-02
7.906637299999999535e-02
7.890839900000000406e-02
7.875073700000000121e-02
7.859339599999999593e-02
7.843636700000000683e-02
7.827965200000000512e-02
7.812324900000000572e-02
7.796715899999999422e-02
7.781137500000000207e-02
7.765591099999999414e-02
7.750075300000000555e-02
7.734590800000000488e-02
7.719136799999999632e-02
7.703714100000000342e-02
7.688321900000000264e-02
7.672961100000000312e-02
7.657630699999999624e-02
7.642330199999999851e-02
7.627061000000000257e-02
7.611822299999999875e-02
7.596613500000000407e-02
7.581435899999999783e-02
7.566288100000000127e-02
7.551170899999999631e-02
7.536083500000000102e-02
7.521025800000000205e-02
7.505999500000000435e-02
7.491002200000000666e-02
7.476034800000000424e-02
7.461097799999999447e-02
7.446190699999999385e-02
7.431313400000000291e-02
7.416465099999999810e-02
7.401647399999999877e-02
7.386858799999999892e-02
7.372099899999999539e-02
7.357370100000000523e-02
7.342670099999999700e-02
7.327999899999999844e-02
7.313358000000000358e-02
7.298746000000000400e-02
7.284163700000000075e-02
7.269609700000000119e-02
7.255084800000000111e-02
7.240589000000000053e-02
7.226122199999999995e-02
7.211684399999999939e-02
7.197275799999999779e-02
7.182895400000000041e-02
7.168544100000000252e-02
7.154221099999999445e-02
7.139927100000000026e-02
7.125661499999999537e-02
7.111424199999999418e-02
7.097216000000000635e-02
7.083035999999999499e-02
7.068883600000000489e-02
7.054760300000000039e-02
7.040664600000000328e-02
7.026597099999999652e-02
7.012558000000000680e-02
6.998547200000000690e-02
6.984563900000000103e-02
6.970608999999999833e-02
6.956681600000000354e-02
6.942782599999999804e-02
6.928910300000000466e-02
6.915066400000000058e-02
6.901250000000000440e-02
6.887461200000000172e-02
6.873700000000000643e-02
6.859966400000000464e-02
6.846260299999999688e-02
6.832581799999999650e-02
6.818930099999999384e-02
6.805305899999999908e-02
6.791708600000000151e-02
6.778138899999999745e-02
6.764596000000000497e-02
6.751080600000000653e-02
6.737592100000000528e-02
6.724130400000000174e-02
6.710695499999999591e-02
6.697287400000000168e-02
6.683906200000000464e-02
6.670551700000000583e-02
6.657224100000000422e-02
6.643922600000000400e-02
6.630648699999999729e-02
6.617400099999999619e-02
6.604179000000000299e-02
6.590983300000000100e-02
6.577815100000000692e-02
6.564672300000000404e-02
6.551556299999999888e-02
6.538466399999999512e-02
6.525402499999999328e-02
6.512364700000000672e-02
6.499353099999999328e-02
6.486366699999999985e-02
6.473407100000000414e-02
6.460473699999999542e-02
6.447565600000000618e-02
6.434682799999999481e-02
6.421826799999999502e-02
6.408995400000000453e-02
6.396190799999999788e-02
6.383410800000000052e-02
6.370656900000000455e-02
6.357928399999999980e-02
6.345225100000000118e-02
6.332547199999999377e-02
6.319894600000000584e-02
6.307268100000000544e-02
6.294666200000000045e-02
6.282088900000000475e-02
6.269537699999999658e-02
6.257010999999999823e-02
6.244509300000000013e-02
6.232032900000000070e-02
6.219581099999999668e-02
6.207154699999999775e-02
6.194752800000000170e-02
6.182375600000000054e-02
6.170023200000000069e-02
6.157695500000000266e-02
6.145392400000000005e-02
6.133113800000000032e-02
6.120859800000000295e-02
6.108630400000000099e-02
6.096425300000000297e-02
6.084244700000000089e-02
6.072088300000000327e-02
6.059956200000000265e-02
6.047848599999999797e-02
6.035764899999999933e-02
6.023705399999999821e-02
6.011670100000000155e-02
5.999658599999999758e-02
5.987671399999999755e-02
5.975707999999999714e-02
5.963768400000000330e-02
5.951853099999999952e-02
5.939961199999999747e-02
5.928093200000000146e-02
5.916248600000000024e-02
5.904427899999999813e-02
5.892631000000000258e-02
5.880857600000000129e-02
5.869107700000000122e-02
5.857381200000000288e-02
5.845678199999999880e-02
5.833998299999999804e-02
5.822342300000000331e-02
5.810709299999999855e-02
5.799099800000000193e-02
5.787516399999999978e-02
5.776046600000000336e-02
5.811537800000000226e-02
