4.220000000000000000e+02
0.000000000000000000e+00
2.104999899999999968e+01
-1.322726699999999965e-17
1.439157100000000078e+01
2.220219399999999865e+01
2.543632300000000157e+01
2.514515300000000053e+01
2.196416899999999828e+01
1.651514099999999985e+01
9.504727400000000159e+00
1.651470200000000110e+00
-6.426012000000000057e+00
-1.428155300000000061e+01
-2.165274399999999844e+01
-2.841540499999999980e+01
-3.450156400000000190e+01
-3.984734000000000265e+01
-4.442126799999999776e+01
-4.825907099999999872e+01
-5.144554500000000274e+01
-5.408033400000000057e+01
-5.625757600000000025e+01
-5.805866999999999933e+01
-5.955131899999999945e+01
-6.079090099999999808e+01
-6.182237200000000144e+01
-6.268218999999999852e+01
-6.339993700000000132e+01
-6.399967600000000090e+01
-6.450105999999999540e+01
-6.492019700000000171e+01
-6.527032499999999970e+01
-6.556240099999999416e+01
-6.580549600000000510e+01
-6.600716400000000306e+01
-6.617370599999999570e+01
-6.631041700000000105e+01
-6.642172200000000259e+01
-6.651136800000000449e+01
-6.658251199999999415e+01
-6.663781699999999830e+01
-6.667956499999999664e+01
-6.670966300000000615e+01
-6.672976699999999539e+01
-6.674127199999999505e+01
-6.674536899999999662e+01
-6.674308000000000618e+01
-6.673529100000000369e+01
-6.672274000000000171e+01
-6.670607800000000509e+01
-6.668586000000000524e+01
-6.666257500000000391e+01
-6.663661999999999352e+01
-6.660836000000000467e+01
-6.657810999999999524e+01
-6.654612699999999847e+01
-6.651264199999999960e+01
-6.647786700000000337e+01
-6.644196300000000122e+01
-6.640509000000000128e+01
-6.636738599999999622e+01
-6.632895700000000261e+01
-6.628990199999999788e+01
-6.625032000000000210e+01
-6.621028099999999483e+01
-6.616986099999999738e+01
-6.612910499999999558e+01
-6.608807400000000598e+01
-6.604681399999999769e+01
-6.600536300000000267e+01
-6.596375999999999351e+01
-6.592203499999999394e+01
-6.588021899999999675e+01
-6.583832599999999502e+01
-6.579638699999999574e+01
-6.575440999999999292e+01
-6.571243300000000431e+01
-6.567044799999999327e+01
-6.562848700000000690e+01
-6.558654799999999341e+01
-6.554465500000000588e+01
-6.550279999999999347e+01
-6.546100599999999758e+01
-6.541927300000000400e+01
-6.537761700000000076e+01
-6.533602899999999636e+01
-6.529452499999999304e+01
-6.525310500000000502e+01
-6.521176900000000387e+01
-6.517053199999999435e+01
-6.512939500000000237e+01
-6.508835600000000454e+01
-6.504740900000000181e+01
-6.500657699999999295e+01
-6.496584300000000667e+01
-6.492521700000000351e+01
-6.488470499999999674e+01
-6.484429900000000657e+01
-6.480400099999999952e+01
-6.476381700000000308e+01
-6.472374700000000303e+01
-6.468378400000000283e+01
-6.464394400000000473e+01
-6.460420999999999481e+01
-6.456458999999999548e+01
-6.452509299999999826e+01
-6.448570300000000088e+01
-6.444642600000000243e+01
-6.440726499999999533e+01
-6.436821700000000135e+01
-6.432927700000000470e+01
-6.429045899999999847e+01
-6.425175500000000284e+01
-6.421315800000000706e+01
-6.417467499999999347e+01
-6.413629899999999395e+01
-6.409804499999999905e+01
-6.405989099999999326e+01
-6.402185099999999807e+01
-6.398392499999999927e+01
-6.394610200000000333e+01
-6.390838999999999714e+01
-6.387078499999999792e+01
-6.383328600000000108e+01
-6.379589800000000110e+01
-6.375860999999999734e+01
-6.372143200000000007e+01
-6.368435300000000154e+01
-6.364738100000000287e+01
-6.361050800000000294e+01
-6.357374200000000286e+01
-6.353707099999999741e+01
-6.350050399999999939e+01
-6.346403500000000264e+01
-6.342766600000000210e+01
-6.339139600000000030e+01
-6.335522100000000023e+01
-6.331914100000000190e+01
-6.328315700000000277e+01
-6.324726499999999874e+01
-6.321146800000000354e+01
-6.317576600000000298e+01
-6.314015200000000050e+01
-6.310463000000000022e+01
-6.306919899999999757e+01
-6.303385500000000263e+01
-6.299860000000000326e+01
-6.296343199999999740e+01
-6.292834899999999720e+01
-6.289335299999999762e+01
-6.285843700000000212e+01
-6.282360800000000012e+01
-6.278885999999999967e+01
-6.275419600000000031e+01
-6.271960800000000091e+01
-6.268510400000000260e+01
-6.265067700000000173e+01
-6.261632500000000334e+01
-6.258205399999999941e+01
-6.254785499999999843e+01
-6.251373300000000199e+01
-6.247968300000000141e+01
-6.244570499999999669e+01
-6.241179999999999950e+01
-6.237796800000000275e+01
-6.234420399999999773e+01
-6.231050900000000325e+01
-6.227687800000000351e+01
-6.224331999999999709e+01
-6.220982399999999757e+01
-6.217639199999999988e+01
-6.214302399999999693e+01
-6.210972199999999788e+01
-6.207648100000000113e+01
-6.204330099999999959e+01
-6.201017800000000335e+01
-6.197711600000000232e+01
-6.194410700000000247e+01
-6.191116000000000241e+01
-6.187826499999999896e+01
-6.184542799999999829e+01
-6.181264500000000339e+01
-6.177991099999999847e+01
-6.174723099999999931e+01
-6.171459999999999724e+01
-6.168201799999999935e+01
-6.164948700000000059e+01
-6.161700100000000191e+01
-6.158456000000000330e+01
-6.155216599999999971e+01
-6.151981700000000330e+01
-6.148751099999999781e+01
-6.145524199999999837e+01
-6.142301899999999648e+01
-6.139083500000000271e+01
-6.135868800000000078e+01
-6.132657999999999987e+01
-6.129450599999999838e+01
-6.126247000000000043e+01
-6.123046899999999937e+01
-6.119849800000000073e+01
-6.116656100000000151e+01
-6.113465099999999808e+01
-6.110277599999999865e+01
-6.107092699999999752e+01
-6.103910400000000180e+01
-6.100730899999999934e+01
-6.097554000000000229e+01
-6.094379399999999691e+01
-6.091207099999999741e+01
-6.088036699999999968e+01
-6.084868600000000072e+01
-6.081702400000000353e+01
-6.078537800000000146e+01
-6.075374999999999659e+01
-6.072213699999999648e+01
-6.069053999999999860e+01
-6.065895499999999885e+01
-6.062738000000000227e+01
-6.059581800000000129e+01
-6.056426600000000349e+01
-6.053271900000000016e+01
-6.050117900000000049e+01
-6.046964599999999734e+01
-6.043811800000000289e+01
-6.040659000000000134e+01
-6.037506499999999932e+01
-6.034353999999999729e+01
-6.031201200000000284e+01
-6.028048299999999671e+01
-6.024895099999999815e+01
-6.021741099999999847e+01
-6.018586700000000178e+01
-6.015431199999999734e+01
-6.012274899999999889e+01
-6.009117499999999978e+01
-6.005958900000000256e+01
-6.002798800000000057e+01
-5.999637200000000092e+01
-5.996474099999999652e+01
-5.993308999999999997e+01
-5.990141700000000213e+01
-5.986972399999999794e+01
-5.983800899999999956e+01
-5.980626699999999829e+01
-5.977449800000000124e+01
-5.974270200000000131e+01
-5.971088000000000306e+01
-5.967902399999999830e+01
-5.964713299999999663e+01
-5.961521100000000217e+01
-5.958325200000000166e+01
-5.955125400000000013e+01
-5.951921500000000265e+01
-5.948713699999999704e+01
-5.945501300000000100e+01
-5.942284399999999778e+01
-5.939062899999999701e+01
-5.935836400000000168e+01
-5.932604599999999806e+01
-5.929367799999999988e+01
-5.926125300000000351e+01
-5.922877499999999884e+01
-5.919623599999999897e+01
-5.916363499999999931e+01
-5.913096999999999781e+01
-5.909824400000000111e+01
-5.906544499999999687e+01
-5.903258100000000042e+01
-5.899964099999999689e+01
-5.896662899999999752e+01
-5.893354000000000070e+01
-5.890037499999999682e+01
-5.886712599999999895e+01
-5.883379399999999748e+01
-5.880037699999999745e+01
-5.876686899999999980e+01
-5.873327299999999696e+01
-5.869957699999999789e+01
-5.866579099999999869e+01
-5.863190500000000327e+01
-5.859791599999999789e+01
-5.856381999999999977e+01
-5.852961700000000178e+01
-5.849530800000000141e+01
-5.846088000000000306e+01
-5.842633800000000122e+01
-5.839167799999999886e+01
-5.835689200000000199e+01
-5.832198300000000302e+01
-5.828694200000000336e+01
-5.825177000000000049e+01
-5.821646100000000246e+01
-5.818101099999999803e+01
-5.814542000000000144e+01
-5.810967999999999734e+01
-5.807379199999999742e+01
-5.803774599999999850e+01
-5.800154500000000013e+01
-5.796517899999999912e+01
-5.792864600000000053e+01
-5.789194499999999977e+01
-5.785506800000000283e+01
-5.781800799999999896e+01
-5.778076899999999938e+01
-5.774334000000000344e+01
-5.770571499999999787e+01
-5.766789200000000193e+01
-5.762986800000000187e+01
-5.759163300000000163e+01
-5.755318499999999915e+01
-5.751451500000000294e+01
-5.747562400000000338e+01
-5.743650099999999981e+01
-5.739714099999999775e+01
-5.735753600000000318e+01
-5.731768799999999686e+01
-5.727758000000000038e+01
-5.723721299999999701e+01
-5.719657500000000283e+01
-5.715566599999999653e+01
-5.711447100000000177e+01
-5.707298699999999769e+01
-5.703120400000000245e+01
-5.698911700000000025e+01
-5.694671600000000211e+01
-5.690399200000000235e+01
-5.686093499999999779e+01
-5.681754300000000057e+01
-5.677380000000000138e+01
-5.672969799999999907e+01
-5.668522999999999712e+01
-5.664038099999999787e+01
-5.659514599999999973e+01
-5.654950699999999841e+01
-5.650345999999999691e+01
-5.645698900000000009e+01
-5.641008399999999767e+01
-5.636273200000000116e+01
-5.631491900000000328e+01
-5.626663200000000131e+01
-5.621785400000000266e+01
-5.616857499999999703e+01
-5.611877799999999894e+01
-5.606845100000000315e+01
-5.601756699999999967e+01
-5.596612199999999859e+01
-5.591408500000000004e+01
-5.586144999999999783e+01
-5.580818899999999871e+01
-5.575428800000000251e+01
-5.569971799999999718e+01
-5.564446300000000178e+01
-5.558850100000000083e+01
-5.553180299999999647e+01
-5.547434599999999705e+01
-5.541610299999999967e+01
-5.535704799999999892e+01
-5.529715000000000202e+01
-5.523637800000000198e+01
-5.517470200000000347e+01
-5.511208700000000249e+01
-5.504849999999999710e+01
-5.498389800000000349e+01
-5.491824700000000092e+01
-5.485150099999999895e+01
-5.478361900000000162e+01
-5.471455000000000268e+01
-5.464425299999999908e+01
-5.457266599999999812e+01
-5.449974100000000021e+01
-5.442541500000000099e+01
-5.434962500000000318e+01
-5.427230800000000244e+01
-5.419339000000000084e+01
-5.411279700000000048e+01
-5.403044500000000028e+01
-5.394624699999999962e+01
-5.386011100000000340e+01
-5.377194200000000279e+01
-5.368162499999999682e+01
-5.358904600000000329e+01
-5.349407999999999674e+01
-5.339659100000000080e+01
-5.329643599999999992e+01
-5.319345100000000315e+01
-5.308746299999999962e+01
-5.297828299999999757e+01
-5.286570400000000092e+01
-5.274949600000000061e+01
-5.262941399999999703e+01
-5.250518000000000285e+01
-5.237648800000000193e+01
-5.224300000000000210e+01
-5.210433600000000354e+01
-5.196007900000000035e+01
-5.180975000000000108e+01
-5.165281300000000186e+01
-5.148866300000000251e+01
-5.131661199999999923e+01
-5.113586000000000098e+01
-5.094550300000000220e+01
-5.074447599999999881e+01
-5.053154399999999669e+01
-5.030524100000000232e+01
-5.006383100000000042e+01
-4.980523699999999820e+01
-4.952691699999999742e+01
-4.922575799999999902e+01
-4.889787299999999703e+01
-4.853833399999999898e+01
-4.814076599999999928e+01
-4.769674299999999789e+01
-4.719483600000000223e+01
-4.661901499999999743e+01
-4.594593799999999817e+01
-4.513987399999999894e+01
-4.414252100000000212e+01
-4.285036099999999948e+01
-4.105629299999999660e+01
-3.826691399999999987e+01
-3.296339400000000097e+01
-1.996042299999999869e+01
3.985267299999999957e-01
