4.020000000000000000e+02
0.000000000000000000e+00
2.004999899999999968e+01
2.358139699999999988e-17
1.451386499999999913e+01
2.237716500000000153e+01
2.563200199999999995e+01
2.534403800000000118e+01
2.215378400000000170e+01
1.668623399999999890e+01
9.651570299999999492e+00
1.771833100000000050e+00
-6.331665000000000099e+00
-1.421126899999999971e+01
-2.160418100000000052e+01
-2.838641700000000156e+01
-3.448995200000000239e+01
-3.985016300000000200e+01
-4.443497099999999733e+01
-4.828028499999999923e+01
-5.147158100000000047e+01
-5.410920699999999783e+01
-5.628786099999999948e+01
-5.808935499999999763e+01
-5.958169199999999677e+01
-6.082044599999999690e+01
-6.185073500000000024e+01
-6.270911000000000257e+01
-6.342522799999999705e+01
-6.402320899999999426e+01
-6.452274300000000551e+01
-6.493995700000000681e+01
-6.528811600000000226e+01
-6.557818600000000231e+01
-6.581925200000000586e+01
-6.601887499999999420e+01
-6.618336499999999489e+01
-6.631800800000000606e+01
-6.642724599999999668e+01
-6.651482400000000439e+01
-6.658389999999999986e+01
-6.663713799999999310e+01
-6.667681899999999473e+01
-6.670485700000000406e+01
-6.672290800000000388e+01
-6.673235300000000336e+01
-6.673440600000000700e+01
-6.673007200000000694e+01
-6.672023799999999483e+01
-6.670565799999999967e+01
-6.668696599999999819e+01
-6.666473399999999572e+01
-6.663942699999999775e+01
-6.661146499999999548e+01
-6.658120700000000625e+01
-6.654895000000000493e+01
-6.651497700000000179e+01
-6.647951500000000635e+01
-6.644275700000000029e+01
-6.640488399999999558e+01
-6.636604300000000478e+01
-6.632637800000000539e+01
-6.628599499999999978e+01
-6.624500299999999697e+01
-6.620347599999999488e+01
-6.616150700000000029e+01
-6.611914799999999559e+01
-6.607647699999999702e+01
-6.603353099999999642e+01
-6.599036399999999958e+01
-6.594700600000000179e+01
-6.590351099999999462e+01
-6.585989399999999705e+01
-6.581618500000000438e+01
-6.577241499999999519e+01
-6.572860000000000014e+01
-6.568476099999999462e+01
-6.564091500000000678e+01
-6.559708399999999529e+01
-6.555326800000000276e+01
-6.550948300000000302e+01
-6.546574400000000082e+01
-6.542205800000000693e+01
-6.537844099999999514e+01
-6.533488499999999988e+01
-6.529140499999999747e+01
-6.524800100000000214e+01
-6.520468900000000190e+01
-6.516146100000000274e+01
-6.511833199999999522e+01
-6.507530199999999354e+01
-6.503237199999999518e+01
-6.498954799999999921e+01
-6.494682299999999486e+01
-6.490421299999999860e+01
-6.486171000000000220e+01
-6.481931299999999396e+01
-6.477703099999999381e+01
-6.473487099999999828e+01
-6.469281800000000260e+01
-6.465087900000000332e+01
-6.460906199999999444e+01
-6.456735199999999963e+01
-6.452577200000000346e+01
-6.448429899999999293e+01
-6.444294700000000375e+01
-6.440171100000000592e+01
-6.436059600000000103e+01
-6.431959500000000673e+01
-6.427870900000000631e+01
-6.423793799999999976e+01
-6.419728899999999783e+01
-6.415675400000000650e+01
-6.411633299999999736e+01
-6.407602699999999629e+01
-6.403584299999999985e+01
-6.399576600000000326e+01
-6.395580300000000307e+01
-6.391595099999999974e+01
-6.387621299999999991e+01
-6.383659000000000106e+01
-6.379707299999999748e+01
-6.375766800000000245e+01
-6.371837200000000223e+01
-6.367918399999999934e+01
-6.364010199999999884e+01
-6.360112800000000277e+01
-6.356226000000000198e+01
-6.352349900000000105e+01
-6.348483999999999838e+01
-6.344628500000000315e+01
-6.340783299999999656e+01
-6.336948399999999992e+01
-6.333123400000000203e+01
-6.329308300000000287e+01
-6.325503199999999993e+01
-6.321707500000000124e+01
-6.317921799999999877e+01
-6.314145700000000261e+01
-6.310378999999999650e+01
-6.306621899999999670e+01
-6.302873999999999910e+01
-6.299135199999999912e+01
-6.295405600000000135e+01
-6.291684699999999708e+01
-6.287973000000000212e+01
-6.284269700000000114e+01
-6.280575600000000236e+01
-6.276889800000000008e+01
-6.273212399999999889e+01
-6.269543500000000336e+01
-6.265882500000000022e+01
-6.262229899999999816e+01
-6.258585399999999765e+01
-6.254948799999999665e+01
-6.251319900000000018e+01
-6.247699000000000069e+01
-6.244085299999999705e+01
-6.240479700000000207e+01
-6.236880899999999883e+01
-6.233289700000000266e+01
-6.229705400000000282e+01
-6.226128400000000340e+01
-6.222558200000000284e+01
-6.218994899999999859e+01
-6.215438499999999777e+01
-6.211888100000000179e+01
-6.208344699999999960e+01
-6.204807699999999926e+01
-6.201276800000000122e+01
-6.197751999999999839e+01
-6.194233299999999787e+01
-6.190720400000000012e+01
-6.187213500000000010e+01
-6.183712400000000287e+01
-6.180216599999999971e+01
-6.176726200000000233e+01
-6.173241399999999857e+01
-6.169761700000000104e+01
-6.166286800000000312e+01
-6.162816999999999723e+01
-6.159352100000000263e+01
-6.155892200000000258e+01
-6.152436800000000261e+01
-6.148985700000000065e+01
-6.145539099999999877e+01
-6.142096300000000042e+01
-6.138658099999999962e+01
-6.135223799999999983e+01
-6.131793199999999899e+01
-6.128366499999999917e+01
-6.124943499999999830e+01
-6.121523700000000190e+01
-6.118107599999999735e+01
-6.114694599999999980e+01
-6.111284299999999803e+01
-6.107877299999999821e+01
-6.104473099999999874e+01
-6.101071499999999759e+01
-6.097672699999999679e+01
-6.094276399999999683e+01
-6.090882100000000321e+01
-6.087490100000000126e+01
-6.084100000000000108e+01
-6.080711699999999809e+01
-6.077325400000000144e+01
-6.073940699999999993e+01
-6.070557399999999859e+01
-6.067175300000000249e+01
-6.063794699999999693e+01
-6.060414899999999960e+01
-6.057035799999999881e+01
-6.053657900000000325e+01
-6.050280399999999759e+01
-6.046903199999999856e+01
-6.043526500000000112e+01
-6.040149699999999910e+01
-6.036772899999999709e+01
-6.033396100000000217e+01
-6.030019000000000062e+01
-6.026641500000000207e+01
-6.023263200000000239e+01
-6.019884100000000160e+01
-6.016503900000000016e+01
-6.013122599999999807e+01
-6.009740399999999738e+01
-6.006356399999999951e+01
-6.002970899999999688e+01
-5.999583400000000211e+01
-5.996194100000000304e+01
-5.992802799999999763e+01
-5.989408900000000102e+01
-5.986012600000000106e+01
-5.982613800000000026e+01
-5.979211800000000210e+01
-5.975806800000000152e+01
-5.972398799999999852e+01
-5.968986900000000162e+01
-5.965572000000000230e+01
-5.962152900000000244e+01
-5.958729600000000204e+01
-5.955302400000000063e+01
-5.951870699999999914e+01
-5.948434100000000058e+01
-5.944992799999999988e+01
-5.941546600000000211e+01
-5.938095100000000315e+01
-5.934638199999999841e+01
-5.931175199999999847e+01
-5.927706500000000034e+01
-5.924231699999999989e+01
-5.920750400000000013e+01
-5.917262300000000153e+01
-5.913767599999999902e+01
-5.910265700000000066e+01
-5.906756200000000234e+01
-5.903239399999999648e+01
-5.899714300000000122e+01
-5.896181500000000142e+01
-5.892639900000000353e+01
-5.889090000000000202e+01
-5.885530899999999832e+01
-5.881962599999999952e+01
-5.878384799999999899e+01
-5.874797099999999972e+01
-5.871199000000000012e+01
-5.867591099999999926e+01
-5.863972100000000154e+01
-5.860341999999999985e+01
-5.856700500000000176e+01
-5.853047600000000017e+01
-5.849382399999999649e+01
-5.845705000000000240e+01
-5.842015099999999705e+01
-5.838311800000000318e+01
-5.834595099999999945e+01
-5.830864700000000056e+01
-5.827119799999999827e+01
-5.823360799999999671e+01
-5.819586600000000232e+01
-5.815796999999999883e+01
-5.811991499999999888e+01
-5.808169900000000041e+01
-5.804332000000000136e+01
-5.800476499999999902e+01
-5.796603799999999751e+01
-5.792712800000000328e+01
-5.788803500000000213e+01
-5.784875100000000003e+01
-5.780927299999999747e+01
-5.776959200000000294e+01
-5.772970999999999719e+01
-5.768961300000000136e+01
-5.764930300000000329e+01
-5.760877200000000187e+01
-5.756800799999999896e+01
-5.752701600000000326e+01
-5.748577900000000085e+01
-5.744429800000000341e+01
-5.740256099999999861e+01
-5.736056899999999814e+01
-5.731830599999999976e+01
-5.727577200000000346e+01
-5.723295199999999738e+01
-5.718984600000000285e+01
-5.714644200000000041e+01
-5.710273699999999764e+01
-5.705871599999999688e+01
-5.701436999999999955e+01
-5.696969599999999900e+01
-5.692468300000000170e+01
-5.687931799999999782e+01
-5.683359500000000253e+01
-5.678750600000000048e+01
-5.674103199999999703e+01
-5.669417200000000179e+01
-5.664690800000000337e+01
-5.659922799999999654e+01
-5.655112499999999898e+01
-5.650258600000000087e+01
-5.645359400000000250e+01
-5.640413699999999864e+01
-5.635420200000000079e+01
-5.630377599999999916e+01
-5.625284200000000112e+01
-5.620138200000000239e+01
-5.614938399999999774e+01
-5.609683199999999914e+01
-5.604370099999999866e+01
-5.598998300000000228e+01
-5.593565000000000254e+01
-5.588068400000000224e+01
-5.582506899999999916e+01
-5.576877999999999957e+01
-5.571179200000000264e+01
-5.565408299999999997e+01
-5.559562700000000035e+01
-5.553640399999999744e+01
-5.547637600000000191e+01
-5.541552399999999778e+01
-5.535381300000000238e+01
-5.529121399999999653e+01
-5.522769199999999756e+01
-5.516320799999999736e+01
-5.509773299999999807e+01
-5.503122299999999711e+01
-5.496364200000000011e+01
-5.489493900000000082e+01
-5.482507700000000028e+01
-5.475399800000000283e+01
-5.468166000000000082e+01
-5.460800199999999904e+01
-5.453296999999999883e+01
-5.445650100000000293e+01
-5.437852900000000034e+01
-5.429898800000000136e+01
-5.421779999999999688e+01
-5.413488799999999657e+01
-5.405016299999999774e+01
-5.396353899999999726e+01
-5.387491599999999892e+01
-5.378418700000000285e+01
-5.369124200000000258e+01
-5.359595900000000057e+01
-5.349820700000000073e+01
-5.339783899999999761e+01
-5.329470400000000296e+01
-5.318863300000000294e+01
-5.307943699999999865e+01
-5.296692300000000131e+01
-5.285086400000000140e+01
-5.273102599999999995e+01
-5.260713200000000001e+01
-5.247889700000000346e+01
-5.234598499999999888e+01
-5.220804199999999895e+01
-5.206465899999999891e+01
-5.191537900000000150e+01
-5.175968600000000208e+01
-5.159700399999999831e+01
-5.142667000000000144e+01
-5.124793199999999871e+01
-5.105991699999999867e+01
-5.086162600000000111e+01
-5.065187800000000351e+01
-5.042930199999999985e+01
-5.019225699999999790e+01
-4.993879299999999688e+01
-4.966653800000000274e+01
-4.937260400000000260e+01
-4.905338700000000074e+01
-4.870435299999999756e+01
-4.831968299999999772e+01
-4.789173499999999706e+01
-4.741024399999999872e+01
-4.686098899999999645e+01
-4.622352599999999967e+01
-4.546713299999999691e+01
-4.454283099999999962e+01
-4.336632900000000035e+01
-4.177631399999999928e+01
-3.941295999999999822e+01
-3.526628099999999932e+01
-2.569798099999999863e+01
-5.993094000000000143e+00
