4.520000000000000000e+02
0.000000000000000000e+00
2.254999899999999968e+01
8.058332599999999516e-17
1.422845799999999983e+01
2.196812800000000010e+01
2.517397899999999922e+01
2.487807499999999905e+01
2.170922099999999944e+01
1.628487600000000057e+01
9.306965800000000399e+00
1.489311899999999911e+00
-6.553119699999999881e+00
-1.437620300000000029e+01
-2.171808800000000161e+01
-2.845435700000000168e+01
-3.451712799999999959e+01
-3.984349399999999974e+01
-4.440279400000000010e+01
-4.823048000000000002e+01
-5.141045400000000143e+01
-5.404140900000000158e+01
-5.621673200000000037e+01
-5.801726500000000186e+01
-5.951031900000000263e+01
-6.075098799999999954e+01
-6.178403500000000292e+01
-6.264577100000000343e+01
-6.336568799999999868e+01
-6.396777300000000110e+01
-6.447163399999999456e+01
-6.489333299999999838e+01
-6.524609399999999937e+01
-6.554084799999999689e+01
-6.578665200000000368e+01
-6.599105099999999879e+01
-6.616034700000000157e+01
-6.629981200000000285e+01
-6.641387899999999433e+01
-6.650628700000000038e+01
-6.658019299999999419e+01
-6.663826799999999650e+01
-6.668277000000000498e+01
-6.671562199999999621e+01
-6.673847999999999558e+01
-6.675272400000000061e+01
-6.675955199999999934e+01
-6.675999500000000353e+01
-6.675492099999999596e+01
-6.674508699999999806e+01
-6.673113299999999981e+01
-6.671361500000000433e+01
-6.669301600000000008e+01
-6.666974600000000351e+01
-6.664416500000000099e+01
-6.661656999999999584e+01
-6.658724999999999739e+01
-6.655641199999999458e+01
-6.652427699999999788e+01
-6.649100500000000125e+01
-6.645675699999999608e+01
-6.642166100000000029e+01
-6.638584099999999921e+01
-6.634938800000000469e+01
-6.631239300000000014e+01
-6.627493300000000431e+01
-6.623708299999999838e+01
-6.619889100000000326e+01
-6.616041599999999789e+01
-6.612170399999999404e+01
-6.608279400000000692e+01
-6.604371600000000342e+01
-6.600451700000000699e+01
-6.596520999999999901e+01
-6.592581900000000417e+01
-6.588638299999999504e+01
-6.584690100000000257e+01
-6.580739599999999712e+01
-6.576789100000000587e+01
-6.572839399999999443e+01
-6.568891899999999850e+01
-6.564947499999999536e+01
-6.561006899999999575e+01
-6.557070899999999369e+01
-6.553140999999999394e+01
-6.549217199999999650e+01
-6.545300299999999538e+01
-6.541391000000000133e+01
-6.537489300000000014e+01
-6.533595300000000350e+01
-6.529711199999999849e+01
-6.525834700000000055e+01
-6.521968800000000499e+01
-6.518111399999999378e+01
-6.514263900000000262e+01
-6.510427099999999712e+01
-6.506599400000000344e+01
-6.502783200000000363e+01
-6.498976100000000145e+01
-6.495180499999999313e+01
-6.491394800000000487e+01
-6.487620499999999879e+01
-6.483856199999999603e+01
-6.480103300000000388e+01
-6.476361099999999738e+01
-6.472629499999999325e+01
-6.468909499999999468e+01
-6.465200000000000102e+01
-6.461501300000000469e+01
-6.457814000000000476e+01
-6.454137400000000468e+01
-6.450471500000000447e+01
-6.446817000000000064e+01
-6.443173199999999667e+01
-6.439540100000000677e+01
-6.435917700000000252e+01
-6.432306699999999466e+01
-6.428706400000000087e+01
-6.425116699999999526e+01
-6.421536999999999296e+01
-6.417968799999999874e+01
-6.414411200000000690e+01
-6.410864300000000071e+01
-6.407327300000000037e+01
-6.403800999999999988e+01
-6.400284600000000523e+01
-6.396779300000000035e+01
-6.393283799999999673e+01
-6.389798700000000053e+01
-6.386323900000000009e+01
-6.382858999999999838e+01
-6.379404100000000000e+01
-6.375959000000000287e+01
-6.372524299999999897e+01
-6.369098999999999933e+01
-6.365683400000000347e+01
-6.362277600000000177e+01
-6.358881399999999928e+01
-6.355494300000000152e+01
-6.352117199999999997e+01
-6.348749200000000315e+01
-6.345390700000000095e+01
-6.342041400000000095e+01
-6.338700899999999905e+01
-6.335369899999999888e+01
-6.332047699999999679e+01
-6.328734200000000243e+01
-6.325429900000000316e+01
-6.322134400000000198e+01
-6.318847300000000189e+01
-6.315568900000000241e+01
-6.312299000000000149e+01
-6.309037800000000118e+01
-6.305784599999999784e+01
-6.302539800000000270e+01
-6.299303400000000153e+01
-6.296075100000000191e+01
-6.292854700000000179e+01
-6.289641999999999911e+01
-6.286437600000000003e+01
-6.283240899999999840e+01
-6.280051799999999673e+01
-6.276870300000000213e+01
-6.273696499999999787e+01
-6.270530300000000068e+01
-6.267371399999999682e+01
-6.264219700000000302e+01
-6.261075199999999796e+01
-6.257938000000000045e+01
-6.254807699999999926e+01
-6.251684199999999691e+01
-6.248568000000000211e+01
-6.245458200000000204e+01
-6.242355700000000240e+01
-6.239259299999999797e+01
-6.236169799999999697e+01
-6.233086399999999827e+01
-6.230009799999999842e+01
-6.226939399999999836e+01
-6.223875000000000313e+01
-6.220816800000000057e+01
-6.217764700000000033e+01
-6.214718599999999782e+01
-6.211678299999999808e+01
-6.208643699999999654e+01
-6.205615199999999732e+01
-6.202592099999999675e+01
-6.199574299999999738e+01
-6.196562200000000331e+01
-6.193555500000000080e+01
-6.190554000000000201e+01
-6.187557600000000235e+01
-6.184566499999999678e+01
-6.181580000000000297e+01
-6.178598800000000324e+01
-6.175622599999999807e+01
-6.172650500000000306e+01
-6.169683500000000009e+01
-6.166721299999999673e+01
-6.163763000000000147e+01
-6.160809700000000078e+01
-6.157860600000000062e+01
-6.154915199999999942e+01
-6.151974500000000035e+01
-6.149037599999999770e+01
-6.146104799999999813e+01
-6.143175500000000255e+01
-6.140250400000000042e+01
-6.137328699999999770e+01
-6.134410900000000311e+01
-6.131496400000000335e+01
-6.128585400000000050e+01
-6.125677499999999753e+01
-6.122773000000000110e+01
-6.119871499999999997e+01
-6.116973099999999874e+01
-6.114077799999999741e+01
-6.111185100000000148e+01
-6.108295400000000086e+01
-6.105408099999999649e+01
-6.102523800000000165e+01
-6.099641400000000147e+01
-6.096761699999999706e+01
-6.093884299999999854e+01
-6.091009100000000132e+01
-6.088135900000000333e+01
-6.085264999999999702e+01
-6.082395600000000258e+01
-6.079527999999999821e+01
-6.076662400000000019e+01
-6.073798399999999731e+01
-6.070935399999999760e+01
-6.068074399999999713e+01
-6.065214199999999778e+01
-6.062355399999999861e+01
-6.059497799999999756e+01
-6.056640999999999764e+01
-6.053785299999999836e+01
-6.050930000000000319e+01
-6.048075899999999905e+01
-6.045221699999999743e+01
-6.042368700000000104e+01
-6.039515699999999754e+01
-6.036662700000000115e+01
-6.033809999999999718e+01
-6.030957399999999780e+01
-6.028104799999999841e+01
-6.025251800000000202e+01
-6.022398799999999852e+01
-6.019545000000000101e+01
-6.016690799999999939e+01
-6.013835900000000123e+01
-6.010980599999999896e+01
-6.008124200000000315e+01
-6.005266600000000210e+01
-6.002407800000000293e+01
-5.999548000000000059e+01
-5.996686900000000264e+01
-5.993824000000000041e+01
-5.990959900000000005e+01
-5.988093599999999839e+01
-5.985225700000000160e+01
-5.982355900000000304e+01
-5.979483799999999860e+01
-5.976609400000000250e+01
-5.973732799999999799e+01
-5.970853400000000022e+01
-5.967971800000000115e+01
-5.965087100000000220e+01
-5.962199400000000082e+01
-5.959308599999999956e+01
-5.956414800000000298e+01
-5.953517500000000240e+01
-5.950616800000000239e+01
-5.947712700000000297e+01
-5.944804400000000300e+01
-5.941892200000000201e+01
-5.938975899999999797e+01
-5.936055799999999749e+01
-5.933130599999999788e+01
-5.930201300000000231e+01
-5.927267100000000255e+01
-5.924328200000000066e+01
-5.921383999999999759e+01
-5.918434500000000043e+01
-5.915480000000000160e+01
-5.912519799999999748e+01
-5.909553900000000226e+01
-5.906581899999999763e+01
-5.903603700000000032e+01
-5.900619499999999817e+01
-5.897628799999999671e+01
-5.894631600000000304e+01
-5.891627499999999884e+01
-5.888616199999999878e+01
-5.885597599999999829e+01
-5.882571800000000195e+01
-5.879538300000000106e+01
-5.876496900000000068e+01
-5.873447399999999874e+01
-5.870389899999999983e+01
-5.867323700000000031e+01
-5.864248700000000269e+01
-5.861164899999999989e+01
-5.858072299999999899e+01
-5.854969799999999935e+01
-5.851857799999999799e+01
-5.848735800000000040e+01
-5.845603899999999697e+01
-5.842461800000000238e+01
-5.839308499999999924e+01
-5.836144999999999783e+01
-5.832970000000000255e+01
-5.829783199999999965e+01
-5.826585399999999737e+01
-5.823375300000000010e+01
-5.820152699999999868e+01
-5.816917800000000227e+01
-5.813669999999999760e+01
-5.810408799999999729e+01
-5.807134200000000135e+01
-5.803846000000000060e+01
-5.800543600000000311e+01
-5.797226299999999810e+01
-5.793894600000000139e+01
-5.790547600000000017e+01
-5.787185300000000154e+01
-5.783806599999999776e+01
-5.780411900000000003e+01
-5.777000799999999714e+01
-5.773572200000000265e+01
-5.770126299999999731e+01
-5.766662600000000083e+01
-5.763180499999999995e+01
-5.759679799999999972e+01
-5.756159999999999854e+01
-5.752620300000000242e+01
-5.749060800000000171e+01
-5.745480700000000240e+01
-5.741879300000000086e+01
-5.738256499999999960e+01
-5.734611499999999751e+01
-5.730944099999999963e+01
-5.727253300000000280e+01
-5.723539000000000243e+01
-5.719800200000000245e+01
-5.716036600000000334e+01
-5.712247500000000144e+01
-5.708432400000000229e+01
-5.704590199999999811e+01
-5.700720599999999649e+01
-5.696823100000000295e+01
-5.692896300000000309e+01
-5.688940399999999897e+01
-5.684954100000000210e+01
-5.680936400000000219e+01
-5.676887099999999720e+01
-5.672804599999999908e+01
-5.668688999999999822e+01
-5.664538999999999902e+01
-5.660353099999999671e+01
-5.656131400000000298e+01
-5.651872300000000138e+01
-5.647574600000000089e+01
-5.643238099999999946e+01
-5.638860700000000037e+01
-5.634442099999999698e+01
-5.629980499999999921e+01
-5.625475300000000090e+01
-5.620924800000000232e+01
-5.616328000000000031e+01
-5.611683699999999675e+01
-5.606990100000000155e+01
-5.602245700000000284e+01
-5.597449499999999745e+01
-5.592599500000000035e+01
-5.587694199999999967e+01
-5.582732000000000028e+01
-5.577711099999999789e+01
-5.572629500000000036e+01
-5.567485800000000040e+01
-5.562277199999999766e+01
-5.557002299999999906e+01
-5.551658599999999666e+01
-5.546244000000000085e+01
-5.540755800000000164e+01
-5.535192099999999726e+01
-5.529549399999999792e+01
-5.523825800000000186e+01
-5.518018000000000001e+01
-5.512122699999999753e+01
-5.506137499999999818e+01
-5.500058400000000347e+01
-5.493882399999999677e+01
-5.487604900000000185e+01
-5.481223299999999909e+01
-5.474732199999999693e+01
-5.468128200000000305e+01
-5.461406300000000158e+01
-5.454561600000000254e+01
-5.447589099999999718e+01
-5.440483100000000150e+01
-5.433238200000000262e+01
-5.425847600000000170e+01
-5.418305200000000355e+01
-5.410603700000000060e+01
-5.402735899999999702e+01
-5.394693800000000294e+01
-5.386468500000000148e+01
-5.378050600000000259e+01
-5.369431300000000107e+01
-5.360598800000000352e+01
-5.351542700000000252e+01
-5.342249699999999990e+01
-5.332707200000000114e+01
-5.322900400000000332e+01
-5.312813899999999734e+01
-5.302430300000000329e+01
-5.291731300000000005e+01
-5.280696499999999816e+01
-5.269303500000000184e+01
-5.257527499999999776e+01
-5.245342300000000080e+01
-5.232717099999999988e+01
-5.219619399999999843e+01
-5.206011999999999773e+01
-5.191853299999999649e+01
-5.177097700000000202e+01
-5.161692800000000148e+01
-5.145579500000000195e+01
-5.128690300000000235e+01
-5.110948599999999686e+01
-5.092265299999999684e+01
-5.072538399999999825e+01
-5.051647599999999727e+01
-5.029451799999999650e+01
-5.005784200000000084e+01
-4.980443600000000259e+01
-4.953187900000000354e+01
-4.923718300000000170e+01
-4.891664899999999960e+01
-4.856559399999999727e+01
-4.817799399999999821e+01
-4.774592599999999720e+01
-4.725870100000000207e+01
-4.670146600000000348e+01
-4.605276899999999785e+01
-4.528016699999999872e+01
-4.433158099999999990e+01
-4.311647800000000075e+01
-4.145924399999999821e+01
-3.896050300000000277e+01
-3.447037499999999710e+01
-2.391313699999999898e+01
-4.042896700000000010e+00
