3.740000000000000000e+02
0.000000000000000000e+00
1.864999999999999858e+01
-1.021860499999999956e-17
1.471734200000000037e+01
2.266732199999999864e+01
2.595571299999999937e+01
2.567247199999999907e+01
2.246649700000000038e+01
1.696813200000000066e+01
9.893364000000000047e+00
1.969981399999999994e+00
-6.176305799999999735e+00
-1.409543999999999997e+01
-2.152403100000000080e+01
-2.833845499999999973e+01
-3.447060400000000158e+01
-3.985462199999999910e+01
-4.445737100000000197e+01
-4.831506000000000256e+01
-5.151429399999999958e+01
-5.415657399999999910e+01
-5.633753600000000006e+01
-5.813966800000000035e+01
-5.963145800000000207e+01
-6.086883199999999761e+01
-6.189714399999999728e+01
-6.275311700000000315e+01
-6.346652999999999878e+01
-6.406158399999999631e+01
-6.455803699999999878e+01
-6.497206099999999651e+01
-6.531694799999999645e+01
-6.560369099999999776e+01
-6.584138500000000249e+01
-6.603761299999999324e+01
-6.619868499999999756e+01
-6.632989499999999339e+01
-6.643569899999999961e+01
-6.651983599999999797e+01
-6.658547199999999577e+01
-6.663527700000000209e+01
-6.667151599999999689e+01
-6.669612899999999911e+01
-6.671075399999999433e+01
-6.671678900000000567e+01
-6.671542399999999873e+01
-6.670769500000000107e+01
-6.669446600000000558e+01
-6.667650600000000338e+01
-6.665444200000000308e+01
-6.662884499999999832e+01
-6.660018200000000377e+01
-6.656887799999999800e+01
-6.653527800000000525e+01
-6.649970199999999920e+01
-6.646241799999999955e+01
-6.642364499999999339e+01
-6.638359800000000632e+01
-6.634243800000000135e+01
-6.630033099999999990e+01
-6.625740100000000155e+01
-6.621376800000000173e+01
-6.616953300000000127e+01
-6.612477900000000375e+01
-6.607958200000000204e+01
-6.603401900000000069e+01
-6.598814400000000546e+01
-6.594200899999999876e+01
-6.589566000000000656e+01
-6.584913600000000145e+01
-6.580247500000000116e+01
-6.575570700000000102e+01
-6.570886199999999633e+01
-6.566195700000000102e+01
-6.561502099999999871e+01
-6.556806899999999416e+01
-6.552112599999999532e+01
-6.547418999999999301e+01
-6.542729199999999423e+01
-6.538043199999999899e+01
-6.533362599999999532e+01
-6.528687999999999647e+01
-6.524021100000000217e+01
-6.519361100000000420e+01
-6.514709499999999309e+01
-6.510066999999999382e+01
-6.505433700000000385e+01
-6.500810199999999384e+01
-6.496196700000000135e+01
-6.491593899999999451e+01
-6.487002599999999575e+01
-6.482421100000000536e+01
-6.477851900000000285e+01
-6.473294099999999673e+01
-6.468746899999999300e+01
-6.464212799999999959e+01
-6.459690100000000257e+01
-6.455178800000000194e+01
-6.450679800000000341e+01
-6.446193700000000604e+01
-6.441719100000000253e+01
-6.437256600000000617e+01
-6.432806399999999769e+01
-6.428368399999999383e+01
-6.423943300000000534e+01
-6.419529699999999650e+01
-6.415128300000000650e+01
-6.410739100000000690e+01
-6.406362199999999518e+01
-6.401997400000000482e+01
-6.397643999999999664e+01
-6.393302899999999767e+01
-6.388974000000000331e+01
-6.384656499999999824e+01
-6.380350899999999825e+01
-6.376057099999999878e+01
-6.371775099999999981e+01
-6.367504100000000022e+01
-6.363244999999999862e+01
-6.358997000000000099e+01
-6.354760399999999976e+01
-6.350534799999999791e+01
-6.346320300000000003e+01
-6.342116899999999902e+01
-6.337924199999999786e+01
-6.333742500000000319e+01
-6.329571200000000175e+01
-6.325410500000000269e+01
-6.321260500000000349e+01
-6.317120700000000255e+01
-6.312991000000000241e+01
-6.308871500000000054e+01
-6.304761899999999741e+01
-6.300662599999999713e+01
-6.296572499999999906e+01
-6.292492299999999972e+01
-6.288421600000000211e+01
-6.284360499999999661e+01
-6.280308500000000294e+01
-6.276265699999999725e+01
-6.272232100000000088e+01
-6.268207199999999801e+01
-6.264191399999999987e+01
-6.260184100000000029e+01
-6.256185200000000179e+01
-6.252194999999999681e+01
-6.248212800000000300e+01
-6.244238699999999653e+01
-6.240272900000000078e+01
-6.236314800000000247e+01
-6.232364700000000113e+01
-6.228422199999999975e+01
-6.224486900000000134e+01
-6.220559300000000036e+01
-6.216638900000000234e+01
-6.212725400000000064e+01
-6.208819199999999938e+01
-6.204919399999999996e+01
-6.201026499999999686e+01
-6.197140499999999719e+01
-6.193260599999999982e+01
-6.189386700000000019e+01
-6.185519399999999735e+01
-6.181657799999999980e+01
-6.177802299999999747e+01
-6.173952100000000343e+01
-6.170107699999999795e+01
-6.166268500000000330e+01
-6.162435200000000179e+01
-6.158606300000000289e+01
-6.154782900000000012e+01
-6.150963999999999743e+01
-6.147149699999999939e+01
-6.143340299999999843e+01
-6.139534799999999848e+01
-6.135733799999999860e+01
-6.131936999999999927e+01
-6.128144100000000094e+01
-6.124354600000000204e+01
-6.120568800000000209e+01
-6.116786599999999652e+01
-6.113007700000000000e+01
-6.109231900000000337e+01
-6.105458800000000252e+01
-6.101688800000000157e+01
-6.097921399999999892e+01
-6.094156300000000215e+01
-6.090393799999999658e+01
-6.086633299999999736e+01
-6.082874699999999990e+01
-6.079117600000000010e+01
-6.075362400000000207e+01
-6.071608700000000169e+01
-6.067856199999999944e+01
-6.064104799999999784e+01
-6.060354600000000147e+01
-6.056604800000000211e+01
-6.052855699999999928e+01
-6.049106599999999645e+01
-6.045357899999999773e+01
-6.041609199999999902e+01
-6.037860500000000030e+01
-6.034111399999999747e+01
-6.030361599999999811e+01
-6.026610900000000015e+01
-6.022859199999999902e+01
-6.019106299999999976e+01
-6.015352200000000238e+01
-6.011596300000000070e+01
-6.007838799999999679e+01
-6.004079399999999822e+01
-6.000317799999999835e+01
-5.996553399999999812e+01
-5.992786399999999958e+01
-5.989016699999999815e+01
-5.985244000000000142e+01
-5.981467800000000068e+01
-5.977688200000000052e+01
-5.973904399999999981e+01
-5.970117199999999968e+01
-5.966325400000000201e+01
-5.962528999999999968e+01
-5.958727999999999980e+01
-5.954921699999999873e+01
-5.951110500000000059e+01
-5.947293499999999966e+01
-5.943470800000000054e+01
-5.939642299999999864e+01
-5.935807400000000200e+01
-5.931965600000000194e+01
-5.928117000000000303e+01
-5.924261500000000069e+01
-5.920398300000000091e+01
-5.916527599999999865e+01
-5.912648800000000193e+01
-5.908761599999999703e+01
-5.904865600000000114e+01
-5.900960500000000053e+01
-5.897046699999999930e+01
-5.893122900000000186e+01
-5.889188800000000157e+01
-5.885244800000000254e+01
-5.881290099999999654e+01
-5.877324300000000079e+01
-5.873347499999999854e+01
-5.869358400000000131e+01
-5.865357600000000105e+01
-5.861344100000000168e+01
-5.857317700000000116e+01
-5.853278399999999948e+01
-5.849224900000000105e+01
-5.845157199999999875e+01
-5.841075500000000176e+01
-5.836978500000000025e+01
-5.832865900000000181e+01
-5.828737600000000185e+01
-5.824593000000000131e+01
-5.820431500000000113e+01
-5.816252500000000225e+01
-5.812055999999999756e+01
-5.807840699999999856e+01
-5.803606800000000021e+01
-5.799353399999999681e+01
-5.795079799999999892e+01
-5.790785999999999945e+01
-5.786470800000000025e+01
-5.782133900000000182e+01
-5.777774800000000255e+01
-5.773392499999999927e+01
-5.768986499999999751e+01
-5.764556499999999772e+01
-5.760101300000000180e+01
-5.755620199999999897e+01
-5.751112700000000189e+01
-5.746577800000000025e+01
-5.742015099999999705e+01
-5.737423700000000082e+01
-5.732802600000000126e+01
-5.728150899999999979e+01
-5.723467999999999734e+01
-5.718752700000000289e+01
-5.714004500000000064e+01
-5.709221600000000052e+01
-5.704404100000000000e+01
-5.699550200000000189e+01
-5.694659000000000049e+01
-5.689729700000000179e+01
-5.684760700000000355e+01
-5.679750800000000055e+01
-5.674699400000000082e+01
-5.669604499999999803e+01
-5.664465299999999814e+01
-5.659280400000000100e+01
-5.654048199999999724e+01
-5.648767099999999886e+01
-5.643435699999999855e+01
-5.638052700000000073e+01
-5.632616000000000156e+01
-5.627123999999999882e+01
-5.621575200000000194e+01
-5.615967599999999749e+01
-5.610298900000000089e+01
-5.604567699999999775e+01
-5.598771299999999940e+01
-5.592907699999999949e+01
-5.586974699999999672e+01
-5.580969999999999942e+01
-5.574890500000000060e+01
-5.568733999999999895e+01
-5.562497700000000123e+01
-5.556179000000000201e+01
-5.549774200000000235e+01
-5.543280000000000030e+01
-5.536693999999999960e+01
-5.530011700000000019e+01
-5.523229599999999806e+01
-5.516344099999999884e+01
-5.509350599999999787e+01
-5.502244900000000172e+01
-5.495022199999999657e+01
-5.487678100000000114e+01
-5.480206700000000097e+01
-5.472602799999999945e+01
-5.464860500000000343e+01
-5.456973599999999891e+01
-5.448935300000000126e+01
-5.440738699999999994e+01
-5.432376500000000163e+01
-5.423839600000000161e+01
-5.415120300000000242e+01
-5.406209199999999981e+01
-5.397096299999999758e+01
-5.387770499999999885e+01
-5.378220400000000012e+01
-5.368433799999999678e+01
-5.358397300000000030e+01
-5.348096100000000064e+01
-5.337514099999999928e+01
-5.326634599999999864e+01
-5.315438499999999777e+01
-5.303905100000000061e+01
-5.292011999999999716e+01
-5.279734400000000250e+01
-5.267044800000000038e+01
-5.253913500000000170e+01
-5.240306100000000100e+01
-5.226185600000000164e+01
-5.211510100000000278e+01
-5.196232200000000034e+01
-5.180300100000000185e+01
-5.163652400000000142e+01
-5.146221899999999749e+01
-5.127929300000000268e+01
-5.108684900000000084e+01
-5.088383900000000182e+01
-5.066904100000000000e+01
-5.044101299999999810e+01
-5.019804400000000300e+01
-4.993807600000000235e+01
-4.965861900000000162e+01
-4.935660200000000231e+01
-4.902821000000000140e+01
-4.866859800000000291e+01
-4.827151899999999785e+01
-4.782871600000000001e+01
-4.732901400000000081e+01
-4.675677499999999753e+01
-4.608926799999999702e+01
-4.529179800000000000e+01
-4.430797199999999947e+01
-4.303812800000000038e+01
-4.128412999999999755e+01
-3.857788500000000198e+01
-3.348873900000000248e+01
-2.092021400000000142e+01
-1.355784499999999893e-01
