3.960000000000000000e+02
0.000000000000000000e+00
1.975000000000000000e+01
-2.602085199999999874e-17
1.455458999999999925e+01
2.243533299999999997e+01
2.569697000000000031e+01
2.541000599999999920e+01
2.221662699999999901e+01
1.674290500000000037e+01
9.700186699999999718e+00
1.811672699999999914e+00
-6.300437900000000369e+00
-1.418800300000000014e+01
-2.158810000000000073e+01
-2.837681399999999954e+01
-3.448610299999999995e+01
-3.985109700000000288e+01
-4.443950999999999851e+01
-4.828730800000000301e+01
-5.148020199999999846e+01
-5.411876300000000128e+01
-5.629788200000000131e+01
-5.809950599999999810e+01
-5.959173599999999738e+01
-6.083021500000000259e+01
-6.186010699999999929e+01
-6.271799899999999894e+01
-6.343357499999999760e+01
-6.403097499999999798e+01
-6.452988399999999558e+01
-6.494645699999999522e+01
-6.529396800000000667e+01
-6.558336599999999805e+01
-6.582376100000000463e+01
-6.602270500000000197e+01
-6.618650800000000345e+01
-6.632046499999999867e+01
-6.642901600000000428e+01
-6.651590699999999856e+01
-6.658428999999999576e+01
-6.663684100000000399e+01
-6.667583500000000640e+01
-6.670318600000000231e+01
-6.672055100000000039e+01
-6.672930900000000065e+01
-6.673067500000000507e+01
-6.672566199999999981e+01
-6.671515700000000493e+01
-6.669988999999999635e+01
-6.668052699999999788e+01
-6.665762300000000096e+01
-6.663164500000000601e+01
-6.660301200000000676e+01
-6.657208300000000634e+01
-6.653916900000000112e+01
-6.650453199999999754e+01
-6.646839900000000512e+01
-6.643098399999999515e+01
-6.639245599999999570e+01
-6.635296599999999501e+01
-6.631264500000000339e+01
-6.627161399999999958e+01
-6.622996500000000708e+01
-6.618779800000000080e+01
-6.614517999999999631e+01
-6.610218799999999817e+01
-6.605886800000000392e+01
-6.601528899999999567e+01
-6.597148099999999715e+01
-6.592749799999999993e+01
-6.588336200000000531e+01
-6.583911100000000260e+01
-6.579477699999999629e+01
-6.575038100000000441e+01
-6.570594800000000646e+01
-6.566148400000000152e+01
-6.561701999999999657e+01
-6.557256300000000238e+01
-6.552813000000000443e+01
-6.548373399999999833e+01
-6.543938400000000399e+01
-6.539508800000000122e+01
-6.535085300000000075e+01
-6.530668599999999913e+01
-6.526260399999999606e+01
-6.521859700000000259e+01
-6.517468300000000170e+01
-6.513085200000000441e+01
-6.508712800000000698e+01
-6.504349499999999296e+01
-6.499996899999999300e+01
-6.495654299999999637e+01
-6.491323099999999613e+01
-6.487001800000000173e+01
-6.482692699999999775e+01
-6.478394299999999362e+01
-6.474107399999999757e+01
-6.469831800000000044e+01
-6.465568500000000540e+01
-6.461315899999999601e+01
-6.457075500000000545e+01
-6.452847300000000530e+01
-6.448630500000000154e+01
-6.444425200000000586e+01
-6.440232100000000059e+01
-6.436050400000000593e+01
-6.431880999999999915e+01
-6.427723699999999951e+01
-6.423577099999999973e+01
-6.419443499999999858e+01
-6.415320599999999729e+01
-6.411209900000000061e+01
-6.407110600000000034e+01
-6.403022799999999393e+01
-6.398946800000000223e+01
-6.394882199999999983e+01
-6.390829099999999841e+01
-6.386787000000000347e+01
-6.382756400000000241e+01
-6.378737300000000232e+01
-6.374728799999999751e+01
-6.370731700000000330e+01
-6.366745399999999933e+01
-6.362769699999999773e+01
-6.358805100000000010e+01
-6.354851200000000233e+01
-6.350907899999999984e+01
-6.346975299999999720e+01
-6.343053100000000200e+01
-6.339141099999999796e+01
-6.335238999999999976e+01
-6.331347699999999890e+01
-6.327466199999999930e+01
-6.323594700000000302e+01
-6.319733000000000089e+01
-6.315881000000000256e+01
-6.312038799999999839e+01
-6.308206200000000052e+01
-6.304383099999999729e+01
-6.300569200000000336e+01
-6.296764799999999696e+01
-6.292969099999999827e+01
-6.289182699999999926e+01
-6.285405300000000040e+01
-6.281636799999999710e+01
-6.277876700000000199e+01
-6.274125699999999739e+01
-6.270382699999999687e+01
-6.266648500000000155e+01
-6.262922300000000320e+01
-6.259204499999999882e+01
-6.255494699999999852e+01
-6.251792900000000230e+01
-6.248098800000000352e+01
-6.244412599999999713e+01
-6.240733699999999828e+01
-6.237062499999999687e+01
-6.233398799999999795e+01
-6.229742099999999994e+01
-6.226092899999999730e+01
-6.222450599999999810e+01
-6.218815200000000232e+01
-6.215186700000000286e+01
-6.211564599999999814e+01
-6.207949399999999684e+01
-6.204340400000000244e+01
-6.200737800000000277e+01
-6.197141599999999784e+01
-6.193551300000000026e+01
-6.189967000000000041e+01
-6.186388399999999876e+01
-6.182815899999999942e+01
-6.179248799999999875e+01
-6.175686999999999927e+01
-6.172131000000000256e+01
-6.168579900000000293e+01
-6.165034099999999739e+01
-6.161493300000000062e+01
-6.157957100000000139e+01
-6.154425799999999924e+01
-6.150899100000000175e+01
-6.147377000000000180e+01
-6.143859100000000240e+01
-6.140345400000000353e+01
-6.136835899999999810e+01
-6.133330500000000285e+01
-6.129828599999999739e+01
-6.126330600000000004e+01
-6.122836300000000165e+01
-6.119345100000000315e+01
-6.115857299999999697e+01
-6.112372599999999778e+01
-6.108891299999999802e+01
-6.105412700000000115e+01
-6.101936700000000258e+01
-6.098463399999999979e+01
-6.094992400000000288e+01
-6.091523699999999764e+01
-6.088057700000000239e+01
-6.084593199999999769e+01
-6.081130999999999887e+01
-6.077670299999999770e+01
-6.074211499999999830e+01
-6.070753899999999703e+01
-6.067297700000000304e+01
-6.063842400000000055e+01
-6.060388600000000281e+01
-6.056935099999999750e+01
-6.053482799999999742e+01
-6.050030900000000145e+01
-6.046579400000000248e+01
-6.043128200000000305e+01
-6.039676699999999698e+01
-6.036225499999999755e+01
-6.032773999999999859e+01
-6.029322100000000262e+01
-6.025869399999999843e+01
-6.022416299999999723e+01
-6.018962100000000248e+01
-6.015506700000000251e+01
-6.012050200000000189e+01
-6.008592600000000061e+01
-6.005133099999999757e+01
-6.001671600000000240e+01
-5.998208199999999835e+01
-5.994742999999999711e+01
-5.991275399999999962e+01
-5.987805199999999672e+01
-5.984332299999999805e+01
-5.980856299999999948e+01
-5.977377299999999849e+01
-5.973895300000000219e+01
-5.970409399999999778e+01
-5.966920100000000105e+01
-5.963426599999999667e+01
-5.959929300000000296e+01
-5.956427800000000161e+01
-5.952921700000000271e+01
-5.949410600000000215e+01
-5.945894599999999741e+01
-5.942373700000000269e+01
-5.938847400000000221e+01
-5.935315299999999894e+01
-5.931777199999999794e+01
-5.928233300000000128e+01
-5.924683000000000277e+01
-5.921125800000000083e+01
-5.917562099999999958e+01
-5.913991200000000248e+01
-5.910412999999999784e+01
-5.906827200000000033e+01
-5.903233699999999828e+01
-5.899631899999999973e+01
-5.896021700000000010e+01
-5.892403000000000191e+01
-5.888774899999999946e+01
-5.885137900000000144e+01
-5.881491499999999917e+01
-5.877835100000000068e+01
-5.874168399999999934e+01
-5.870491400000000226e+01
-5.866803399999999868e+01
-5.863104200000000077e+01
-5.859394100000000094e+01
-5.855671699999999902e+01
-5.851937499999999659e+01
-5.848190699999999964e+01
-5.844431300000000107e+01
-5.840658599999999723e+01
-5.836872100000000074e+01
-5.833071900000000198e+01
-5.829257199999999983e+01
-5.825428000000000139e+01
-5.821583600000000303e+01
-5.817723500000000314e+01
-5.813847400000000221e+01
-5.809955200000000275e+01
-5.806045499999999748e+01
-5.802119100000000174e+01
-5.798174699999999859e+01
-5.794212000000000273e+01
-5.790230199999999883e+01
-5.786229699999999809e+01
-5.782209000000000287e+01
-5.778168099999999896e+01
-5.774106199999999944e+01
-5.770022999999999769e+01
-5.765917600000000220e+01
-5.761789699999999925e+01
-5.757638500000000192e+01
-5.753463699999999648e+01
-5.749264099999999900e+01
-5.745039700000000238e+01
-5.740789399999999887e+01
-5.736512400000000156e+01
-5.732208299999999923e+01
-5.727876299999999787e+01
-5.723515299999999684e+01
-5.719124999999999659e+01
-5.714704100000000153e+01
-5.710252400000000250e+01
-5.705768199999999979e+01
-5.701251200000000097e+01
-5.696700700000000239e+01
-5.692114999999999725e+01
-5.687493500000000068e+01
-5.682835399999999737e+01
-5.678139500000000339e+01
-5.673404299999999978e+01
-5.668629500000000121e+01
-5.663812999999999676e+01
-5.658954599999999857e+01
-5.654052000000000078e+01
-5.649104700000000179e+01
-5.644110899999999731e+01
-5.639069400000000343e+01
-5.633978700000000117e+01
-5.628837200000000252e+01
-5.623643899999999718e+01
-5.618395999999999901e+01
-5.613093200000000138e+01
-5.607732399999999728e+01
-5.602312899999999729e+01
-5.596831900000000104e+01
-5.591288000000000125e+01
-5.585678899999999913e+01
-5.580002199999999846e+01
-5.574255800000000249e+01
-5.568437200000000331e+01
-5.562544299999999708e+01
-5.556574200000000019e+01
-5.550524099999999805e+01
-5.544390899999999789e+01
-5.538172099999999887e+01
-5.531864199999999698e+01
-5.525464199999999693e+01
-5.518967800000000068e+01
-5.512372200000000078e+01
-5.505673199999999667e+01
-5.498866300000000251e+01
-5.491947900000000260e+01
-5.484912500000000080e+01
-5.477756099999999861e+01
-5.470472699999999833e+01
-5.463057700000000239e+01
-5.455505000000000138e+01
-5.447808100000000309e+01
-5.439960500000000110e+01
-5.431955700000000320e+01
-5.423785800000000279e+01
-5.415442999999999785e+01
-5.406918699999999944e+01
-5.398203699999999827e+01
-5.389288299999999765e+01
-5.380161999999999978e+01
-5.370813400000000115e+01
-5.361230100000000220e+01
-5.351398799999999767e+01
-5.341305200000000042e+01
-5.330934100000000342e+01
-5.320267900000000338e+01
-5.309288800000000208e+01
-5.297975900000000138e+01
-5.286307500000000203e+01
-5.274258799999999781e+01
-5.261803400000000153e+01
-5.248911700000000025e+01
-5.235550700000000290e+01
-5.221683500000000322e+01
-5.207269300000000101e+01
-5.192262600000000106e+01
-5.176610900000000015e+01
-5.160256600000000304e+01
-5.143131999999999948e+01
-5.125161700000000309e+01
-5.106257599999999996e+01
-5.086318599999999890e+01
-5.065225199999999717e+01
-5.042839099999999775e+01
-5.018994099999999747e+01
-4.993492499999999978e+01
-4.966094199999999859e+01
-4.936505900000000224e+01
-4.904362100000000169e+01
-4.869201699999999988e+01
-4.830431399999999798e+01
-4.787272999999999712e+01
-4.738677599999999757e+01
-4.683187900000000070e+01
-4.618704999999999927e+01
-4.542060899999999890e+01
-4.448182700000000267e+01
-4.328280999999999779e+01
-4.165382799999999719e+01
-3.921099099999999993e+01
-3.485434000000000054e+01
-2.460022899999999879e+01
-4.481984100000000026e+00
