3.590000000000000000e+02
0.000000000000000000e+00
1.789999999999999858e+01
-7.047314099999999791e-19
1.483850999999999942e+01
2.283944299999999927e+01
2.614713100000000168e+01
2.586616499999999874e+01
2.265049199999999985e+01
1.713365699999999947e+01
1.003509000000000029e+01
2.085956299999999874e+00
-6.085481599999999602e+00
-1.402779600000000038e+01
-2.147729299999999952e+01
-2.831059600000000032e+01
-3.445955699999999666e+01
-3.985755900000000196e+01
-4.447083299999999895e+01
-4.833576599999999956e+01
-5.153961600000000232e+01
-5.418458600000000303e+01
-5.636685200000000151e+01
-5.816931199999999791e+01
-5.966073999999999700e+01
-6.089725500000000125e+01
-6.192436200000000213e+01
-6.277888099999999838e+01
-6.349066200000000038e+01
-6.408396100000000217e+01
-6.457856800000000419e+01
-6.499067700000000514e+01
-6.533360299999999654e+01
-6.561834699999999998e+01
-6.585402700000000209e+01
-6.604821800000000565e+01
-6.620724500000000035e+01
-6.633641099999999824e+01
-6.644015500000000429e+01
-6.652223200000000247e+01
-6.658580800000000011e+01
-6.663355300000000625e+01
-6.666773999999999489e+01
-6.669029999999999347e+01
-6.670287299999999675e+01
-6.670686299999999846e+01
-6.670346100000000433e+01
-6.669369500000000528e+01
-6.667843600000000492e+01
-6.665844699999999534e+01
-6.663436900000000662e+01
-6.660675000000000523e+01
-6.657608000000000459e+01
-6.654277799999999843e+01
-6.650717899999999361e+01
-6.646962000000000614e+01
-6.643034400000000517e+01
-6.638959499999999991e+01
-6.634757199999999955e+01
-6.630445100000000025e+01
-6.626037599999999372e+01
-6.621549199999999757e+01
-6.616991400000000567e+01
-6.612373399999999890e+01
-6.607704200000000583e+01
-6.602991500000000258e+01
-6.598242999999999370e+01
-6.593463900000000422e+01
-6.588658900000000074e+01
-6.583833300000000577e+01
-6.578990899999999442e+01
-6.574134800000000212e+01
-6.569269599999999798e+01
-6.564396700000000351e+01
-6.559518400000000327e+01
-6.554637099999999350e+01
-6.549755899999999542e+01
-6.544874599999999987e+01
-6.539996299999999962e+01
-6.535121200000000385e+01
-6.530250499999999647e+01
-6.525386000000000308e+01
-6.520527599999999779e+01
-6.515676899999999705e+01
-6.510834499999999991e+01
-6.506001299999999787e+01
-6.501176499999999692e+01
-6.496362299999999834e+01
-6.491558100000000309e+01
-6.486764499999999600e+01
-6.481981700000000046e+01
-6.477210200000000384e+01
-6.472449500000000455e+01
-6.467701700000000642e+01
-6.462964599999999393e+01
-6.458240499999999429e+01
-6.453527800000000525e+01
-6.448828100000000063e+01
-6.444139900000000409e+01
-6.439464599999999450e+01
-6.434801500000000374e+01
-6.430150600000000338e+01
-6.425512700000000166e+01
-6.420887000000000455e+01
-6.416273499999999785e+01
-6.411673000000000400e+01
-6.407084700000000055e+01
-6.402508500000000424e+01
-6.397945399999999694e+01
-6.393394099999999725e+01
-6.388855000000000217e+01
-6.384328500000000162e+01
-6.379813800000000157e+01
-6.375310900000000203e+01
-6.370820200000000000e+01
-6.366341800000000006e+01
-6.361874799999999652e+01
-6.357419600000000059e+01
-6.352975800000000106e+01
-6.348543500000000250e+01
-6.344123100000000193e+01
-6.339713700000000074e+01
-6.335315299999999894e+01
-6.330928000000000111e+01
-6.326551800000000014e+01
-6.322186700000000315e+01
-6.317832200000000142e+01
-6.313488000000000255e+01
-6.309154900000000055e+01
-6.304831699999999728e+01
-6.300518799999999686e+01
-6.296216199999999930e+01
-6.291923500000000047e+01
-6.287640799999999786e+01
-6.283367899999999651e+01
-6.279104199999999736e+01
-6.274850500000000153e+01
-6.270605900000000332e+01
-6.266370400000000274e+01
-6.262144099999999725e+01
-6.257926599999999695e+01
-6.253718200000000138e+01
-6.249518199999999979e+01
-6.245326599999999928e+01
-6.241143399999999986e+01
-6.236968600000000151e+01
-6.232801800000000014e+01
-6.228643000000000285e+01
-6.224492300000000000e+01
-6.220348700000000264e+01
-6.216212800000000271e+01
-6.212084200000000322e+01
-6.207962799999999959e+01
-6.203848599999999891e+01
-6.199741399999999913e+01
-6.195640600000000120e+01
-6.191546199999999800e+01
-6.187458800000000281e+01
-6.183377099999999871e+01
-6.179301799999999645e+01
-6.175232700000000108e+01
-6.171168899999999979e+01
-6.167110799999999671e+01
-6.163058500000000350e+01
-6.159011100000000027e+01
-6.154968999999999824e+01
-6.150931899999999786e+01
-6.146899799999999914e+01
-6.142871900000000096e+01
-6.138848899999999986e+01
-6.134829700000000230e+01
-6.130815100000000228e+01
-6.126804400000000328e+01
-6.122796999999999912e+01
-6.118793500000000307e+01
-6.114793399999999934e+01
-6.110796700000000214e+01
-6.106802700000000073e+01
-6.102811799999999920e+01
-6.098823500000000308e+01
-6.094838000000000022e+01
-6.090854600000000119e+01
-6.086873200000000139e+01
-6.082893800000000084e+01
-6.078916199999999748e+01
-6.074940099999999887e+01
-6.070965600000000251e+01
-6.066991800000000268e+01
-6.063019200000000097e+01
-6.059047300000000291e+01
-6.055076199999999886e+01
-6.051105100000000192e+01
-6.047134400000000198e+01
-6.043163299999999793e+01
-6.039192200000000099e+01
-6.035220300000000293e+01
-6.031248099999999823e+01
-6.027274700000000252e+01
-6.023300199999999904e+01
-6.019324100000000044e+01
-6.015346499999999708e+01
-6.011366999999999905e+01
-6.007385599999999926e+01
-6.003401600000000116e+01
-5.999415199999999970e+01
-5.995425800000000294e+01
-5.991433700000000329e+01
-5.987437800000000010e+01
-5.983438900000000160e+01
-5.979435699999999798e+01
-5.975428800000000251e+01
-5.971417199999999781e+01
-5.967401100000000014e+01
-5.963380099999999828e+01
-5.959353600000000029e+01
-5.955322300000000268e+01
-5.951284799999999819e+01
-5.947241199999999850e+01
-5.943191499999999650e+01
-5.939135000000000275e+01
-5.935071599999999847e+01
-5.931001299999999787e+01
-5.926923000000000030e+01
-5.922836699999999865e+01
-5.918742400000000004e+01
-5.914639700000000033e+01
-5.910527799999999843e+01
-5.906406799999999890e+01
-5.902276200000000017e+01
-5.898135800000000017e+01
-5.893984600000000285e+01
-5.889823200000000014e+01
-5.885650299999999646e+01
-5.881466300000000302e+01
-5.877270099999999786e+01
-5.873061799999999977e+01
-5.868840800000000257e+01
-5.864606500000000011e+01
-5.860358800000000201e+01
-5.856096999999999753e+01
-5.851821100000000087e+01
-5.847529999999999717e+01
-5.843223600000000317e+01
-5.838901100000000355e+01
-5.834562300000000334e+01
-5.830206700000000097e+01
-5.825833899999999943e+01
-5.821442799999999806e+01
-5.817033399999999688e+01
-5.812604900000000185e+01
-5.808156999999999925e+01
-5.803688400000000058e+01
-5.799199300000000079e+01
-5.794688800000000128e+01
-5.790156199999999842e+01
-5.785600699999999819e+01
-5.781021899999999647e+01
-5.776419099999999673e+01
-5.771791499999999786e+01
-5.767137900000000172e+01
-5.762458399999999870e+01
-5.757751799999999776e+01
-5.753017400000000237e+01
-5.748254000000000019e+01
-5.743461200000000133e+01
-5.738637899999999803e+01
-5.733783300000000338e+01
-5.728896699999999953e+01
-5.723976499999999845e+01
-5.719021999999999650e+01
-5.714032399999999967e+01
-5.709006500000000273e+01
-5.703943300000000249e+01
-5.698841500000000337e+01
-5.693699600000000061e+01
-5.688517000000000223e+01
-5.683292399999999844e+01
-5.678023900000000168e+01
-5.672710800000000120e+01
-5.667351200000000233e+01
-5.661943800000000238e+01
-5.656487299999999863e+01
-5.650979999999999848e+01
-5.645419700000000063e+01
-5.639805599999999686e+01
-5.634135400000000260e+01
-5.628407700000000347e+01
-5.622619600000000162e+01
-5.616770199999999846e+01
-5.610856600000000327e+01
-5.604877100000000212e+01
-5.598829299999999876e+01
-5.592710499999999740e+01
-5.586518900000000087e+01
-5.580250900000000058e+01
-5.573904399999999981e+01
-5.567476299999999867e+01
-5.560963799999999679e+01
-5.554363299999999981e+01
-5.547671900000000278e+01
-5.540885899999999964e+01
-5.534001500000000107e+01
-5.527014900000000353e+01
-5.519921899999999937e+01
-5.512718199999999769e+01
-5.505399700000000252e+01
-5.497960700000000145e+01
-5.490396499999999946e+01
-5.482701500000000294e+01
-5.474869900000000200e+01
-5.466895699999999891e+01
-5.458772299999999689e+01
-5.450492500000000007e+01
-5.442049399999999792e+01
-5.433434299999999695e+01
-5.424639499999999970e+01
-5.415655100000000033e+01
-5.406471599999999711e+01
-5.397078700000000140e+01
-5.387464899999999801e+01
-5.377617599999999953e+01
-5.367524300000000181e+01
-5.357170099999999735e+01
-5.346539700000000295e+01
-5.335616300000000223e+01
-5.324381300000000294e+01
-5.312814300000000145e+01
-5.300893800000000056e+01
-5.288595200000000318e+01
-5.275891899999999879e+01
-5.262754100000000079e+01
-5.249149299999999840e+01
-5.235040999999999656e+01
-5.220388400000000217e+01
-5.205145999999999873e+01
-5.189262000000000086e+01
-5.172678400000000210e+01
-5.155329100000000153e+01
-5.137138000000000204e+01
-5.118017600000000300e+01
-5.097867600000000010e+01
-5.076569400000000343e+01
-5.053985200000000333e+01
-5.029950300000000141e+01
-5.004268299999999670e+01
-4.976700600000000208e+01
-4.946956300000000084e+01
-4.914672099999999944e+01
-4.879391100000000137e+01
-4.840525399999999934e+01
-4.797303399999999840e+01
-4.748685499999999848e+01
-4.693229699999999838e+01
-4.628859299999999877e+01
-4.552442599999999828e+01
-4.458968399999999832e+01
-4.339765200000000078e+01
-4.178104799999999841e+01
-3.936189999999999856e+01
-3.505600700000000103e+01
-2.487052200000000113e+01
-4.463601599999999614e+00
