3.640000000000000000e+02
0.000000000000000000e+00
1.814999999999999858e+01
-1.271227000000000054e-17
1.479885999999999946e+01
2.278329099999999841e+01
2.608492100000000136e+01
2.580349500000000162e+01
2.259125099999999975e+01
1.708064099999999996e+01
9.989944500000000005e+00
2.049227999999999827e+00
-6.114053199999999855e+00
-1.404888799999999982e+01
-2.149165700000000001e+01
-2.831888800000000117e+01
-3.446244800000000197e+01
-3.985597599999999829e+01
-4.446589999999999776e+01
-4.832855599999999896e+01
-5.153097499999999798e+01
-5.417513300000000243e+01
-5.635703300000000127e+01
-5.815943500000000199e+01
-5.965102399999999960e+01
-6.088785899999999884e+01
-6.191539000000000215e+01
-6.277041599999999733e+01
-6.348275399999999991e+01
-6.407665299999999320e+01
-6.457188399999999717e+01
-6.498463399999999979e+01
-6.532822400000000584e+01
-6.561364000000000374e+01
-6.584999100000000283e+01
-6.604486099999999738e+01
-6.620457500000000550e+01
-6.633441899999999691e+01
-6.643885799999999620e+01
-6.652162199999999359e+01
-6.658587599999999895e+01
-6.663431500000000085e+01
-6.666918200000000638e+01
-6.669242900000000418e+01
-6.670568799999999499e+01
-6.671035799999999938e+01
-6.670763399999999876e+01
-6.669853999999999417e+01
-6.668395999999999901e+01
-6.666464200000000062e+01
-6.664123499999999467e+01
-6.661429599999999596e+01
-6.658429700000000651e+01
-6.655165100000000677e+01
-6.651672399999999641e+01
-6.647982000000000369e+01
-6.644120800000000315e+01
-6.640111500000000433e+01
-6.635974899999999366e+01
-6.631728400000000079e+01
-6.627386500000000069e+01
-6.622963699999999676e+01
-6.618470000000000653e+01
-6.613916799999999796e+01
-6.609311700000000656e+01
-6.604663800000000151e+01
-6.599979399999999430e+01
-6.595263699999999574e+01
-6.590522799999999393e+01
-6.585760500000000661e+01
-6.580981400000000292e+01
-6.576188700000000154e+01
-6.571385999999999683e+01
-6.566575600000000179e+01
-6.561759899999999845e+01
-6.556941199999999981e+01
-6.552121699999999294e+01
-6.547302999999999429e+01
-6.542485800000000040e+01
-6.537672399999999584e+01
-6.532863600000000304e+01
-6.528060200000000179e+01
-6.523263500000000192e+01
-6.518473799999999585e+01
-6.513692500000000507e+01
-6.508919500000000369e+01
-6.504155699999999740e+01
-6.499401100000000042e+01
-6.494657100000000582e+01
-6.489923899999999435e+01
-6.485201299999999947e+01
-6.480489300000000696e+01
-6.475788900000000581e+01
-6.471099900000000105e+01
-6.466423000000000343e+01
-6.461757699999999716e+01
-6.457104499999999803e+01
-6.452463500000000352e+01
-6.447834799999999689e+01
-6.443218199999999740e+01
-6.438613900000000001e+01
-6.434021799999999303e+01
-6.429442600000000141e+01
-6.424875600000000020e+01
-6.420320900000000108e+01
-6.415778400000000659e+01
-6.411248000000000502e+01
-6.406730699999999956e+01
-6.402225500000000125e+01
-6.397732200000000091e+01
-6.393251399999999762e+01
-6.388782499999999942e+01
-6.384325799999999873e+01
-6.379881300000000266e+01
-6.375448200000000298e+01
-6.371027399999999830e+01
-6.366618299999999664e+01
-6.362220800000000054e+01
-6.357835000000000036e+01
-6.353460299999999705e+01
-6.349097400000000135e+01
-6.344745600000000252e+01
-6.340405299999999755e+01
-6.336075600000000208e+01
-6.331757400000000047e+01
-6.327449399999999713e+01
-6.323152900000000187e+01
-6.318866700000000236e+01
-6.314590799999999859e+01
-6.310325600000000179e+01
-6.306070700000000073e+01
-6.301825699999999841e+01
-6.297590999999999894e+01
-6.293366199999999822e+01
-6.289151400000000081e+01
-6.284946099999999802e+01
-6.280750299999999697e+01
-6.276563600000000065e+01
-6.272386600000000101e+01
-6.268218600000000151e+01
-6.264059799999999711e+01
-6.259909799999999791e+01
-6.255768599999999680e+01
-6.251635699999999929e+01
-6.247511699999999735e+01
-6.243395999999999901e+01
-6.239288299999999765e+01
-6.235188699999999784e+01
-6.231096999999999753e+01
-6.227013000000000176e+01
-6.222937000000000296e+01
-6.218868299999999749e+01
-6.214806699999999751e+01
-6.210752899999999954e+01
-6.206705900000000042e+01
-6.202665300000000315e+01
-6.198631999999999920e+01
-6.194605299999999914e+01
-6.190584900000000346e+01
-6.186571099999999745e+01
-6.182562999999999676e+01
-6.178561400000000248e+01
-6.174565499999999929e+01
-6.170575000000000188e+01
-6.166590500000000219e+01
-6.162610999999999706e+01
-6.158636899999999770e+01
-6.154667700000000252e+01
-6.150703800000000143e+01
-6.146744499999999789e+01
-6.142789499999999947e+01
-6.138839300000000065e+01
-6.134893000000000285e+01
-6.130950899999999848e+01
-6.127013000000000176e+01
-6.123078499999999735e+01
-6.119147900000000107e+01
-6.115220599999999962e+01
-6.111296500000000265e+01
-6.107375700000000052e+01
-6.103457300000000174e+01
-6.099541899999999828e+01
-6.095629100000000022e+01
-6.091718699999999842e+01
-6.087810499999999791e+01
-6.083903899999999965e+01
-6.079999500000000268e+01
-6.076096700000000084e+01
-6.072195099999999712e+01
-6.068294900000000069e+01
-6.064395499999999828e+01
-6.060497300000000109e+01
-6.056599800000000045e+01
-6.052702699999999680e+01
-6.048805600000000027e+01
-6.044908900000000074e+01
-6.041011799999999710e+01
-6.037114299999999645e+01
-6.033216500000000337e+01
-6.029317900000000208e+01
-6.025418100000000265e+01
-6.021517599999999959e+01
-6.017615099999999728e+01
-6.013711200000000190e+01
-6.009805300000000017e+01
-6.005897499999999667e+01
-6.001987499999999898e+01
-5.998074700000000092e+01
-5.994159299999999746e+01
-5.990240899999999868e+01
-5.986319000000000301e+01
-5.982393600000000333e+01
-5.978464499999999759e+01
-5.974531600000000253e+01
-5.970593999999999824e+01
-5.966652299999999798e+01
-5.962705600000000317e+01
-5.958753600000000006e+01
-5.954796600000000240e+01
-5.950833899999999943e+01
-5.946865499999999827e+01
-5.942890500000000031e+01
-5.938909499999999753e+01
-5.934921299999999889e+01
-5.930926500000000345e+01
-5.926924100000000095e+01
-5.922913700000000148e+01
-5.918895700000000204e+01
-5.914869300000000152e+01
-5.910834100000000291e+01
-5.906790199999999658e+01
-5.902736999999999767e+01
-5.898673999999999751e+01
-5.894601099999999860e+01
-5.890517400000000237e+01
-5.886423500000000075e+01
-5.882318099999999816e+01
-5.878201299999999918e+01
-5.874072600000000222e+01
-5.869931799999999811e+01
-5.865778399999999948e+01
-5.861611599999999811e+01
-5.857430999999999699e+01
-5.853237200000000229e+01
-5.849028400000000261e+01
-5.844804800000000000e+01
-5.840565899999999999e+01
-5.836311299999999846e+01
-5.832040400000000346e+01
-5.827752699999999919e+01
-5.823447800000000285e+01
-5.819124999999999659e+01
-5.814783899999999761e+01
-5.810423999999999722e+01
-5.806044399999999683e+01
-5.801644900000000149e+01
-5.797224800000000045e+01
-5.792783399999999716e+01
-5.788320199999999716e+01
-5.783834499999999679e+01
-5.779325500000000204e+01
-5.774792899999999918e+01
-5.770235399999999970e+01
-5.765653199999999856e+01
-5.761044700000000063e+01
-5.756409500000000179e+01
-5.751746700000000345e+01
-5.747055799999999692e+01
-5.742335500000000081e+01
-5.737585099999999727e+01
-5.732804099999999892e+01
-5.727991099999999847e+01
-5.723145699999999891e+01
-5.718266299999999802e+01
-5.713352199999999925e+01
-5.708402300000000196e+01
-5.703415700000000044e+01
-5.698391300000000115e+01
-5.693327699999999680e+01
-5.688223599999999891e+01
-5.683078400000000130e+01
-5.677890399999999715e+01
-5.672658200000000051e+01
-5.667380899999999855e+01
-5.662056400000000167e+01
-5.656683699999999959e+01
-5.651261099999999971e+01
-5.645786999999999978e+01
-5.640259900000000215e+01
-5.634677899999999795e+01
-5.629039399999999915e+01
-5.623342099999999988e+01
-5.617584599999999995e+01
-5.611764500000000311e+01
-5.605879999999999797e+01
-5.599928700000000248e+01
-5.593908299999999656e+01
-5.587816200000000322e+01
-5.581649800000000283e+01
-5.575406999999999869e+01
-5.569084500000000304e+01
-5.562680100000000039e+01
-5.556189700000000187e+01
-5.549610500000000002e+01
-5.542939799999999906e+01
-5.536172899999999686e+01
-5.529306799999999811e+01
-5.522337300000000226e+01
-5.515260299999999916e+01
-5.508071499999999787e+01
-5.500766000000000133e+01
-5.493339199999999778e+01
-5.485785700000000276e+01
-5.478099799999999675e+01
-5.470275900000000036e+01
-5.462307700000000210e+01
-5.454188500000000062e+01
-5.445911000000000257e+01
-5.437467999999999790e+01
-5.428850899999999768e+01
-5.420051999999999737e+01
-5.411061099999999868e+01
-5.401868400000000037e+01
-5.392463699999999704e+01
-5.382835000000000036e+01
-5.372969799999999907e+01
-5.362854800000000211e+01
-5.352475400000000150e+01
-5.341815600000000330e+01
-5.330858599999999825e+01
-5.319585000000000008e+01
-5.307974600000000009e+01
-5.296004899999999793e+01
-5.283650599999999997e+01
-5.270884699999999867e+01
-5.257677100000000081e+01
-5.243993799999999794e+01
-5.229797400000000351e+01
-5.215046300000000201e+01
-5.199693700000000263e+01
-5.183686099999999897e+01
-5.166964000000000112e+01
-5.149458700000000277e+01
-5.131091700000000344e+01
-5.111772899999999709e+01
-5.091397899999999765e+01
-5.069843699999999842e+01
-5.046966900000000322e+01
-5.022596000000000060e+01
-4.996524800000000255e+01
-4.968504699999999730e+01
-4.938228199999999646e+01
-4.905313499999999749e+01
-4.869275700000000029e+01
-4.829489099999999979e+01
-4.785128399999999971e+01
-4.735073500000000024e+01
-4.677758000000000038e+01
-4.610904699999999679e+01
-4.531035599999999874e+01
-4.432494400000000212e+01
-4.305273799999999795e+01
-4.129451799999999650e+01
-3.857844899999999910e+01
-3.345595200000000347e+01
-2.074943000000000026e+01
1.349751100000000092e-01
