3.500000000000000000e+02
0.000000000000000000e+00
1.745000100000000032e+01
2.209061900000000089e-18
1.492027500000000018e+01
2.295557799999999915e+01
2.627645499999999856e+01
2.599733900000000020e+01
2.277549199999999985e+01
1.724652499999999833e+01
1.013213299999999961e+01
2.165747200000000205e+00
-6.022627800000000420e+00
-1.398060699999999912e+01
-2.144426199999999838e+01
-2.829036500000000132e+01
-3.445075200000000137e+01
-3.985830700000000348e+01
-4.447880599999999873e+01
-4.834875100000000003e+01
-5.155583599999999933e+01
-5.420272099999999682e+01
-5.638596299999999673e+01
-5.818872100000000103e+01
-5.967997400000000141e+01
-6.091597399999999851e+01
-6.194232199999999722e+01
-6.279590999999999923e+01
-6.350663399999999825e+01
-6.409878500000000656e+01
-6.459217800000000409e+01
-6.500302899999999795e+01
-6.534466600000000369e+01
-6.562809799999999427e+01
-6.586244200000000149e+01
-6.605528300000000286e+01
-6.621295200000000136e+01
-6.634075199999999484e+01
-6.644313800000000469e+01
-6.652384899999999845e+01
-6.658605199999999513e+01
-6.663243099999999686e+01
-6.666525300000000698e+01
-6.668644700000000114e+01
-6.669765499999999747e+01
-6.670027899999999477e+01
-6.669551800000000696e+01
-6.668439499999999498e+01
-6.666778600000000665e+01
-6.664644599999999741e+01
-6.662101699999999482e+01
-6.659206399999999348e+01
-6.656005899999999542e+01
-6.652541399999999783e+01
-6.648848700000000633e+01
-6.644959299999999303e+01
-6.640899699999999939e+01
-6.636692800000000148e+01
-6.632359300000000246e+01
-6.627916000000000452e+01
-6.623377999999999588e+01
-6.618759199999999510e+01
-6.614070900000000108e+01
-6.609323899999999696e+01
-6.604525800000000402e+01
-6.599684100000000342e+01
-6.594807400000000541e+01
-6.589900199999999586e+01
-6.584967799999999727e+01
-6.580014799999999298e+01
-6.575045799999999474e+01
-6.570063799999999787e+01
-6.565071899999999516e+01
-6.560073099999999613e+01
-6.555069699999999955e+01
-6.550064100000000167e+01
-6.545057699999999556e+01
-6.540052799999999422e+01
-6.535050200000000586e+01
-6.530051400000000683e+01
-6.525057999999999936e+01
-6.520069900000000018e+01
-6.515089399999999387e+01
-6.510116600000000631e+01
-6.505152099999999393e+01
-6.500196800000000508e+01
-6.495251500000000533e+01
-6.490315999999999974e+01
-6.485391199999999401e+01
-6.480477100000000235e+01
-6.475573699999999633e+01
-6.470682499999999493e+01
-6.465802800000000161e+01
-6.460935200000000123e+01
-6.456079099999999471e+01
-6.451235200000000702e+01
-6.446404300000000376e+01
-6.441585499999999342e+01
-6.436779799999999341e+01
-6.431985500000000400e+01
-6.427204899999999554e+01
-6.422436500000000592e+01
-6.417680400000000418e+01
-6.412937900000000013e+01
-6.408206900000000417e+01
-6.403489700000000084e+01
-6.398783900000000102e+01
-6.394091399999999936e+01
-6.389411199999999980e+01
-6.384743100000000027e+01
-6.380087699999999984e+01
-6.375444399999999945e+01
-6.370813799999999816e+01
-6.366194500000000289e+01
-6.361587899999999962e+01
-6.356993099999999686e+01
-6.352410100000000170e+01
-6.347838600000000042e+01
-6.343278899999999965e+01
-6.338730999999999938e+01
-6.334194200000000308e+01
-6.329668800000000317e+01
-6.325154500000000013e+01
-6.320651600000000059e+01
-6.316159400000000090e+01
-6.311677900000000108e+01
-6.307207100000000111e+01
-6.302747000000000099e+01
-6.298297500000000326e+01
-6.293858000000000175e+01
-6.289428699999999850e+01
-6.285009800000000268e+01
-6.280600400000000150e+01
-6.276200899999999905e+01
-6.271810899999999833e+01
-6.267430499999999682e+01
-6.263059200000000004e+01
-6.258697099999999836e+01
-6.254344199999999887e+01
-6.250000399999999701e+01
-6.245665000000000333e+01
-6.241338300000000316e+01
-6.237019699999999744e+01
-6.232709899999999692e+01
-6.228407700000000347e+01
-6.224113799999999941e+01
-6.219827699999999737e+01
-6.215549099999999783e+01
-6.211277799999999871e+01
-6.207014099999999956e+01
-6.202757600000000338e+01
-6.198508100000000098e+01
-6.194265399999999744e+01
-6.190029100000000284e+01
-6.185799399999999792e+01
-6.181576199999999943e+01
-6.177358999999999867e+01
-6.173147999999999769e+01
-6.168942599999999743e+01
-6.164742999999999995e+01
-6.160548800000000114e+01
-6.156359900000000351e+01
-6.152175900000000297e+01
-6.147996899999999698e+01
-6.143822899999999976e+01
-6.139653400000000261e+01
-6.135488099999999889e+01
-6.131327100000000030e+01
-6.127170199999999767e+01
-6.123016700000000156e+01
-6.118867500000000348e+01
-6.114721300000000070e+01
-6.110578499999999735e+01
-6.106438800000000100e+01
-6.102301800000000043e+01
-6.098167399999999816e+01
-6.094035699999999878e+01
-6.089905900000000116e+01
-6.085778400000000232e+01
-6.081652799999999814e+01
-6.077528800000000331e+01
-6.073406200000000155e+01
-6.069284799999999791e+01
-6.065164599999999950e+01
-6.061045099999999763e+01
-6.056925999999999988e+01
-6.052807200000000165e+01
-6.048688899999999791e+01
-6.044570199999999716e+01
-6.040451000000000192e+01
-6.036331599999999753e+01
-6.032211300000000165e+01
-6.028089899999999801e+01
-6.023966999999999672e+01
-6.019842899999999730e+01
-6.015716900000000322e+01
-6.011588700000000074e+01
-6.007458499999999901e+01
-6.003325699999999898e+01
-5.999189799999999906e+01
-5.995051200000000335e+01
-5.990909200000000112e+01
-5.986763400000000246e+01
-5.982614099999999979e+01
-5.978460299999999705e+01
-5.974302300000000088e+01
-5.970139300000000304e+01
-5.965971400000000102e+01
-5.961798100000000034e+01
-5.957619499999999846e+01
-5.953434800000000138e+01
-5.949243500000000040e+01
-5.945046200000000169e+01
-5.940841700000000003e+01
-5.936629899999999793e+01
-5.932410800000000251e+01
-5.928183700000000300e+01
-5.923948299999999989e+01
-5.919704399999999822e+01
-5.915451399999999893e+01
-5.911189300000000202e+01
-5.906917599999999879e+01
-5.902635599999999982e+01
-5.898343299999999800e+01
-5.894039899999999932e+01
-5.889725500000000125e+01
-5.885399199999999809e+01
-5.881061199999999900e+01
-5.876710500000000081e+01
-5.872346499999999736e+01
-5.867969500000000238e+01
-5.863578400000000101e+01
-5.859173200000000037e+01
-5.854752700000000232e+01
-5.850317400000000134e+01
-5.845866000000000184e+01
-5.841398600000000130e+01
-5.836914099999999905e+01
-5.832412000000000063e+01
-5.827892299999999892e+01
-5.823353999999999786e+01
-5.818796499999999838e+01
-5.814219299999999890e+01
-5.809621800000000036e+01
-5.805003700000000322e+01
-5.800363500000000272e+01
-5.795701600000000298e+01
-5.791016400000000175e+01
-5.786307500000000203e+01
-5.781574599999999720e+01
-5.776816600000000079e+01
-5.772032500000000255e+01
-5.767221800000000087e+01
-5.762384000000000128e+01
-5.757517599999999902e+01
-5.752622199999999708e+01
-5.747696700000000192e+01
-5.742740200000000073e+01
-5.737752199999999903e+01
-5.732731199999999916e+01
-5.727676400000000001e+01
-5.722586799999999840e+01
-5.717461000000000126e+01
-5.712298200000000037e+01
-5.707097600000000170e+01
-5.701857400000000098e+01
-5.696576300000000259e+01
-5.691253700000000038e+01
-5.685887900000000172e+01
-5.680477499999999935e+01
-5.675021000000000271e+01
-5.669517100000000198e+01
-5.663964500000000157e+01
-5.658361099999999766e+01
-5.652705799999999670e+01
-5.646996299999999991e+01
-5.641231200000000001e+01
-5.635408400000000029e+01
-5.629526100000000355e+01
-5.623582100000000139e+01
-5.617574700000000121e+01
-5.611501299999999759e+01
-5.605360000000000298e+01
-5.599148199999999775e+01
-5.592863100000000287e+01
-5.586502099999999871e+01
-5.580062900000000070e+01
-5.573541999999999774e+01
-5.566937300000000022e+01
-5.560244399999999843e+01
-5.553460700000000116e+01
-5.546582399999999780e+01
-5.539606100000000311e+01
-5.532527499999999776e+01
-5.525342599999999749e+01
-5.518046999999999969e+01
-5.510636499999999671e+01
-5.503105500000000205e+01
-5.495449099999999731e+01
-5.487662100000000009e+01
-5.479738600000000304e+01
-5.471672099999999972e+01
-5.463456000000000046e+01
-5.455083799999999883e+01
-5.446547699999999992e+01
-5.437839499999999759e+01
-5.428950900000000246e+01
-5.419872699999999810e+01
-5.410594900000000251e+01
-5.401106999999999658e+01
-5.391397899999999765e+01
-5.381454800000000205e+01
-5.371264599999999945e+01
-5.360813100000000020e+01
-5.350084300000000326e+01
-5.339061699999999888e+01
-5.327725999999999829e+01
-5.316057599999999894e+01
-5.304034000000000049e+01
-5.291630899999999826e+01
-5.278821200000000147e+01
-5.265575400000000172e+01
-5.251860400000000340e+01
-5.237639200000000272e+01
-5.222870999999999952e+01
-5.207509600000000205e+01
-5.191503099999999904e+01
-5.174793199999999871e+01
-5.157312000000000296e+01
-5.138983900000000204e+01
-5.119720099999999974e+01
-5.099419000000000324e+01
-5.077960999999999814e+01
-5.055206299999999686e+01
-5.030988299999999924e+01
-5.005107499999999732e+01
-4.977322399999999902e+01
-4.947337300000000226e+01
-4.914783099999999649e+01
-4.879194600000000293e+01
-4.839972300000000160e+01
-4.796327999999999747e+01
-4.747198099999999954e+01
-4.691102200000000266e+01
-4.625902899999999818e+01
-4.548361599999999783e+01
-4.453269999999999840e+01
-4.331547900000000340e+01
-4.165492199999999912e+01
-3.914461099999999760e+01
-3.458988200000000290e+01
-2.357073400000000163e+01
-2.752427299999999910e+00
