3.540000000000000000e+02
0.000000000000000000e+00
1.764999999999999858e+01
-4.304282600000000297e-17
1.487872999999999912e+01
2.289647099999999824e+01
2.621045900000000017e+01
2.593016400000000132e+01
2.271122199999999935e+01
1.718824000000000041e+01
1.008179100000000084e+01
2.124148100000000206e+00
-6.055584399999999867e+00
-1.400553599999999932e+01
-2.146191999999999922e+01
-2.830144299999999902e+01
-3.445594799999999935e+01
-3.985856600000000327e+01
-4.447530700000000081e+01
-4.834262499999999818e+01
-5.154799299999999818e+01
-5.419384000000000157e+01
-5.637653000000000247e+01
-5.817909199999999714e+01
-5.967039100000000218e+01
-6.090661999999999665e+01
-6.193331899999999735e+01
-6.278735400000000055e+01
-6.349859200000000214e+01
-6.409130899999999542e+01
-6.458529699999999707e+01
-6.499676499999999635e+01
-6.533904300000000376e+01
-6.562312300000000675e+01
-6.585813100000000020e+01
-6.605164299999999855e+01
-6.620999100000000226e+01
-6.633847000000000094e+01
-6.644153599999999926e+01
-6.652292599999999823e+01
-6.658581499999999664e+01
-6.663287400000000105e+01
-6.666638199999999870e+01
-6.668825499999999806e+01
-6.670014999999999361e+01
-6.670345299999999611e+01
-6.669937099999999930e+01
-6.668892700000000673e+01
-6.667299699999999518e+01
-6.665232799999999713e+01
-6.662757899999999722e+01
-6.659929700000000707e+01
-6.656795499999999777e+01
-6.653398099999999715e+01
-6.649771900000000358e+01
-6.645949600000000146e+01
-6.641955600000000004e+01
-6.637815100000000257e+01
-6.633547199999999577e+01
-6.629169500000000426e+01
-6.624697100000000205e+01
-6.620143899999999348e+01
-6.615520499999999515e+01
-6.610837600000000691e+01
-6.606104299999999796e+01
-6.601327499999999304e+01
-6.596514100000000269e+01
-6.591670999999999481e+01
-6.586802699999999788e+01
-6.581913799999999526e+01
-6.577008100000000468e+01
-6.572088599999999303e+01
-6.567159999999999798e+01
-6.562224600000000407e+01
-6.557283800000000440e+01
-6.552340700000000595e+01
-6.547396899999999675e+01
-6.542453799999999831e+01
-6.537512999999999863e+01
-6.532576000000000249e+01
-6.527644300000000044e+01
-6.522718000000000416e+01
-6.517798600000000420e+01
-6.512886799999999710e+01
-6.507984199999999930e+01
-6.503089099999999689e+01
-6.498204800000000603e+01
-6.493329599999999857e+01
-6.488465100000000518e+01
-6.483611299999999744e+01
-6.478768200000000377e+01
-6.473936500000000649e+01
-6.469116999999999962e+01
-6.464308900000000335e+01
-6.459513099999999497e+01
-6.454728699999999719e+01
-6.449957299999999805e+01
-6.445198100000000352e+01
-6.440451000000000192e+01
-6.435716200000000242e+01
-6.430994400000000155e+01
-6.426284800000000530e+01
-6.421588099999999599e+01
-6.416903700000000299e+01
-6.412232199999999693e+01
-6.407572899999999549e+01
-6.402925899999999615e+01
-6.398291799999999796e+01
-6.393669899999999728e+01
-6.389060599999999823e+01
-6.384463499999999669e+01
-6.379878599999999977e+01
-6.375305900000000037e+01
-6.370745099999999894e+01
-6.366196399999999755e+01
-6.361659600000000125e+01
-6.357135000000000247e+01
-6.352621800000000007e+01
-6.348120099999999866e+01
-6.343630199999999775e+01
-6.339151400000000081e+01
-6.334684399999999727e+01
-6.330228000000000321e+01
-6.325783200000000051e+01
-6.321349000000000018e+01
-6.316925799999999924e+01
-6.312513400000000274e+01
-6.308111600000000152e+01
-6.303720100000000315e+01
-6.299338900000000052e+01
-6.294968000000000075e+01
-6.290607099999999718e+01
-6.286256399999999900e+01
-6.281915300000000002e+01
-6.277584099999999978e+01
-6.273262400000000127e+01
-6.268949899999999786e+01
-6.264646900000000329e+01
-6.260352699999999970e+01
-6.256067699999999832e+01
-6.251791399999999754e+01
-6.247523900000000197e+01
-6.243265199999999737e+01
-6.239014399999999938e+01
-6.234772099999999995e+01
-6.230537799999999748e+01
-6.226311900000000321e+01
-6.222093199999999769e+01
-6.217882500000000334e+01
-6.213679100000000233e+01
-6.209483000000000175e+01
-6.205293999999999954e+01
-6.201112400000000235e+01
-6.196937599999999691e+01
-6.192769200000000041e+01
-6.188607400000000069e+01
-6.184452100000000030e+01
-6.180302799999999763e+01
-6.176159700000000186e+01
-6.172022599999999670e+01
-6.167890899999999732e+01
-6.163765000000000072e+01
-6.159644699999999773e+01
-6.155528999999999940e+01
-6.151418699999999973e+01
-6.147313299999999714e+01
-6.143212499999999920e+01
-6.139116299999999882e+01
-6.135024299999999897e+01
-6.130936400000000219e+01
-6.126852800000000343e+01
-6.122772599999999699e+01
-6.118696200000000118e+01
-6.114623300000000228e+01
-6.110553399999999868e+01
-6.106486499999999751e+01
-6.102422700000000333e+01
-6.098361599999999783e+01
-6.094302700000000073e+01
-6.090246599999999688e+01
-6.086191900000000032e+01
-6.082139600000000002e+01
-6.078088799999999736e+01
-6.074039499999999947e+01
-6.069991699999999923e+01
-6.065944700000000012e+01
-6.061898399999999754e+01
-6.057852900000000318e+01
-6.053808200000000284e+01
-6.049763099999999838e+01
-6.045718399999999804e+01
-6.041673699999999769e+01
-6.037628200000000334e+01
-6.033581900000000076e+01
-6.029535299999999864e+01
-6.025487100000000140e+01
-6.021437499999999687e+01
-6.017386599999999675e+01
-6.013333500000000242e+01
-6.009278900000000334e+01
-6.005221600000000137e+01
-6.001161599999999652e+01
-5.997098900000000299e+01
-5.993033199999999994e+01
-5.988964099999999746e+01
-5.984891499999999809e+01
-5.980815100000000228e+01
-5.976734499999999883e+01
-5.972649400000000242e+01
-5.968559599999999676e+01
-5.964464999999999861e+01
-5.960364899999999722e+01
-5.956259200000000220e+01
-5.952147699999999730e+01
-5.948030099999999720e+01
-5.943905999999999779e+01
-5.939775099999999952e+01
-5.935637299999999783e+01
-5.931491900000000328e+01
-5.927338799999999708e+01
-5.923177700000000101e+01
-5.919008300000000133e+01
-5.914829600000000198e+01
-5.910642200000000201e+01
-5.906445300000000032e+01
-5.902238499999999988e+01
-5.898021299999999911e+01
-5.893793900000000008e+01
-5.889555000000000007e+01
-5.885305000000000319e+01
-5.881043199999999871e+01
-5.876768899999999718e+01
-5.872482300000000066e+01
-5.868182399999999888e+01
-5.863869100000000145e+01
-5.859542100000000175e+01
-5.855200200000000166e+01
-5.850843400000000116e+01
-5.846471400000000074e+01
-5.842083699999999880e+01
-5.837679299999999927e+01
-5.833258099999999757e+01
-5.828819699999999671e+01
-5.824362899999999854e+01
-5.819887899999999803e+01
-5.815393399999999957e+01
-5.810879500000000064e+01
-5.806345400000000012e+01
-5.801790199999999942e+01
-5.797213399999999695e+01
-5.792614400000000074e+01
-5.787992500000000007e+01
-5.783347299999999791e+01
-5.778677400000000119e+01
-5.773982999999999777e+01
-5.769262299999999755e+01
-5.764515300000000053e+01
-5.759741199999999850e+01
-5.754938899999999791e+01
-5.750107599999999763e+01
-5.745246099999999956e+01
-5.740354200000000162e+01
-5.735430900000000065e+01
-5.730474499999999694e+01
-5.725484800000000263e+01
-5.720460099999999670e+01
-5.715399899999999889e+01
-5.710303100000000143e+01
-5.705168499999999909e+01
-5.699994699999999881e+01
-5.694780699999999740e+01
-5.689524800000000226e+01
-5.684226600000000218e+01
-5.678884099999999790e+01
-5.673496200000000300e+01
-5.668061099999999897e+01
-5.662577799999999684e+01
-5.657044199999999989e+01
-5.651459100000000291e+01
-5.645820599999999700e+01
-5.640127199999999874e+01
-5.634376499999999766e+01
-5.628567499999999768e+01
-5.622697399999999845e+01
-5.616764500000000027e+01
-5.610766600000000182e+01
-5.604701200000000227e+01
-5.598566399999999987e+01
-5.592359499999999883e+01
-5.586077900000000085e+01
-5.579718799999999845e+01
-5.573279600000000045e+01
-5.566757199999999983e+01
-5.560148600000000130e+01
-5.553450399999999831e+01
-5.546659100000000109e+01
-5.539770899999999898e+01
-5.532782399999999967e+01
-5.525689299999999804e+01
-5.518487499999999812e+01
-5.511172499999999985e+01
-5.503739499999999651e+01
-5.496183400000000319e+01
-5.488498700000000241e+01
-5.480680100000000010e+01
-5.472721500000000106e+01
-5.464616399999999885e+01
-5.456358000000000175e+01
-5.447938899999999762e+01
-5.439351700000000278e+01
-5.430587799999999987e+01
-5.421638500000000249e+01
-5.412494300000000180e+01
-5.403144799999999748e+01
-5.393578699999999770e+01
-5.383784899999999851e+01
-5.373749899999999968e+01
-5.363460200000000100e+01
-5.352900700000000001e+01
-5.342054699999999912e+01
-5.330904799999999710e+01
-5.319431699999999807e+01
-5.307613400000000325e+01
-5.295426899999999648e+01
-5.282846800000000087e+01
-5.269844400000000206e+01
-5.256388499999999908e+01
-5.242443500000000256e+01
-5.227970899999999688e+01
-5.212927200000000028e+01
-5.197263000000000233e+01
-5.180922699999999992e+01
-5.163843899999999820e+01
-5.145954100000000153e+01
-5.127170900000000131e+01
-5.107399399999999901e+01
-5.086528400000000261e+01
-5.064427899999999738e+01
-5.040944300000000311e+01
-5.015895100000000184e+01
-4.989059100000000058e+01
-4.960166900000000112e+01
-4.928886800000000079e+01
-4.894801300000000310e+01
-4.857379199999999742e+01
-4.815927099999999683e+01
-4.769523600000000130e+01
-4.716903299999999888e+01
-4.656273300000000148e+01
-4.584979599999999778e+01
-4.498880799999999880e+01
-4.391043499999999966e+01
-4.248699599999999776e+01
-4.044913499999999829e+01
-3.710003300000000337e+01
-3.004243100000000055e+01
-1.279394600000000004e+01
