1.149000000000000000e+03
0.000000000000000000e+00
2.295999899999999982e+01
1.730657700000000047e-17
2.049247599999999991e+01
3.624612799999999879e+01
4.408607899999999802e+01
4.645391099999999796e+01
4.619599199999999684e+01
4.466830399999999912e+01
4.233581199999999711e+01
3.935018500000000330e+01
3.578743000000000052e+01
3.172242400000000018e+01
2.724546099999999882e+01
2.245970000000000155e+01
1.747305700000000073e+01
1.238973000000000013e+01
7.303364300000000142e+00
2.292299499999999934e+00
-2.583421200000000084e+00
-7.283974599999999633e+00
-1.179176499999999983e+01
-1.611982700000000079e+01
-2.035899399999999915e+01
-2.482246599999999859e+01
-2.978886400000000023e+01
-3.472852699999999970e+01
-3.953034600000000154e+01
-4.455476800000000281e+01
-5.010110099999999989e+01
-5.625858699999999857e+01
-6.282516100000000137e+01
-6.933190199999999948e+01
-7.525508899999999812e+01
-8.025206000000000017e+01
-8.423280300000000409e+01
-8.728841400000000306e+01
-8.958714299999999753e+01
-9.130271100000000217e+01
-9.258239000000000374e+01
-9.353989400000000387e+01
-9.425913199999999392e+01
-9.480078100000000063e+01
-9.520854900000000498e+01
-9.551397699999999702e+01
-9.574005900000000224e+01
-9.590372499999999434e+01
-9.601757800000000032e+01
-9.609114099999999326e+01
-9.613165999999999656e+01
-9.614477499999999566e+01
-9.613487200000000144e+01
-9.610544600000000059e+01
-9.605929600000000335e+01
-9.599869499999999789e+01
-9.592550699999999608e+01
-9.584128599999999665e+01
-9.574733000000000516e+01
-9.564474500000000035e+01
-9.553448500000000365e+01
-9.541736600000000124e+01
-9.529410599999999931e+01
-9.516534400000000460e+01
-9.503163100000000441e+01
-9.489347100000000523e+01
-9.475132000000000687e+01
-9.460557599999999923e+01
-9.445660399999999868e+01
-9.430475599999999758e+01
-9.415032200000000273e+01
-9.399359099999999501e+01
-9.383482399999999757e+01
-9.367424800000000573e+01
-9.351209299999999303e+01
-9.334854900000000555e+01
-9.318381499999999562e+01
-9.301805899999999383e+01
-9.285143300000000011e+01
-9.268409699999999418e+01
-9.251617400000000657e+01
-9.234779399999999328e+01
-9.217908500000000060e+01
-9.201013899999999524e+01
-9.184105700000000638e+01
-9.167194399999999632e+01
-9.150286900000000401e+01
-9.133391600000000210e+01
-9.116516099999999767e+01
-9.099667399999999873e+01
-9.082849899999999366e+01
-9.066070600000000468e+01
-9.049334699999999998e+01
-9.032646200000000647e+01
-9.016009499999999832e+01
-8.999429299999999898e+01
-8.982909399999999778e+01
-8.966451299999999947e+01
-8.950060299999999813e+01
-8.933737899999999854e+01
-8.917486599999999441e+01
-8.901309200000000033e+01
-8.885207400000000177e+01
-8.869182600000000605e+01
-8.853237900000000593e+01
-8.837373399999999890e+01
-8.821591200000000299e+01
-8.805891400000000147e+01
-8.790277100000000132e+01
-8.774747499999999434e+01
-8.759303300000000547e+01
-8.743946800000000508e+01
-8.728677399999999409e+01
-8.713495600000000252e+01
-8.698402400000000512e+01
-8.683397700000000441e+01
-8.668481400000000292e+01
-8.653654500000000382e+01
-8.638917499999999450e+01
-8.624269099999999355e+01
-8.609710699999999406e+01
-8.595241500000000201e+01
-8.580860900000000413e+01
-8.566570299999999349e+01
-8.552368900000000451e+01
-8.538256099999999549e+01
-8.524232499999999391e+01
-8.510297400000000323e+01
-8.496450000000000102e+01
-8.482691199999999299e+01
-8.469020100000000184e+01
-8.455435900000000515e+01
-8.441938799999999787e+01
-8.428529399999999328e+01
-8.415205400000000679e+01
-8.401967600000000402e+01
-8.388815300000000263e+01
-8.375748400000000515e+01
-8.362766299999999831e+01
-8.349867999999999313e+01
-8.337054399999999532e+01
-8.324324000000000012e+01
-8.311675999999999931e+01
-8.299111200000000110e+01
-8.286628699999999981e+01
-8.274227100000000235e+01
-8.261907200000000273e+01
-8.249668099999999527e+01
-8.237509199999999510e+01
-8.225430299999999306e+01
-8.213429999999999609e+01
-8.201509099999999819e+01
-8.189665999999999713e+01
-8.177901500000000112e+01
-8.166213999999999373e+01
-8.154602800000000684e+01
-8.143068700000000604e+01
-8.131610100000000330e+01
-8.120227800000000684e+01
-8.108919500000000369e+01
-8.097686000000000206e+01
-8.086526499999999373e+01
-8.075440999999999292e+01
-8.064427899999999738e+01
-8.053488199999999608e+01
-8.042620100000000605e+01
-8.031822999999999979e+01
-8.021097600000000227e+01
-8.010443100000000527e+01
-7.999858899999999551e+01
-7.989343999999999824e+01
-7.978898599999999419e+01
-7.968522600000000011e+01
-7.958214599999999450e+01
-7.947974399999999662e+01
-7.937801399999999319e+01
-7.927696199999999749e+01
-7.917656700000000569e+01
-7.907684299999999666e+01
-7.897776799999999753e+01
-7.887934900000000482e+01
-7.878157799999999611e+01
-7.868444800000000328e+01
-7.858795899999999790e+01
-7.849210399999999765e+01
-7.839688099999999338e+01
-7.830228400000000022e+01
-7.820831300000000397e+01
-7.811495999999999640e+01
-7.802221699999999771e+01
-7.793008399999999369e+01
-7.783855400000000202e+01
-7.774763500000000249e+01
-7.765730299999999886e+01
-7.756757399999999336e+01
-7.747842400000000396e+01
-7.738987000000000194e+01
-7.730188800000000526e+01
-7.721448499999999626e+01
-7.712766299999999831e+01
-7.704140499999999747e+01
-7.695571099999999376e+01
-7.687058299999999633e+01
-7.678601100000000201e+01
-7.670198800000000006e+01
-7.661852299999999616e+01
-7.653560600000000136e+01
-7.645322400000000584e+01
-7.637138400000000615e+01
-7.629008500000000481e+01
-7.620931199999999706e+01
-7.612907400000000280e+01
-7.604935500000000559e+01
-7.597015399999999374e+01
-7.589147900000000391e+01
-7.581330900000000383e+01
-7.573565700000000334e+01
-7.565850799999999765e+01
-7.558186299999999846e+01
-7.550572200000000578e+01
-7.543007699999999716e+01
-7.535491899999999532e+01
-7.528025800000000345e+01
-7.520607800000000509e+01
-7.513238499999999931e+01
-7.505917399999999873e+01
-7.498643500000000017e+01
-7.491416900000000112e+01
-7.484237699999999904e+01
-7.477104900000000498e+01
-7.470018799999999715e+01
-7.462978400000000079e+01
-7.455983700000000169e+01
-7.449034899999999482e+01
-7.442131000000000540e+01
-7.435272199999999998e+01
-7.428457600000000127e+01
-7.421687300000000675e+01
-7.414960499999999399e+01
-7.408277900000000216e+01
-7.401637999999999806e+01
-7.395041700000000162e+01
-7.388487999999999545e+01
-7.381976299999999469e+01
-7.375507399999999336e+01
-7.369079600000000596e+01
-7.362693799999999555e+01
-7.356349199999999655e+01
-7.350045000000000073e+01
-7.343782799999999611e+01
-7.337560299999999813e+01
-7.331377399999999511e+01
-7.325235000000000696e+01
-7.319132199999999955e+01
-7.313068400000000224e+01
-7.307044199999999989e+01
-7.301058199999999943e+01
-7.295111099999999738e+01
-7.289202899999999374e+01
-7.283331300000000397e+01
-7.277498599999999840e+01
-7.271702600000000416e+01
-7.265944700000000012e+01
-7.260222600000000170e+01
-7.254537999999999442e+01
-7.248889900000000353e+01
-7.243277700000000152e+01
-7.237701400000000262e+01
-7.232160899999999515e+01
-7.226656300000000499e+01
-7.221186799999999550e+01
-7.215751600000000110e+01
-7.210351599999999905e+01
-7.204986599999999441e+01
-7.199655199999999411e+01
-7.194358099999999467e+01
-7.189094500000000210e+01
-7.183864599999999712e+01
-7.178668199999999899e+01
-7.173504599999999698e+01
-7.168374599999999930e+01
-7.163276700000000119e+01
-7.158210800000000518e+01
-7.153177599999999359e+01
-7.148176599999999326e+01
-7.143206800000000101e+01
-7.138268999999999664e+01
-7.133362599999999532e+01
-7.128487400000000207e+01
-7.123642700000000616e+01
-7.118828600000000506e+01
-7.114045000000000130e+01
-7.109291799999999739e+01
-7.104568500000000597e+01
-7.099874900000000366e+01
-7.095211000000000467e+01
-7.090576900000000649e+01
-7.085971800000000087e+01
-7.081395700000000204e+01
-7.076848599999999578e+01
-7.072329700000000230e+01
-7.067839800000000139e+01
-7.063377400000000250e+01
-7.058943899999999871e+01
-7.054537200000000041e+01
-7.050158700000000067e+01
-7.045807600000000548e+01
-7.041484099999999557e+01
-7.037187199999999621e+01
-7.032917000000000485e+01
-7.028674300000000130e+01
-7.024457599999999502e+01
-7.020266700000000526e+01
-7.016102600000000677e+01
-7.011964399999999387e+01
-7.007852200000000664e+01
-7.003765099999999677e+01
-6.999703200000000436e+01
-6.995667299999999500e+01
-6.991655699999999740e+01
-6.987669400000000053e+01
-6.983708199999999522e+01
-6.979770700000000261e+01
-6.975858300000000156e+01
-6.971969599999999900e+01
-6.968105300000000568e+01
-6.964264699999999664e+01
-6.960447700000000282e+01
-6.956653599999999926e+01
-6.952883900000000494e+01
-6.949137100000000089e+01
-6.945413200000000131e+01
-6.941712200000000621e+01
-6.938033299999999315e+01
-6.934378100000000700e+01
-6.930744199999999466e+01
-6.927133200000000102e+01
-6.923544300000000362e+01
-6.919976800000000594e+01
-6.916431400000000451e+01
-6.912908199999999681e+01
-6.909405499999999734e+01
-6.905925000000000580e+01
-6.902465100000000575e+01
-6.899025699999999972e+01
-6.895607800000000509e+01
-6.892210400000000448e+01
-6.888833599999999535e+01
-6.885477400000000614e+01
-6.882141099999999767e+01
-6.878825399999999490e+01
-6.875529500000000382e+01
-6.872253399999999601e+01
-6.868997199999999737e+01
-6.865760000000000218e+01
-6.862542700000000195e+01
-6.859344500000000266e+01
-6.856166100000000085e+01
-6.853006000000000597e+01
-6.849864999999999782e+01
-6.846742199999999912e+01
-6.843638599999999883e+01
-6.840553300000000547e+01
-6.837486300000000483e+01
-6.834437599999999691e+01
-6.831407199999999591e+01
-6.828394299999999362e+01
-6.825399799999999573e+01
-6.822422000000000253e+01
-6.819462599999999952e+01
-6.816520699999999522e+01
-6.813595599999999308e+01
-6.810688000000000386e+01
-6.807797200000000259e+01
-6.804923999999999751e+01
-6.802066800000000057e+01
-6.799227100000000235e+01
-6.796403499999999553e+01
-6.793595899999999688e+01
-6.790805799999999692e+01
-6.788030999999999437e+01
-6.785272999999999399e+01
-6.782530199999999354e+01
-6.779803499999999872e+01
-6.777092700000000036e+01
-6.774397999999999342e+01
-6.771718599999999810e+01
-6.769054400000000271e+01
-6.766405500000000472e+01
-6.763771800000000667e+01
-6.761153400000000602e+01
-6.758549499999999455e+01
-6.755960799999999722e+01
-6.753387499999999477e+01
-6.750827800000000423e+01
-6.748283399999999688e+01
-6.745752699999999891e+01
-6.743237299999999834e+01
-6.740735599999999295e+01
-6.738248400000000515e+01
-6.735774200000000178e+01
-6.733315299999999581e+01
-6.730869300000000521e+01
-6.728436999999999557e+01
-6.726019300000000101e+01
-6.723614499999999339e+01
-6.721222699999999861e+01
-6.718844599999999900e+01
-6.716480300000000625e+01
-6.714128100000000643e+01
-6.711789699999999925e+01
-6.709464300000000492e+01
-6.707151000000000352e+01
-6.704850799999999822e+01
-6.702563499999999408e+01
-6.700288399999999456e+01
-6.698026299999999367e+01
-6.695776399999999740e+01
-6.693538700000000574e+01
-6.691313200000000450e+01
-6.689099899999999366e+01
-6.686898800000000165e+01
-6.684709200000000351e+01
-6.682531699999999830e+01
-6.680365799999999865e+01
-6.678212000000000614e+01
-6.676069599999999582e+01
-6.673938800000000526e+01
-6.671819299999999942e+01
-6.669710499999999342e+01
-6.667614000000000374e+01
-6.665528100000000222e+01
-6.663453699999999458e+01
-6.661389900000000353e+01
-6.659336899999999559e+01
-6.657295200000000079e+01
-6.655264300000000333e+01
-6.653243999999999403e+01
-6.651233700000000226e+01
-6.649234800000000689e+01
-6.647245800000000315e+01
-6.645267499999999927e+01
-6.643299100000000124e+01
-6.641341400000000306e+01
-6.639393599999999651e+01
-6.637455699999999581e+01
-6.635528600000000665e+01
-6.633610500000000343e+01
-6.631702400000000353e+01
-6.629805000000000348e+01
-6.627916000000000452e+01
-6.626037599999999372e+01
-6.624168400000000645e+01
-6.622308300000000258e+01
-6.620458200000000204e+01
-6.618617199999999912e+01
-6.616785400000000550e+01
-6.614963500000000352e+01
-6.613150000000000261e+01
-6.611345699999999681e+01
-6.609550500000000284e+01
-6.607764400000000649e+01
-6.605986799999999448e+01
-6.604218299999999431e+01
-6.602458199999999522e+01
-6.600707199999999375e+01
-6.598964700000000505e+01
-6.597230500000000575e+01
-6.595505500000000154e+01
-6.593788100000000441e+01
-6.592079900000000237e+01
-6.590379299999999319e+01
-6.588687099999999930e+01
-6.587003300000000650e+01
-6.585327100000000655e+01
-6.583659400000000517e+01
-6.581999999999999318e+01
-6.580347399999999425e+01
-6.578704100000000210e+01
-6.577067599999999459e+01
-6.575439500000000237e+01
-6.573818199999999479e+01
-6.572205399999999997e+01
-6.570600100000000054e+01
-6.569001799999999491e+01
-6.567410999999999888e+01
-6.565828700000000140e+01
-6.564252500000000623e+01
-6.562683900000000392e+01
-6.561122899999999447e+01
-6.559568799999999555e+01
-6.558022300000000371e+01
-6.556482699999999397e+01
-6.554949999999999477e+01
-6.553424099999999441e+01
-6.551905800000000113e+01
-6.550393699999999342e+01
-6.548888399999999876e+01
-6.547390000000000043e+01
-6.545898400000000095e+01
-6.544413799999999526e+01
-6.542935900000000515e+01
-6.541464200000000062e+01
-6.539998599999999840e+01
-6.538539900000000671e+01
-6.537087999999999965e+01
-6.535642199999999491e+01
-6.534202600000000416e+01
-6.532769000000000403e+01
-6.531342300000000023e+01
-6.529921699999999873e+01
-6.528506500000000301e+01
-6.527098100000000613e+01
-6.525695799999999736e+01
-6.524298899999999435e+01
-6.522908800000000440e+01
-6.521523999999999432e+01
-6.520145399999999825e+01
-6.518772099999999625e+01
-6.517404899999999657e+01
-6.516043899999999667e+01
-6.514688099999999338e+01
-6.513337699999999586e+01
-6.511993400000000065e+01
-6.510654399999999953e+01
-6.509320800000000418e+01
-6.507993299999999692e+01
-6.506670400000000143e+01
-6.505353499999999656e+01
-6.504042099999999493e+01
-6.502735099999999591e+01
-6.501434299999999666e+01
-6.500138099999999497e+01
-6.498847999999999558e+01
-6.497562399999999627e+01
-6.496281399999999451e+01
-6.495006600000000674e+01
-6.493736300000000483e+01
-6.492470600000000047e+01
-6.491210200000000441e+01
-6.489955100000000243e+01
-6.488704699999999548e+01
-6.487458800000000281e+01
-6.486218300000000170e+01
-6.484981500000000665e+01
-6.483750899999999717e+01
-6.482524100000000544e+01
-6.481301899999999705e+01
-6.480084200000000294e+01
-6.478871900000000039e+01
-6.477663400000000138e+01
-6.476460299999999393e+01
-6.475260900000000674e+01
-6.474066200000000038e+01
-6.472875999999999408e+01
-6.471689600000000553e+01
-6.470508599999999433e+01
-6.469330600000000686e+01
-6.468157999999999674e+01
-6.466989100000000690e+01
-6.465824899999999786e+01
-6.464664500000000658e+01
-6.463508600000000115e+01
-6.462356599999999673e+01
-6.461208299999999838e+01
-6.460064699999999505e+01
-6.458924899999999525e+01
-6.457788800000000151e+01
-6.456656599999999457e+01
-6.455528999999999940e+01
-6.454404399999999953e+01
-6.453284499999999468e+01
-6.452168299999999590e+01
-6.451055100000000664e+01
-6.449946599999999819e+01
-6.448841899999999328e+01
-6.447740199999999788e+01
-6.446643100000000004e+01
-6.445548999999999751e+01
-6.444458799999999599e+01
-6.443371600000000399e+01
-6.442288200000000131e+01
-6.441208600000000217e+01
-6.440132900000000404e+01
-6.439060200000000123e+01
-6.437991300000000194e+01
-6.436925499999999545e+01
-6.435862699999999847e+01
-6.434804499999999905e+01
-6.433748599999999840e+01
-6.432696500000000128e+01
-6.431647499999999695e+01
-6.430601500000000215e+01
-6.429559299999999666e+01
-6.428520199999999818e+01
-6.427484099999999501e+01
-6.426451099999999883e+01
-6.425421900000000619e+01
-6.424394999999999811e+01
-6.423371899999999357e+01
-6.422351100000000201e+01
-6.421334099999999978e+01
-6.420319399999999632e+01
-6.419307700000000239e+01
-6.418299899999999525e+01
-6.417294300000000362e+01
-6.416291800000000478e+01
-6.415291600000000471e+01
-6.414295199999999397e+01
-6.413301099999999622e+01
-6.412309999999999377e+01
-6.411321300000000178e+01
-6.410336300000000165e+01
-6.409353600000000029e+01
-6.408373299999999517e+01
-6.407395900000000211e+01
-6.406420900000000529e+01
-6.405448900000000378e+01
-6.404479999999999507e+01
-6.403512600000000532e+01
-6.402549000000000490e+01
-6.401586899999999503e+01
-6.400627900000000636e+01
-6.399671599999999927e+01
-6.398717500000000058e+01
-6.397766099999999767e+01
-6.396817000000000064e+01
-6.395870200000000239e+01
-6.394926099999999991e+01
-6.393984199999999873e+01
-6.393044700000000091e+01
-6.392107399999999728e+01
-6.391172799999999654e+01
-6.390240500000000168e+01
-6.389310100000000148e+01
-6.388382299999999958e+01
-6.387456499999999693e+01
-6.386533399999999716e+01
-6.385612100000000169e+01
-6.384693099999999788e+01
-6.383776100000000042e+01
-6.382861700000000127e+01
-6.381948899999999725e+01
-6.381038699999999864e+01
-6.380130400000000179e+01
-6.379223999999999961e+01
-6.378319900000000331e+01
-6.377417799999999914e+01
-6.376517499999999927e+01
-6.375619499999999817e+01
-6.374723099999999931e+01
-6.373828900000000175e+01
-6.372936599999999885e+01
-6.372046300000000230e+01
-6.371157800000000293e+01
-6.370271300000000281e+01
-6.369386699999999735e+01
-6.368504000000000076e+01
-6.367622800000000183e+01
-6.366743900000000167e+01
-6.365866499999999917e+01
-6.364990600000000143e+01
-6.364117099999999994e+01
-6.363244600000000162e+01
-6.362374499999999955e+01
-6.361505900000000224e+01
-6.360638800000000259e+01
-6.359773599999999760e+01
-6.358910000000000196e+01
-6.358047899999999686e+01
-6.357187700000000063e+01
-6.356328599999999796e+01
-6.355471399999999704e+01
-6.354616200000000248e+01
-6.353762100000000146e+01
-6.352909499999999809e+01
-6.352058399999999949e+01
-6.351208900000000313e+01
-6.350360899999999731e+01
-6.349514400000000336e+01
-6.348669399999999996e+01
-6.347825999999999880e+01
-6.346983699999999828e+01
-6.346143000000000001e+01
-6.345303299999999780e+01
-6.344465600000000194e+01
-6.343629099999999710e+01
-6.342793700000000001e+01
-6.341959800000000058e+01
-6.341127000000000180e+01
-6.340295799999999815e+01
-6.339465700000000226e+01
-6.338636799999999738e+01
-6.337809399999999727e+01
-6.336983099999999780e+01
-6.336157999999999646e+01
-6.335334000000000287e+01
-6.334511200000000031e+01
-6.333689900000000250e+01
-6.332869300000000123e+01
-6.332050300000000220e+01
-6.331232099999999718e+01
-6.330415299999999945e+01
-6.329599400000000031e+01
-6.328784600000000182e+01
-6.327970899999999688e+01
-6.327158399999999716e+01
-6.326346999999999809e+01
-6.325536300000000267e+01
-6.324726900000000285e+01
-6.323918199999999956e+01
-6.323110599999999692e+01
-6.322304199999999952e+01
-6.321498499999999865e+01
-6.320693599999999890e+01
-6.319889799999999980e+01
-6.319087199999999882e+01
-6.318285399999999896e+01
-6.317484300000000275e+01
-6.316684000000000054e+01
-6.315884799999999899e+01
-6.315086000000000155e+01
-6.314288299999999765e+01
-6.313491799999999898e+01
-6.312695699999999732e+01
-6.311900299999999930e+01
-6.311105700000000240e+01
-6.310312299999999652e+01
-6.309519199999999728e+01
-6.308726899999999915e+01
-6.307935299999999756e+01
-6.307144499999999709e+01
-6.306354499999999774e+01
-6.305564900000000250e+01
-6.304775999999999669e+01
-6.303987899999999911e+01
-6.303200499999999806e+01
-6.302413599999999860e+01
-6.301627299999999821e+01
-6.300841499999999940e+01
-6.300056500000000170e+01
-6.299271800000000354e+01
-6.298487899999999939e+01
-6.297704300000000188e+01
-6.296921499999999838e+01
-6.296139099999999900e+01
-6.295357099999999662e+01
-6.294575900000000246e+01
-6.293795000000000073e+01
-6.293014500000000311e+01
-6.292234400000000250e+01
-6.291454699999999889e+01
-6.290675399999999939e+01
-6.289896800000000354e+01
-6.289118200000000058e+01
-6.288340399999999875e+01
-6.287562599999999691e+01
-6.286785499999999871e+01
-6.286008499999999799e+01
-6.285231799999999680e+01
-6.284455499999999972e+01
-6.283679599999999965e+01
-6.282903699999999958e+01
-6.282128099999999904e+01
-6.281353000000000009e+01
-6.280578200000000066e+01
-6.279803499999999872e+01
-6.279028699999999930e+01
-6.278254700000000099e+01
-6.277480299999999858e+01
-6.276706300000000027e+01
-6.275932699999999897e+01
-6.275159099999999768e+01
-6.274385500000000349e+01
-6.273612200000000172e+01
-6.272838999999999743e+01
-6.272065700000000277e+01
-6.271292900000000259e+01
-6.270519600000000082e+01
-6.269746800000000064e+01
-6.268973900000000299e+01
-6.268201100000000281e+01
-6.267428199999999805e+01
-6.266655300000000040e+01
-6.265882500000000022e+01
-6.265109600000000256e+01
-6.264336800000000238e+01
-6.263563899999999762e+01
-6.262790700000000044e+01
-6.262017800000000278e+01
-6.261244599999999849e+01
-6.260471299999999673e+01
-6.259697700000000253e+01
-6.258924100000000124e+01
-6.258150499999999994e+01
-6.257376899999999864e+01
-6.256602900000000034e+01
-6.255828499999999792e+01
-6.255054100000000261e+01
-6.254279300000000319e+01
-6.253504600000000124e+01
-6.252729399999999771e+01
-6.251953900000000175e+01
-6.251178399999999868e+01
-6.250402499999999861e+01
-6.249626200000000154e+01
-6.248849500000000035e+01
-6.248072400000000215e+01
-6.247295400000000143e+01
-6.246517599999999959e+01
-6.245739700000000028e+01
-6.244961500000000143e+01
-6.244182599999999894e+01
-6.243403200000000197e+01
-6.242623900000000248e+01
-6.241843800000000186e+01
-6.241062900000000013e+01
-6.240282100000000298e+01
-6.239500400000000013e+01
-6.238718399999999775e+01
-6.237935999999999837e+01
-6.237152900000000244e+01
-6.236369299999999782e+01
-6.235584999999999667e+01
-6.234799999999999898e+01
-6.234014899999999670e+01
-6.233228700000000089e+01
-6.232442100000000096e+01
-6.231654699999999991e+01
-6.230866600000000233e+01
-6.230078100000000063e+01
-6.229288900000000240e+01
-6.228498499999999893e+01
-6.227707699999999846e+01
-6.226916099999999687e+01
-6.226123799999999875e+01
-6.225330699999999950e+01
-6.224536899999999662e+01
-6.223742299999999972e+01
-6.222946900000000170e+01
-6.222150400000000303e+01
-6.221353100000000325e+01
-6.220555099999999982e+01
-6.219755899999999826e+01
-6.218956000000000017e+01
-6.218155300000000096e+01
-6.217353399999999652e+01
-6.216550399999999854e+01
-6.215746699999999691e+01
-6.214942200000000128e+01
-6.214136100000000340e+01
-6.213329300000000188e+01
-6.212521399999999971e+01
-6.211712599999999895e+01
-6.210902399999999801e+01
-6.210091400000000306e+01
-6.209278900000000334e+01
-6.208465600000000251e+01
-6.207650799999999691e+01
-6.206835199999999730e+01
-6.206018100000000004e+01
-6.205199799999999755e+01
-6.204379999999999740e+01
-6.203559500000000071e+01
-6.202737400000000179e+01
-6.201913799999999810e+01
-6.201089100000000087e+01
-6.200263199999999841e+01
-6.199435400000000129e+01
-6.198606900000000053e+01
-6.197776400000000052e+01
-6.196944799999999987e+01
-6.196111700000000155e+01
-6.195277000000000100e+01
-6.194440800000000280e+01
-6.193603099999999984e+01
-6.192763899999999921e+01
-6.191923100000000346e+01
-6.191080500000000342e+01
-6.190236699999999814e+01
-6.189390900000000073e+01
-6.188543700000000314e+01
-6.187694499999999920e+01
-6.186843900000000218e+01
-6.185991299999999882e+01
-6.185137199999999780e+01
-6.184281200000000212e+01
-6.183423200000000008e+01
-6.182563799999999787e+01
-6.181701999999999941e+01
-6.180838800000000077e+01
-6.179973600000000289e+01
-6.179106099999999913e+01
-6.178237200000000229e+01
-6.177365900000000210e+01
-6.176492700000000013e+01
-6.175617199999999940e+01
-6.174739799999999690e+01
-6.173860499999999973e+01
-6.172979000000000127e+01
-6.172095099999999945e+01
-6.171209000000000344e+01
-6.170320900000000108e+01
-6.169430499999999995e+01
-6.168537899999999752e+01
-6.167643000000000342e+01
-6.166745399999999933e+01
-6.165845499999999646e+01
-6.164943699999999893e+01
-6.164038800000000151e+01
-6.163131700000000279e+01
-6.162222299999999819e+01
-6.161310199999999782e+01
-6.160395400000000166e+01
-6.159478399999999709e+01
-6.158558299999999974e+01
-6.157635899999999651e+01
-6.156710400000000050e+01
-6.155782299999999907e+01
-6.154851500000000186e+01
-6.153918099999999924e+01
-6.152981599999999673e+01
-6.152042000000000144e+01
-6.151099800000000073e+01
-6.150154500000000013e+01
-6.149206199999999711e+01
-6.148254800000000131e+01
-6.147299999999999898e+01
-6.146342500000000086e+01
-6.145381499999999875e+01
-6.144417599999999879e+01
-6.143450500000000147e+01
-6.142479699999999809e+01
-6.141505800000000193e+01
-6.140528499999999923e+01
-6.139547699999999963e+01
-6.138563500000000062e+01
-6.137575900000000217e+01
-6.136584500000000020e+01
-6.135589199999999721e+01
-6.134590500000000191e+01
-6.133588400000000007e+01
-6.132582099999999770e+01
-6.131571999999999889e+01
-6.130557999999999907e+01
-6.129540300000000030e+01
-6.128518300000000352e+01
-6.127492500000000319e+01
-6.126462599999999981e+01
-6.125428399999999840e+01
-6.124389999999999645e+01
-6.123347499999999854e+01
-6.122300299999999851e+01
-6.121249000000000251e+01
-6.120193499999999887e+01
-6.119133000000000067e+01
-6.118067899999999781e+01
-6.116998699999999900e+01
-6.115924100000000152e+01
-6.114845300000000350e+01
-6.113761099999999971e+01
-6.112672400000000295e+01
-6.111578800000000200e+01
-6.110479699999999781e+01
-6.109375800000000112e+01
-6.108266400000000118e+01
-6.107152200000000164e+01
-6.106032199999999932e+01
-6.104907200000000245e+01
-6.103776200000000074e+01
-6.102639800000000037e+01
-6.101497700000000179e+01
-6.100349800000000045e+01
-6.099196200000000090e+01
-6.098036599999999652e+01
-6.096871199999999646e+01
-6.095699299999999710e+01
-6.094521300000000252e+01
-6.093337199999999854e+01
-6.092146300000000281e+01
-6.090949200000000019e+01
-6.089745299999999872e+01
-6.088534899999999794e+01
-6.087317699999999832e+01
-6.086093499999999779e+01
-6.084862499999999841e+01
-6.083623899999999907e+01
-6.082378400000000340e+01
-6.081125600000000020e+01
-6.079865300000000161e+01
-6.078597299999999848e+01
-6.077321200000000090e+01
-6.076037600000000083e+01
-6.074746300000000332e+01
-6.073446700000000220e+01
-6.072138600000000253e+01
-6.070822499999999877e+01
-6.069497700000000151e+01
-6.068164099999999905e+01
-6.066821699999999851e+01
-6.065470499999999987e+01
-6.064110199999999651e+01
-6.062740699999999805e+01
-6.061361699999999786e+01
-6.059972799999999893e+01
-6.058574699999999780e+01
-6.057166300000000092e+01
-6.055747600000000119e+01
-6.054319000000000273e+01
-6.052879699999999730e+01
-6.051430100000000323e+01
-6.049969099999999855e+01
-6.048497400000000113e+01
-6.047014200000000272e+01
-6.045519999999999783e+01
-6.044013600000000253e+01
-6.042495699999999914e+01
-6.040965299999999871e+01
-6.039422600000000330e+01
-6.037867700000000326e+01
-6.036299499999999796e+01
-6.034718300000000113e+01
-6.033123799999999903e+01
-6.031515900000000130e+01
-6.029893899999999718e+01
-6.028257800000000088e+01
-6.026607099999999662e+01
-6.024941599999999653e+01
-6.023261300000000062e+01
-6.021565199999999862e+01
-6.019854000000000127e+01
-6.018126300000000128e+01
-6.016382600000000025e+01
-6.014622099999999705e+01
-6.012844499999999925e+01
-6.011049299999999818e+01
-6.009236500000000092e+01
-6.007405500000000131e+01
-6.005555700000000030e+01
-6.003686900000000293e+01
-6.001798600000000050e+01
-5.999890500000000060e+01
-5.997962199999999910e+01
-5.996012499999999790e+01
-5.994041800000000109e+01
-5.992049399999999792e+01
-5.990034099999999739e+01
-5.987996299999999650e+01
-5.985934799999999711e+01
-5.983849299999999971e+01
-5.981739000000000317e+01
-5.979603600000000085e+01
-5.977442200000000128e+01
-5.975254400000000032e+01
-5.973038900000000240e+01
-5.970795799999999787e+01
-5.968523799999999824e+01
-5.966221999999999781e+01
-5.963890099999999705e+01
-5.961526899999999785e+01
-5.959131599999999906e+01
-5.956703600000000165e+01
-5.954241900000000243e+01
-5.951744800000000168e+01
-5.949212299999999942e+01
-5.946642700000000303e+01
-5.944035300000000177e+01
-5.941388700000000256e+01
-5.938701600000000269e+01
-5.935972999999999900e+01
-5.933201600000000298e+01
-5.930386000000000024e+01
-5.927524600000000277e+01
-5.924615899999999868e+01
-5.921658699999999698e+01
-5.918651200000000046e+01
-5.915591799999999978e+01
-5.912478600000000029e+01
-5.909309400000000068e+01
-5.906082899999999825e+01
-5.902796599999999927e+01
-5.899448399999999992e+01
-5.896036099999999891e+01
-5.892557500000000203e+01
-5.889009899999999931e+01
-5.885390100000000047e+01
-5.881696300000000122e+01
-5.877924699999999802e+01
-5.874072600000000222e+01
-5.870136600000000016e+01
-5.866112900000000252e+01
-5.861998400000000231e+01
-5.857788800000000151e+01
-5.853479800000000211e+01
-5.849066899999999691e+01
-5.844545699999999755e+01
-5.839910900000000282e+01
-5.835157399999999939e+01
-5.830278799999999961e+01
-5.825269699999999773e+01
-5.820123300000000199e+01
-5.814832299999999776e+01
-5.809389500000000339e+01
-5.803786499999999648e+01
-5.798014500000000027e+01
-5.792064299999999832e+01
-5.785925300000000249e+01
-5.779586799999999869e+01
-5.773036599999999652e+01
-5.766262100000000146e+01
-5.759248699999999843e+01
-5.751980999999999966e+01
-5.744442399999999793e+01
-5.736613799999999941e+01
-5.728475999999999857e+01
-5.720005799999999851e+01
-5.711178600000000216e+01
-5.701967599999999692e+01
-5.692342000000000013e+01
-5.682268100000000288e+01
-5.671708699999999936e+01
-5.660621299999999678e+01
-5.648958600000000274e+01
-5.636666100000000057e+01
-5.623683499999999924e+01
-5.609941500000000048e+01
-5.595359799999999950e+01
-5.579847300000000132e+01
-5.563297699999999679e+01
-5.545586800000000238e+01
-5.526570099999999996e+01
-5.506076000000000192e+01
-5.483899699999999910e+01
-5.459796500000000208e+01
-5.433468200000000081e+01
-5.404550600000000316e+01
-5.372591400000000306e+01
-5.337022400000000033e+01
-5.297120300000000270e+01
-5.251947400000000243e+01
-5.200267000000000195e+01
-5.140412500000000051e+01
-5.070083199999999835e+01
-4.986012600000000106e+01
-4.883411000000000257e+01
-4.754980100000000220e+01
-4.589100599999999730e+01
-4.366303599999999818e+01
-4.052076699999999931e+01
-3.581611300000000142e+01
-2.820161999999999836e+01
-1.446007299999999951e+01
