1.043000000000000000e+03
0.000000000000000000e+00
2.083999999999999986e+01
-2.743031500000000148e-17
2.048934399999999911e+01
3.623894500000000107e+01
4.407677799999999735e+01
4.644501900000000205e+01
4.618905999999999779e+01
4.466410100000000227e+01
4.233473200000000247e+01
3.935239800000000088e+01
3.579292300000000182e+01
3.173102599999999995e+01
2.725685700000000011e+01
2.247347500000000053e+01
1.748874100000000098e+01
1.240684800000000010e+01
7.321463099999999891e+00
2.310986300000000160e+00
-2.564463899999999796e+00
-7.264971300000000021e+00
-1.177282600000000023e+01
-1.610085499999999925e+01
-2.033924899999999880e+01
-2.479981000000000080e+01
-2.976387799999999828e+01
-3.470382699999999687e+01
-3.950451300000000288e+01
-4.452563899999999819e+01
-5.006713100000000338e+01
-5.621947899999999976e+01
-6.278234499999999940e+01
-6.928808600000000695e+01
-7.521283699999999328e+01
-8.021270800000000634e+01
-8.419643399999999644e+01
-8.725433300000000258e+01
-8.955438200000000393e+01
-9.127033199999999624e+01
-9.254959900000000061e+01
-9.350605000000000189e+01
-9.422372400000000425e+01
-9.476341200000000242e+01
-9.516888400000000559e+01
-9.547174800000000516e+01
-9.569503000000000270e+01
-9.585568200000000161e+01
-9.596633099999999672e+01
-9.603652200000000505e+01
-9.607350900000000138e+01
-9.608294700000000432e+01
-9.606922900000000709e+01
-9.603585800000000461e+01
-9.598563400000000456e+01
-9.592084499999999991e+01
-9.584336100000000158e+01
-9.575474499999999978e+01
-9.565629599999999755e+01
-9.554912600000000111e+01
-9.543420399999999404e+01
-9.531234700000000259e+01
-9.518428000000000111e+01
-9.505064400000000546e+01
-9.491200299999999856e+01
-9.476886700000000019e+01
-9.462168099999999527e+01
-9.447087100000000248e+01
-9.431679499999999905e+01
-9.415981299999999976e+01
-9.400022099999999625e+01
-9.383831000000000699e+01
-9.367434699999999737e+01
-9.350856000000000279e+01
-9.334118700000000501e+01
-9.317243200000000058e+01
-9.300248000000000559e+01
-9.283150500000000704e+01
-9.265966799999999637e+01
-9.248712899999999593e+01
-9.231402599999999836e+01
-9.214047999999999661e+01
-9.196661400000000697e+01
-9.179254199999999742e+01
-9.161835499999999399e+01
-9.144415999999999656e+01
-9.127002699999999891e+01
-9.109605399999999520e+01
-9.092230999999999597e+01
-9.074885600000000352e+01
-9.057575199999999427e+01
-9.040306900000000212e+01
-9.023085799999999779e+01
-9.005915099999999995e+01
-8.988801599999999326e+01
-8.971747600000000489e+01
-8.954756899999999575e+01
-8.937834200000000351e+01
-8.920980799999999533e+01
-8.904201500000000635e+01
-8.887497700000000123e+01
-8.870871699999999294e+01
-8.854325900000000615e+01
-8.837861599999999385e+01
-8.821482100000000059e+01
-8.805187200000000303e+01
-8.788978600000000085e+01
-8.772858399999999790e+01
-8.756826800000000333e+01
-8.740884400000000198e+01
-8.725033600000000433e+01
-8.709273500000000467e+01
-8.693605800000000272e+01
-8.678030400000000100e+01
-8.662548099999999351e+01
-8.647158100000000047e+01
-8.631862599999999475e+01
-8.616660299999999495e+01
-8.601551800000000014e+01
-8.586537900000000434e+01
-8.571617100000000278e+01
-8.556790200000000368e+01
-8.542057800000000611e+01
-8.527418500000000279e+01
-8.512873100000000193e+01
-8.498420699999999783e+01
-8.484061400000000219e+01
-8.469795200000000079e+01
-8.455622099999999364e+01
-8.441540500000000691e+01
-8.427551300000000367e+01
-8.413653600000000665e+01
-8.399847400000000164e+01
-8.386132000000000630e+01
-8.372507500000000391e+01
-8.358972199999999475e+01
-8.345526900000000126e+01
-8.332170899999999847e+01
-8.318904100000000312e+01
-8.305725099999999372e+01
-8.292633800000000122e+01
-8.279630299999999465e+01
-8.266713699999999676e+01
-8.253883399999999426e+01
-8.241138499999999567e+01
-8.228479799999999500e+01
-8.215905800000000170e+01
-8.203415699999999333e+01
-8.191010300000000655e+01
-8.178687299999999993e+01
-8.166448200000000668e+01
-8.154290799999999706e+01
-8.142215699999999856e+01
-8.130221600000000137e+01
-8.118308299999999633e+01
-8.106475799999999765e+01
-8.094722699999999804e+01
-8.083048999999999751e+01
-8.071453900000000203e+01
-8.059937299999999993e+01
-8.048498499999999467e+01
-8.037136800000000392e+01
-8.025852199999999925e+01
-8.014643100000000686e+01
-8.003510300000000655e+01
-7.992452199999999607e+01
-7.981468999999999880e+01
-7.970560500000000559e+01
-7.959725199999999745e+01
-7.948962400000000628e+01
-7.938273599999999419e+01
-7.927656600000000253e+01
-7.917110399999999970e+01
-7.906636799999999710e+01
-7.896233399999999847e+01
-7.885900100000000634e+01
-7.875636299999999324e+01
-7.865441900000000430e+01
-7.855316899999999691e+01
-7.845259900000000641e+01
-7.835270699999999522e+01
-7.825348700000000690e+01
-7.815494499999999789e+01
-7.805706000000000699e+01
-7.795983900000000233e+01
-7.786326599999999587e+01
-7.776735700000000406e+01
-7.767208100000000570e+01
-7.757745400000000302e+01
-7.748346700000000453e+01
-7.739011399999999696e+01
-7.729738600000000304e+01
-7.720528400000000602e+01
-7.711379999999999768e+01
-7.702293400000000645e+01
-7.693267799999999568e+01
-7.684302499999999725e+01
-7.675398300000000518e+01
-7.666553500000000554e+01
-7.657768199999999581e+01
-7.649042500000000189e+01
-7.640374799999999311e+01
-7.631765699999999697e+01
-7.623214000000000112e+01
-7.614720199999999295e+01
-7.606283600000000433e+01
-7.597902700000000209e+01
-7.589579000000000519e+01
-7.581310299999999813e+01
-7.573098000000000241e+01
-7.564939900000000250e+01
-7.556836699999999496e+01
-7.548787699999999745e+01
-7.540792799999999829e+01
-7.532851399999999842e+01
-7.524963400000000036e+01
-7.517127999999999588e+01
-7.509345199999999920e+01
-7.501613600000000304e+01
-7.493934600000000046e+01
-7.486306799999999839e+01
-7.478729199999999366e+01
-7.471202900000000113e+01
-7.463726800000000594e+01
-7.456300400000000650e+01
-7.448923499999999365e+01
-7.441596199999999328e+01
-7.434317799999999465e+01
-7.427087400000000628e+01
-7.419905099999999720e+01
-7.412771600000000660e+01
-7.405684700000000475e+01
-7.398645000000000493e+01
-7.391652700000000209e+01
-7.384706099999999651e+01
-7.377806099999999390e+01
-7.370951800000000276e+01
-7.364143400000000383e+01
-7.357379899999999395e+01
-7.350661499999999648e+01
-7.343988000000000227e+01
-7.337358100000000150e+01
-7.330772399999999323e+01
-7.324230199999999513e+01
-7.317731499999999301e+01
-7.311276200000000358e+01
-7.304863000000000284e+01
-7.298492400000000657e+01
-7.292164599999999552e+01
-7.285877999999999588e+01
-7.279632599999999343e+01
-7.273429099999999892e+01
-7.267266100000000506e+01
-7.261144299999999419e+01
-7.255062900000000070e+01
-7.249021100000000217e+01
-7.243019099999999355e+01
-7.237056699999999410e+01
-7.231134000000000128e+01
-7.225250200000000689e+01
-7.219404600000000016e+01
-7.213597900000000607e+01
-7.207829300000000217e+01
-7.202098800000000267e+01
-7.196405000000000030e+01
-7.190749399999999980e+01
-7.185131099999999549e+01
-7.179548599999999681e+01
-7.174003600000000347e+01
-7.168494400000000155e+01
-7.163021899999999675e+01
-7.157584400000000358e+01
-7.152182799999999929e+01
-7.146817000000000064e+01
-7.141485600000000034e+01
-7.136189299999999491e+01
-7.130927300000000457e+01
-7.125699600000000089e+01
-7.120506299999999555e+01
-7.115346499999999708e+01
-7.110220300000000293e+01
-7.105127699999999891e+01
-7.100068699999999922e+01
-7.095041700000000162e+01
-7.090047500000000014e+01
-7.085086099999999476e+01
-7.080155899999999747e+01
-7.075258599999999376e+01
-7.070392599999999561e+01
-7.065558599999999956e+01
-7.060755199999999832e+01
-7.055983700000000169e+01
-7.051242100000000335e+01
-7.046531699999999887e+01
-7.041850999999999772e+01
-7.037201699999999960e+01
-7.032581299999999658e+01
-7.027990699999999435e+01
-7.023429899999999293e+01
-7.018898799999999483e+01
-7.014395899999999529e+01
-7.009922799999999654e+01
-7.005477899999999636e+01
-7.001062000000000296e+01
-6.996673599999999738e+01
-6.992313400000000456e+01
-6.987981399999999610e+01
-6.983676900000000387e+01
-6.979400599999999599e+01
-6.975150299999999959e+01
-6.970928200000000174e+01
-6.966732799999999770e+01
-6.962563299999999344e+01
-6.958421300000000542e+01
-6.954304500000000644e+01
-6.950215099999999779e+01
-6.946151000000000408e+01
-6.942112000000000194e+01
-6.938099699999999359e+01
-6.934111799999999448e+01
-6.930149799999999516e+01
-6.926212300000000255e+01
-6.922299999999999898e+01
-6.918412800000000118e+01
-6.914549300000000187e+01
-6.910710100000000011e+01
-6.906895400000000507e+01
-6.903104399999999430e+01
-6.899336999999999875e+01
-6.895593300000000170e+01
-6.891873200000000566e+01
-6.888176699999999641e+01
-6.884502399999999511e+01
-6.880851699999999482e+01
-6.877223200000000247e+01
-6.873617600000000039e+01
-6.870034800000000530e+01
-6.866473399999999572e+01
-6.862934900000000482e+01
-6.859417700000000195e+01
-6.855922700000000702e+01
-6.852449000000000012e+01
-6.848996699999999294e+01
-6.845565799999999967e+01
-6.842156199999999444e+01
-6.838768000000000313e+01
-6.835399599999999509e+01
-6.832052600000000098e+01
-6.828725400000000434e+01
-6.825419599999999321e+01
-6.822132899999999722e+01
-6.818866699999999526e+01
-6.815621199999999646e+01
-6.812394700000000114e+01
-6.809188100000000077e+01
-6.806000500000000386e+01
-6.802832800000000191e+01
-6.799683400000000688e+01
-6.796553799999999512e+01
-6.793443299999999851e+01
-6.790351099999999462e+01
-6.787277199999999766e+01
-6.784222400000000164e+01
-6.781185899999999833e+01
-6.778167700000000195e+01
-6.775167100000000175e+01
-6.772184799999999427e+01
-6.769220699999999624e+01
-6.766273499999999785e+01
-6.763343799999999817e+01
-6.760432400000000541e+01
-6.757537800000000061e+01
-6.754659999999999798e+01
-6.751799800000000573e+01
-6.748956300000000397e+01
-6.746129600000000437e+01
-6.743318899999999871e+01
-6.740525800000000345e+01
-6.737748000000000559e+01
-6.734987599999999475e+01
-6.732242599999999300e+01
-6.729513500000000192e+01
-6.726800500000000227e+01
-6.724103499999999656e+01
-6.721422599999999647e+01
-6.718756899999999632e+01
-6.716106399999999610e+01
-6.713471199999999328e+01
-6.710851300000000208e+01
-6.708245800000000258e+01
-6.705656399999999451e+01
-6.703081500000000403e+01
-6.700521100000000274e+01
-6.697975200000000484e+01
-6.695444500000000687e+01
-6.692927600000000155e+01
-6.690425100000000214e+01
-6.687937200000000360e+01
-6.685463000000000022e+01
-6.683003200000000277e+01
-6.680556500000000142e+01
-6.678124200000000599e+01
-6.675705700000000320e+01
-6.673300199999999904e+01
-6.670908400000000427e+01
-6.668530300000000466e+01
-6.666164399999999546e+01
-6.663813000000000386e+01
-6.661473800000000267e+01
-6.659147600000000011e+01
-6.656834399999999619e+01
-6.654534099999999341e+01
-6.652246100000000695e+01
-6.649970999999999322e+01
-6.647708099999999831e+01
-6.645457500000000550e+01
-6.643219799999999964e+01
-6.640993500000000438e+01
-6.638779399999999953e+01
-6.636577599999999677e+01
-6.634387999999999863e+01
-6.632209799999999689e+01
-6.630043000000000575e+01
-6.627888500000000249e+01
-6.625744600000000162e+01
-6.623613000000000284e+01
-6.621492800000000045e+01
-6.619383200000000045e+01
-6.617285200000000600e+01
-6.615198499999999626e+01
-6.613122599999999807e+01
-6.611057300000000225e+01
-6.609002700000000630e+01
-6.606959500000000673e+01
-6.604927100000000451e+01
-6.602904499999999643e+01
-6.600892600000000243e+01
-6.598891399999999408e+01
-6.596900899999999979e+01
-6.594920299999999713e+01
-6.592949699999999780e+01
-6.590988900000000683e+01
-6.589038800000000151e+01
-6.587098699999999951e+01
-6.585167699999999513e+01
-6.583247400000000482e+01
-6.581336199999999792e+01
-6.579434999999999434e+01
-6.577542900000000259e+01
-6.575660700000000247e+01
-6.573787699999999745e+01
-6.571924599999999828e+01
-6.570069900000000018e+01
-6.568225099999999372e+01
-6.566388700000000256e+01
-6.564562200000000303e+01
-6.562744100000000458e+01
-6.560935200000000123e+01
-6.559134699999999896e+01
-6.557343299999999431e+01
-6.555561099999999897e+01
-6.553786499999999648e+01
-6.552021000000000583e+01
-6.550263999999999953e+01
-6.548515299999999684e+01
-6.546775800000000345e+01
-6.545043900000000292e+01
-6.543319700000000694e+01
-6.541604599999999436e+01
-6.539897200000000055e+01
-6.538198099999999613e+01
-6.536506699999999626e+01
-6.534822800000000598e+01
-6.533147400000000005e+01
-6.531479600000000119e+01
-6.529819500000000687e+01
-6.528167000000000542e+01
-6.526522099999999682e+01
-6.524884799999999530e+01
-6.523255199999999832e+01
-6.521633099999999672e+01
-6.520018000000000313e+01
-6.518410500000000241e+01
-6.516809800000000052e+01
-6.515216800000000319e+01
-6.513630700000000218e+01
-6.512051400000000001e+01
-6.510479700000000491e+01
-6.508914199999999539e+01
-6.507356299999999294e+01
-6.505805200000000355e+01
-6.504260999999999626e+01
-6.502722900000000550e+01
-6.501191699999999685e+01
-6.499667399999999873e+01
-6.498149899999999946e+01
-6.496638500000000249e+01
-6.495134000000000185e+01
-6.493635600000000352e+01
-6.492143199999999581e+01
-6.490657799999999611e+01
-6.489178499999999872e+01
-6.487705200000000616e+01
-6.486238099999999918e+01
-6.484777099999999450e+01
-6.483322099999999466e+01
-6.481873299999999460e+01
-6.480430599999999686e+01
-6.478994000000000142e+01
-6.477562700000000007e+01
-6.476137500000000102e+01
-6.474718500000000176e+01
-6.473304699999999912e+01
-6.471897099999999625e+01
-6.470494100000000515e+01
-6.469097899999999868e+01
-6.467706300000000397e+01
-6.466320799999999736e+01
-6.464940599999999904e+01
-6.463565800000000650e+01
-6.462196400000000551e+01
-6.460832200000000114e+01
-6.459473400000000254e+01
-6.458119999999999550e+01
-6.456771100000000274e+01
-6.455428299999999808e+01
-6.454090100000000518e+01
-6.452756499999999562e+01
-6.451429000000000258e+01
-6.450105999999999540e+01
-6.448787699999999745e+01
-6.447474699999999359e+01
-6.446166200000000401e+01
-6.444862399999999525e+01
-6.443563799999999731e+01
-6.442269899999999438e+01
-6.440980500000000575e+01
-6.439695700000000045e+01
-6.438415500000000691e+01
-6.437139899999999670e+01
-6.435868800000000078e+01
-6.434603099999999642e+01
-6.433340499999999906e+01
-6.432083099999999831e+01
-6.430830400000000679e+01
-6.429581500000000460e+01
-6.428337100000000248e+01
-6.427096600000000137e+01
-6.425860600000000034e+01
-6.424629199999999685e+01
-6.423401599999999689e+01
-6.422177899999999795e+01
-6.420958699999999908e+01
-6.419743300000000374e+01
-6.418531799999999521e+01
-6.417324800000000096e+01
-6.416121699999999350e+01
-6.414922300000000632e+01
-6.413726800000000594e+01
-6.412535099999999488e+01
-6.411347200000000157e+01
-6.410163099999999758e+01
-6.408982799999999713e+01
-6.407806399999999769e+01
-6.406632999999999356e+01
-6.405464200000000119e+01
-6.404298400000000413e+01
-6.403136399999999639e+01
-6.401978300000000388e+01
-6.400823200000000668e+01
-6.399671899999999880e+01
-6.398523699999999792e+01
-6.397379300000000057e+01
-6.396238300000000265e+01
-6.395100399999999752e+01
-6.393965899999999891e+01
-6.392834899999999720e+01
-6.391707199999999744e+01
-6.390582700000000216e+01
-6.389461099999999760e+01
-6.388342999999999705e+01
-6.387228000000000350e+01
-6.386115999999999815e+01
-6.385007499999999681e+01
-6.383901600000000087e+01
-6.382798799999999773e+01
-6.381699400000000111e+01
-6.380602600000000280e+01
-6.379509000000000185e+01
-6.378417999999999921e+01
-6.377330400000000310e+01
-6.376245099999999866e+01
-6.375163299999999822e+01
-6.374083699999999908e+01
-6.373007199999999983e+01
-6.371933400000000347e+01
-6.370862199999999831e+01
-6.369794100000000014e+01
-6.368728300000000075e+01
-6.367665499999999668e+01
-6.366604999999999848e+01
-6.365547200000000316e+01
-6.364491999999999905e+01
-6.363439199999999829e+01
-6.362389000000000294e+01
-6.361341500000000337e+01
-6.360296199999999800e+01
-6.359253700000000009e+01
-6.358213400000000348e+01
-6.357175399999999854e+01
-6.356140099999999649e+01
-6.355106700000000330e+01
-6.354075999999999880e+01
-6.353047200000000316e+01
-6.352020999999999873e+01
-6.350997199999999765e+01
-6.349975200000000086e+01
-6.348955500000000285e+01
-6.347938200000000109e+01
-6.346922699999999651e+01
-6.345909499999999781e+01
-6.344898599999999789e+01
-6.343889599999999973e+01
-6.342882500000000334e+01
-6.341877699999999862e+01
-6.340874900000000025e+01
-6.339873899999999907e+01
-6.338875199999999666e+01
-6.337877999999999901e+01
-6.336882800000000060e+01
-6.335889800000000349e+01
-6.334898400000000152e+01
-6.333908799999999673e+01
-6.332921199999999828e+01
-6.331935500000000161e+01
-6.330951300000000259e+01
-6.329968999999999824e+01
-6.328988600000000275e+01
-6.328009399999999829e+01
-6.327032499999999970e+01
-6.326057099999999878e+01
-6.325083200000000261e+01
-6.324110799999999699e+01
-6.323140300000000025e+01
-6.322171000000000163e+01
-6.321203599999999767e+01
-6.320237699999999847e+01
-6.319273400000000152e+01
-6.318310499999999763e+01
-6.317348899999999645e+01
-6.316389099999999956e+01
-6.315430500000000080e+01
-6.314473300000000222e+01
-6.313517399999999924e+01
-6.312562900000000354e+01
-6.311610000000000298e+01
-6.310658300000000054e+01
-6.309707600000000127e+01
-6.308758499999999714e+01
-6.307811000000000234e+01
-6.306864199999999698e+01
-6.305918900000000349e+01
-6.304974700000000354e+01
-6.304031799999999919e+01
-6.303089899999999801e+01
-6.302149200000000207e+01
-6.301209300000000013e+01
-6.300270799999999838e+01
-6.299333599999999933e+01
-6.298397099999999682e+01
-6.297462099999999907e+01
-6.296527499999999833e+01
-6.295594400000000235e+01
-6.294662100000000038e+01
-6.293730899999999906e+01
-6.292800499999999886e+01
-6.291870899999999978e+01
-6.290942400000000134e+01
-6.290014599999999945e+01
-6.289087700000000325e+01
-6.288161800000000312e+01
-6.287236800000000159e+01
-6.286312499999999659e+01
-6.285388900000000234e+01
-6.284465800000000257e+01
-6.283543800000000346e+01
-6.282622500000000088e+01
-6.281701999999999941e+01
-6.280781900000000206e+01
-6.279862599999999873e+01
-6.278943999999999903e+01
-6.278026200000000046e+01
-6.277108799999999889e+01
-6.276191699999999685e+01
-6.275275400000000303e+01
-6.274359900000000323e+01
-6.273444700000000296e+01
-6.272529999999999717e+01
-6.271615599999999802e+01
-6.270701999999999998e+01
-6.269788700000000148e+01
-6.268875899999999746e+01
-6.267963400000000007e+01
-6.267051299999999969e+01
-6.266139600000000343e+01
-6.265228299999999706e+01
-6.264317299999999733e+01
-6.263406799999999919e+01
-6.262496199999999646e+01
-6.261585999999999785e+01
-6.260676200000000335e+01
-6.259766400000000175e+01
-6.258856999999999715e+01
-6.257947899999999919e+01
-6.257038899999999870e+01
-6.256129800000000074e+01
-6.255220800000000025e+01
-6.254312099999999930e+01
-6.253403899999999993e+01
-6.252495199999999897e+01
-6.251586499999999802e+01
-6.250678299999999865e+01
-6.249769599999999770e+01
-6.248861300000000085e+01
-6.247952699999999737e+01
-6.247044400000000053e+01
-6.246135699999999957e+01
-6.245227100000000320e+01
-6.244317999999999813e+01
-6.243409299999999718e+01
-6.242499899999999968e+01
-6.241590899999999920e+01
-6.240681500000000170e+01
-6.239771700000000010e+01
-6.238861800000000102e+01
-6.237951699999999988e+01
-6.237041099999999716e+01
-6.236130099999999743e+01
-6.235219200000000228e+01
-6.234307900000000302e+01
-6.233396100000000217e+01
-6.232483700000000226e+01
-6.231571199999999777e+01
-6.230657999999999674e+01
-6.229744699999999824e+01
-6.228830700000000320e+01
-6.227916299999999694e+01
-6.227001200000000125e+01
-6.226085700000000145e+01
-6.225169799999999753e+01
-6.224253099999999961e+01
-6.223335600000000056e+01
-6.222417800000000199e+01
-6.221499299999999977e+01
-6.220579899999999895e+01
-6.219659800000000160e+01
-6.218739300000000014e+01
-6.217818100000000214e+01
-6.216895699999999891e+01
-6.215972500000000167e+01
-6.215048999999999779e+01
-6.214124300000000289e+01
-6.213198899999999725e+01
-6.212272300000000058e+01
-6.211344900000000280e+01
-6.210416800000000137e+01
-6.209487500000000182e+01
-6.208557100000000162e+01
-6.207625999999999777e+01
-6.206693599999999833e+01
-6.205760200000000282e+01
-6.204825999999999908e+01
-6.203890200000000021e+01
-6.202953300000000070e+01
-6.202015699999999754e+01
-6.201076499999999925e+01
-6.200136200000000031e+01
-6.199194700000000324e+01
-6.198251700000000142e+01
-6.197307599999999894e+01
-6.196361900000000134e+01
-6.195415100000000308e+01
-6.194466800000000006e+01
-6.193517299999999892e+01
-6.192566300000000012e+01
-6.191613399999999956e+01
-6.190659300000000087e+01
-6.189703800000000200e+01
-6.188746600000000342e+01
-6.187787600000000054e+01
-6.186827499999999702e+01
-6.185865400000000136e+01
-6.184901399999999683e+01
-6.183935900000000174e+01
-6.182968900000000190e+01
-6.181999600000000328e+01
-6.181028700000000242e+01
-6.180056400000000139e+01
-6.179081699999999699e+01
-6.178105200000000252e+01
-6.177126700000000170e+01
-6.176146299999999911e+01
-6.175164000000000186e+01
-6.174179500000000331e+01
-6.173192999999999842e+01
-6.172204200000000185e+01
-6.171213500000000352e+01
-6.170220199999999977e+01
-6.169224899999999678e+01
-6.168227799999999661e+01
-6.167227900000000318e+01
-6.166225399999999723e+01
-6.165220999999999663e+01
-6.164213900000000024e+01
-6.163204600000000255e+01
-6.162192900000000151e+01
-6.161178199999999805e+01
-6.160161200000000292e+01
-6.159141499999999780e+01
-6.158119599999999849e+01
-6.157094599999999929e+01
-6.156066500000000019e+01
-6.155036199999999980e+01
-6.154002799999999951e+01
-6.152966700000000344e+01
-6.151927200000000084e+01
-6.150885399999999947e+01
-6.149840199999999868e+01
-6.148791899999999799e+01
-6.147740600000000200e+01
-6.146686199999999900e+01
-6.145628399999999658e+01
-6.144567500000000138e+01
-6.143503199999999964e+01
-6.142435499999999848e+01
-6.141364699999999743e+01
-6.140290099999999995e+01
-6.139211999999999847e+01
-6.138130600000000214e+01
-6.137045299999999770e+01
-6.135956600000000094e+01
-6.134864000000000317e+01
-6.133767699999999934e+01
-6.132667200000000207e+01
-6.131563200000000080e+01
-6.130454999999999899e+01
-6.129343000000000075e+01
-6.128226500000000243e+01
-6.127106100000000311e+01
-6.125981500000000324e+01
-6.124852800000000030e+01
-6.123719400000000235e+01
-6.122581499999999721e+01
-6.121439399999999864e+01
-6.120292700000000252e+01
-6.119141400000000175e+01
-6.117985199999999679e+01
-6.116824299999999681e+01
-6.115658599999999723e+01
-6.114487799999999851e+01
-6.113312499999999972e+01
-6.112131500000000273e+01
-6.110945900000000108e+01
-6.109754600000000124e+01
-6.108558299999999974e+01
-6.107356300000000005e+01
-6.106148900000000168e+01
-6.104935799999999801e+01
-6.103717400000000026e+01
-6.102492900000000020e+01
-6.101262700000000194e+01
-6.100026700000000091e+01
-6.098784299999999803e+01
-6.097536099999999948e+01
-6.096281400000000161e+01
-6.095020300000000191e+01
-6.093753099999999989e+01
-6.092478899999999697e+01
-6.091198299999999932e+01
-6.089910900000000282e+01
-6.088616600000000290e+01
-6.087315399999999954e+01
-6.086006900000000286e+01
-6.084691200000000322e+01
-6.083368300000000062e+01
-6.082037700000000058e+01
-6.080699899999999758e+01
-6.079354099999999761e+01
-6.078000300000000067e+01
-6.076638400000000217e+01
-6.075268599999999708e+01
-6.073890699999999754e+01
-6.072503999999999991e+01
-6.071108999999999867e+01
-6.069705199999999934e+01
-6.068292199999999781e+01
-6.066870500000000277e+01
-6.065439599999999842e+01
-6.063999199999999945e+01
-6.062549200000000127e+01
-6.061089700000000136e+01
-6.059619899999999859e+01
-6.058140600000000120e+01
-6.056650499999999937e+01
-6.055150199999999927e+01
-6.053639199999999931e+01
-6.052117499999999950e+01
-6.050584800000000030e+01
-6.049040600000000012e+01
-6.047485000000000355e+01
-6.045917899999999889e+01
-6.044338599999999673e+01
-6.042747500000000116e+01
-6.041143399999999986e+01
-6.039527100000000104e+01
-6.037897900000000107e+01
-6.036255599999999788e+01
-6.034599699999999700e+01
-6.032930000000000348e+01
-6.031246600000000058e+01
-6.029549000000000092e+01
-6.027836599999999834e+01
-6.026109300000000246e+01
-6.024367099999999908e+01
-6.022609299999999877e+01
-6.020835499999999740e+01
-6.019045599999999752e+01
-6.017239399999999705e+01
-6.015415999999999741e+01
-6.013575699999999813e+01
-6.011717600000000061e+01
-6.009841200000000327e+01
-6.007946799999999854e+01
-6.006033299999999997e+01
-6.004100400000000093e+01
-6.002148100000000142e+01
-6.000175099999999873e+01
-5.998181900000000155e+01
-5.996167400000000214e+01
-5.994131099999999890e+01
-5.992072300000000240e+01
-5.989991400000000255e+01
-5.987886799999999710e+01
-5.985758200000000073e+01
-5.983605200000000224e+01
-5.981427000000000049e+01
-5.979222899999999896e+01
-5.976992800000000017e+01
-5.974735299999999683e+01
-5.972449900000000156e+01
-5.970135899999999651e+01
-5.967792500000000189e+01
-5.965418600000000282e+01
-5.963014199999999931e+01
-5.960577800000000082e+01
-5.958108500000000163e+01
-5.955605299999999858e+01
-5.953067800000000176e+01
-5.950494400000000184e+01
-5.947883999999999816e+01
-5.945235799999999671e+01
-5.942548800000000142e+01
-5.939821200000000090e+01
-5.937052500000000066e+01
-5.934241099999999847e+01
-5.931385399999999919e+01
-5.928484000000000265e+01
-5.925535599999999903e+01
-5.922538800000000236e+01
-5.919491599999999920e+01
-5.916392499999999899e+01
-5.913239699999999743e+01
-5.910031099999999782e+01
-5.906765000000000043e+01
-5.903439300000000145e+01
-5.900051899999999705e+01
-5.896600300000000061e+01
-5.893082400000000121e+01
-5.889495099999999894e+01
-5.885836400000000168e+01
-5.882103000000000037e+01
-5.878292100000000175e+01
-5.874400700000000342e+01
-5.870425000000000182e+01
-5.866362000000000165e+01
-5.862207800000000191e+01
-5.857958200000000204e+01
-5.853609500000000310e+01
-5.849156599999999884e+01
-5.844595000000000340e+01
-5.839919700000000091e+01
-5.835125399999999729e+01
-5.830206299999999686e+01
-5.825155600000000078e+01
-5.819967700000000121e+01
-5.814634699999999867e+01
-5.809149200000000235e+01
-5.803502999999999901e+01
-5.797687499999999972e+01
-5.791692700000000116e+01
-5.785509100000000160e+01
-5.779124800000000306e+01
-5.772528100000000251e+01
-5.765705899999999673e+01
-5.758643299999999954e+01
-5.751326000000000249e+01
-5.743735900000000072e+01
-5.735854700000000150e+01
-5.727661899999999662e+01
-5.719135299999999944e+01
-5.710249300000000261e+01
-5.700976899999999858e+01
-5.691287200000000013e+01
-5.681146600000000291e+01
-5.670516599999999841e+01
-5.659353999999999729e+01
-5.647611599999999754e+01
-5.635234499999999969e+01
-5.622161100000000289e+01
-5.608320599999999700e+01
-5.593632499999999652e+01
-5.578004099999999710e+01
-5.561327399999999699e+01
-5.543476100000000173e+01
-5.524303100000000200e+01
-5.503633899999999812e+01
-5.481259899999999874e+01
-5.456931699999999807e+01
-5.430344399999999894e+01
-5.401126099999999752e+01
-5.368813300000000055e+01
-5.332824300000000051e+01
-5.292416399999999754e+01
-5.246624400000000321e+01
-5.194174199999999786e+01
-5.133343500000000148e+01
-5.061748099999999795e+01
-4.975992200000000310e+01
-4.871078099999999722e+01
-4.739357400000000098e+01
-4.568589800000000167e+01
-4.338148900000000197e+01
-4.011245699999999914e+01
-3.518365099999999757e+01
-2.711015899999999945e+01
-1.262344799999999978e+01
