1.077000000000000000e+03
0.000000000000000000e+00
2.151999999999999957e+01
-2.343231899999999969e-17
2.049027799999999999e+01
3.624111899999999764e+01
4.407957799999999793e+01
4.644760500000000292e+01
4.619090299999999871e+01
4.466493599999999731e+01
4.233442300000000103e+01
3.935089099999999718e+01
3.579024100000000175e+01
3.172723799999999983e+01
2.725209399999999960e+01
2.246789899999999918e+01
1.748252899999999954e+01
1.240017699999999934e+01
7.314499399999999874e+00
2.303871200000000119e+00
-2.571617799999999843e+00
-7.272088100000000388e+00
-1.177987099999999998e+01
-1.610786799999999985e+01
-2.034650800000000004e+01
-2.480809999999999960e+01
-2.977298199999999895e+01
-3.471278800000000331e+01
-3.951384399999999886e+01
-4.453612499999999841e+01
-5.007932999999999879e+01
-5.623349400000000031e+01
-6.279764600000000030e+01
-6.930369600000000219e+01
-7.522782899999999984e+01
-8.022659299999999405e+01
-8.420917500000000189e+01
-8.726618200000000058e+01
-8.956568900000000610e+01
-9.128142499999999870e+01
-9.256076799999999594e+01
-9.351752500000000623e+01
-9.423568000000000211e+01
-9.477599299999999971e+01
-9.518220499999999618e+01
-9.548590900000000659e+01
-9.571010599999999613e+01
-9.587175000000000580e+01
-9.598345899999999631e+01
-9.605476400000000581e+01
-9.609292600000000562e+01
-9.610357700000000136e+01
-9.609112500000000523e+01
-9.605905900000000486e+01
-9.601019300000000101e+01
-9.594679299999999955e+01
-9.587073499999999626e+01
-9.578357699999999397e+01
-9.568662299999999732e+01
-9.558097800000000177e+01
-9.546760600000000352e+01
-9.534732099999999377e+01
-9.522085599999999772e+01
-9.508883699999999806e+01
-9.495183600000000013e+01
-9.481034900000000221e+01
-9.466484099999999557e+01
-9.451570900000000108e+01
-9.436333500000000640e+01
-9.420805400000000418e+01
-9.405017899999999997e+01
-9.388999200000000656e+01
-9.372774499999999875e+01
-9.356369800000000225e+01
-9.339805599999999686e+01
-9.323103299999999649e+01
-9.306281300000000556e+01
-9.289356999999999687e+01
-9.272347299999999848e+01
-9.255265799999999388e+01
-9.238127900000000636e+01
-9.220945000000000391e+01
-9.203729199999999366e+01
-9.186492200000000707e+01
-9.169242900000000418e+01
-9.151991999999999905e+01
-9.134747299999999370e+01
-9.117516299999999774e+01
-9.100307499999999550e+01
-9.083126799999999434e+01
-9.065980500000000575e+01
-9.048874700000000360e+01
-9.031814599999999871e+01
-9.014804100000000631e+01
-8.997848500000000627e+01
-8.980951699999999960e+01
-8.964117400000000657e+01
-8.947348800000000324e+01
-8.930648800000000165e+01
-8.914021300000000281e+01
-8.897467000000000326e+01
-8.880989800000000400e+01
-8.864591199999999560e+01
-8.848273500000000524e+01
-8.832037400000000105e+01
-8.815885199999999600e+01
-8.799818399999999485e+01
-8.783837900000000332e+01
-8.767944300000000624e+01
-8.752139300000000333e+01
-8.736422699999999963e+01
-8.720797000000000310e+01
-8.705260499999999979e+01
-8.689815500000000270e+01
-8.674462099999999509e+01
-8.659200300000000539e+01
-8.644029999999999347e+01
-8.628952800000000423e+01
-8.613967100000000698e+01
-8.599073799999999324e+01
-8.584273500000000467e+01
-8.569564800000000560e+01
-8.554949200000000076e+01
-8.540425100000000214e+01
-8.525993300000000374e+01
-8.511653900000000306e+01
-8.497405200000000036e+01
-8.483248899999999537e+01
-8.469183300000000258e+01
-8.455208600000000274e+01
-8.441324600000000089e+01
-8.427530699999999797e+01
-8.413826799999999650e+01
-8.400212100000000248e+01
-8.386686699999999917e+01
-8.373250600000000077e+01
-8.359902200000000505e+01
-8.346641499999999780e+01
-8.333468600000000492e+01
-8.320382700000000398e+01
-8.307383000000000095e+01
-8.294469499999999584e+01
-8.281641399999999464e+01
-8.268898799999999483e+01
-8.256240800000000490e+01
-8.243666799999999739e+01
-8.231176800000000071e+01
-8.218769799999999748e+01
-8.206445300000000032e+01
-8.194203199999999754e+01
-8.182042699999999513e+01
-8.169963099999999656e+01
-8.157965099999999836e+01
-8.146046400000000176e+01
-8.134207899999999825e+01
-8.122447999999999979e+01
-8.110767400000000293e+01
-8.099164600000000291e+01
-8.087639599999999973e+01
-8.076191699999999685e+01
-8.064820100000000025e+01
-8.053525500000000648e+01
-8.042305799999999749e+01
-8.031161500000000331e+01
-8.020091999999999643e+01
-8.009096499999999708e+01
-7.998175000000000523e+01
-7.987326000000000192e+01
-7.976550299999999538e+01
-7.965846999999999412e+01
-7.955214700000000505e+01
-7.944654099999999630e+01
-7.934164400000000228e+01
-7.923744200000000149e+01
-7.913394900000000121e+01
-7.903114300000000014e+01
-7.892902399999999830e+01
-7.882759099999999819e+01
-7.872683700000000329e+01
-7.862676199999999938e+01
-7.852735099999999591e+01
-7.842861200000000110e+01
-7.833052800000000104e+01
-7.823310100000000489e+01
-7.813633000000000095e+01
-7.804019900000000121e+01
-7.794471699999999714e+01
-7.784986899999999821e+01
-7.775566100000000347e+01
-7.766207900000000564e+01
-7.756912199999999302e+01
-7.747679100000000574e+01
-7.738507099999999639e+01
-7.729396800000000667e+01
-7.720346800000000087e+01
-7.711357900000000143e+01
-7.702428399999999442e+01
-7.693559299999999723e+01
-7.684748100000000193e+01
-7.675996399999999653e+01
-7.667303499999999872e+01
-7.658667800000000625e+01
-7.650090000000000146e+01
-7.641569499999999948e+01
-7.633105500000000632e+01
-7.624697899999999606e+01
-7.616346000000000060e+01
-7.608049800000000573e+01
-7.599809299999999723e+01
-7.591622900000000129e+01
-7.583491499999999519e+01
-7.575414299999999912e+01
-7.567390399999999318e+01
-7.559420000000000073e+01
-7.551502200000000187e+01
-7.543637099999999407e+01
-7.535824599999999407e+01
-7.528063199999999711e+01
-7.520353699999999719e+01
-7.512695300000000032e+01
-7.505088000000000648e+01
-7.497531100000000492e+01
-7.490023800000000165e+01
-7.482566799999999319e+01
-7.475158700000000067e+01
-7.467799399999999821e+01
-7.460489699999999402e+01
-7.453228000000000009e+01
-7.446013600000000565e+01
-7.438847400000000221e+01
-7.431729099999999733e+01
-7.424656699999999887e+01
-7.417632299999999645e+01
-7.410652899999999477e+01
-7.403720900000000427e+01
-7.396833800000000281e+01
-7.389992499999999609e+01
-7.383195499999999356e+01
-7.376444200000000251e+01
-7.369737200000000144e+01
-7.363073699999999633e+01
-7.356454499999999541e+01
-7.349879500000000121e+01
-7.343346400000000074e+01
-7.336857600000000446e+01
-7.330410799999999938e+01
-7.324005900000000224e+01
-7.317643700000000706e+01
-7.311322800000000655e+01
-7.305043799999999976e+01
-7.298806000000000438e+01
-7.292608599999999797e+01
-7.286452500000000043e+01
-7.280335999999999785e+01
-7.274259899999999845e+01
-7.268223600000000317e+01
-7.262226900000000285e+01
-7.256269100000000094e+01
-7.250350199999999745e+01
-7.244470200000000659e+01
-7.238628400000000340e+01
-7.232824700000000462e+01
-7.227059199999999350e+01
-7.221331000000000699e+01
-7.215640299999999741e+01
-7.209986899999999821e+01
-7.204369400000000212e+01
-7.198789200000000221e+01
-7.193244900000000541e+01
-7.187737300000000573e+01
-7.182264700000000346e+01
-7.176828000000000429e+01
-7.171426400000000001e+01
-7.166060600000000136e+01
-7.160728500000000452e+01
-7.155431400000000508e+01
-7.150168600000000652e+01
-7.144940200000000630e+01
-7.139745299999999872e+01
-7.134583999999999548e+01
-7.129456299999999658e+01
-7.124361399999999378e+01
-7.119299300000000130e+01
-7.114270000000000493e+01
-7.109273500000000467e+01
-7.104309100000000399e+01
-7.099375899999999717e+01
-7.094475599999999815e+01
-7.089605699999999899e+01
-7.084767899999999941e+01
-7.079960599999999715e+01
-7.075184600000000046e+01
-7.070439100000000110e+01
-7.065724199999999655e+01
-7.061038999999999533e+01
-7.056384300000000565e+01
-7.051759300000000508e+01
-7.047163399999999456e+01
-7.042597200000000157e+01
-7.038060799999999517e+01
-7.033552600000000155e+01
-7.029073300000000302e+01
-7.024622300000000052e+01
-7.020200300000000482e+01
-7.015805799999999692e+01
-7.011439500000000180e+01
-7.007100699999999449e+01
-7.002789300000000594e+01
-6.998506199999999922e+01
-6.994249700000000303e+01
-6.990019999999999811e+01
-6.985817000000000121e+01
-6.981640600000000063e+01
-6.977491000000000554e+01
-6.973367299999999602e+01
-6.969269599999999798e+01
-6.965197799999999972e+01
-6.961151099999999303e+01
-6.957130399999999781e+01
-6.953134900000000584e+01
-6.949164600000000291e+01
-6.945219400000000576e+01
-6.941298700000000110e+01
-6.937402299999999400e+01
-6.933530399999999361e+01
-6.929682900000000245e+01
-6.925859099999999557e+01
-6.922059600000000046e+01
-6.918283099999999308e+01
-6.914530899999999747e+01
-6.910801700000000380e+01
-6.907096099999999694e+01
-6.903412600000000054e+01
-6.899752800000000263e+01
-6.896115100000000098e+01
-6.892500300000000379e+01
-6.888907600000000286e+01
-6.885337800000000641e+01
-6.881789399999999546e+01
-6.878263099999999497e+01
-6.874758099999999672e+01
-6.871275300000000641e+01
-6.867813099999999338e+01
-6.864373000000000502e+01
-6.860953499999999394e+01
-6.857554600000000278e+01
-6.854177099999999712e+01
-6.850820199999999716e+01
-6.847483800000000542e+01
-6.844167299999999443e+01
-6.840871400000000335e+01
-6.837595399999999302e+01
-6.834339900000000512e+01
-6.831103500000000395e+01
-6.827886999999999773e+01
-6.824689499999999498e+01
-6.821511099999999317e+01
-6.818352500000000305e+01
-6.815212999999999965e+01
-6.812092599999999720e+01
-6.808990500000000168e+01
-6.805906699999999887e+01
-6.802841899999999953e+01
-6.799795500000000459e+01
-6.796767400000000237e+01
-6.793756899999999632e+01
-6.790764599999999973e+01
-6.787789899999999932e+01
-6.784833500000000583e+01
-6.781893900000000031e+01
-6.778972600000000170e+01
-6.776068100000000527e+01
-6.773180399999999679e+01
-6.770310200000000123e+01
-6.767456799999999362e+01
-6.764620200000000239e+01
-6.761800399999999911e+01
-6.758997300000000052e+01
-6.756210299999999336e+01
-6.753440100000000257e+01
-6.750685099999999750e+01
-6.747946899999999459e+01
-6.745224799999999732e+01
-6.742517899999999997e+01
-6.739826999999999657e+01
-6.737152100000000132e+01
-6.734492500000000348e+01
-6.731847399999999482e+01
-6.729218299999999431e+01
-6.726604500000000542e+01
-6.724005099999999402e+01
-6.721421100000000592e+01
-6.718852200000000607e+01
-6.716297099999999887e+01
-6.713757300000000328e+01
-6.711231999999999687e+01
-6.708720399999999984e+01
-6.706223300000000620e+01
-6.703740700000000174e+01
-6.701271800000000667e+01
-6.698816700000000424e+01
-6.696375999999999351e+01
-6.693948399999999310e+01
-6.691535199999999861e+01
-6.689135000000000275e+01
-6.686747699999999384e+01
-6.684374200000000599e+01
-6.682014499999999657e+01
-6.679667700000000252e+01
-6.677333099999999888e+01
-6.675012200000000462e+01
-6.672703599999999824e+01
-6.670407899999999302e+01
-6.668125200000000063e+01
-6.665854600000000119e+01
-6.663597099999999784e+01
-6.661351000000000511e+01
-6.659117899999999679e+01
-6.656896199999999908e+01
-6.654687500000000000e+01
-6.652490199999999732e+01
-6.650305199999999672e+01
-6.648131600000000674e+01
-6.645969399999999894e+01
-6.643819399999999575e+01
-6.641680900000000065e+01
-6.639553800000000194e+01
-6.637437400000000309e+01
-6.635333300000000634e+01
-6.633239700000000028e+01
-6.631157699999999977e+01
-6.629086300000000165e+01
-6.627025600000000338e+01
-6.624976300000000151e+01
-6.622937799999999697e+01
-6.620909899999999482e+01
-6.618891899999999850e+01
-6.616885399999999606e+01
-6.614888799999999947e+01
-6.612902800000000525e+01
-6.610926800000000014e+01
-6.608961499999999489e+01
-6.607006099999999549e+01
-6.605060600000000193e+01
-6.603125000000000000e+01
-6.601199300000000392e+01
-6.599283599999999694e+01
-6.597377799999999581e+01
-6.595481100000000652e+01
-6.593594400000000633e+01
-6.591717500000000030e+01
-6.589849100000000703e+01
-6.587991300000000194e+01
-6.586141999999999541e+01
-6.584301800000000071e+01
-6.582471499999999764e+01
-6.580649599999999566e+01
-6.578836800000000551e+01
-6.577033199999999624e+01
-6.575238799999999628e+01
-6.573452799999999741e+01
-6.571675100000000214e+01
-6.569906600000000196e+01
-6.568147299999999689e+01
-6.566395599999999888e+01
-6.564652999999999849e+01
-6.562918100000000265e+01
-6.561192300000000444e+01
-6.559474199999999655e+01
-6.557764400000000649e+01
-6.556063100000000077e+01
-6.554370099999999866e+01
-6.552684800000000109e+01
-6.551007099999999639e+01
-6.549337800000000698e+01
-6.547676099999999622e+01
-6.546022000000000673e+01
-6.544376400000000160e+01
-6.542737599999999532e+01
-6.541107200000000432e+01
-6.539483599999999797e+01
-6.537867699999999616e+01
-6.536259499999999889e+01
-6.534658100000000047e+01
-6.533065000000000566e+01
-6.531478099999999642e+01
-6.529898799999999426e+01
-6.528327199999999664e+01
-6.526761600000000385e+01
-6.525203700000000140e+01
-6.523652599999999779e+01
-6.522109199999999873e+01
-6.520571900000000198e+01
-6.519041400000000408e+01
-6.517517899999999997e+01
-6.516000400000000070e+01
-6.514490499999999429e+01
-6.512986800000000187e+01
-6.511489899999999409e+01
-6.509999100000000283e+01
-6.508515199999999368e+01
-6.507037400000000105e+01
-6.505565599999999904e+01
-6.504100800000000504e+01
-6.502642099999999914e+01
-6.501189399999999807e+01
-6.499742899999999679e+01
-6.498302499999999782e+01
-6.496868100000000368e+01
-6.495439899999999511e+01
-6.494016999999999484e+01
-6.492601000000000511e+01
-6.491190299999999525e+01
-6.489785000000000537e+01
-6.488386500000000012e+01
-6.486992600000000664e+01
-6.485605599999999527e+01
-6.484223199999999565e+01
-6.482846800000000087e+01
-6.481475799999999765e+01
-6.480110899999999674e+01
-6.478750599999999338e+01
-6.477396400000000654e+01
-6.476047499999999957e+01
-6.474703200000000436e+01
-6.473364999999999725e+01
-6.472032199999999591e+01
-6.470703899999999464e+01
-6.469380999999999915e+01
-6.468063399999999774e+01
-6.466750299999999640e+01
-6.465442699999999832e+01
-6.464140299999999684e+01
-6.462842600000000459e+01
-6.461549399999999821e+01
-6.460261500000000012e+01
-6.458978299999999706e+01
-6.457700300000000482e+01
-6.456426999999999339e+01
-6.455158199999999624e+01
-6.453893999999999664e+01
-6.452634399999999459e+01
-6.451379400000000430e+01
-6.450128899999999987e+01
-6.448883800000000122e+01
-6.447642500000000609e+01
-6.446405000000000030e+01
-6.445172900000000027e+01
-6.443944500000000630e+01
-6.442721600000000137e+01
-6.441501599999999428e+01
-6.440286999999999296e+01
-6.439076199999999517e+01
-6.437869299999999839e+01
-6.436666900000000169e+01
-6.435468299999999431e+01
-6.434274299999999869e+01
-6.433084100000000660e+01
-6.431897700000000384e+01
-6.430715899999999863e+01
-6.429537200000000041e+01
-6.428363000000000227e+01
-6.427192700000000514e+01
-6.426026199999999733e+01
-6.424863399999999558e+01
-6.423705300000000307e+01
-6.422550200000000586e+01
-6.421398200000000145e+01
-6.420250699999999711e+01
-6.419107099999999377e+01
-6.417966499999999996e+01
-6.416829699999999548e+01
-6.415696699999999453e+01
-6.414567599999999459e+01
-6.413441500000000417e+01
-6.412318399999999485e+01
-6.411199999999999477e+01
-6.410083799999999599e+01
-6.408971400000000074e+01
-6.407862900000000650e+01
-6.406757399999999336e+01
-6.405654900000000396e+01
-6.404556300000000135e+01
-6.403460699999999406e+01
-6.402368199999999376e+01
-6.401278700000000299e+01
-6.400192300000000500e+01
-6.399109599999999887e+01
-6.398029700000000020e+01
-6.396952799999999684e+01
-6.395879399999999748e+01
-6.394808600000000354e+01
-6.393740799999999780e+01
-6.392676199999999653e+01
-6.391614500000000021e+01
-6.390555599999999714e+01
-6.389499699999999649e+01
-6.388446400000000125e+01
-6.387396199999999880e+01
-6.386349100000000334e+01
-6.385304299999999955e+01
-6.384262499999999818e+01
-6.383223300000000222e+01
-6.382186899999999952e+01
-6.381153499999999923e+01
-6.380122399999999772e+01
-6.379093900000000161e+01
-6.378068199999999877e+01
-6.377045100000000133e+01
-6.376024199999999809e+01
-6.375006100000000231e+01
-6.373990599999999773e+01
-6.372977399999999903e+01
-6.371966900000000322e+01
-6.370958699999999908e+01
-6.369953199999999782e+01
-6.368949899999999786e+01
-6.367948899999999668e+01
-6.366950200000000137e+01
-6.365953799999999774e+01
-6.364959699999999998e+01
-6.363968299999999800e+01
-6.362978700000000032e+01
-6.361991499999999888e+01
-6.361006499999999875e+01
-6.360023499999999785e+01
-6.359043100000000237e+01
-6.358064300000000202e+01
-6.357088099999999997e+01
-6.356113799999999969e+01
-6.355141400000000118e+01
-6.354171399999999892e+01
-6.353203200000000095e+01
-6.352237300000000175e+01
-6.351272999999999769e+01
-6.350310900000000203e+01
-6.349350700000000103e+01
-6.348392499999999927e+01
-6.347436100000000181e+01
-6.346481299999999948e+01
-6.345528800000000302e+01
-6.344578200000000123e+01
-6.343629099999999710e+01
-6.342681900000000184e+01
-6.341736600000000124e+01
-6.340792799999999829e+01
-6.339851000000000170e+01
-6.338910700000000276e+01
-6.337972299999999848e+01
-6.337035800000000307e+01
-6.336100400000000121e+01
-6.335166900000000112e+01
-6.334235000000000326e+01
-6.333304600000000306e+01
-6.332376099999999752e+01
-6.331448699999999974e+01
-6.330523300000000120e+01
-6.329599400000000031e+01
-6.328676600000000008e+01
-6.327755400000000208e+01
-6.326836000000000126e+01
-6.325917799999999858e+01
-6.325000800000000112e+01
-6.324085600000000085e+01
-6.323171599999999870e+01
-6.322258800000000178e+01
-6.321347399999999794e+01
-6.320437600000000344e+01
-6.319528999999999996e+01
-6.318621399999999966e+01
-6.317715499999999906e+01
-6.316810600000000164e+01
-6.315906900000000235e+01
-6.315004700000000071e+01
-6.314103699999999719e+01
-6.313203399999999732e+01
-6.312304699999999968e+01
-6.311407100000000270e+01
-6.310510299999999972e+01
-6.309614899999999693e+01
-6.308720399999999984e+01
-6.307827000000000339e+01
-6.306934700000000049e+01
-6.306043600000000282e+01
-6.305153299999999916e+01
-6.304264100000000326e+01
-6.303376000000000090e+01
-6.302488699999999966e+01
-6.301602199999999954e+01
-6.300716800000000006e+01
-6.299832500000000124e+01
-6.298948699999999690e+01
-6.298065900000000283e+01
-6.297184000000000026e+01
-6.296303199999999833e+01
-6.295422700000000304e+01
-6.294543500000000336e+01
-6.293664900000000273e+01
-6.292786799999999658e+01
-6.291909799999999819e+01
-6.291033600000000092e+01
-6.290157700000000318e+01
-6.289282599999999945e+01
-6.288408299999999684e+01
-6.287534699999999788e+01
-6.286661900000000003e+01
-6.285789499999999919e+01
-6.284917399999999787e+01
-6.284046599999999927e+01
-6.283175700000000319e+01
-6.282305900000000065e+01
-6.281436200000000269e+01
-6.280567200000000128e+01
-6.279698900000000350e+01
-6.278830700000000320e+01
-6.277963299999999691e+01
-6.277096199999999726e+01
-6.276229500000000172e+01
-6.275363500000000272e+01
-6.274497600000000119e+01
-6.273631999999999920e+01
-6.272767300000000290e+01
-6.271902500000000202e+01
-6.271038099999999815e+01
-6.270174000000000092e+01
-6.269310399999999817e+01
-6.268446699999999794e+01
-6.267583499999999930e+01
-6.266720600000000019e+01
-6.265857700000000108e+01
-6.264995199999999897e+01
-6.264133100000000098e+01
-6.263270599999999888e+01
-6.262408800000000042e+01
-6.261546700000000243e+01
-6.260685000000000144e+01
-6.259823599999999999e+01
-6.258961899999999901e+01
-6.258100499999999755e+01
-6.257239200000000068e+01
-6.256377400000000222e+01
-6.255516099999999824e+01
-6.254654699999999679e+01
-6.253793300000000244e+01
-6.252931999999999846e+01
-6.252070599999999700e+01
-6.251208900000000313e+01
-6.250347099999999756e+01
-6.249485399999999657e+01
-6.248623700000000269e+01
-6.247761500000000012e+01
-6.246899400000000213e+01
-6.246036900000000003e+01
-6.245174399999999792e+01
-6.244311499999999882e+01
-6.243448300000000017e+01
-6.242584999999999695e+01
-6.241721299999999673e+01
-6.240857700000000108e+01
-6.239993299999999721e+01
-6.239128900000000044e+01
-6.238264099999999956e+01
-6.237398900000000168e+01
-6.236533399999999716e+01
-6.235667000000000115e+01
-6.234800700000000262e+01
-6.233933600000000297e+01
-6.233066600000000079e+01
-6.232198700000000002e+01
-6.231330100000000272e+01
-6.230461499999999830e+01
-6.229591800000000035e+01
-6.228721999999999781e+01
-6.227851499999999874e+01
-6.226980199999999854e+01
-6.226108599999999882e+01
-6.225236100000000050e+01
-6.224362899999999854e+01
-6.223489000000000004e+01
-6.222614699999999743e+01
-6.221739199999999670e+01
-6.220863299999999896e+01
-6.219986699999999757e+01
-6.219109000000000265e+01
-6.218230799999999903e+01
-6.217351500000000186e+01
-6.216471500000000106e+01
-6.215590699999999913e+01
-6.214709100000000319e+01
-6.213826399999999950e+01
-6.212942499999999768e+01
-6.212057899999999933e+01
-6.211172499999999985e+01
-6.210285900000000225e+01
-6.209398300000000148e+01
-6.208509399999999800e+01
-6.207619900000000257e+01
-6.206728700000000032e+01
-6.205836899999999901e+01
-6.204943800000000209e+01
-6.204049700000000200e+01
-6.203153999999999968e+01
-6.202257199999999671e+01
-6.201359599999999972e+01
-6.200460100000000097e+01
-6.199559800000000109e+01
-6.198657999999999646e+01
-6.197754700000000128e+01
-6.196850200000000086e+01
-6.195944200000000279e+01
-6.195037099999999697e+01
-6.194127999999999901e+01
-6.193217800000000040e+01
-6.192306099999999702e+01
-6.191392900000000310e+01
-6.190478099999999984e+01
-6.189561799999999891e+01
-6.188643600000000333e+01
-6.187723900000000299e+01
-6.186802699999999788e+01
-6.185879899999999765e+01
-6.184955200000000275e+01
-6.184028599999999898e+01
-6.183100499999999755e+01
-6.182170500000000146e+01
-6.181238599999999650e+01
-6.180304699999999940e+01
-6.179369400000000212e+01
-6.178431700000000149e+01
-6.177492099999999908e+01
-6.176550699999999949e+01
-6.175607300000000066e+01
-6.174661600000000305e+01
-6.173714100000000116e+01
-6.172764200000000301e+01
-6.171812400000000309e+01
-6.170858400000000188e+01
-6.169901999999999731e+01
-6.168943399999999855e+01
-6.167982500000000101e+01
-6.167019299999999760e+01
-6.166053800000000251e+01
-6.165086000000000155e+01
-6.164115499999999770e+01
-6.163142799999999966e+01
-6.162167699999999826e+01
-6.161189699999999903e+01
-6.160209300000000354e+01
-6.159226199999999807e+01
-6.158240500000000139e+01
-6.157252100000000183e+01
-6.156261099999999686e+01
-6.155267299999999864e+01
-6.154270600000000258e+01
-6.153270700000000204e+01
-6.152268200000000320e+01
-6.151263000000000147e+01
-6.150254400000000032e+01
-6.149243200000000087e+01
-6.148228499999999741e+01
-6.147211099999999817e+01
-6.146190299999999951e+01
-6.145165999999999684e+01
-6.144138699999999886e+01
-6.143108399999999847e+01
-6.142074199999999706e+01
-6.141037000000000035e+01
-6.139996000000000009e+01
-6.138951899999999995e+01
-6.137904000000000337e+01
-6.136852300000000326e+01
-6.135797099999999915e+01
-6.134738500000000272e+01
-6.133675800000000322e+01
-6.132609200000000271e+01
-6.131538799999999867e+01
-6.130464599999999820e+01
-6.129386099999999971e+01
-6.128303900000000226e+01
-6.127217499999999717e+01
-6.126126899999999864e+01
-6.125031700000000257e+01
-6.123932599999999837e+01
-6.122829099999999869e+01
-6.121720899999999688e+01
-6.120608500000000163e+01
-6.119491200000000219e+01
-6.118369700000000222e+01
-6.117243200000000058e+01
-6.116111800000000187e+01
-6.114975700000000103e+01
-6.113834800000000058e+01
-6.112688800000000100e+01
-6.111537599999999770e+01
-6.110381300000000238e+01
-6.109220100000000286e+01
-6.108053199999999805e+01
-6.106880999999999915e+01
-6.105703400000000158e+01
-6.104520399999999825e+01
-6.103331399999999718e+01
-6.102136999999999745e+01
-6.100936500000000251e+01
-6.099730300000000227e+01
-6.098517999999999972e+01
-6.097299600000000197e+01
-6.096075100000000191e+01
-6.094844100000000253e+01
-6.093606599999999673e+01
-6.092363000000000284e+01
-6.091112499999999841e+01
-6.089855599999999924e+01
-6.088591399999999965e+01
-6.087320700000000073e+01
-6.086042799999999886e+01
-6.084757599999999655e+01
-6.083465199999999840e+01
-6.082165499999999980e+01
-6.080858200000000124e+01
-6.079543699999999973e+01
-6.078220699999999965e+01
-6.076890199999999709e+01
-6.075551600000000008e+01
-6.074204999999999899e+01
-6.072849999999999682e+01
-6.071486300000000114e+01
-6.070114099999999979e+01
-6.068733199999999783e+01
-6.067343499999999779e+01
-6.065944700000000012e+01
-6.064536700000000025e+01
-6.063119499999999817e+01
-6.061692399999999736e+01
-6.060255800000000193e+01
-6.058808899999999653e+01
-6.057352399999999903e+01
-6.055885299999999916e+01
-6.054408300000000054e+01
-6.052920199999999795e+01
-6.051421400000000261e+01
-6.049911500000000331e+01
-6.048390200000000050e+01
-6.046857800000000083e+01
-6.045313600000000065e+01
-6.043757200000000296e+01
-6.042188999999999766e+01
-6.040608199999999783e+01
-6.039015200000000050e+01
-6.037408800000000042e+01
-6.035789900000000330e+01
-6.034157199999999932e+01
-6.032510800000000017e+01
-6.030850600000000128e+01
-6.029176300000000310e+01
-6.027487599999999901e+01
-6.025783899999999704e+01
-6.024065000000000225e+01
-6.022330900000000042e+01
-6.020580700000000007e+01
-6.018814799999999821e+01
-6.017032199999999875e+01
-6.015233200000000124e+01
-6.013416699999999793e+01
-6.011582599999999843e+01
-6.009730900000000275e+01
-6.007860600000000062e+01
-6.005971499999999708e+01
-6.004063399999999717e+01
-6.002135799999999932e+01
-6.000188099999999736e+01
-5.998219699999999932e+01
-5.996230299999999858e+01
-5.994219199999999859e+01
-5.992186399999999935e+01
-5.990130599999999816e+01
-5.988051999999999708e+01
-5.985949699999999751e+01
-5.983823000000000292e+01
-5.981671099999999797e+01
-5.979494100000000145e+01
-5.977290699999999646e+01
-5.975060299999999813e+01
-5.972802399999999778e+01
-5.970516200000000140e+01
-5.968201100000000281e+01
-5.965855799999999931e+01
-5.963479600000000147e+01
-5.961072200000000265e+01
-5.958632300000000015e+01
-5.956158800000000042e+01
-5.953651399999999683e+01
-5.951108599999999882e+01
-5.948529099999999659e+01
-5.945912200000000070e+01
-5.943257100000000293e+01
-5.940562099999999646e+01
-5.937825800000000243e+01
-5.935047500000000298e+01
-5.932225799999999793e+01
-5.929359099999999927e+01
-5.926445799999999764e+01
-5.923484400000000250e+01
-5.920473899999999645e+01
-5.917411799999999999e+01
-5.914297100000000285e+01
-5.911127499999999912e+01
-5.907900999999999669e+01
-5.904615799999999837e+01
-5.901269899999999780e+01
-5.897860699999999667e+01
-5.894386300000000034e+01
-5.890843600000000180e+01
-5.887230699999999928e+01
-5.883544200000000046e+01
-5.879781700000000200e+01
-5.875939900000000193e+01
-5.872015799999999786e+01
-5.868005399999999838e+01
-5.863905700000000110e+01
-5.859712600000000293e+01
-5.855421799999999877e+01
-5.851029199999999975e+01
-5.846530200000000121e+01
-5.841919699999999693e+01
-5.837192499999999740e+01
-5.832343300000000141e+01
-5.827365499999999798e+01
-5.822252999999999901e+01
-5.816999400000000264e+01
-5.811596300000000070e+01
-5.806036799999999687e+01
-5.800311700000000315e+01
-5.794412200000000013e+01
-5.788328200000000123e+01
-5.782048799999999744e+01
-5.775562699999999694e+01
-5.768857599999999763e+01
-5.761918599999999913e+01
-5.754732099999999662e+01
-5.747281300000000215e+01
-5.739547699999999963e+01
-5.731512800000000141e+01
-5.723154100000000000e+01
-5.714448500000000308e+01
-5.705369600000000219e+01
-5.695887799999999856e+01
-5.685971500000000134e+01
-5.675583600000000217e+01
-5.664684700000000106e+01
-5.653228399999999709e+01
-5.641163999999999845e+01
-5.628432800000000213e+01
-5.614969299999999919e+01
-5.600696899999999800e+01
-5.585529700000000020e+01
-5.569366500000000286e+01
-5.552090499999999906e+01
-5.533565099999999859e+01
-5.513629199999999742e+01
-5.492090999999999923e+01
-5.468721800000000144e+01
-5.443244200000000177e+01
-5.415320599999999729e+01
-5.384533700000000067e+01
-5.350361600000000095e+01
-5.312143300000000323e+01
-5.269028500000000292e+01
-5.219901999999999731e+01
-5.163273600000000130e+01
-5.097104999999999819e+01
-5.018533299999999997e+01
-4.923412299999999675e+01
-4.805516800000000188e+01
-4.655100300000000146e+01
-4.456148100000000056e+01
-4.180860899999999702e+01
-3.778125000000000000e+01
-3.147516099999999994e+01
-2.034017599999999959e+01
-2.637674099999999910e+00
