9.120000000000000000e+02
0.000000000000000000e+00
1.821999900000000139e+01
6.301925100000000105e-18
2.048594999999999899e+01
3.623135400000000317e+01
4.406773400000000152e+01
4.643815200000000232e+01
4.618677900000000136e+01
4.466768299999999670e+01
4.234478800000000120e+01
3.936907200000000273e+01
3.581596799999999803e+01
3.175984000000000052e+01
2.729057699999999897e+01
2.251107599999999920e+01
1.752914399999999873e+01
1.244901199999999974e+01
7.364461900000000227e+00
2.354051399999999905e+00
-2.521909700000000143e+00
-7.223292800000000291e+00
-1.173214100000000037e+01
-1.606086000000000169e+01
-2.029833800000000110e+01
-2.475359299999999863e+01
-2.971355399999999847e+01
-3.465476999999999919e+01
-3.945388400000000217e+01
-4.446912799999999777e+01
-5.000173600000000107e+01
-5.614466900000000038e+01
-6.270099299999999687e+01
-6.920556600000000458e+01
-7.513423899999999378e+01
-8.014074700000000462e+01
-8.413133999999999446e+01
-8.719481700000000046e+01
-8.949860400000000027e+01
-9.121651500000000112e+01
-9.249622300000000052e+01
-9.345191199999999299e+01
-9.416787700000000427e+01
-9.470511600000000385e+01
-9.510753599999999608e+01
-9.540685999999999467e+01
-9.562618999999999403e+01
-9.578253200000000334e+01
-9.588856499999999983e+01
-9.595385000000000275e+01
-9.598568699999999865e+01
-9.598972299999999791e+01
-9.597038999999999476e+01
-9.593119799999999486e+01
-9.587496899999999300e+01
-9.580399300000000551e+01
-9.572015399999999374e+01
-9.562502299999999877e+01
-9.551991999999999905e+01
-9.540596800000000144e+01
-9.528412600000000054e+01
-9.515524299999999869e+01
-9.502004200000000367e+01
-9.487918100000000265e+01
-9.473322299999999530e+01
-9.458269500000000107e+01
-9.442805500000000052e+01
-9.426971399999999335e+01
-9.410807800000000611e+01
-9.394347399999999482e+01
-9.377622999999999820e+01
-9.360663599999999462e+01
-9.343495900000000631e+01
-9.326145200000000557e+01
-9.308634899999999845e+01
-9.290985100000000330e+01
-9.273216200000000242e+01
-9.255345900000000370e+01
-9.237390899999999760e+01
-9.219366499999999576e+01
-9.201287800000000061e+01
-9.183167299999999500e+01
-9.165017699999999934e+01
-9.146850600000000497e+01
-9.128676600000000008e+01
-9.110504199999999742e+01
-9.092343900000000190e+01
-9.074202699999999311e+01
-9.056089000000000055e+01
-9.038010400000000288e+01
-9.019971499999999764e+01
-9.001980600000000265e+01
-8.984040799999999649e+01
-8.966159100000000137e+01
-8.948339099999999746e+01
-8.930584699999999998e+01
-8.912901300000000049e+01
-8.895290400000000375e+01
-8.877756499999999562e+01
-8.860302699999999732e+01
-8.842930599999999686e+01
-8.825643200000000377e+01
-8.808442700000000514e+01
-8.791331499999999721e+01
-8.774310300000000495e+01
-8.757381399999999871e+01
-8.740545699999999840e+01
-8.723804499999999962e+01
-8.707159400000000460e+01
-8.690611300000000483e+01
-8.674160799999999938e+01
-8.657807900000000245e+01
-8.641554299999999955e+01
-8.625400500000000648e+01
-8.609345999999999322e+01
-8.593391400000000147e+01
-8.577537499999999682e+01
-8.561784400000000517e+01
-8.546131900000000314e+01
-8.530580100000000243e+01
-8.515129100000000051e+01
-8.499778700000000242e+01
-8.484529100000000312e+01
-8.469379399999999691e+01
-8.454330400000000623e+01
-8.439381400000000610e+01
-8.424531600000000253e+01
-8.409781599999999457e+01
-8.395130899999999485e+01
-8.380578599999999767e+01
-8.366124700000000303e+01
-8.351769299999999419e+01
-8.337511399999999639e+01
-8.323350499999999386e+01
-8.309286500000000331e+01
-8.295317799999999409e+01
-8.281446099999999433e+01
-8.267668899999999610e+01
-8.253987100000000510e+01
-8.240399200000000235e+01
-8.226905100000000459e+01
-8.213504000000000360e+01
-8.200196099999999433e+01
-8.186980400000000202e+01
-8.173855600000000265e+01
-8.160822299999999530e+01
-8.147879799999999761e+01
-8.135027300000000139e+01
-8.122264099999999587e+01
-8.109589400000000126e+01
-8.097003200000000334e+01
-8.084503899999999987e+01
-8.072093200000000479e+01
-8.059767899999999941e+01
-8.047528800000000615e+01
-8.035375999999999408e+01
-8.023306999999999789e+01
-8.011322800000000655e+01
-7.999422500000000014e+01
-7.987604500000000485e+01
-7.975870500000000618e+01
-7.964217399999999714e+01
-7.952645900000000267e+01
-7.941155999999999437e+01
-7.929745499999999936e+01
-7.918415799999999649e+01
-7.907164799999999616e+01
-7.895992300000000341e+01
-7.884898400000000152e+01
-7.873882299999999645e+01
-7.862942499999999768e+01
-7.852079799999999921e+01
-7.841292599999999879e+01
-7.830581700000000467e+01
-7.819944800000000384e+01
-7.809382600000000707e+01
-7.798894500000000107e+01
-7.788479599999999436e+01
-7.778137200000000462e+01
-7.767867300000000341e+01
-7.757669099999999673e+01
-7.747542599999999879e+01
-7.737486300000000483e+01
-7.727500899999999717e+01
-7.717584999999999695e+01
-7.707737699999999847e+01
-7.697959899999999323e+01
-7.688249999999999318e+01
-7.678607900000000086e+01
-7.669033100000000047e+01
-7.659525299999999959e+01
-7.650083200000000261e+01
-7.640707399999999438e+01
-7.631397200000000680e+01
-7.622151900000000069e+01
-7.612970699999999624e+01
-7.603853599999999346e+01
-7.594799799999999834e+01
-7.585809299999999666e+01
-7.576881400000000610e+01
-7.568015300000000423e+01
-7.559211000000000524e+01
-7.550468399999999747e+01
-7.541786199999999951e+01
-7.533164200000000221e+01
-7.524602500000000305e+01
-7.516099499999999978e+01
-7.507656900000000633e+01
-7.499272200000000055e+01
-7.490945399999999665e+01
-7.482676700000000380e+01
-7.474465200000000209e+01
-7.466310900000000572e+01
-7.458213000000000648e+01
-7.450170900000000529e+01
-7.442185200000000123e+01
-7.434254500000000121e+01
-7.426378599999999608e+01
-7.418556999999999846e+01
-7.410790299999999320e+01
-7.403076900000000649e+01
-7.395416299999999410e+01
-7.387809000000000026e+01
-7.380254399999999748e+01
-7.372752400000000250e+01
-7.365301499999999635e+01
-7.357902500000000146e+01
-7.350553899999999885e+01
-7.343256399999999928e+01
-7.336009199999999453e+01
-7.328812399999999627e+01
-7.321664400000000228e+01
-7.314566000000000656e+01
-7.307516499999999837e+01
-7.300515699999999697e+01
-7.293562300000000675e+01
-7.286657700000000659e+01
-7.279799699999999518e+01
-7.272988900000000001e+01
-7.266225400000000434e+01
-7.259507800000000088e+01
-7.252836600000000544e+01
-7.246211200000000474e+01
-7.239630900000000224e+01
-7.233096299999999701e+01
-7.226605999999999597e+01
-7.220159900000000164e+01
-7.213758099999999729e+01
-7.207399700000000564e+01
-7.201085700000000145e+01
-7.194814300000000173e+01
-7.188585700000000145e+01
-7.182398999999999489e+01
-7.176255000000000450e+01
-7.170153000000000532e+01
-7.164092999999999734e+01
-7.158073400000000674e+01
-7.152095799999999315e+01
-7.146157800000000293e+01
-7.140261099999999317e+01
-7.134404000000000678e+01
-7.128586599999999862e+01
-7.122808799999999962e+01
-7.117069999999999652e+01
-7.111370800000000258e+01
-7.105709099999999978e+01
-7.100087000000000614e+01
-7.094502300000000616e+01
-7.088954900000000237e+01
-7.083445700000000045e+01
-7.077973900000000640e+01
-7.072538799999999526e+01
-7.067140200000000050e+01
-7.061777499999999463e+01
-7.056451400000000262e+01
-7.051161199999999951e+01
-7.045906800000000203e+01
-7.040687599999999691e+01
-7.035503400000000340e+01
-7.030354300000000478e+01
-7.025239600000000451e+01
-7.020159099999999341e+01
-7.015112299999999834e+01
-7.010099800000000414e+01
-7.005120800000000258e+01
-7.000174699999999461e+01
-6.995262099999999350e+01
-6.990382400000000018e+01
-6.985534699999999475e+01
-6.980719799999999964e+01
-6.975936900000000662e+01
-6.971185300000000495e+01
-6.966465800000000286e+01
-6.961777499999999463e+01
-6.957120500000000618e+01
-6.952494000000000085e+01
-6.947898100000000454e+01
-6.943333400000000211e+01
-6.938798500000000047e+01
-6.934293399999999963e+01
-6.929818000000000211e+01
-6.925372299999999370e+01
-6.920955700000000377e+01
-6.916567999999999472e+01
-6.912209300000000667e+01
-6.907879599999999698e+01
-6.903578199999999754e+01
-6.899304999999999666e+01
-6.895059200000000033e+01
-6.890841700000000003e+01
-6.886651600000000428e+01
-6.882488999999999635e+01
-6.878353900000000465e+01
-6.874245500000000675e+01
-6.870163700000000517e+01
-6.866108699999999487e+01
-6.862079599999999857e+01
-6.858076499999999953e+01
-6.854099999999999682e+01
-6.850148799999999483e+01
-6.846223399999999515e+01
-6.842322500000000218e+01
-6.838447600000000648e+01
-6.834597800000000234e+01
-6.830772399999999323e+01
-6.826971399999999335e+01
-6.823194900000000018e+01
-6.819442700000000457e+01
-6.815715000000000146e+01
-6.812010200000000282e+01
-6.808329799999999921e+01
-6.804672200000000259e+01
-6.801038400000000195e+01
-6.797427399999999409e+01
-6.793839300000000492e+01
-6.790273999999999432e+01
-6.786731699999999989e+01
-6.783211500000000171e+01
-6.779713399999999979e+01
-6.776236699999999757e+01
-6.772782899999999984e+01
-6.769350400000000434e+01
-6.765939299999999434e+01
-6.762549599999999828e+01
-6.759181200000000445e+01
-6.755834199999999612e+01
-6.752507799999999349e+01
-6.749201999999999657e+01
-6.745916699999999366e+01
-6.742652099999999393e+01
-6.739407300000000589e+01
-6.736182399999999859e+01
-6.732978099999999699e+01
-6.729792799999999886e+01
-6.726627299999999821e+01
-6.723481800000000419e+01
-6.720355200000000195e+01
-6.717247799999999813e+01
-6.714158600000000376e+01
-6.711089300000000435e+01
-6.708038299999999765e+01
-6.705005599999999788e+01
-6.701991300000000251e+01
-6.698995200000000239e+01
-6.696017500000000666e+01
-6.693058000000000618e+01
-6.690115400000000534e+01
-6.687190999999999974e+01
-6.684284200000000453e+01
-6.681395000000000550e+01
-6.678522499999999695e+01
-6.675666800000000478e+01
-6.672828699999999458e+01
-6.670007300000000328e+01
-6.667202799999999741e+01
-6.664414200000000221e+01
-6.661642500000000666e+01
-6.658887500000000159e+01
-6.656147799999999393e+01
-6.653424800000000516e+01
-6.650717199999999707e+01
-6.648025499999999965e+01
-6.645349099999999964e+01
-6.642688800000000526e+01
-6.640043599999999913e+01
-6.637413800000000208e+01
-6.634799200000000496e+01
-6.632199900000000525e+01
-6.629614999999999725e+01
-6.627044700000000432e+01
-6.624489599999999712e+01
-6.621948999999999330e+01
-6.619422099999999887e+01
-6.616909800000000530e+01
-6.614411900000000344e+01
-6.611928600000000245e+01
-6.609458200000000261e+01
-6.607002300000000616e+01
-6.604560100000000489e+01
-6.602130900000000224e+01
-6.599715399999999477e+01
-6.597313699999999415e+01
-6.594924899999999468e+01
-6.592549099999999385e+01
-6.590187099999999987e+01
-6.587837199999999882e+01
-6.585501100000000463e+01
-6.583177200000000084e+01
-6.580865500000000168e+01
-6.578566700000000367e+01
-6.576280199999999354e+01
-6.574005900000000224e+01
-6.571744499999999789e+01
-6.569494600000000162e+01
-6.567256899999999575e+01
-6.565030699999999797e+01
-6.562816599999999312e+01
-6.560614800000000457e+01
-6.558423600000000420e+01
-6.556244700000000591e+01
-6.554076399999999580e+01
-6.551920300000000452e+01
-6.549774899999999889e+01
-6.547641000000000133e+01
-6.545517700000000616e+01
-6.543405199999999411e+01
-6.541303999999999519e+01
-6.539213599999999360e+01
-6.537133799999999439e+01
-6.535064699999999505e+01
-6.533005500000000154e+01
-6.530956999999999368e+01
-6.528919199999999989e+01
-6.526891299999999774e+01
-6.524873399999999890e+01
-6.522865299999999422e+01
-6.520867900000000361e+01
-6.518879699999999389e+01
-6.516901400000000422e+01
-6.514933000000000618e+01
-6.512974499999999978e+01
-6.511025200000000268e+01
-6.509085100000000068e+01
-6.507154800000000705e+01
-6.505233800000000599e+01
-6.503321800000000508e+01
-6.501419099999999673e+01
-6.499525500000000022e+01
-6.497641000000000133e+01
-6.495764900000000353e+01
-6.493898000000000081e+01
-6.492039499999999919e+01
-6.490190099999999518e+01
-6.488349200000000394e+01
-6.486516600000000210e+01
-6.484692400000000134e+01
-6.482876600000000167e+01
-6.481069899999999961e+01
-6.479270200000000557e+01
-6.477479599999999493e+01
-6.475696600000000558e+01
-6.473922000000000310e+01
-6.472154999999999347e+01
-6.470395700000000261e+01
-6.468644700000000114e+01
-6.466900599999999599e+01
-6.465164900000000614e+01
-6.463436900000000662e+01
-6.461715700000000595e+01
-6.460002900000000636e+01
-6.458297000000000310e+01
-6.456597899999999868e+01
-6.454906499999999880e+01
-6.453222700000000600e+01
-6.451545699999999783e+01
-6.449875600000000020e+01
-6.448212399999999889e+01
-6.446556900000000212e+01
-6.444907399999999598e+01
-6.443265499999999690e+01
-6.441629799999999761e+01
-6.440000899999999717e+01
-6.438378899999999305e+01
-6.436763000000000545e+01
-6.435153999999999996e+01
-6.433550999999999931e+01
-6.431955000000000666e+01
-6.430365000000000464e+01
-6.428781100000000492e+01
-6.427203400000000499e+01
-6.425632500000000391e+01
-6.424066899999999691e+01
-6.422508200000000045e+01
-6.420954899999999554e+01
-6.419407699999999295e+01
-6.417865799999999865e+01
-6.416330700000000320e+01
-6.414800300000000277e+01
-6.413276700000000119e+01
-6.411757699999999716e+01
-6.410244799999999543e+01
-6.408737899999999854e+01
-6.407235699999999667e+01
-6.405739599999999712e+01
-6.404247999999999763e+01
-6.402762599999999793e+01
-6.401282500000000653e+01
-6.399806999999999846e+01
-6.398337200000000280e+01
-6.396872299999999711e+01
-6.395412400000000019e+01
-6.393957900000000194e+01
-6.392507899999999665e+01
-6.391063299999999714e+01
-6.389623300000000228e+01
-6.388188199999999739e+01
-6.386757999999999669e+01
-6.385332100000000111e+01
-6.383911499999999961e+01
-6.382495099999999866e+01
-6.381083300000000236e+01
-6.379676400000000314e+01
-6.378273800000000193e+01
-6.376875700000000080e+01
-6.375481800000000021e+01
-6.374092499999999717e+01
-6.372707400000000177e+01
-6.371326400000000234e+01
-6.369950099999999793e+01
-6.368577599999999705e+01
-6.367209199999999925e+01
-6.365845099999999945e+01
-6.364485200000000020e+01
-6.363128999999999991e+01
-6.361777099999999763e+01
-6.360428600000000188e+01
-6.359084299999999956e+01
-6.357743800000000078e+01
-6.356407200000000302e+01
-6.355074299999999710e+01
-6.353744900000000229e+01
-6.352419299999999680e+01
-6.351097500000000196e+01
-6.349779099999999943e+01
-6.348464200000000091e+01
-6.347153099999999881e+01
-6.345844999999999914e+01
-6.344540800000000047e+01
-6.343239599999999712e+01
-6.341941800000000029e+01
-6.340647500000000036e+01
-6.339356200000000285e+01
-6.338068400000000224e+01
-6.336783599999999694e+01
-6.335501899999999864e+01
-6.334223599999999976e+01
-6.332947899999999919e+01
-6.331675700000000262e+01
-6.330406200000000183e+01
-6.329139700000000346e+01
-6.327876299999999787e+01
-6.326615499999999770e+01
-6.325357400000000041e+01
-6.324102400000000301e+01
-6.322850400000000093e+01
-6.321600699999999762e+01
-6.320353699999999719e+01
-6.319109699999999918e+01
-6.317867999999999995e+01
-6.316628999999999650e+01
-6.315392299999999892e+01
-6.314158599999999666e+01
-6.312926900000000074e+01
-6.311697800000000314e+01
-6.310471299999999673e+01
-6.309246799999999666e+01
-6.308024999999999949e+01
-6.306805399999999651e+01
-6.305587799999999987e+01
-6.304372800000000154e+01
-6.303159699999999788e+01
-6.301948500000000308e+01
-6.300740100000000155e+01
-6.299533100000000019e+01
-6.298328399999999760e+01
-6.297126000000000090e+01
-6.295925100000000185e+01
-6.294726599999999905e+01
-6.293529900000000055e+01
-6.292334699999999970e+01
-6.291141900000000220e+01
-6.289950600000000236e+01
-6.288760800000000017e+01
-6.287573199999999929e+01
-6.286386900000000111e+01
-6.285202799999999712e+01
-6.284019899999999836e+01
-6.282838799999999679e+01
-6.281658900000000045e+01
-6.280481000000000336e+01
-6.279304499999999933e+01
-6.278129200000000054e+01
-6.276955399999999941e+01
-6.275783200000000051e+01
-6.274612400000000179e+01
-6.273442800000000119e+01
-6.272274399999999872e+01
-6.271107500000000101e+01
-6.269941699999999685e+01
-6.268777099999999791e+01
-6.267613599999999963e+01
-6.266451299999999947e+01
-6.265290099999999995e+01
-6.264130000000000109e+01
-6.262970700000000335e+01
-6.261812599999999662e+01
-6.260655599999999765e+01
-6.259499399999999980e+01
-6.258343899999999849e+01
-6.257189199999999829e+01
-6.256035599999999874e+01
-6.254882800000000032e+01
-6.253730800000000301e+01
-6.252579500000000223e+01
-6.251428599999999847e+01
-6.250278899999999993e+01
-6.249129500000000093e+01
-6.247980499999999893e+01
-6.246832299999999805e+01
-6.245684399999999670e+01
-6.244537400000000105e+01
-6.243390699999999782e+01
-6.242244300000000123e+01
-6.241098399999999913e+01
-6.239952900000000113e+01
-6.238807700000000267e+01
-6.237662499999999710e+01
-6.236517700000000275e+01
-6.235373299999999830e+01
-6.234228900000000095e+01
-6.233084900000000061e+01
-6.231940800000000280e+01
-6.230796800000000246e+01
-6.229652800000000212e+01
-6.228508800000000178e+01
-6.227364699999999686e+01
-6.226220699999999653e+01
-6.225076700000000329e+01
-6.223932299999999884e+01
-6.222787900000000150e+01
-6.221643100000000004e+01
-6.220498299999999858e+01
-6.219353100000000012e+01
-6.218207600000000213e+01
-6.217061600000000254e+01
-6.215915300000000343e+01
-6.214768600000000021e+01
-6.213621499999999997e+01
-6.212473700000000321e+01
-6.211325500000000233e+01
-6.210176799999999986e+01
-6.209027499999999833e+01
-6.207877299999999821e+01
-6.206726499999999902e+01
-6.205574800000000124e+01
-6.204422799999999683e+01
-6.203269600000000139e+01
-6.202115599999999773e+01
-6.200960500000000053e+01
-6.199804699999999968e+01
-6.198648099999999772e+01
-6.197490299999999763e+01
-6.196331399999999689e+01
-6.195171400000000261e+01
-6.194010200000000310e+01
-6.192847799999999836e+01
-6.191684300000000007e+01
-6.190519299999999703e+01
-6.189353200000000044e+01
-6.188185899999999862e+01
-6.187016700000000213e+01
-6.185846300000000042e+01
-6.184674499999999853e+01
-6.183501100000000150e+01
-6.182326100000000224e+01
-6.181149299999999869e+01
-6.179970900000000000e+01
-6.178790999999999656e+01
-6.177609300000000303e+01
-6.176425600000000316e+01
-6.175239899999999693e+01
-6.174052400000000063e+01
-6.172863000000000255e+01
-6.171671700000000271e+01
-6.170478099999999699e+01
-6.169282499999999914e+01
-6.168084300000000297e+01
-6.166884600000000205e+01
-6.165682199999999824e+01
-6.164477500000000276e+01
-6.163270200000000187e+01
-6.162060499999999763e+01
-6.160848599999999919e+01
-6.159633999999999787e+01
-6.158416700000000077e+01
-6.157196799999999826e+01
-6.155974199999999996e+01
-6.154748899999999878e+01
-6.153520600000000229e+01
-6.152289199999999880e+01
-6.151055099999999953e+01
-6.149817999999999785e+01
-6.148577499999999674e+01
-6.147334299999999985e+01
-6.146087599999999895e+01
-6.144837600000000322e+01
-6.143584100000000348e+01
-6.142327499999999674e+01
-6.141067100000000067e+01
-6.139803299999999808e+01
-6.138535699999999906e+01
-6.137264299999999650e+01
-6.135989399999999705e+01
-6.134710700000000116e+01
-6.133427799999999763e+01
-6.132140700000000066e+01
-6.130849800000000016e+01
-6.129554699999999912e+01
-6.128255500000000211e+01
-6.126951999999999998e+01
-6.125643900000000031e+01
-6.124331300000000056e+01
-6.123014100000000326e+01
-6.121692300000000131e+01
-6.120365900000000181e+01
-6.119034200000000112e+01
-6.117697900000000288e+01
-6.116356700000000046e+01
-6.115010099999999937e+01
-6.113658499999999663e+01
-6.112301300000000026e+01
-6.110938600000000065e+01
-6.109570699999999732e+01
-6.108197400000000243e+01
-6.106817999999999813e+01
-6.105432499999999862e+01
-6.104041699999999793e+01
-6.102644300000000044e+01
-6.101240899999999812e+01
-6.099831400000000059e+01
-6.098415399999999664e+01
-6.096992900000000049e+01
-6.095563500000000090e+01
-6.094127699999999948e+01
-6.092684599999999762e+01
-6.091234599999999944e+01
-6.089777800000000241e+01
-6.088313300000000083e+01
-6.086841199999999930e+01
-6.085361900000000190e+01
-6.083874899999999997e+01
-6.082379900000000106e+01
-6.080876899999999807e+01
-6.079365500000000111e+01
-6.077846100000000007e+01
-6.076317999999999842e+01
-6.074781399999999820e+01
-6.073235700000000037e+01
-6.071681199999999734e+01
-6.070117599999999669e+01
-6.068544399999999683e+01
-6.066962099999999936e+01
-6.065369799999999856e+01
-6.063767200000000201e+01
-6.062155200000000121e+01
-6.060532400000000308e+01
-6.058899300000000210e+01
-6.057255200000000173e+01
-6.055600400000000150e+01
-6.053934100000000029e+01
-6.052256799999999970e+01
-6.050567600000000112e+01
-6.048866300000000251e+01
-6.047153099999999881e+01
-6.045427699999999760e+01
-6.043689299999999776e+01
-6.041938400000000087e+01
-6.040174100000000124e+01
-6.038396099999999933e+01
-6.036604700000000179e+01
-6.034798800000000085e+01
-6.032978800000000064e+01
-6.031144299999999703e+01
-6.029294600000000059e+01
-6.027429599999999965e+01
-6.025548899999999719e+01
-6.023651900000000126e+01
-6.021738799999999969e+01
-6.019809000000000054e+01
-6.017861899999999764e+01
-6.015896999999999650e+01
-6.013914499999999919e+01
-6.011913700000000205e+01
-6.009893799999999686e+01
-6.007854499999999831e+01
-6.005795700000000181e+01
-6.003716699999999662e+01
-6.001617099999999994e+01
-5.999495699999999943e+01
-5.997352999999999668e+01
-5.995188100000000020e+01
-5.992999999999999972e+01
-5.990789000000000186e+01
-5.988553600000000188e+01
-5.986293400000000275e+01
-5.984008000000000038e+01
-5.981696699999999822e+01
-5.979358700000000226e+01
-5.976993600000000129e+01
-5.974599800000000016e+01
-5.972177500000000094e+01
-5.969724999999999682e+01
-5.967242399999999947e+01
-5.964728199999999703e+01
-5.962181900000000212e+01
-5.959602000000000288e+01
-5.956988100000000230e+01
-5.954338800000000020e+01
-5.951653300000000257e+01
-5.948930699999999661e+01
-5.946169299999999680e+01
-5.943368099999999998e+01
-5.940525800000000345e+01
-5.937641500000000150e+01
-5.934713399999999695e+01
-5.931740200000000129e+01
-5.928720500000000015e+01
-5.925652699999999840e+01
-5.922535299999999836e+01
-5.919366099999999875e+01
-5.916144200000000097e+01
-5.912866999999999962e+01
-5.909532500000000255e+01
-5.906139000000000294e+01
-5.902684399999999698e+01
-5.899166100000000057e+01
-5.895582199999999773e+01
-5.891929600000000278e+01
-5.888205700000000320e+01
-5.884407800000000321e+01
-5.880533199999999994e+01
-5.876578099999999694e+01
-5.872540300000000002e+01
-5.868415099999999995e+01
-5.864199399999999684e+01
-5.859888800000000231e+01
-5.855479799999999813e+01
-5.850967399999999685e+01
-5.846347000000000094e+01
-5.841613799999999657e+01
-5.836761899999999770e+01
-5.831785599999999903e+01
-5.826679200000000236e+01
-5.821435900000000174e+01
-5.816048399999999674e+01
-5.810509100000000160e+01
-5.804809999999999803e+01
-5.798942600000000169e+01
-5.792896700000000010e+01
-5.786662700000000115e+01
-5.780229200000000134e+01
-5.773584000000000316e+01
-5.766714499999999788e+01
-5.759605799999999931e+01
-5.752242999999999995e+01
-5.744609100000000268e+01
-5.736685200000000151e+01
-5.728451199999999943e+01
-5.719884100000000160e+01
-5.710959600000000336e+01
-5.701649900000000315e+01
-5.691924999999999812e+01
-5.681750100000000003e+01
-5.671088000000000306e+01
-5.659895699999999863e+01
-5.648125499999999732e+01
-5.635723099999999874e+01
-5.622626499999999794e+01
-5.608766200000000168e+01
-5.594061700000000315e+01
-5.578419499999999687e+01
-5.561732899999999802e+01
-5.543876600000000110e+01
-5.524703199999999725e+01
-5.504039399999999915e+01
-5.481677200000000028e+01
-5.457368100000000055e+01
-5.430808999999999997e+01
-5.401629599999999698e+01
-5.369369100000000117e+01
-5.333447999999999922e+01
-5.293127799999999894e+01
-5.247449100000000044e+01
-5.195145399999999825e+01
-5.134505800000000164e+01
-5.063163000000000125e+01
-4.977747000000000099e+01
-4.873300900000000269e+01
-4.742246600000000001e+01
-4.572468200000000138e+01
-4.343568799999999896e+01
-4.019213100000000338e+01
-3.530825800000000214e+01
-2.732764799999999994e+01
-1.298477600000000010e+01
