9.670000000000000000e+02
0.000000000000000000e+00
1.932000000000000028e+01
1.103175699999999953e-17
2.048730300000000071e+01
3.623430299999999704e+01
4.407104900000000214e+01
4.644023099999999715e+01
4.618655400000000100e+01
4.466457400000000177e+01
4.233852799999999661e+01
3.935961900000000213e+01
3.580347100000000182e+01
3.174461700000000164e+01
2.727307700000000068e+01
2.249181400000000153e+01
1.750865699999999947e+01
1.242781199999999941e+01
7.342996600000000207e+00
2.332689300000000188e+00
-2.542898399999999892e+00
-7.243743399999999610e+00
-1.175200899999999926e+01
-1.608030499999999918e+01
-2.031814800000000076e+01
-2.477588700000000088e+01
-2.973775499999999994e+01
-3.467828000000000088e+01
-3.947806899999999786e+01
-4.449605600000000294e+01
-5.003284800000000132e+01
-5.618021800000000354e+01
-6.273960100000000040e+01
-6.924466700000000685e+01
-7.517137900000000172e+01
-8.017462899999999593e+01
-8.416182700000000239e+01
-8.722251900000000546e+01
-8.952439099999999428e+01
-9.124123400000000572e+01
-9.252058399999999949e+01
-9.347649400000000242e+01
-9.419312299999999993e+01
-9.473138400000000559e+01
-9.513510100000000591e+01
-9.543595100000000286e+01
-9.565699800000000153e+01
-9.581522400000000061e+01
-9.592328600000000449e+01
-9.599072300000000268e+01
-9.602482600000000446e+01
-9.603124200000000599e+01
-9.601438899999999421e+01
-9.597776799999999753e+01
-9.592419399999999996e+01
-9.585595700000000363e+01
-9.577493300000000431e+01
-9.568267799999999568e+01
-9.558052100000000451e+01
-9.546957399999999438e+01
-9.535080000000000666e+01
-9.522502099999999814e+01
-9.509298699999999371e+01
-9.495532199999999534e+01
-9.481260699999999986e+01
-9.466534400000000460e+01
-9.451400800000000402e+01
-9.435900900000000036e+01
-9.420071400000000494e+01
-9.403949000000000069e+01
-9.387563299999999344e+01
-9.370944199999999569e+01
-9.354117599999999300e+01
-9.337109399999999937e+01
-9.319940900000000283e+01
-9.302634399999999459e+01
-9.285207400000000177e+01
-9.267679599999999596e+01
-9.250066400000000044e+01
-9.232383000000000095e+01
-9.214644599999999741e+01
-9.196862799999999538e+01
-9.179051200000000676e+01
-9.161220600000000047e+01
-9.143380700000000161e+01
-9.125541699999999423e+01
-9.107711799999999869e+01
-9.089900199999999586e+01
-9.072113000000000227e+01
-9.054358700000000226e+01
-9.036643200000000320e+01
-9.018971299999999758e+01
-9.001349600000000351e+01
-8.983782200000000273e+01
-8.966274300000000608e+01
-8.948830399999999941e+01
-8.931452899999999318e+01
-8.914146399999999915e+01
-8.896913899999999842e+01
-8.879757700000000398e+01
-8.862681600000000515e+01
-8.845686299999999846e+01
-8.828775799999999663e+01
-8.811949900000000468e+01
-8.795212600000000691e+01
-8.778563699999999415e+01
-8.762004899999999452e+01
-8.745538299999999765e+01
-8.729164099999999848e+01
-8.712883800000000178e+01
-8.696698000000000661e+01
-8.680607600000000446e+01
-8.664612599999999532e+01
-8.648713700000000415e+01
-8.632912399999999309e+01
-8.617207299999999748e+01
-8.601599899999999366e+01
-8.586090099999999836e+01
-8.570677899999999738e+01
-8.555362700000000586e+01
-8.540145900000000267e+01
-8.525026699999999380e+01
-8.510005200000000514e+01
-8.495080600000000004e+01
-8.480253600000000347e+01
-8.465523500000000467e+01
-8.450890400000000113e+01
-8.436354099999999789e+01
-8.421913100000000441e+01
-8.407569100000000617e+01
-8.393319700000000694e+01
-8.379166399999999726e+01
-8.365107000000000426e+01
-8.351142900000000679e+01
-8.337271900000000358e+01
-8.323494700000000535e+01
-8.309810600000000136e+01
-8.296218899999999508e+01
-8.282719400000000576e+01
-8.269312299999999993e+01
-8.255995199999999556e+01
-8.242769599999999741e+01
-8.229633300000000418e+01
-8.216587099999999566e+01
-8.203630099999999459e+01
-8.190761600000000442e+01
-8.177980800000000272e+01
-8.165287800000000118e+01
-8.152681699999999410e+01
-8.140161899999999662e+01
-8.127728299999999706e+01
-8.115379299999999319e+01
-8.103115800000000490e+01
-8.090936299999999903e+01
-8.078840599999999483e+01
-8.066828200000000493e+01
-8.054898099999999772e+01
-8.043050399999999911e+01
-8.031283600000000433e+01
-8.019598399999999572e+01
-8.007993299999999692e+01
-7.996468400000000543e+01
-7.985022700000000384e+01
-7.973655700000000479e+01
-7.962367199999999912e+01
-7.951156600000000196e+01
-7.940022999999999342e+01
-7.928966499999999940e+01
-7.917985500000000343e+01
-7.907080799999999954e+01
-7.896250899999999717e+01
-7.885495000000000232e+01
-7.874813799999999731e+01
-7.864206699999999728e+01
-7.853672000000000253e+01
-7.843209799999999632e+01
-7.832820100000000707e+01
-7.822501400000000160e+01
-7.812254299999999319e+01
-7.802077500000000043e+01
-7.791970799999999997e+01
-7.781933600000000695e+01
-7.771965799999999547e+01
-7.762065900000000340e+01
-7.752234599999999887e+01
-7.742470600000000047e+01
-7.732773600000000158e+01
-7.723143799999999715e+01
-7.713580299999999568e+01
-7.704081700000000410e+01
-7.694649499999999875e+01
-7.685281399999999508e+01
-7.675977299999999559e+01
-7.666737399999999525e+01
-7.657561499999999910e+01
-7.648447400000000584e+01
-7.639396700000000351e+01
-7.630408500000000060e+01
-7.621481300000000658e+01
-7.612615200000000470e+01
-7.603810099999999750e+01
-7.595065300000000263e+01
-7.586379999999999768e+01
-7.577755000000000507e+01
-7.569188699999999415e+01
-7.560680399999999679e+01
-7.552231600000000356e+01
-7.543839300000000492e+01
-7.535504899999999395e+01
-7.527227800000000002e+01
-7.519007100000000321e+01
-7.510842900000000100e+01
-7.502733600000000536e+01
-7.494680800000000431e+01
-7.486682100000000162e+01
-7.478738400000000297e+01
-7.470848800000000267e+01
-7.463012700000000166e+01
-7.455230699999999899e+01
-7.447501400000000160e+01
-7.439824699999999780e+01
-7.432199900000000525e+01
-7.424627700000000630e+01
-7.417106599999999617e+01
-7.409636700000000076e+01
-7.402217899999999418e+01
-7.394849399999999662e+01
-7.387530499999999734e+01
-7.380262000000000455e+01
-7.373043099999999583e+01
-7.365872199999999737e+01
-7.358750899999999717e+01
-7.351677700000000470e+01
-7.344652600000000575e+01
-7.337674699999999461e+01
-7.330744199999999466e+01
-7.323860899999999674e+01
-7.317023500000000524e+01
-7.310233300000000156e+01
-7.303488199999999608e+01
-7.296789599999999609e+01
-7.290135999999999683e+01
-7.283526600000000428e+01
-7.276962299999999573e+01
-7.270443000000000211e+01
-7.263967100000000698e+01
-7.257534800000000530e+01
-7.251145900000000211e+01
-7.244800600000000657e+01
-7.238497200000000475e+01
-7.232236500000000490e+01
-7.226018500000000699e+01
-7.219841800000000376e+01
-7.213706999999999425e+01
-7.207612600000000214e+01
-7.201560200000000123e+01
-7.195547500000000696e+01
-7.189575999999999567e+01
-7.183644099999999355e+01
-7.177751899999999807e+01
-7.171899399999999503e+01
-7.166085800000000461e+01
-7.160311900000000662e+01
-7.154575300000000482e+01
-7.148878499999999292e+01
-7.143219000000000563e+01
-7.137596899999999778e+01
-7.132012899999999433e+01
-7.126466399999999624e+01
-7.120956400000000031e+01
-7.115483100000000150e+01
-7.110046400000000233e+01
-7.104646300000000281e+01
-7.099281299999999817e+01
-7.093952899999999318e+01
-7.088658900000000074e+01
-7.083400699999999972e+01
-7.078177599999999359e+01
-7.072988900000000001e+01
-7.067834499999999309e+01
-7.062713599999999303e+01
-7.057627899999999954e+01
-7.052574900000000468e+01
-7.047555499999999995e+01
-7.042569000000000301e+01
-7.037615999999999872e+01
-7.032694999999999652e+01
-7.027806900000000212e+01
-7.022951500000000635e+01
-7.018127400000000193e+01
-7.013334700000000055e+01
-7.008573900000000378e+01
-7.003844499999999584e+01
-6.999146299999999599e+01
-6.994478599999999346e+01
-6.989841499999999996e+01
-6.985234800000000632e+01
-6.980657999999999674e+01
-6.976110799999999301e+01
-6.971594199999999830e+01
-6.967106599999999617e+01
-6.962648000000000081e+01
-6.958219099999999457e+01
-6.953818499999999858e+01
-6.949446899999999516e+01
-6.945103500000000452e+01
-6.940788299999999822e+01
-6.936501300000000469e+01
-6.932241799999999898e+01
-6.928009799999999530e+01
-6.923805199999999616e+01
-6.919628099999999904e+01
-6.915477799999999320e+01
-6.911354099999999789e+01
-6.907257099999999639e+01
-6.903186800000000289e+01
-6.899141699999999844e+01
-6.895123300000000199e+01
-6.891130800000000534e+01
-6.887163499999999772e+01
-6.883222200000000157e+01
-6.879305300000000045e+01
-6.875414299999999912e+01
-6.871547700000000702e+01
-6.867705499999999574e+01
-6.863887800000000539e+01
-6.860094499999999584e+01
-6.856325499999999806e+01
-6.852580299999999625e+01
-6.848858599999999797e+01
-6.845160699999999565e+01
-6.841486399999999435e+01
-6.837834900000000005e+01
-6.834206399999999348e+01
-6.830601500000000215e+01
-6.827018700000000706e+01
-6.823458100000000570e+01
-6.819920299999999713e+01
-6.816404699999999650e+01
-6.812911200000000633e+01
-6.809439100000000167e+01
-6.805989099999999326e+01
-6.802560400000000129e+01
-6.799153099999999483e+01
-6.795766399999999408e+01
-6.792401900000000126e+01
-6.789057200000000591e+01
-6.785733799999999860e+01
-6.782430999999999699e+01
-6.779148100000000454e+01
-6.775885800000000359e+01
-6.772643300000000011e+01
-6.769421400000000233e+01
-6.766218600000000549e+01
-6.763035600000000613e+01
-6.759871699999999350e+01
-6.756727600000000677e+01
-6.753602600000000677e+01
-6.750496699999999350e+01
-6.747409799999999791e+01
-6.744341300000000672e+01
-6.741291800000000478e+01
-6.738260699999999304e+01
-6.735246999999999673e+01
-6.732252499999999884e+01
-6.729275499999999965e+01
-6.726316799999999319e+01
-6.723375699999999711e+01
-6.720452099999999973e+01
-6.717546099999999853e+01
-6.714656800000000203e+01
-6.711785899999999572e+01
-6.708930999999999756e+01
-6.706093599999999810e+01
-6.703273000000000081e+01
-6.700468399999999747e+01
-6.697681400000000451e+01
-6.694909699999999475e+01
-6.692154700000000389e+01
-6.689416500000000099e+01
-6.686693599999999549e+01
-6.683986699999999814e+01
-6.681295799999999474e+01
-6.678620899999999949e+01
-6.675960499999999342e+01
-6.673316199999999299e+01
-6.670687100000000669e+01
-6.668073300000000359e+01
-6.665474700000000041e+01
-6.662890600000000063e+01
-6.660321799999999826e+01
-6.657767499999999927e+01
-6.655227700000000368e+01
-6.652702299999999980e+01
-6.650191499999999678e+01
-6.647694400000000314e+01
-6.645211799999999869e+01
-6.642742900000000361e+01
-6.640288499999999772e+01
-6.637847899999999868e+01
-6.635420200000000079e+01
-6.633006299999999555e+01
-6.630606799999999623e+01
-6.628219599999999900e+01
-6.625846099999999694e+01
-6.623485599999999351e+01
-6.621138000000000545e+01
-6.618804199999999582e+01
-6.616482499999999334e+01
-6.614173099999999295e+01
-6.611877400000000193e+01
-6.609593200000000479e+01
-6.607321899999999459e+01
-6.605062900000000070e+01
-6.602816799999999375e+01
-6.600582099999999741e+01
-6.598359700000000316e+01
-6.596148700000000531e+01
-6.593949899999999786e+01
-6.591763299999999504e+01
-6.589587400000000628e+01
-6.587423699999999371e+01
-6.585271500000000344e+01
-6.583130599999999788e+01
-6.581000500000000386e+01
-6.578882600000000025e+01
-6.576774600000000248e+01
-6.574678799999999512e+01
-6.572592899999999361e+01
-6.570518500000000017e+01
-6.568454699999999491e+01
-6.566400899999999297e+01
-6.564358500000000163e+01
-6.562326000000000192e+01
-6.560304299999999955e+01
-6.558293199999999956e+01
-6.556292000000000542e+01
-6.554300700000000290e+01
-6.552320100000000025e+01
-6.550348700000000690e+01
-6.548387900000000172e+01
-6.546436300000000585e+01
-6.544494600000000162e+01
-6.542562900000000070e+01
-6.540640299999999741e+01
-6.538727599999999995e+01
-6.536824000000000012e+01
-6.534929700000000707e+01
-6.533045199999999397e+01
-6.531169099999999617e+01
-6.529303000000000168e+01
-6.527445199999999659e+01
-6.525596600000000080e+01
-6.523757200000000012e+01
-6.521926100000000304e+01
-6.520104200000000105e+01
-6.518290700000000015e+01
-6.516486399999999435e+01
-6.514689599999999814e+01
-6.512902099999999450e+01
-6.511122899999999447e+01
-6.509351300000000151e+01
-6.507589000000000112e+01
-6.505834199999999612e+01
-6.504087800000000641e+01
-6.502349100000000703e+01
-6.500618699999999706e+01
-6.498896000000000583e+01
-6.497180899999999326e+01
-6.495474199999999598e+01
-6.493774399999999503e+01
-6.492082999999999515e+01
-6.490399200000000235e+01
-6.488722199999999418e+01
-6.487052900000000477e+01
-6.485391199999999401e+01
-6.483737200000000200e+01
-6.482089999999999463e+01
-6.480450399999999433e+01
-6.478816999999999382e+01
-6.477191899999999691e+01
-6.475572999999999979e+01
-6.473961599999999805e+01
-6.472356399999999610e+01
-6.470758800000000122e+01
-6.469167299999999443e+01
-6.467582699999999818e+01
-6.466004900000000077e+01
-6.464434099999999717e+01
-6.462869299999999839e+01
-6.461311299999999846e+01
-6.459759499999999832e+01
-6.458214599999999450e+01
-6.456675699999999551e+01
-6.455142999999999631e+01
-6.453616300000000194e+01
-6.452095799999999315e+01
-6.450582099999999741e+01
-6.449073799999999324e+01
-6.447571600000000558e+01
-6.446075399999999433e+01
-6.444585399999999709e+01
-6.443101500000000215e+01
-6.441622900000000129e+01
-6.440149700000000621e+01
-6.438682599999999923e+01
-6.437221499999999708e+01
-6.435765800000000070e+01
-6.434315499999999588e+01
-6.432870499999999936e+01
-6.431431600000000515e+01
-6.429997299999999427e+01
-6.428569000000000244e+01
-6.427145400000000564e+01
-6.425727799999999945e+01
-6.424314900000000250e+01
-6.422907299999999964e+01
-6.421505000000000507e+01
-6.420107299999999384e+01
-6.418714900000000512e+01
-6.417327099999999973e+01
-6.415944700000000012e+01
-6.414567599999999459e+01
-6.413194300000000680e+01
-6.411826299999999890e+01
-6.410463699999999676e+01
-6.409104899999999816e+01
-6.407751500000000533e+01
-6.406401800000000435e+01
-6.405057499999999493e+01
-6.403717799999999727e+01
-6.402381900000000314e+01
-6.401051300000000310e+01
-6.399724199999999996e+01
-6.398402000000000100e+01
-6.397084000000000259e+01
-6.395770600000000172e+01
-6.394461100000000187e+01
-6.393156100000000208e+01
-6.391854899999999873e+01
-6.390558200000000255e+01
-6.389265400000000028e+01
-6.387976499999999902e+01
-6.386691700000000083e+01
-6.385411100000000317e+01
-6.384134300000000195e+01
-6.382861299999999716e+01
-6.381592200000000048e+01
-6.380327199999999976e+01
-6.379065700000000305e+01
-6.377808000000000277e+01
-6.376554099999999892e+01
-6.375303600000000159e+01
-6.374056999999999817e+01
-6.372813800000000128e+01
-6.371574400000000082e+01
-6.370338399999999979e+01
-6.369105900000000275e+01
-6.367876799999999804e+01
-6.366651199999999733e+01
-6.365428899999999857e+01
-6.364209699999999970e+01
-6.362994400000000184e+01
-6.361782099999999929e+01
-6.360572799999999916e+01
-6.359367000000000303e+01
-6.358164200000000221e+01
-6.356964899999999830e+01
-6.355768199999999979e+01
-6.354574999999999818e+01
-6.353384400000000198e+01
-6.352197300000000268e+01
-6.351012800000000169e+01
-6.349831400000000059e+01
-6.348653000000000191e+01
-6.347477299999999900e+01
-6.346304299999999898e+01
-6.345134399999999886e+01
-6.343967099999999704e+01
-6.342802799999999763e+01
-6.341640900000000158e+01
-6.340481900000000337e+01
-6.339325300000000141e+01
-6.338171799999999934e+01
-6.337020499999999856e+01
-6.335871900000000068e+01
-6.334725600000000156e+01
-6.333581900000000076e+01
-6.332440600000000330e+01
-6.331301899999999705e+01
-6.330165499999999668e+01
-6.329031799999999919e+01
-6.327899899999999889e+01
-6.326770799999999895e+01
-6.325643500000000330e+01
-6.324519000000000091e+01
-6.323396300000000281e+01
-6.322275900000000348e+01
-6.321157500000000340e+01
-6.320041700000000162e+01
-6.318927800000000161e+01
-6.317815800000000337e+01
-6.316705699999999979e+01
-6.315597900000000209e+01
-6.314491999999999905e+01
-6.313388400000000189e+01
-6.312286399999999986e+01
-6.311186200000000213e+01
-6.310087999999999653e+01
-6.308991600000000233e+01
-6.307897200000000026e+01
-6.306804699999999997e+01
-6.305713699999999733e+01
-6.304624599999999646e+01
-6.303537000000000035e+01
-6.302450900000000189e+01
-6.301366800000000268e+01
-6.300284200000000112e+01
-6.299203500000000133e+01
-6.298123900000000219e+01
-6.297046300000000230e+01
-6.295969800000000305e+01
-6.294894800000000146e+01
-6.293821700000000163e+01
-6.292749400000000293e+01
-6.291678999999999888e+01
-6.290609700000000259e+01
-6.289542000000000144e+01
-6.288475400000000093e+01
-6.287410400000000266e+01
-6.286346400000000045e+01
-6.285283700000000096e+01
-6.284221999999999753e+01
-6.283161900000000344e+01
-6.282103000000000037e+01
-6.281044800000000095e+01
-6.279988099999999918e+01
-6.278932199999999852e+01
-6.277877399999999852e+01
-6.276823799999999665e+01
-6.275771000000000299e+01
-6.274719199999999830e+01
-6.273668299999999931e+01
-6.272618500000000097e+01
-6.271569399999999916e+01
-6.270521500000000259e+01
-6.269474400000000003e+01
-6.268427700000000158e+01
-6.267381999999999920e+01
-6.266337200000000252e+01
-6.265293100000000237e+01
-6.264249800000000334e+01
-6.263206900000000132e+01
-6.262164700000000295e+01
-6.261123299999999858e+01
-6.260082599999999786e+01
-6.259042000000000172e+01
-6.258002499999999912e+01
-6.256963300000000316e+01
-6.255924600000000169e+01
-6.254886199999999974e+01
-6.253848299999999938e+01
-6.252811100000000266e+01
-6.251773800000000136e+01
-6.250737399999999866e+01
-6.249700899999999848e+01
-6.248665199999999942e+01
-6.247629200000000083e+01
-6.246593899999999877e+01
-6.245558499999999924e+01
-6.244523600000000130e+01
-6.243488700000000335e+01
-6.242454099999999784e+01
-6.241419199999999989e+01
-6.240385100000000307e+01
-6.239350499999999755e+01
-6.238315999999999661e+01
-6.237281399999999820e+01
-6.236247300000000138e+01
-6.235212700000000297e+01
-6.234178200000000203e+01
-6.233143599999999651e+01
-6.232108699999999857e+01
-6.231073800000000062e+01
-6.230038499999999857e+01
-6.229003099999999904e+01
-6.227967499999999745e+01
-6.226931799999999839e+01
-6.225895299999999821e+01
-6.224858900000000261e+01
-6.223821999999999832e+01
-6.222784399999999749e+01
-6.221746799999999666e+01
-6.220708799999999883e+01
-6.219670099999999735e+01
-6.218630999999999887e+01
-6.217591099999999926e+01
-6.216550800000000265e+01
-6.215509800000000240e+01
-6.214468399999999804e+01
-6.213426199999999966e+01
-6.212383299999999764e+01
-6.211339600000000161e+01
-6.210295099999999735e+01
-6.209249899999999656e+01
-6.208203900000000175e+01
-6.207157099999999872e+01
-6.206109200000000214e+01
-6.205060600000000193e+01
-6.204011200000000059e+01
-6.202960199999999702e+01
-6.201908900000000102e+01
-6.200856000000000279e+01
-6.199802400000000091e+01
-6.198747300000000138e+01
-6.197691300000000325e+01
-6.196633899999999784e+01
-6.195575699999999841e+01
-6.194516000000000133e+01
-6.193454700000000201e+01
-6.192392300000000205e+01
-6.191328800000000143e+01
-6.190263699999999858e+01
-6.189197200000000265e+01
-6.188128999999999991e+01
-6.187059399999999698e+01
-6.185988199999999892e+01
-6.184915500000000321e+01
-6.183841300000000274e+01
-6.182765200000000050e+01
-6.181687500000000313e+01
-6.180608000000000146e+01
-6.179526899999999756e+01
-6.178443899999999900e+01
-6.177358999999999867e+01
-6.176272199999999657e+01
-6.175183499999999981e+01
-6.174092499999999717e+01
-6.172999999999999687e+01
-6.171904800000000080e+01
-6.170808000000000249e+01
-6.169708599999999876e+01
-6.168607300000000038e+01
-6.167503700000000322e+01
-6.166397899999999765e+01
-6.165289700000000295e+01
-6.164178799999999825e+01
-6.163065699999999936e+01
-6.161950300000000169e+01
-6.160832200000000114e+01
-6.159711500000000228e+01
-6.158588400000000007e+01
-6.157462300000000255e+01
-6.156333500000000214e+01
-6.155202100000000343e+01
-6.154067599999999771e+01
-6.152930500000000080e+01
-6.151790199999999942e+01
-6.150647399999999720e+01
-6.149501000000000062e+01
-6.148351699999999909e+01
-6.147199200000000019e+01
-6.146043800000000346e+01
-6.144884900000000272e+01
-6.143722499999999798e+01
-6.142556799999999839e+01
-6.141387600000000191e+01
-6.140214900000000142e+01
-6.139038800000000151e+01
-6.137859000000000265e+01
-6.136675600000000230e+01
-6.135488099999999889e+01
-6.134297200000000316e+01
-6.133102000000000231e+01
-6.131903100000000251e+01
-6.130699899999999758e+01
-6.129493000000000080e+01
-6.128281400000000190e+01
-6.127065999999999946e+01
-6.125846099999999694e+01
-6.124622000000000099e+01
-6.123393200000000292e+01
-6.122160000000000224e+01
-6.120921700000000243e+01
-6.119679299999999955e+01
-6.118431900000000212e+01
-6.117179500000000303e+01
-6.115922199999999975e+01
-6.114659900000000192e+01
-6.113392600000000243e+01
-6.112120099999999923e+01
-6.110842099999999988e+01
-6.109558899999999682e+01
-6.108269899999999808e+01
-6.106975599999999815e+01
-6.105675500000000255e+01
-6.104369700000000165e+01
-6.103057900000000302e+01
-6.101740300000000161e+01
-6.100416200000000089e+01
-6.099086400000000197e+01
-6.097750099999999662e+01
-6.096407299999999907e+01
-6.095058099999999968e+01
-6.093702300000000349e+01
-6.092339700000000136e+01
-6.090970200000000290e+01
-6.089593500000000148e+01
-6.088209899999999664e+01
-6.086819100000000304e+01
-6.085421000000000191e+01
-6.084015300000000082e+01
-6.082601900000000228e+01
-6.081180599999999714e+01
-6.079751600000000167e+01
-6.078314199999999801e+01
-6.076868799999999737e+01
-6.075415000000000276e+01
-6.073952899999999744e+01
-6.072481899999999655e+01
-6.071002200000000215e+01
-6.069513299999999845e+01
-6.068015299999999712e+01
-6.066508100000000070e+01
-6.064991400000000255e+01
-6.063464700000000107e+01
-6.061928199999999833e+01
-6.060381699999999938e+01
-6.058824899999999758e+01
-6.057257800000000003e+01
-6.055679700000000310e+01
-6.054090899999999920e+01
-6.052490999999999843e+01
-6.050880099999999828e+01
-6.049257300000000015e+01
-6.047622700000000151e+01
-6.045976300000000236e+01
-6.044317600000000112e+01
-6.042646400000000284e+01
-6.040962199999999882e+01
-6.039265100000000075e+01
-6.037554899999999947e+01
-6.035831100000000049e+01
-6.034093500000000176e+01
-6.032341399999999965e+01
-6.030575199999999825e+01
-6.028794500000000056e+01
-6.026998100000000136e+01
-6.025186899999999923e+01
-6.023359700000000316e+01
-6.021516400000000147e+01
-6.019656799999999919e+01
-6.017779900000000026e+01
-6.015886299999999665e+01
-6.013975099999999685e+01
-6.012046099999999882e+01
-6.010098299999999938e+01
-6.008132200000000012e+01
-6.006146199999999880e+01
-6.004141200000000111e+01
-6.002115599999999773e+01
-6.000069400000000286e+01
-5.998002199999999817e+01
-5.995912899999999723e+01
-5.993801899999999705e+01
-5.991667900000000202e+01
-5.989510700000000298e+01
-5.987329499999999882e+01
-5.985123399999999805e+01
-5.982892600000000272e+01
-5.980635800000000302e+01
-5.978352699999999942e+01
-5.976042199999999838e+01
-5.973703799999999831e+01
-5.971336699999999809e+01
-5.968939999999999912e+01
-5.966513100000000236e+01
-5.964055299999999704e+01
-5.961565000000000225e+01
-5.959042000000000172e+01
-5.956484999999999985e+01
-5.953893300000000011e+01
-5.951265300000000025e+01
-5.948600799999999822e+01
-5.945898100000000142e+01
-5.943155699999999797e+01
-5.940373199999999798e+01
-5.937548799999999716e+01
-5.934681299999999737e+01
-5.931769200000000097e+01
-5.928811300000000273e+01
-5.925806000000000040e+01
-5.922751600000000138e+01
-5.919646500000000344e+01
-5.916488999999999976e+01
-5.913277399999999773e+01
-5.910009399999999857e+01
-5.906683300000000258e+01
-5.903296999999999883e+01
-5.899848200000000276e+01
-5.896334499999999679e+01
-5.892753600000000347e+01
-5.889102900000000318e+01
-5.885379400000000061e+01
-5.881580399999999997e+01
-5.877703100000000092e+01
-5.873743799999999737e+01
-5.869699500000000114e+01
-5.865566299999999700e+01
-5.861340299999999814e+01
-5.857017900000000310e+01
-5.852594799999999964e+01
-5.848065600000000330e+01
-5.843426099999999934e+01
-5.838671099999999825e+01
-5.833795200000000136e+01
-5.828791799999999768e+01
-5.823654599999999704e+01
-5.818377699999999919e+01
-5.812952800000000053e+01
-5.807372300000000109e+01
-5.801628099999999932e+01
-5.795711099999999760e+01
-5.789611099999999766e+01
-5.783317600000000169e+01
-5.776818800000000209e+01
-5.770103100000000040e+01
-5.763156099999999782e+01
-5.755963500000000010e+01
-5.748508799999999752e+01
-5.740774499999999847e+01
-5.732741500000000201e+01
-5.724388100000000179e+01
-5.715691000000000344e+01
-5.706623799999999846e+01
-5.697158400000000000e+01
-5.687262700000000137e+01
-5.676900899999999695e+01
-5.666032799999999980e+01
-5.654613899999999660e+01
-5.642593399999999804e+01
-5.629913700000000176e+01
-5.616510399999999947e+01
-5.602308699999999675e+01
-5.587222299999999819e+01
-5.571153300000000286e+01
-5.553986400000000145e+01
-5.535587300000000255e+01
-5.515797799999999995e+01
-5.494430499999999995e+01
-5.471260800000000302e+01
-5.446017499999999956e+01
-5.418370099999999923e+01
-5.387911199999999923e+01
-5.354132800000000003e+01
-5.316391000000000133e+01
-5.273859000000000208e+01
-5.225456199999999995e+01
-5.169740300000000133e+01
-5.104744699999999824e+01
-5.027715700000000254e+01
-4.934678300000000206e+01
-4.819690700000000305e+01
-4.673495499999999936e+01
-4.480966200000000299e+01
-4.216008800000000178e+01
-3.830946000000000140e+01
-3.233052800000000104e+01
-2.193208100000000016e+01
-4.810720899999999745e+00
