9.960000000000000000e+02
0.000000000000000000e+00
1.989999999999999858e+01
-6.911788799999999805e-19
2.048804700000000167e+01
3.623600799999999822e+01
4.407311200000000184e+01
4.644184899999999772e+01
4.618717999999999790e+01
4.466392900000000310e+01
4.233646800000000354e+01
3.935611300000000057e+01
3.579856900000000053e+01
3.173844899999999924e+01
2.726582700000000159e+01
2.248370600000000152e+01
1.749992400000000004e+01
1.241867799999999988e+01
7.333667300000000111e+00
2.323331399999999825e+00
-2.552157199999999904e+00
-7.252822899999999962e+00
-1.176088200000000050e+01
-1.608903700000000114e+01
-2.032708500000000029e+01
-2.478599399999999875e+01
-2.974876799999999832e+01
-3.468902200000000136e+01
-3.948916200000000032e+01
-4.450844599999999929e+01
-5.004719200000000257e+01
-5.619662900000000150e+01
-6.275744999999999862e+01
-6.926277199999999823e+01
-7.518863699999999994e+01
-8.019043700000000285e+01
-8.417614700000000028e+01
-8.723562599999999634e+01
-8.953668999999999301e+01
-9.125311299999999903e+01
-9.253238699999999994e+01
-9.348847200000000157e+01
-9.420548999999999751e+01
-9.474430099999999300e+01
-9.514870500000000675e+01
-9.545033999999999708e+01
-9.567227200000000664e+01
-9.583145899999999529e+01
-9.594055199999999672e+01
-9.600907899999999984e+01
-9.604433400000000631e+01
-9.605194899999999336e+01
-9.603634599999999466e+01
-9.600102200000000607e+01
-9.594878400000000340e+01
-9.588191999999999382e+01
-9.580230699999999899e+01
-9.571150199999999586e+01
-9.561082500000000550e+01
-9.550138900000000319e+01
-9.538414799999999616e+01
-9.525994099999999776e+01
-9.512948599999999999e+01
-9.499343100000000106e+01
-9.485234099999999557e+01
-9.470672600000000330e+01
-9.455704500000000223e+01
-9.440371700000000033e+01
-9.424710799999999722e+01
-9.408756999999999948e+01
-9.392542299999999500e+01
-9.376094100000000253e+01
-9.359439100000000167e+01
-9.342602499999999566e+01
-9.325605799999999590e+01
-9.308470900000000370e+01
-9.291216300000000672e+01
-9.273860200000000020e+01
-9.256418600000000652e+01
-9.238906900000000633e+01
-9.221338699999999733e+01
-9.203727700000000311e+01
-9.186086299999999483e+01
-9.168424199999999757e+01
-9.150752300000000616e+01
-9.133080300000000307e+01
-9.115417499999999507e+01
-9.097770699999999522e+01
-9.080148300000000461e+01
-9.062557200000000535e+01
-9.045002700000000573e+01
-9.027492499999999609e+01
-9.010029600000000016e+01
-8.992620800000000258e+01
-8.975270100000000184e+01
-8.957981900000000053e+01
-8.940758499999999742e+01
-8.923605299999999829e+01
-8.906523900000000538e+01
-8.889517999999999631e+01
-8.872589899999999830e+01
-8.855742600000000664e+01
-8.838977099999999609e+01
-8.822295400000000143e+01
-8.805700699999999870e+01
-8.789193000000000211e+01
-8.772773700000000474e+01
-8.756445300000000032e+01
-8.740207700000000557e+01
-8.724062299999999937e+01
-8.708009300000000508e+01
-8.692050899999999558e+01
-8.676186400000000276e+01
-8.660416399999999726e+01
-8.644741799999999898e+01
-8.629162599999999372e+01
-8.613679500000000644e+01
-8.598291799999999796e+01
-8.583000900000000399e+01
-8.567805500000000052e+01
-8.552706899999999735e+01
-8.537703700000000140e+01
-8.522797400000000323e+01
-8.507986499999999808e+01
-8.493271599999999921e+01
-8.478652200000000505e+01
-8.464128100000000643e+01
-8.449698600000000681e+01
-8.435364500000000021e+01
-8.421125000000000682e+01
-8.406979400000000169e+01
-8.392927600000000155e+01
-8.378968799999999817e+01
-8.365103899999999726e+01
-8.351330600000000004e+01
-8.337650299999999959e+01
-8.324060799999999460e+01
-8.310562899999999331e+01
-8.297155800000000170e+01
-8.283839399999999387e+01
-8.270612300000000516e+01
-8.257474499999999296e+01
-8.244425999999999988e+01
-8.231465099999999779e+01
-8.218592800000000409e+01
-8.205807500000000232e+01
-8.193109099999999501e+01
-8.180496999999999730e+01
-8.167970300000000350e+01
-8.155528999999999940e+01
-8.143172500000000014e+01
-8.130899800000000255e+01
-8.118711100000000158e+01
-8.106604799999999500e+01
-8.094581599999999355e+01
-8.082640800000000070e+01
-8.070780899999999747e+01
-8.059001899999999807e+01
-8.047303800000000251e+01
-8.035685700000000509e+01
-8.024146299999999599e+01
-8.012686200000000269e+01
-8.001303900000000624e+01
-7.990000200000000063e+01
-7.978773499999999785e+01
-7.967623100000000136e+01
-7.956549099999999441e+01
-7.945551299999999628e+01
-7.934628299999999967e+01
-7.923779299999999637e+01
-7.913005099999999459e+01
-7.902304800000000284e+01
-7.891677099999999712e+01
-7.881122600000000489e+01
-7.870639799999999298e+01
-7.860228700000000401e+01
-7.849889400000000705e+01
-7.839620200000000239e+01
-7.829421200000000169e+01
-7.819291699999999423e+01
-7.809231599999999673e+01
-7.799240100000000098e+01
-7.789316599999999369e+01
-7.779460899999999413e+01
-7.769673199999999724e+01
-7.759950999999999510e+01
-7.750296000000000163e+01
-7.740706600000000037e+01
-7.731182900000000302e+01
-7.721723900000000640e+01
-7.712329900000000293e+01
-7.702999099999999544e+01
-7.693732500000000130e+01
-7.684529100000000312e+01
-7.675387600000000532e+01
-7.666309400000000096e+01
-7.657292200000000548e+01
-7.648336799999999869e+01
-7.639442400000000077e+01
-7.630608399999999847e+01
-7.621833800000000281e+01
-7.613119500000000528e+01
-7.604464699999999766e+01
-7.595868699999999762e+01
-7.587330599999999947e+01
-7.578850599999999815e+01
-7.570428499999999872e+01
-7.562063600000000463e+01
-7.553755200000000514e+01
-7.545503200000000277e+01
-7.537306999999999846e+01
-7.529166399999999726e+01
-7.521081499999999664e+01
-7.513050800000000606e+01
-7.505075100000000532e+01
-7.497153500000000292e+01
-7.489284499999999412e+01
-7.481469699999999534e+01
-7.473707600000000184e+01
-7.465997299999999370e+01
-7.458339700000000505e+01
-7.450733900000000176e+01
-7.443180099999999300e+01
-7.435676599999999326e+01
-7.428223400000000254e+01
-7.420821399999999812e+01
-7.413468899999999451e+01
-7.406166100000000085e+01
-7.398911999999999978e+01
-7.391707599999999445e+01
-7.384551199999999938e+01
-7.377442899999999781e+01
-7.370382700000000398e+01
-7.363370500000000618e+01
-7.356404899999999714e+01
-7.349486500000000433e+01
-7.342614000000000374e+01
-7.335787999999999442e+01
-7.329008500000000481e+01
-7.322274000000000171e+01
-7.315584599999999682e+01
-7.308940099999999518e+01
-7.302339899999999773e+01
-7.295784799999999848e+01
-7.289273099999999772e+01
-7.282804899999999293e+01
-7.276380199999999832e+01
-7.269998200000000566e+01
-7.263658900000000074e+01
-7.257362399999999525e+01
-7.251107799999999770e+01
-7.244895200000000557e+01
-7.238723799999999642e+01
-7.232593500000000120e+01
-7.226504500000000064e+01
-7.220455200000000673e+01
-7.214446999999999832e+01
-7.208478499999999656e+01
-7.202550499999999545e+01
-7.196661400000000697e+01
-7.190811200000000269e+01
-7.185000599999999338e+01
-7.179228200000000015e+01
-7.173493999999999460e+01
-7.167797899999999345e+01
-7.162139899999999670e+01
-7.156518599999999708e+01
-7.150935400000000186e+01
-7.145388800000000629e+01
-7.139879600000000437e+01
-7.134406300000000556e+01
-7.128968799999999817e+01
-7.123568000000000211e+01
-7.118202200000000346e+01
-7.112872299999999370e+01
-7.107577499999999304e+01
-7.102317800000000148e+01
-7.097092399999999657e+01
-7.091901400000000422e+01
-7.086744699999999852e+01
-7.081622299999999370e+01
-7.076532699999999920e+01
-7.071477500000000305e+01
-7.066455100000000300e+01
-7.061465499999999906e+01
-7.056508599999999376e+01
-7.051583899999999971e+01
-7.046691900000000430e+01
-7.041831999999999425e+01
-7.037003300000000650e+01
-7.032206700000000410e+01
-7.027441399999999305e+01
-7.022707400000000177e+01
-7.018003799999999615e+01
-7.013330799999999954e+01
-7.008688399999999774e+01
-7.004076399999999580e+01
-6.999494199999999466e+01
-6.994941699999999685e+01
-6.990418999999999983e+01
-6.985925299999999538e+01
-6.981460599999999772e+01
-6.977025600000000338e+01
-6.972618099999999686e+01
-6.968240400000000534e+01
-6.963890100000000416e+01
-6.959568000000000154e+01
-6.955274199999999496e+01
-6.951007099999999639e+01
-6.946768199999999638e+01
-6.942556799999999839e+01
-6.938371999999999673e+01
-6.934214000000000055e+01
-6.930082699999999818e+01
-6.925978100000000381e+01
-6.921900200000000325e+01
-6.917847399999999425e+01
-6.913820599999999672e+01
-6.909820600000000468e+01
-6.905844899999999598e+01
-6.901895100000000127e+01
-6.897970599999999308e+01
-6.894070399999999665e+01
-6.890195500000000095e+01
-6.886344900000000280e+01
-6.882518799999999715e+01
-6.878717000000000326e+01
-6.874939000000000533e+01
-6.871185300000000495e+01
-6.867455300000000307e+01
-6.863748200000000566e+01
-6.860064699999999505e+01
-6.856404100000000312e+01
-6.852767199999999548e+01
-6.849152399999999830e+01
-6.845561200000000213e+01
-6.841991400000000567e+01
-6.838444499999999948e+01
-6.834919700000000375e+01
-6.831417100000000175e+01
-6.827935800000000199e+01
-6.824476599999999848e+01
-6.821038099999999815e+01
-6.817621599999999660e+01
-6.814226499999999476e+01
-6.810852099999999609e+01
-6.807498200000000566e+01
-6.804165600000000325e+01
-6.800852999999999327e+01
-6.797560900000000572e+01
-6.794289399999999546e+01
-6.791037799999999436e+01
-6.787805899999999326e+01
-6.784593999999999880e+01
-6.781401800000000435e+01
-6.778228799999999410e+01
-6.775075499999999806e+01
-6.771941400000000044e+01
-6.768826300000000629e+01
-6.765729500000000485e+01
-6.762651800000000435e+01
-6.759593200000000479e+01
-6.756552899999999795e+01
-6.753530100000000402e+01
-6.750526399999999683e+01
-6.747540300000000002e+01
-6.744572399999999845e+01
-6.741622200000000475e+01
-6.738689399999999807e+01
-6.735774200000000178e+01
-6.732876600000000167e+01
-6.729996500000000026e+01
-6.727132400000000700e+01
-6.724286700000000394e+01
-6.721456899999999735e+01
-6.718644000000000460e+01
-6.715847800000000234e+01
-6.713067599999999402e+01
-6.710304299999999955e+01
-6.707556900000000155e+01
-6.704826400000000319e+01
-6.702111100000000476e+01
-6.699411800000000028e+01
-6.696727799999999320e+01
-6.694059799999999427e+01
-6.691406999999999528e+01
-6.688770300000000191e+01
-6.686148099999999772e+01
-6.683541099999999346e+01
-6.680949400000000082e+01
-6.678372199999999737e+01
-6.675810199999999384e+01
-6.673262800000000539e+01
-6.670729799999999443e+01
-6.668210600000000454e+01
-6.665706600000000037e+01
-6.663216400000000306e+01
-6.660740699999999492e+01
-6.658278699999999617e+01
-6.655830400000000679e+01
-6.653395799999999838e+01
-6.650975800000000504e+01
-6.648568000000000211e+01
-6.646174600000000510e+01
-6.643794300000000419e+01
-6.641426800000000696e+01
-6.639073199999999986e+01
-6.636732499999999391e+01
-6.634404000000000678e+01
-6.632089200000000062e+01
-6.629786699999999655e+01
-6.627496299999999962e+01
-6.625219699999999534e+01
-6.622954599999999914e+01
-6.620701599999999587e+01
-6.618461600000000544e+01
-6.616233099999999467e+01
-6.614017499999999927e+01
-6.611813399999999774e+01
-6.609620700000000681e+01
-6.607440200000000630e+01
-6.605271100000000217e+01
-6.603113600000000361e+01
-6.600968199999999797e+01
-6.598833500000000640e+01
-6.596710199999999702e+01
-6.594598399999999572e+01
-6.592497299999999427e+01
-6.590407600000000343e+01
-6.588328599999999824e+01
-6.586260199999999543e+01
-6.584203300000000070e+01
-6.582156399999999508e+01
-6.580120800000000258e+01
-6.578095199999999920e+01
-6.576080299999999568e+01
-6.574075299999999800e+01
-6.572081000000000017e+01
-6.570096599999999398e+01
-6.568122900000000186e+01
-6.566158299999999315e+01
-6.564204399999999850e+01
-6.562260399999999549e+01
-6.560325600000000179e+01
-6.558400699999999972e+01
-6.556485700000000350e+01
-6.554579900000000237e+01
-6.552684000000000708e+01
-6.550796499999999867e+01
-6.548919700000000432e+01
-6.547051199999999938e+01
-6.545192000000000121e+01
-6.543341800000000319e+01
-6.541500899999999774e+01
-6.539669000000000665e+01
-6.537846399999999392e+01
-6.536031300000000499e+01
-6.534226200000000517e+01
-6.532429500000000644e+01
-6.530641199999999458e+01
-6.528861200000000053e+01
-6.527089700000000505e+01
-6.525326499999999896e+01
-6.523571800000000565e+01
-6.521825400000000172e+01
-6.520087399999999889e+01
-6.518357100000000059e+01
-6.516635100000000591e+01
-6.514920800000000156e+01
-6.513214899999999830e+01
-6.511516600000000210e+01
-6.509825899999999876e+01
-6.508142899999999997e+01
-6.506468200000000479e+01
-6.504800400000000593e+01
-6.503140299999999741e+01
-6.501487699999999847e+01
-6.499842800000000409e+01
-6.498204800000000603e+01
-6.496574400000000082e+01
-6.494950900000000615e+01
-6.493335000000000434e+01
-6.491725900000000138e+01
-6.490123699999999474e+01
-6.488529200000000685e+01
-6.486940800000000706e+01
-6.485360000000000014e+01
-6.483785199999999804e+01
-6.482218199999999797e+01
-6.480657200000000273e+01
-6.479103100000000381e+01
-6.477555099999999300e+01
-6.476013899999999524e+01
-6.474479700000000548e+01
-6.472951500000000635e+01
-6.471429399999999532e+01
-6.469914199999999482e+01
-6.468405199999999411e+01
-6.466902199999999823e+01
-6.465405300000000466e+01
-6.463914499999999919e+01
-6.462429799999999602e+01
-6.460951199999999517e+01
-6.459478799999999410e+01
-6.458012399999999786e+01
-6.456551399999999319e+01
-6.455096399999999335e+01
-6.453646899999999675e+01
-6.452203400000000499e+01
-6.450765199999999311e+01
-6.449333199999999522e+01
-6.447906500000000563e+01
-6.446485099999999591e+01
-6.445069100000000617e+01
-6.443659200000000453e+01
-6.442253900000000044e+01
-6.440854600000000119e+01
-6.439459999999999695e+01
-6.438070700000000102e+01
-6.436686699999999917e+01
-6.435308100000000309e+01
-6.433934800000000109e+01
-6.432566099999999665e+01
-6.431201900000000649e+01
-6.429843900000000190e+01
-6.428489700000000084e+01
-6.427140799999999388e+01
-6.425797300000000689e+01
-6.424458300000000577e+01
-6.423123900000000219e+01
-6.421794099999999617e+01
-6.420468900000000190e+01
-6.419148300000000518e+01
-6.417832900000000507e+01
-6.416521500000000344e+01
-6.415214500000000442e+01
-6.413912200000000041e+01
-6.412614399999999648e+01
-6.411321300000000178e+01
-6.410031899999999894e+01
-6.408747099999999364e+01
-6.407466900000000010e+01
-6.406190499999999588e+01
-6.404917899999999520e+01
-6.403650700000000029e+01
-6.402386500000000069e+01
-6.401126899999999864e+01
-6.399871100000000013e+01
-6.398619099999999804e+01
-6.397371299999999650e+01
-6.396127700000000260e+01
-6.394887500000000102e+01
-6.393651599999999746e+01
-6.392419399999999996e+01
-6.391190699999999936e+01
-6.389966199999999930e+01
-6.388745099999999866e+01
-6.387527800000000155e+01
-6.386314000000000135e+01
-6.385103999999999758e+01
-6.383897400000000033e+01
-6.382694599999999951e+01
-6.381495300000000270e+01
-6.380299000000000120e+01
-6.379106500000000324e+01
-6.377917500000000217e+01
-6.376731500000000352e+01
-6.375549300000000130e+01
-6.374370199999999897e+01
-6.373194099999999906e+01
-6.372021500000000316e+01
-6.370851900000000256e+01
-6.369685700000000139e+01
-6.368522600000000011e+01
-6.367362599999999873e+01
-6.366205599999999976e+01
-6.365052000000000021e+01
-6.363901100000000355e+01
-6.362753299999999967e+01
-6.361608100000000121e+01
-6.360466399999999965e+01
-6.359326899999999938e+01
-6.358190900000000312e+01
-6.357057600000000264e+01
-6.355926900000000046e+01
-6.354798900000000117e+01
-6.353673899999999719e+01
-6.352551299999999657e+01
-6.351431699999999836e+01
-6.350314699999999846e+01
-6.349200100000000191e+01
-6.348088500000000067e+01
-6.346979100000000074e+01
-6.345872500000000116e+01
-6.344768100000000288e+01
-6.343666499999999786e+01
-6.342567100000000124e+01
-6.341470300000000293e+01
-6.340375499999999676e+01
-6.339283799999999758e+01
-6.338193900000000269e+01
-6.337106299999999948e+01
-6.336021000000000214e+01
-6.334937999999999647e+01
-6.333857299999999668e+01
-6.332778900000000277e+01
-6.331702800000000053e+01
-6.330628600000000006e+01
-6.329556300000000135e+01
-6.328486300000000142e+01
-6.327418500000000279e+01
-6.326352700000000340e+01
-6.325288799999999867e+01
-6.324226800000000281e+01
-6.323167000000000115e+01
-6.322109199999999873e+01
-6.321052900000000108e+01
-6.319998900000000219e+01
-6.318946499999999844e+01
-6.317895899999999898e+01
-6.316847200000000129e+01
-6.315800500000000284e+01
-6.314755199999999746e+01
-6.313711899999999844e+01
-6.312670099999999707e+01
-6.311630199999999746e+01
-6.310591900000000010e+01
-6.309555100000000039e+01
-6.308519700000000086e+01
-6.307486300000000057e+01
-6.306454099999999841e+01
-6.305423700000000053e+01
-6.304394899999999780e+01
-6.303367200000000281e+01
-6.302341100000000296e+01
-6.301316500000000076e+01
-6.300293400000000332e+01
-6.299271399999999943e+01
-6.298250999999999777e+01
-6.297232100000000088e+01
-6.296213900000000052e+01
-6.295197699999999941e+01
-6.294182200000000194e+01
-6.293168299999999959e+01
-6.292155499999999790e+01
-6.291143799999999686e+01
-6.290133300000000105e+01
-6.289123899999999878e+01
-6.288115700000000174e+01
-6.287108200000000124e+01
-6.286102300000000298e+01
-6.285097100000000125e+01
-6.284093099999999765e+01
-6.283090200000000181e+01
-6.282088099999999997e+01
-6.281087099999999879e+01
-6.280086899999999872e+01
-6.279087400000000230e+01
-6.278089099999999689e+01
-6.277091599999999971e+01
-6.276094799999999907e+01
-6.275099199999999655e+01
-6.274103900000000067e+01
-6.273109399999999880e+01
-6.272115699999999805e+01
-6.271123099999999795e+01
-6.270130900000000196e+01
-6.269139100000000298e+01
-6.268148399999999754e+01
-6.267158100000000331e+01
-6.266168199999999899e+01
-6.265179100000000290e+01
-6.264190700000000334e+01
-6.263202700000000078e+01
-6.262214999999999776e+01
-6.261227800000000343e+01
-6.260241299999999853e+01
-6.259254800000000074e+01
-6.258269099999999696e+01
-6.257283799999999729e+01
-6.256298799999999716e+01
-6.255313900000000160e+01
-6.254329700000000258e+01
-6.253345499999999646e+01
-6.252361700000000155e+01
-6.251377899999999954e+01
-6.250394399999999706e+01
-6.249411400000000327e+01
-6.248428299999999780e+01
-6.247445299999999690e+01
-6.246462600000000265e+01
-6.245479600000000175e+01
-6.244497299999999740e+01
-6.243514600000000314e+01
-6.242531999999999925e+01
-6.241549299999999789e+01
-6.240566599999999653e+01
-6.239583999999999975e+01
-6.238601299999999839e+01
-6.237618299999999749e+01
-6.236635600000000323e+01
-6.235652199999999823e+01
-6.234669099999999986e+01
-6.233685299999999785e+01
-6.232701500000000294e+01
-6.231717700000000093e+01
-6.230733500000000191e+01
-6.229748899999999878e+01
-6.228764000000000323e+01
-6.227778599999999898e+01
-6.226792900000000230e+01
-6.225806800000000152e+01
-6.224820299999999662e+01
-6.223833100000000229e+01
-6.222845800000000338e+01
-6.221857800000000083e+01
-6.220869100000000174e+01
-6.219879900000000106e+01
-6.218890400000000085e+01
-6.217900099999999952e+01
-6.216908999999999708e+01
-6.215917199999999809e+01
-6.214925000000000210e+01
-6.213931699999999836e+01
-6.212937900000000013e+01
-6.211943099999999873e+01
-6.210947800000000285e+01
-6.209951399999999921e+01
-6.208954200000000156e+01
-6.207955900000000327e+01
-6.206956900000000132e+01
-6.205957000000000079e+01
-6.204955700000000007e+01
-6.203953899999999777e+01
-6.202950700000000239e+01
-6.201946600000000132e+01
-6.200941100000000006e+01
-6.199934799999999768e+01
-6.198926900000000018e+01
-6.197918299999999903e+01
-6.196908200000000022e+01
-6.195896900000000329e+01
-6.194884100000000160e+01
-6.193870199999999926e+01
-6.192854700000000179e+01
-6.191838099999999656e+01
-6.190819499999999920e+01
-6.189799899999999866e+01
-6.188778700000000299e+01
-6.187756000000000256e+01
-6.186731699999999989e+01
-6.185705899999999957e+01
-6.184678300000000206e+01
-6.183649100000000232e+01
-6.182618300000000033e+01
-6.181585700000000116e+01
-6.180551100000000275e+01
-6.179514700000000005e+01
-6.178476700000000221e+01
-6.177436800000000261e+01
-6.176394700000000171e+01
-6.175350999999999857e+01
-6.174304999999999666e+01
-6.173256700000000308e+01
-6.172206899999999763e+01
-6.171154400000000351e+01
-6.170100000000000051e+01
-6.169043700000000285e+01
-6.167984799999999979e+01
-6.166923500000000047e+01
-6.165859999999999985e+01
-6.164794200000000046e+01
-6.163725999999999772e+01
-6.162655300000000125e+01
-6.161582200000000142e+01
-6.160506399999999871e+01
-6.159427999999999770e+01
-6.158346900000000090e+01
-6.157263199999999870e+01
-6.156176800000000071e+01
-6.155087300000000283e+01
-6.153995100000000207e+01
-6.152900300000000300e+01
-6.151802399999999693e+01
-6.150701500000000266e+01
-6.149597500000000139e+01
-6.148490499999999770e+01
-6.147380400000000122e+01
-6.146266899999999822e+01
-6.145150399999999991e+01
-6.144030399999999759e+01
-6.142907300000000248e+01
-6.141780500000000131e+01
-6.140650200000000325e+01
-6.139516400000000118e+01
-6.138379299999999716e+01
-6.137238299999999924e+01
-6.136093900000000190e+01
-6.134945299999999690e+01
-6.133793299999999959e+01
-6.132636999999999716e+01
-6.131477000000000288e+01
-6.130312700000000348e+01
-6.129144699999999801e+01
-6.127972400000000164e+01
-6.126795599999999808e+01
-6.125614900000000063e+01
-6.124429700000000310e+01
-6.123239900000000091e+01
-6.122045500000000118e+01
-6.120846900000000090e+01
-6.119643400000000355e+01
-6.118435300000000154e+01
-6.117222199999999788e+01
-6.116004199999999713e+01
-6.114781200000000183e+01
-6.113553199999999777e+01
-6.112320299999999662e+01
-6.111081699999999728e+01
-6.109838100000000338e+01
-6.108589200000000119e+01
-6.107334500000000332e+01
-6.106074499999999716e+01
-6.104808799999999991e+01
-6.103537000000000035e+01
-6.102259399999999800e+01
-6.100976200000000205e+01
-6.099686400000000219e+01
-6.098391000000000162e+01
-6.097088999999999714e+01
-6.095780599999999794e+01
-6.094465600000000194e+01
-6.093144199999999699e+01
-6.091815900000000283e+01
-6.090480800000000272e+01
-6.089138799999999918e+01
-6.087789899999999932e+01
-6.086433799999999650e+01
-6.085070000000000334e+01
-6.083699000000000012e+01
-6.082320399999999694e+01
-6.080934100000000342e+01
-6.079539900000000330e+01
-6.078137600000000162e+01
-6.076727300000000298e+01
-6.075309000000000026e+01
-6.073881899999999945e+01
-6.072446399999999755e+01
-6.071001799999999804e+01
-6.069548799999999744e+01
-6.068086600000000175e+01
-6.066614899999999722e+01
-6.065133999999999759e+01
-6.063643600000000333e+01
-6.062143700000000024e+01
-6.060633500000000140e+01
-6.059113299999999924e+01
-6.057582899999999881e+01
-6.056041700000000105e+01
-6.054489900000000091e+01
-6.052927400000000091e+01
-6.051353499999999741e+01
-6.049768399999999957e+01
-6.048172000000000281e+01
-6.046563299999999685e+01
-6.044942900000000208e+01
-6.043310199999999810e+01
-6.041665299999999661e+01
-6.040006999999999948e+01
-6.038336199999999820e+01
-6.036652000000000129e+01
-6.034954100000000210e+01
-6.033242400000000316e+01
-6.031516599999999784e+01
-6.029776400000000081e+01
-6.028021600000000291e+01
-6.026251599999999797e+01
-6.024466300000000274e+01
-6.022664999999999935e+01
-6.020848099999999903e+01
-6.019014700000000317e+01
-6.017164600000000263e+01
-6.015297300000000291e+01
-6.013412499999999739e+01
-6.011509699999999867e+01
-6.009588600000000014e+01
-6.007648799999999767e+01
-6.005689600000000183e+01
-6.003710900000000095e+01
-6.001712400000000258e+01
-5.999693299999999851e+01
-5.997652800000000184e+01
-5.995591000000000292e+01
-5.993507000000000318e+01
-5.991400500000000306e+01
-5.989270400000000194e+01
-5.987116999999999933e+01
-5.984938799999999759e+01
-5.982735799999999671e+01
-5.980507300000000015e+01
-5.978252400000000222e+01
-5.975970099999999974e+01
-5.973660300000000234e+01
-5.971322299999999927e+01
-5.968954500000000252e+01
-5.966556899999999786e+01
-5.964128500000000344e+01
-5.961668000000000234e+01
-5.959175100000000214e+01
-5.956648599999999760e+01
-5.954087400000000230e+01
-5.951490400000000136e+01
-5.948857100000000031e+01
-5.946185700000000196e+01
-5.943475699999999762e+01
-5.940725299999999720e+01
-5.937933699999999959e+01
-5.935099400000000003e+01
-5.932221200000000039e+01
-5.929297300000000348e+01
-5.926326799999999650e+01
-5.923307400000000200e+01
-5.920238100000000259e+01
-5.917116899999999902e+01
-5.913942000000000121e+01
-5.910711700000000235e+01
-5.907424199999999814e+01
-5.904076799999999992e+01
-5.900667599999999879e+01
-5.897194700000000012e+01
-5.893655400000000100e+01
-5.890046699999999902e+01
-5.886366999999999905e+01
-5.882612199999999802e+01
-5.878780400000000128e+01
-5.874868000000000023e+01
-5.870871700000000004e+01
-5.866787699999999717e+01
-5.862612899999999883e+01
-5.858342700000000036e+01
-5.853973400000000282e+01
-5.849499899999999997e+01
-5.844918100000000294e+01
-5.840222500000000139e+01
-5.835408000000000328e+01
-5.830468400000000173e+01
-5.825397499999999695e+01
-5.820189299999999832e+01
-5.814836100000000130e+01
-5.809330400000000338e+01
-5.803664400000000256e+01
-5.797828700000000168e+01
-5.791813700000000154e+01
-5.785609800000000291e+01
-5.779205300000000278e+01
-5.772588300000000316e+01
-5.765745499999999879e+01
-5.758662799999999748e+01
-5.751324499999999773e+01
-5.743713799999999736e+01
-5.735811600000000254e+01
-5.727597399999999794e+01
-5.719049100000000152e+01
-5.710141399999999834e+01
-5.700846899999999806e+01
-5.691134600000000177e+01
-5.680970800000000054e+01
-5.670316700000000054e+01
-5.659129699999999730e+01
-5.647361800000000187e+01
-5.634958300000000264e+01
-5.621857099999999718e+01
-5.607988000000000284e+01
-5.593269300000000044e+01
-5.577608500000000191e+01
-5.560896699999999981e+01
-5.543007999999999669e+01
-5.523794600000000088e+01
-5.503080400000000338e+01
-5.480657200000000273e+01
-5.456273300000000148e+01
-5.429623800000000244e+01
-5.400333400000000239e+01
-5.367937500000000028e+01
-5.331850800000000135e+01
-5.291325799999999902e+01
-5.245391500000000207e+01
-5.192764999999999986e+01
-5.131711599999999862e+01
-5.059827800000000053e+01
-4.973688099999999679e+01
-4.868246100000000354e+01
-4.735772300000000001e+01
-4.563882799999999662e+01
-4.331679499999999905e+01
-4.001839799999999769e+01
-3.503737999999999886e+01
-2.685470000000000113e+01
-1.220392000000000010e+01
