8.750000000000000000e+02
0.000000000000000000e+00
1.748000000000000043e+01
-3.022213599999999974e-18
2.048511699999999891e+01
3.622957199999999744e+01
4.406598300000000279e+01
4.643763400000000274e+01
4.618829300000000160e+01
4.467166100000000029e+01
4.235142499999999899e+01
3.937837199999999882e+01
3.582777000000000100e+01
3.177384199999999836e+01
2.730637899999999973e+01
2.252822099999999850e+01
1.754716700000000174e+01
1.246747900000000087e+01
7.382995600000000103e+00
2.372352100000000075e+00
-2.504057200000000094e+00
-7.206012699999999604e+00
-1.171545500000000040e+01
-1.604462099999999936e+01
-2.028188700000000111e+01
-2.473517199999999860e+01
-2.969362999999999886e+01
-3.463550200000000245e+01
-3.943414700000000295e+01
-4.444720800000000338e+01
-4.997645200000000187e+01
-5.611579900000000265e+01
-6.266965100000000177e+01
-6.917385899999999310e+01
-7.510417200000000548e+01
-8.011341899999999328e+01
-8.410687299999999311e+01
-8.717272900000000391e+01
-8.947821000000000424e+01
-9.119712099999999566e+01
-9.247725699999999449e+01
-9.343289900000000614e+01
-9.414846000000000004e+01
-9.468500500000000386e+01
-9.508651700000000062e+01
-9.538474300000000028e+01
-9.560282899999999984e+01
-9.575779699999999650e+01
-9.586233500000000163e+01
-9.592602499999999566e+01
-9.595617699999999672e+01
-9.595844999999999914e+01
-9.593727900000000375e+01
-9.589617200000000707e+01
-9.583796700000000612e+01
-9.576495400000000302e+01
-9.567901600000000428e+01
-9.558174099999999385e+01
-9.547444199999999626e+01
-9.535824599999999407e+01
-9.523412299999999675e+01
-9.510292099999999493e+01
-9.496536299999999642e+01
-9.482211300000000165e+01
-9.467373700000000269e+01
-9.452076700000000642e+01
-9.436365499999999429e+01
-9.420283499999999322e+01
-9.403868900000000508e+01
-9.387157399999999541e+01
-9.370179699999999912e+01
-9.352966299999999933e+01
-9.335543800000000658e+01
-9.317938200000000393e+01
-9.300172399999999584e+01
-9.282267000000000223e+01
-9.264242600000000039e+01
-9.246116600000000574e+01
-9.227906000000000120e+01
-9.209627500000000566e+01
-9.191294899999999757e+01
-9.172921800000000303e+01
-9.154520399999999825e+01
-9.136102300000000298e+01
-9.117678800000000194e+01
-9.099258399999999369e+01
-9.080850999999999829e+01
-9.062464900000000512e+01
-9.044107099999999377e+01
-9.025785799999999881e+01
-9.007507300000000328e+01
-8.989277599999999779e+01
-8.971101400000000581e+01
-8.952984600000000626e+01
-8.934931899999999416e+01
-8.916947199999999896e+01
-8.899034899999999482e+01
-8.881197400000000641e+01
-8.863439200000000540e+01
-8.845763399999999876e+01
-8.828170799999999474e+01
-8.810665899999999340e+01
-8.793250299999999697e+01
-8.775925399999999854e+01
-8.758692899999999781e+01
-8.741554999999999609e+01
-8.724513199999999813e+01
-8.707568399999999542e+01
-8.690721100000000376e+01
-8.673973800000000267e+01
-8.657325699999999813e+01
-8.640778400000000659e+01
-8.624332400000000121e+01
-8.607988000000000284e+01
-8.591745799999999633e+01
-8.575606500000000665e+01
-8.559569500000000630e+01
-8.543635600000000352e+01
-8.527803799999999512e+01
-8.512075799999999504e+01
-8.496450799999999504e+01
-8.480928799999999512e+01
-8.465509799999999530e+01
-8.450193000000000154e+01
-8.434978499999999713e+01
-8.419866199999999878e+01
-8.404856100000000652e+01
-8.389948300000000359e+01
-8.375141100000000449e+01
-8.360434700000000419e+01
-8.345829000000000519e+01
-8.331323199999999929e+01
-8.316917399999999816e+01
-8.302610799999999358e+01
-8.288403300000000229e+01
-8.274293500000000279e+01
-8.260282100000000582e+01
-8.246367600000000664e+01
-8.232550000000000523e+01
-8.218829300000000160e+01
-8.205203199999999697e+01
-8.191673299999999358e+01
-8.178237199999999518e+01
-8.164895599999999831e+01
-8.151647900000000391e+01
-8.138492599999999300e+01
-8.125429499999999905e+01
-8.112458800000000281e+01
-8.099578900000000203e+01
-8.086789699999999925e+01
-8.074090599999999540e+01
-8.061481499999999301e+01
-8.048960900000000152e+01
-8.036527999999999849e+01
-8.024183700000000385e+01
-8.011926300000000367e+01
-7.999755100000000141e+01
-7.987670099999999707e+01
-7.975670599999999411e+01
-7.963755799999999851e+01
-7.951924900000000207e+01
-7.940177900000000477e+01
-7.928514099999999587e+01
-7.916932699999999556e+01
-7.905432899999999563e+01
-7.894014699999999607e+01
-7.882677499999999782e+01
-7.871420299999999770e+01
-7.860242499999999666e+01
-7.849143999999999721e+01
-7.838124100000000283e+01
-7.827182000000000528e+01
-7.816316999999999382e+01
-7.805529799999999341e+01
-7.794818100000000527e+01
-7.784181999999999846e+01
-7.773621400000000392e+01
-7.763135499999999922e+01
-7.752723699999999951e+01
-7.742385099999999909e+01
-7.732120500000000618e+01
-7.721927599999999359e+01
-7.711807299999999543e+01
-7.701757800000000032e+01
-7.691780099999999720e+01
-7.681871800000000405e+01
-7.672034499999999468e+01
-7.662265800000000127e+01
-7.652566500000000360e+01
-7.642935900000000515e+01
-7.633372500000000116e+01
-7.623877000000000237e+01
-7.614448500000000308e+01
-7.605086500000000171e+01
-7.595790900000000079e+01
-7.586560099999999807e+01
-7.577394099999999355e+01
-7.568292999999999893e+01
-7.559256000000000597e+01
-7.550283100000000047e+01
-7.541372699999999440e+01
-7.532525599999999599e+01
-7.523740399999999795e+01
-7.515016199999999458e+01
-7.506354500000000485e+01
-7.497753099999999904e+01
-7.489212000000000558e+01
-7.480731199999999603e+01
-7.472309900000000482e+01
-7.463947299999999530e+01
-7.455644200000000410e+01
-7.447398400000000152e+01
-7.439211299999999483e+01
-7.431081399999999348e+01
-7.423008000000000095e+01
-7.414991000000000554e+01
-7.407031200000000126e+01
-7.399126400000000103e+01
-7.391276600000000485e+01
-7.383482399999999757e+01
-7.375742300000000284e+01
-7.368056500000000142e+01
-7.360424000000000433e+01
-7.352845000000000653e+01
-7.345319399999999632e+01
-7.337846399999999392e+01
-7.330424499999999455e+01
-7.323055300000000045e+01
-7.315737199999999518e+01
-7.308470199999999295e+01
-7.301253499999999974e+01
-7.294087199999999882e+01
-7.286971300000000440e+01
-7.279904200000000003e+01
-7.272886699999999394e+01
-7.265917199999999809e+01
-7.258997300000000052e+01
-7.252124799999999993e+01
-7.245300299999999538e+01
-7.238522299999999632e+01
-7.231792400000000498e+01
-7.225109100000000240e+01
-7.218471499999999708e+01
-7.211880499999999472e+01
-7.205334499999999309e+01
-7.198834200000000294e+01
-7.192378999999999678e+01
-7.185967999999999734e+01
-7.179601300000000208e+01
-7.173278799999999933e+01
-7.166999800000000675e+01
-7.160764299999999594e+01
-7.154571500000000128e+01
-7.148422200000000259e+01
-7.142314100000000110e+01
-7.136248799999999903e+01
-7.130225400000000491e+01
-7.124243199999999376e+01
-7.118302199999999402e+01
-7.112401599999999746e+01
-7.106541400000000408e+01
-7.100721699999999714e+01
-7.094942500000000507e+01
-7.089202099999999973e+01
-7.083501400000000103e+01
-7.077839699999999823e+01
-7.072216799999999637e+01
-7.066632099999999639e+01
-7.061085500000000081e+01
-7.055577099999999291e+01
-7.050105999999999540e+01
-7.044672400000000323e+01
-7.039275399999999649e+01
-7.033915700000000015e+01
-7.028591900000000692e+01
-7.023304699999999912e+01
-7.018053399999999442e+01
-7.012838000000000704e+01
-7.007657600000000286e+01
-7.002512400000000525e+01
-6.997402200000000505e+01
-6.992326400000000319e+01
-6.987284900000000221e+01
-6.982277700000000209e+01
-6.977304100000000631e+01
-6.972364000000000317e+01
-6.967456799999999362e+01
-6.962583200000000261e+01
-6.957742299999999602e+01
-6.952934299999999723e+01
-6.948158300000000054e+01
-6.943414300000000594e+01
-6.938702399999999670e+01
-6.934021799999999303e+01
-6.929372399999999743e+01
-6.924754299999999319e+01
-6.920167499999999450e+01
-6.915610499999999661e+01
-6.911083999999999605e+01
-6.906588000000000704e+01
-6.902121699999999294e+01
-6.897685199999999384e+01
-6.893278499999999553e+01
-6.888900800000000402e+01
-6.884551999999999339e+01
-6.880232200000000375e+01
-6.875940699999999595e+01
-6.871677400000000091e+01
-6.867442300000000444e+01
-6.863235500000000400e+01
-6.859056099999999390e+01
-6.854904200000000003e+01
-6.850779699999999650e+01
-6.846681999999999846e+01
-6.842611700000000496e+01
-6.838567399999999452e+01
-6.834549699999999461e+01
-6.830558800000000019e+01
-6.826592999999999734e+01
-6.822653999999999996e+01
-6.818740099999999416e+01
-6.814851400000000581e+01
-6.810987900000000650e+01
-6.807150300000000698e+01
-6.803336299999999426e+01
-6.799547599999999647e+01
-6.795783199999999624e+01
-6.792043300000000272e+01
-6.788327800000000423e+01
-6.784635199999999600e+01
-6.780966899999999953e+01
-6.777321600000000501e+01
-6.773699999999999477e+01
-6.770101900000000228e+01
-6.766526000000000352e+01
-6.762972999999999502e+01
-6.759442900000000520e+01
-6.755934899999999743e+01
-6.752449000000000012e+01
-6.748986100000000476e+01
-6.745543700000000342e+01
-6.742124200000000656e+01
-6.738725300000000118e+01
-6.735348500000000627e+01
-6.731992300000000284e+01
-6.728657499999999914e+01
-6.725343300000000113e+01
-6.722049699999999461e+01
-6.718776699999999380e+01
-6.715524299999999869e+01
-6.712291700000000105e+01
-6.709078999999999837e+01
-6.705886800000000392e+01
-6.702713799999999367e+01
-6.699560499999999763e+01
-6.696426400000000001e+01
-6.693311300000000585e+01
-6.690216100000000665e+01
-6.687139100000000269e+01
-6.684081299999999715e+01
-6.681041700000000105e+01
-6.678020499999999515e+01
-6.675018300000000693e+01
-6.672033700000000067e+01
-6.669067400000000134e+01
-6.666118600000000072e+01
-6.663187399999999627e+01
-6.660273700000000474e+01
-6.657378400000000340e+01
-6.654499099999999601e+01
-6.651637999999999806e+01
-6.648793000000000575e+01
-6.645965599999999540e+01
-6.643154099999999573e+01
-6.640360300000000393e+01
-6.637582399999999438e+01
-6.634820600000000468e+01
-6.632074699999999723e+01
-6.629345700000000363e+01
-6.626631899999999575e+01
-6.623934199999999350e+01
-6.621251700000000540e+01
-6.618585199999999702e+01
-6.615934000000000026e+01
-6.613298000000000343e+01
-6.610676599999999326e+01
-6.608071099999999376e+01
-6.605480199999999513e+01
-6.602903700000000242e+01
-6.600341799999999637e+01
-6.597794299999999623e+01
-6.595262099999999350e+01
-6.592743699999999762e+01
-6.590238999999999692e+01
-6.587748700000000213e+01
-6.585272199999999998e+01
-6.582809399999999300e+01
-6.580360400000000709e+01
-6.577924299999999391e+01
-6.575502799999999581e+01
-6.573093400000000486e+01
-6.570697800000000655e+01
-6.568315900000000340e+01
-6.565946200000000488e+01
-6.563589500000000498e+01
-6.561245700000000625e+01
-6.558914199999999539e+01
-6.556595599999999990e+01
-6.554289199999999482e+01
-6.551995800000000258e+01
-6.549713900000000422e+01
-6.547444199999999626e+01
-6.545186599999999544e+01
-6.542941299999999671e+01
-6.540707399999999438e+01
-6.538485000000000014e+01
-6.536274699999999882e+01
-6.534075199999999484e+01
-6.531887799999999800e+01
-6.529711199999999849e+01
-6.527545899999999790e+01
-6.525392200000000287e+01
-6.523249099999999601e+01
-6.521116600000000574e+01
-6.518995700000000681e+01
-6.516884600000000205e+01
-6.514785000000000537e+01
-6.512695300000000032e+01
-6.510616299999999512e+01
-6.508548000000000400e+01
-6.506489600000000451e+01
-6.504441099999999665e+01
-6.502403300000000286e+01
-6.500375400000000070e+01
-6.498356599999999617e+01
-6.496348600000000317e+01
-6.494349699999999359e+01
-6.492360700000000406e+01
-6.490380899999999542e+01
-6.488410899999999515e+01
-6.486450200000000166e+01
-6.484498600000000579e+01
-6.482556900000000155e+01
-6.480623599999999840e+01
-6.478699500000000455e+01
-6.476784499999999412e+01
-6.474878699999999299e+01
-6.472981299999999294e+01
-6.471093000000000472e+01
-6.469213100000000338e+01
-6.467341600000000312e+01
-6.465478500000000395e+01
-6.463623800000000585e+01
-6.461778300000000286e+01
-6.459940299999999525e+01
-6.458110000000000639e+01
-6.456288899999999842e+01
-6.454475399999999752e+01
-6.452669500000000369e+01
-6.450871999999999673e+01
-6.449082199999999432e+01
-6.447299999999999898e+01
-6.445525399999999649e+01
-6.443758400000000108e+01
-6.441999099999999601e+01
-6.440247300000000052e+01
-6.438502499999999884e+01
-6.436765300000000423e+01
-6.435035700000000247e+01
-6.433312999999999704e+01
-6.431597100000000466e+01
-6.429888900000000262e+01
-6.428186800000000289e+01
-6.426492299999999602e+01
-6.424804699999999968e+01
-6.423123200000000566e+01
-6.421449300000000449e+01
-6.419781500000000563e+01
-6.418119799999999486e+01
-6.416465800000000286e+01
-6.414816999999999325e+01
-6.413175200000000586e+01
-6.411540200000000311e+01
-6.409910600000000613e+01
-6.408287799999999379e+01
-6.406671099999999797e+01
-6.405060600000000193e+01
-6.403455399999999997e+01
-6.401856999999999687e+01
-6.400263999999999953e+01
-6.398677099999999740e+01
-6.397095900000000057e+01
-6.395520400000000194e+01
-6.393950699999999898e+01
-6.392386199999999974e+01
-6.390827900000000028e+01
-6.389274600000000248e+01
-6.387727000000000288e+01
-6.386184699999999737e+01
-6.384647799999999762e+01
-6.383116100000000159e+01
-6.381589499999999759e+01
-6.380068200000000189e+01
-6.378552200000000028e+01
-6.377040900000000079e+01
-6.375534799999999791e+01
-6.374033699999999669e+01
-6.372537599999999713e+01
-6.371046100000000223e+01
-6.369559499999999730e+01
-6.368077499999999702e+01
-6.366600400000000093e+01
-6.365127900000000238e+01
-6.363659700000000186e+01
-6.362196399999999841e+01
-6.360737600000000214e+01
-6.359283099999999678e+01
-6.357832700000000159e+01
-6.356386899999999684e+01
-6.354945399999999722e+01
-6.353508399999999767e+01
-6.352075200000000166e+01
-6.350646199999999908e+01
-6.349221399999999704e+01
-6.347800399999999854e+01
-6.346383699999999806e+01
-6.344971100000000064e+01
-6.343561900000000264e+01
-6.342157000000000266e+01
-6.340755500000000211e+01
-6.339358099999999752e+01
-6.337964199999999693e+01
-6.336574199999999735e+01
-6.335187499999999972e+01
-6.333804700000000310e+01
-6.332425299999999879e+01
-6.331049300000000102e+01
-6.329676800000000014e+01
-6.328307699999999869e+01
-6.326942100000000124e+01
-6.325579499999999911e+01
-6.324220300000000350e+01
-6.322864500000000021e+01
-6.321511499999999728e+01
-6.320161800000000341e+01
-6.318815599999999932e+01
-6.317472099999999813e+01
-6.316131599999999935e+01
-6.314793800000000346e+01
-6.313459399999999988e+01
-6.312127300000000218e+01
-6.310798599999999681e+01
-6.309472300000000189e+01
-6.308149000000000228e+01
-6.306828300000000098e+01
-6.305510300000000257e+01
-6.304194999999999993e+01
-6.302882000000000318e+01
-6.301571700000000220e+01
-6.300263999999999953e+01
-6.298958600000000274e+01
-6.297655900000000173e+01
-6.296355100000000249e+01
-6.295056900000000155e+01
-6.293761099999999686e+01
-6.292467500000000058e+01
-6.291175799999999896e+01
-6.289886500000000069e+01
-6.288599399999999662e+01
-6.287314200000000142e+01
-6.286031299999999788e+01
-6.284750400000000070e+01
-6.283471300000000070e+01
-6.282194100000000248e+01
-6.280918900000000349e+01
-6.279645500000000169e+01
-6.278374099999999913e+01
-6.277104200000000134e+01
-6.275836199999999820e+01
-6.274569699999999983e+01
-6.273305100000000323e+01
-6.272042100000000175e+01
-6.270780200000000093e+01
-6.269520200000000187e+01
-6.268261700000000047e+01
-6.267004800000000131e+01
-6.265749000000000279e+01
-6.264494700000000194e+01
-6.263242000000000331e+01
-6.261990000000000123e+01
-6.260739900000000091e+01
-6.259490600000000171e+01
-6.258242400000000316e+01
-6.256995799999999974e+01
-6.255749899999999997e+01
-6.254505199999999832e+01
-6.253261599999999731e+01
-6.252018699999999995e+01
-6.250777099999999820e+01
-6.249536100000000260e+01
-6.248295999999999850e+01
-6.247057000000000215e+01
-6.245818299999999823e+01
-6.244580799999999954e+01
-6.243343699999999785e+01
-6.242107399999999728e+01
-6.240871800000000036e+01
-6.239636600000000044e+01
-6.238401799999999753e+01
-6.237167699999999826e+01
-6.235934100000000058e+01
-6.234701199999999943e+01
-6.233468200000000081e+01
-6.232235699999999667e+01
-6.231003599999999665e+01
-6.229771399999999915e+01
-6.228539700000000323e+01
-6.227307900000000274e+01
-6.226076499999999925e+01
-6.224845100000000286e+01
-6.223613699999999938e+01
-6.222382700000000000e+01
-6.221151400000000109e+01
-6.219919600000000059e+01
-6.218688199999999711e+01
-6.217456399999999661e+01
-6.216224299999999658e+01
-6.214992099999999908e+01
-6.213759600000000205e+01
-6.212526700000000091e+01
-6.211293799999999976e+01
-6.210059700000000049e+01
-6.208825699999999870e+01
-6.207591200000000242e+01
-6.206355700000000297e+01
-6.205120099999999894e+01
-6.203883400000000137e+01
-6.202646299999999968e+01
-6.201408399999999688e+01
-6.200169400000000053e+01
-6.198930000000000007e+01
-6.197689400000000148e+01
-6.196448099999999926e+01
-6.195205700000000348e+01
-6.193962100000000248e+01
-6.192717700000000036e+01
-6.191471899999999806e+01
-6.190224800000000016e+01
-6.188977100000000320e+01
-6.187727699999999942e+01
-6.186476900000000256e+01
-6.185224900000000048e+01
-6.183970999999999663e+01
-6.182716400000000334e+01
-6.181459799999999660e+01
-6.180201300000000231e+01
-6.178941700000000026e+01
-6.177680200000000355e+01
-6.176416799999999796e+01
-6.175151799999999724e+01
-6.173884999999999934e+01
-6.172615799999999808e+01
-6.171345099999999917e+01
-6.170072199999999896e+01
-6.168797299999999950e+01
-6.167520100000000127e+01
-6.166240700000000174e+01
-6.164959000000000344e+01
-6.163674900000000179e+01
-6.162388599999999883e+01
-6.161099600000000009e+01
-6.159808300000000258e+01
-6.158514399999999966e+01
-6.157217800000000096e+01
-6.155918499999999938e+01
-6.154616200000000248e+01
-6.153311200000000269e+01
-6.152003500000000003e+01
-6.150692399999999793e+01
-6.149378600000000006e+01
-6.148061400000000276e+01
-6.146741099999999847e+01
-6.145417400000000185e+01
-6.144090700000000282e+01
-6.142760100000000278e+01
-6.141426100000000332e+01
-6.140088699999999733e+01
-6.138747800000000154e+01
-6.137402699999999811e+01
-6.136054200000000236e+01
-6.134701499999999896e+01
-6.133344999999999914e+01
-6.131984299999999877e+01
-6.130619800000000197e+01
-6.129250700000000052e+01
-6.127877399999999852e+01
-6.126499599999999646e+01
-6.125117500000000348e+01
-6.123730499999999921e+01
-6.122338899999999740e+01
-6.120942699999999803e+01
-6.119541499999999701e+01
-6.118135099999999937e+01
-6.116723999999999961e+01
-6.115307599999999866e+01
-6.113885499999999951e+01
-6.112458399999999870e+01
-6.111025599999999969e+01
-6.109587499999999949e+01
-6.108143199999999950e+01
-6.106693299999999880e+01
-6.105237600000000242e+01
-6.103775399999999962e+01
-6.102307499999999862e+01
-6.100832700000000131e+01
-6.099351899999999915e+01
-6.097864500000000021e+01
-6.096370300000000242e+01
-6.094869200000000120e+01
-6.093360899999999702e+01
-6.091845699999999653e+01
-6.090323300000000017e+01
-6.088793600000000339e+01
-6.087256200000000206e+01
-6.085710900000000123e+01
-6.084157900000000296e+01
-6.082596999999999809e+01
-6.081027600000000177e+01
-6.079450200000000137e+01
-6.077864100000000036e+01
-6.076269500000000079e+01
-6.074665799999999649e+01
-6.073053000000000168e+01
-6.071431400000000167e+01
-6.069799799999999834e+01
-6.068159099999999739e+01
-6.066508499999999771e+01
-6.064847600000000227e+01
-6.063176700000000352e+01
-6.061495599999999939e+01
-6.059803399999999840e+01
-6.058100499999999755e+01
-6.056386899999999684e+01
-6.054661600000000021e+01
-6.052924699999999802e+01
-6.051176099999999991e+01
-6.049415599999999671e+01
-6.047642499999999899e+01
-6.045856899999999712e+01
-6.044058199999999914e+01
-6.042246600000000001e+01
-6.040421700000000271e+01
-6.038582999999999856e+01
-6.036730200000000224e+01
-6.034863299999999953e+01
-6.032981500000000352e+01
-6.031084400000000301e+01
-6.029172499999999957e+01
-6.027244600000000219e+01
-6.025301000000000329e+01
-6.023340600000000222e+01
-6.021363800000000310e+01
-6.019369499999999817e+01
-6.017357599999999707e+01
-6.015327800000000025e+01
-6.013279699999999650e+01
-6.011212499999999892e+01
-6.009126299999999787e+01
-6.007019799999999776e+01
-6.004893500000000017e+01
-6.002745800000000287e+01
-6.000577200000000033e+01
-5.998386800000000108e+01
-5.996173900000000145e+01
-5.993937700000000035e+01
-5.991678199999999777e+01
-5.989394399999999763e+01
-5.987085700000000088e+01
-5.984751899999999836e+01
-5.982391400000000203e+01
-5.980004100000000022e+01
-5.977589400000000097e+01
-5.975146099999999905e+01
-5.972673799999999744e+01
-5.970171400000000261e+01
-5.967638000000000176e+01
-5.965073000000000292e+01
-5.962475200000000086e+01
-5.959844199999999859e+01
-5.957178100000000143e+01
-5.954476499999999817e+01
-5.951738399999999984e+01
-5.948962000000000216e+01
-5.946146800000000354e+01
-5.943291500000000127e+01
-5.940394599999999770e+01
-5.937454600000000227e+01
-5.934470400000000012e+01
-5.931440700000000277e+01
-5.928363399999999928e+01
-5.925237700000000274e+01
-5.922061200000000269e+01
-5.918832400000000149e+01
-5.915549899999999894e+01
-5.912210799999999722e+01
-5.908814199999999772e+01
-5.905357399999999757e+01
-5.901837900000000303e+01
-5.898254000000000019e+01
-5.894602600000000336e+01
-5.890881699999999910e+01
-5.887087999999999965e+01
-5.883218800000000215e+01
-5.879271299999999911e+01
-5.875241900000000328e+01
-5.871127700000000260e+01
-5.866924300000000159e+01
-5.862628200000000334e+01
-5.858235499999999973e+01
-5.853741500000000286e+01
-5.849142100000000255e+01
-5.844431699999999807e+01
-5.839605699999999899e+01
-5.834658100000000047e+01
-5.829583000000000226e+01
-5.824374000000000251e+01
-5.819024300000000238e+01
-5.813526499999999686e+01
-5.807872799999999813e+01
-5.802054199999999895e+01
-5.796062100000000328e+01
-5.789886500000000069e+01
-5.783516300000000143e+01
-5.776940199999999948e+01
-5.770145399999999825e+01
-5.763118399999999752e+01
-5.755843699999999785e+01
-5.748305899999999724e+01
-5.740486500000000092e+01
-5.732366600000000290e+01
-5.723923500000000075e+01
-5.715133999999999759e+01
-5.705972299999999819e+01
-5.696408499999999719e+01
-5.686410500000000212e+01
-5.675942200000000071e+01
-5.664962799999999987e+01
-5.653427099999999683e+01
-5.641283399999999659e+01
-5.628473699999999980e+01
-5.614931500000000142e+01
-5.600580999999999676e+01
-5.585334799999999689e+01
-5.569092599999999749e+01
-5.551736799999999761e+01
-5.533130599999999788e+01
-5.513111899999999821e+01
-5.491488999999999976e+01
-5.468031700000000228e+01
-5.442461800000000238e+01
-5.414440199999999948e+01
-5.383547200000000288e+01
-5.349258799999999781e+01
-5.310909999999999798e+01
-5.267645300000000219e+01
-5.218342200000000020e+01
-5.161500199999999694e+01
-5.095064899999999852e+01
-5.016149099999999805e+01
-4.920566900000000032e+01
-4.802028700000000327e+01
-4.650674800000000175e+01
-4.450283799999999701e+01
-4.172656599999999827e+01
-3.765871400000000335e+01
-3.127656199999999842e+01
-1.997302200000000028e+01
-2.149307999999999996e+00
