9.390000000000000000e+02
0.000000000000000000e+00
1.876000000000000156e+01
2.050497400000000027e-17
2.048658599999999907e+01
3.623273799999999767e+01
4.406924399999999764e+01
4.643899499999999847e+01
4.618640899999999760e+01
4.466581699999999699e+01
4.234129000000000076e+01
3.936392599999999931e+01
3.580925799999999981e+01
3.175173600000000107e+01
2.728131499999999932e+01
2.250092899999999929e+01
1.751839100000000116e+01
1.243791799999999981e+01
7.353259600000000340e+00
2.342929400000000051e+00
-2.532813500000000051e+00
-7.233896299999999613e+00
-1.174242300000000050e+01
-1.607090600000000080e+01
-2.030855599999999939e+01
-2.476507600000000053e+01
-2.972600399999999965e+01
-3.466685100000000119e+01
-3.946629300000000029e+01
-4.448293300000000272e+01
-5.001768100000000317e+01
-5.616288000000000125e+01
-6.272076799999999963e+01
-6.922558600000000695e+01
-7.515323600000000681e+01
-8.015805799999999692e+01
-8.414689599999999814e+01
-8.720891600000000210e+01
-8.951170299999999713e+01
-9.122903399999999863e+01
-9.250853700000000401e+01
-9.346430999999999756e+01
-9.418059499999999673e+01
-9.471832299999999805e+01
-9.512138400000000615e+01
-9.542145499999999458e+01
-9.564163999999999533e+01
-9.579891999999999541e+01
-9.590595999999999322e+01
-9.597231299999999976e+01
-9.600527999999999906e+01
-9.601050600000000657e+01
-9.599240899999999499e+01
-9.595449800000000096e+01
-9.589959699999999998e+01
-9.582998700000000269e+01
-9.574755100000000141e+01
-9.565385399999999549e+01
-9.555022400000000005e+01
-9.543776699999999380e+01
-9.531745899999999949e+01
-9.519013200000000552e+01
-9.505651100000000042e+01
-9.491724399999999662e+01
-9.477290299999999945e+01
-9.462400800000000345e+01
-9.447101600000000587e+01
-9.431434600000000046e+01
-9.415437300000000675e+01
-9.399145500000000197e+01
-9.382590500000000588e+01
-9.365800500000000284e+01
-9.348803700000000561e+01
-9.331623799999999846e+01
-9.314284499999999412e+01
-9.296805600000000425e+01
-9.279207599999999445e+01
-9.261508200000000102e+01
-9.243724100000000021e+01
-9.225869799999999543e+01
-9.207961299999999483e+01
-9.190010100000000648e+01
-9.172029100000000312e+01
-9.154029800000000705e+01
-9.136022199999999316e+01
-9.118016799999999478e+01
-9.100021399999999971e+01
-9.082044199999999989e+01
-9.064093800000000556e+01
-9.046176900000000387e+01
-9.028299699999999461e+01
-9.010467500000000030e+01
-8.992687200000000303e+01
-8.974961899999999559e+01
-8.957298299999999358e+01
-8.939698799999999324e+01
-8.922168000000000632e+01
-8.904708899999999971e+01
-8.887325300000000539e+01
-8.870020300000000191e+01
-8.852795399999999404e+01
-8.835654399999999953e+01
-8.818598199999999565e+01
-8.801628900000000044e+01
-8.784749600000000669e+01
-8.767960399999999765e+01
-8.751262699999999484e+01
-8.734658799999999701e+01
-8.718148800000000165e+01
-8.701734199999999930e+01
-8.685415600000000325e+01
-8.669194000000000244e+01
-8.653069299999999942e+01
-8.637042200000000491e+01
-8.621114300000000696e+01
-8.605284100000000080e+01
-8.589553100000000541e+01
-8.573921199999999487e+01
-8.558388499999999510e+01
-8.542955000000000609e+01
-8.527620699999999943e+01
-8.512385600000000352e+01
-8.497249600000000669e+01
-8.482212800000000641e+01
-8.467273699999999792e+01
-8.452433800000000019e+01
-8.437692300000000500e+01
-8.423049199999999814e+01
-8.408503000000000327e+01
-8.394054400000000271e+01
-8.379702799999999741e+01
-8.365447199999999839e+01
-8.351288599999999462e+01
-8.337225300000000061e+01
-8.323258199999999363e+01
-8.309384900000000584e+01
-8.295606200000000285e+01
-8.281922099999999887e+01
-8.268331100000000333e+01
-8.254832500000000550e+01
-8.241426800000000696e+01
-8.228113600000000361e+01
-8.214891099999999824e+01
-8.201759300000000508e+01
-8.188718400000000486e+01
-8.175767500000000609e+01
-8.162905100000000402e+01
-8.150132000000000687e+01
-8.137447400000000641e+01
-8.124849700000000041e+01
-8.112339000000000055e+01
-8.099915300000000684e+01
-8.087577100000000030e+01
-8.075324999999999420e+01
-8.063157699999999295e+01
-8.051074199999999337e+01
-8.039074700000000462e+01
-8.027158400000000427e+01
-8.015324400000000082e+01
-8.003572800000000598e+01
-7.991902199999999823e+01
-7.980313099999999338e+01
-7.968804199999999582e+01
-7.957375299999999640e+01
-7.946025799999999606e+01
-7.934754900000000077e+01
-7.923562599999999634e+01
-7.912448100000000295e+01
-7.901409900000000164e+01
-7.890449499999999716e+01
-7.879563899999999421e+01
-7.868754599999999755e+01
-7.858020799999999895e+01
-7.847360999999999365e+01
-7.836775199999999586e+01
-7.826262699999999484e+01
-7.815823399999999310e+01
-7.805455800000000011e+01
-7.795161400000000640e+01
-7.784937299999999993e+01
-7.774784900000000221e+01
-7.764702599999999677e+01
-7.754689799999999877e+01
-7.744747200000000475e+01
-7.734873199999999827e+01
-7.725067099999999698e+01
-7.715329699999999491e+01
-7.705659500000000151e+01
-7.696056400000000508e+01
-7.686519599999999741e+01
-7.677049300000000187e+01
-7.667643700000000706e+01
-7.658303800000000194e+01
-7.649028800000000672e+01
-7.639816999999999325e+01
-7.630669399999999314e+01
-7.621585799999999722e+01
-7.612564100000000167e+01
-7.603604900000000555e+01
-7.594707499999999811e+01
-7.585871899999999357e+01
-7.577097299999999791e+01
-7.568383000000000038e+01
-7.559729000000000099e+01
-7.551134500000000571e+01
-7.542599500000000035e+01
-7.534123200000000509e+01
-7.525705700000000320e+01
-7.517346200000000067e+01
-7.509043900000000349e+01
-7.500798799999999744e+01
-7.492610200000000020e+01
-7.484478799999999410e+01
-7.476403000000000532e+01
-7.468382300000000384e+01
-7.460417200000000548e+01
-7.452506999999999948e+01
-7.444651000000000352e+01
-7.436848399999999515e+01
-7.429099999999999682e+01
-7.421405000000000030e+01
-7.413762699999999484e+01
-7.406172200000000316e+01
-7.398634300000000508e+01
-7.391148400000000152e+01
-7.383713500000000352e+01
-7.376328999999999780e+01
-7.368995700000000681e+01
-7.361712599999999895e+01
-7.354479200000000105e+01
-7.347294599999999321e+01
-7.340160400000000607e+01
-7.333074200000000076e+01
-7.326036100000000317e+01
-7.319046799999999564e+01
-7.312104800000000182e+01
-7.305210099999999329e+01
-7.298362699999999847e+01
-7.291561900000000662e+01
-7.284807600000000605e+01
-7.278099100000000021e+01
-7.271436300000000585e+01
-7.264819300000000624e+01
-7.258246599999999660e+01
-7.251719699999999591e+01
-7.245236199999999371e+01
-7.238796999999999571e+01
-7.232401299999999367e+01
-7.226049000000000433e+01
-7.219740299999999422e+01
-7.213474300000000028e+01
-7.207250999999999408e+01
-7.201068899999999928e+01
-7.194929500000000644e+01
-7.188831299999999658e+01
-7.182775100000000634e+01
-7.176758599999999433e+01
-7.170784000000000447e+01
-7.164849100000000703e+01
-7.158953900000000203e+01
-7.153099100000000021e+01
-7.147283899999999335e+01
-7.141507699999999659e+01
-7.135770399999999825e+01
-7.130071300000000178e+01
-7.124411000000000627e+01
-7.118788899999999842e+01
-7.113204199999999844e+01
-7.107657600000000286e+01
-7.102147700000000441e+01
-7.096675100000000214e+01
-7.091239199999999698e+01
-7.085839099999999746e+01
-7.080475599999999758e+01
-7.075148000000000081e+01
-7.069856299999999294e+01
-7.064599599999999668e+01
-7.059378100000000700e+01
-7.054191600000000051e+01
-7.049040200000000311e+01
-7.043922399999999584e+01
-7.038839000000000112e+01
-7.033789099999999905e+01
-7.028772700000000384e+01
-7.023790700000000697e+01
-7.018840799999999547e+01
-7.013924400000000503e+01
-7.009040099999999995e+01
-7.004187799999999697e+01
-6.999368300000000431e+01
-6.994580799999999954e+01
-6.989824699999999780e+01
-6.985099800000000414e+01
-6.980406999999999584e+01
-6.975744600000000162e+01
-6.971112800000000220e+01
-6.966511500000000012e+01
-6.961939999999999884e+01
-6.957399700000000564e+01
-6.952888500000000249e+01
-6.948407000000000266e+01
-6.943955200000000616e+01
-6.939532499999999970e+01
-6.935137899999999433e+01
-6.930773200000000145e+01
-6.926436599999999544e+01
-6.922128299999999967e+01
-6.917847399999999425e+01
-6.913595599999999308e+01
-6.909370400000000245e+01
-6.905173499999999365e+01
-6.901003300000000706e+01
-6.896860499999999661e+01
-6.892744399999999416e+01
-6.888655099999999720e+01
-6.884592399999999657e+01
-6.880555699999999320e+01
-6.876545000000000130e+01
-6.872560099999999750e+01
-6.868601200000000517e+01
-6.864667500000000189e+01
-6.860759699999999839e+01
-6.856876400000000160e+01
-6.853018199999999638e+01
-6.849184400000000039e+01
-6.845375099999999691e+01
-6.841590899999999920e+01
-6.837829600000000596e+01
-6.834093500000000176e+01
-6.830380200000000457e+01
-6.826691399999999987e+01
-6.823025499999999965e+01
-6.819383200000000045e+01
-6.815763099999999497e+01
-6.812166600000000471e+01
-6.808593000000000472e+01
-6.805041500000000099e+01
-6.801512900000000172e+01
-6.798005700000000218e+01
-6.794521299999999542e+01
-6.791058300000000258e+01
-6.787616699999999526e+01
-6.784197199999999839e+01
-6.780799100000000124e+01
-6.777422300000000632e+01
-6.774066200000000038e+01
-6.770730600000000265e+01
-6.767416400000000465e+01
-6.764122000000000412e+01
-6.760849000000000331e+01
-6.757595100000000343e+01
-6.754361699999999757e+01
-6.751148999999999489e+01
-6.747955299999999568e+01
-6.744781500000000563e+01
-6.741626700000000483e+01
-6.738491100000000245e+01
-6.735375200000000007e+01
-6.732278399999999863e+01
-6.729200000000000159e+01
-6.726140599999999381e+01
-6.723099499999999296e+01
-6.720077499999999304e+01
-6.717073100000000352e+01
-6.714086899999999503e+01
-6.711119100000000515e+01
-6.708168799999999976e+01
-6.705236100000000476e+01
-6.702320899999999426e+01
-6.699423199999999667e+01
-6.696543099999999527e+01
-6.693679799999999602e+01
-6.690833999999999548e+01
-6.688004300000000057e+01
-6.685192100000000437e+01
-6.682396699999999612e+01
-6.679617299999999602e+01
-6.676853900000000408e+01
-6.674107399999999757e+01
-6.671376800000000173e+01
-6.668661500000000331e+01
-6.665963000000000704e+01
-6.663279699999999650e+01
-6.660612500000000580e+01
-6.657959700000000680e+01
-6.655322999999999922e+01
-6.652701600000000326e+01
-6.650095399999999302e+01
-6.647503700000000038e+01
-6.644927199999999345e+01
-6.642365300000000161e+01
-6.639817800000000148e+01
-6.637285599999999874e+01
-6.634767200000000287e+01
-6.632263199999999870e+01
-6.629772900000000391e+01
-6.627297199999999577e+01
-6.624835199999999702e+01
-6.622386899999999343e+01
-6.619952399999999670e+01
-6.617531599999999514e+01
-6.615124500000000296e+01
-6.612730399999999520e+01
-6.610349300000000028e+01
-6.607981900000000053e+01
-6.605627400000000193e+01
-6.603285999999999945e+01
-6.600957499999999811e+01
-6.598641200000000140e+01
-6.596337900000000332e+01
-6.594046799999999564e+01
-6.591768600000000333e+01
-6.589502699999999891e+01
-6.587248200000000509e+01
-6.585006699999999569e+01
-6.582777400000000512e+01
-6.580559499999999673e+01
-6.578353099999999642e+01
-6.576158900000000074e+01
-6.573976100000000145e+01
-6.571805600000000425e+01
-6.569645699999999522e+01
-6.567497299999999427e+01
-6.565360300000000393e+01
-6.563234699999999577e+01
-6.561119800000000168e+01
-6.559015700000000493e+01
-6.556922900000000709e+01
-6.554840900000000659e+01
-6.552769499999999425e+01
-6.550708799999999599e+01
-6.548658799999999758e+01
-6.546618700000000501e+01
-6.544589200000000062e+01
-6.542569699999999955e+01
-6.540560899999999833e+01
-6.538562000000000296e+01
-6.536572999999999922e+01
-6.534593999999999880e+01
-6.532624800000000675e+01
-6.530665600000000381e+01
-6.528716300000000672e+01
-6.526776099999999303e+01
-6.524845899999999688e+01
-6.522924799999999834e+01
-6.521012899999999490e+01
-6.519110100000000330e+01
-6.517217300000000080e+01
-6.515332800000000191e+01
-6.513458300000000634e+01
-6.511592100000000016e+01
-6.509735100000000330e+01
-6.507886499999999330e+01
-6.506047100000000682e+01
-6.504215999999999553e+01
-6.502393299999999954e+01
-6.500579799999999864e+01
-6.498774699999999882e+01
-6.496977200000000607e+01
-6.495188899999999421e+01
-6.493408200000000363e+01
-6.491635899999999992e+01
-6.489871999999999730e+01
-6.488115700000000174e+01
-6.486367799999999306e+01
-6.484627500000000566e+01
-6.482894899999999438e+01
-6.481170699999999840e+01
-6.479453300000000127e+01
-6.477744300000000521e+01
-6.476042200000000548e+01
-6.474348399999999515e+01
-6.472661600000000703e+01
-6.470981600000000356e+01
-6.469310000000000116e+01
-6.467644500000000107e+01
-6.465986599999999385e+01
-6.464336400000000538e+01
-6.462692300000000500e+01
-6.461055799999999749e+01
-6.459426100000000304e+01
-6.457803300000000490e+01
-6.456187400000000309e+01
-6.454578399999999760e+01
-6.452975499999999442e+01
-6.451379400000000430e+01
-6.449790199999999629e+01
-6.448207100000000480e+01
-6.446630899999999542e+01
-6.445060700000000509e+01
-6.443496700000000033e+01
-6.441939499999999441e+01
-6.440388500000000249e+01
-6.438842800000000466e+01
-6.437303900000000567e+01
-6.435771200000000647e+01
-6.434244499999999789e+01
-6.432723199999999508e+01
-6.431207999999999458e+01
-6.429698899999999639e+01
-6.428195999999999799e+01
-6.426698299999999620e+01
-6.425206000000000017e+01
-6.423719800000000646e+01
-6.422238900000000683e+01
-6.420763399999999876e+01
-6.419293999999999301e+01
-6.417829100000000153e+01
-6.416370399999999563e+01
-6.414916999999999803e+01
-6.413468199999999797e+01
-6.412025500000000022e+01
-6.410587300000000255e+01
-6.409154499999999643e+01
-6.407726300000000208e+01
-6.406304199999999582e+01
-6.404885899999999310e+01
-6.403472899999999868e+01
-6.402065299999999581e+01
-6.400662199999999302e+01
-6.399264099999999900e+01
-6.397870600000000252e+01
-6.396481699999999648e+01
-6.395097700000000174e+01
-6.393717999999999790e+01
-6.392343100000000078e+01
-6.390972500000000167e+01
-6.389606899999999712e+01
-6.388244999999999862e+01
-6.386888100000000179e+01
-6.385535399999999839e+01
-6.384186900000000264e+01
-6.382842600000000033e+01
-6.381502900000000267e+01
-6.380167000000000144e+01
-6.378835300000000075e+01
-6.377507800000000060e+01
-6.376184500000000099e+01
-6.374864999999999782e+01
-6.373549299999999818e+01
-6.372237799999999908e+01
-6.370930100000000351e+01
-6.369626199999999727e+01
-6.368326199999999915e+01
-6.367029999999999745e+01
-6.365737500000000182e+01
-6.364448900000000009e+01
-6.363163800000000236e+01
-6.361881999999999948e+01
-6.360604099999999761e+01
-6.359329600000000227e+01
-6.358058900000000335e+01
-6.356791299999999723e+01
-6.355527099999999763e+01
-6.354266700000000156e+01
-6.353009399999999829e+01
-6.351755099999999743e+01
-6.350504699999999758e+01
-6.349257300000000015e+01
-6.348012899999999803e+01
-6.346771600000000291e+01
-6.345533799999999758e+01
-6.344298899999999719e+01
-6.343067200000000128e+01
-6.341838099999999656e+01
-6.340612399999999838e+01
-6.339389400000000308e+01
-6.338169500000000056e+01
-6.336952200000000346e+01
-6.335737999999999914e+01
-6.334526799999999724e+01
-6.333317900000000122e+01
-6.332112099999999799e+01
-6.330908999999999764e+01
-6.329708500000000271e+01
-6.328510299999999944e+01
-6.327315099999999859e+01
-6.326122300000000109e+01
-6.324932100000000190e+01
-6.323744599999999849e+01
-6.322559400000000096e+01
-6.321376399999999762e+01
-6.320196200000000175e+01
-6.319018200000000007e+01
-6.317842499999999717e+01
-6.316669100000000014e+01
-6.315498000000000189e+01
-6.314329099999999784e+01
-6.313162200000000013e+01
-6.311997999999999820e+01
-6.310835600000000056e+01
-6.309675200000000217e+01
-6.308517100000000255e+01
-6.307361199999999712e+01
-6.306206900000000104e+01
-6.305054899999999662e+01
-6.303904699999999650e+01
-6.302756500000000273e+01
-6.301610199999999651e+01
-6.300465799999999916e+01
-6.299323299999999648e+01
-6.298182299999999856e+01
-6.297043200000000240e+01
-6.295906099999999839e+01
-6.294770400000000166e+01
-6.293636699999999706e+01
-6.292504100000000022e+01
-6.291373399999999805e+01
-6.290244299999999811e+01
-6.289117099999999994e+01
-6.287991000000000241e+01
-6.286866400000000255e+01
-6.285743300000000033e+01
-6.284621800000000036e+01
-6.283501400000000103e+01
-6.282382599999999684e+01
-6.281265299999999741e+01
-6.280149099999999862e+01
-6.279034000000000049e+01
-6.277920199999999795e+01
-6.276807800000000270e+01
-6.275696599999999847e+01
-6.274586500000000200e+01
-6.273477599999999654e+01
-6.272369799999999884e+01
-6.271262699999999768e+01
-6.270157199999999875e+01
-6.269052500000000094e+01
-6.267948499999999967e+01
-6.266845699999999653e+01
-6.265744000000000113e+01
-6.264643099999999976e+01
-6.263542900000000202e+01
-6.262443499999999830e+01
-6.261345299999999980e+01
-6.260247400000000084e+01
-6.259150300000000300e+01
-6.258054400000000328e+01
-6.256958800000000309e+01
-6.255863599999999991e+01
-6.254769499999999738e+01
-6.253675799999999896e+01
-6.252582600000000213e+01
-6.251489999999999725e+01
-6.250397900000000107e+01
-6.249306099999999731e+01
-6.248215100000000177e+01
-6.247124500000000324e+01
-6.246033899999999761e+01
-6.244944000000000273e+01
-6.243854100000000074e+01
-6.242764700000000033e+01
-6.241675599999999946e+01
-6.240586900000000270e+01
-6.239498100000000136e+01
-6.238409399999999749e+01
-6.237321099999999774e+01
-6.236232799999999799e+01
-6.235144400000000076e+01
-6.234056100000000100e+01
-6.232968100000000078e+01
-6.231879800000000103e+01
-6.230791500000000127e+01
-6.229703099999999694e+01
-6.228614799999999718e+01
-6.227526100000000042e+01
-6.226437399999999656e+01
-6.225348300000000279e+01
-6.224258799999999781e+01
-6.223169299999999993e+01
-6.222079500000000252e+01
-6.220989600000000053e+01
-6.219899000000000200e+01
-6.218807999999999936e+01
-6.217716599999999971e+01
-6.216624500000000353e+01
-6.215532300000000276e+01
-6.214439399999999836e+01
-6.213345699999999994e+01
-6.212251700000000199e+01
-6.211156799999999834e+01
-6.210061300000000273e+01
-6.208965299999999843e+01
-6.207868200000000058e+01
-6.206770699999999863e+01
-6.205672100000000313e+01
-6.204572699999999941e+01
-6.203472500000000167e+01
-6.202371200000000329e+01
-6.201269099999999668e+01
-6.200165899999999652e+01
-6.199061600000000283e+01
-6.197956099999999680e+01
-6.196849799999999675e+01
-6.195742400000000316e+01
-6.194633499999999771e+01
-6.193523400000000123e+01
-6.192412199999999700e+01
-6.191299399999999764e+01
-6.190185499999999763e+01
-6.189070499999999697e+01
-6.187953600000000165e+01
-6.186835500000000110e+01
-6.185715499999999878e+01
-6.184594299999999834e+01
-6.183471300000000070e+01
-6.182346700000000084e+01
-6.181220600000000331e+01
-6.180092599999999692e+01
-6.178963099999999997e+01
-6.177831599999999668e+01
-6.176698300000000330e+01
-6.175562999999999647e+01
-6.174425500000000255e+01
-6.173286399999999929e+01
-6.172145100000000184e+01
-6.171001799999999804e+01
-6.169856599999999958e+01
-6.168708800000000281e+01
-6.167559099999999717e+01
-6.166406599999999827e+01
-6.165252300000000218e+01
-6.164095700000000022e+01
-6.162936400000000248e+01
-6.161774400000000185e+01
-6.160610199999999992e+01
-6.159443300000000221e+01
-6.158274099999999862e+01
-6.157101800000000225e+01
-6.155926900000000046e+01
-6.154748899999999878e+01
-6.153568599999999833e+01
-6.152384899999999845e+01
-6.151198600000000027e+01
-6.150009200000000220e+01
-6.148816699999999713e+01
-6.147620799999999974e+01
-6.146421800000000246e+01
-6.145219800000000276e+01
-6.144014399999999654e+01
-6.142805100000000351e+01
-6.141592800000000096e+01
-6.140377000000000152e+01
-6.139157500000000312e+01
-6.137934500000000071e+01
-6.136707700000000187e+01
-6.135477099999999950e+01
-6.134242600000000323e+01
-6.133003999999999678e+01
-6.131761600000000101e+01
-6.130514900000000011e+01
-6.129264500000000027e+01
-6.128009399999999829e+01
-6.126750200000000035e+01
-6.125486800000000187e+01
-6.124218799999999874e+01
-6.122946199999999806e+01
-6.121668999999999983e+01
-6.120386899999999741e+01
-6.119100199999999745e+01
-6.117808899999999994e+01
-6.116512300000000124e+01
-6.115210700000000088e+01
-6.113903799999999933e+01
-6.112591900000000322e+01
-6.111274699999999882e+01
-6.109951800000000333e+01
-6.108623500000000206e+01
-6.107289500000000260e+01
-6.105949799999999783e+01
-6.104604299999999739e+01
-6.103253200000000334e+01
-6.101895499999999828e+01
-6.100532199999999960e+01
-6.099162299999999703e+01
-6.097785900000000225e+01
-6.096403099999999853e+01
-6.095013800000000259e+01
-6.093618000000000023e+01
-6.092215000000000202e+01
-6.090805100000000039e+01
-6.089388300000000243e+01
-6.087963899999999740e+01
-6.086532199999999904e+01
-6.085093299999999772e+01
-6.083646399999999943e+01
-6.082191799999999660e+01
-6.080729699999999838e+01
-6.079259100000000160e+01
-6.077780200000000121e+01
-6.076293199999999928e+01
-6.074797399999999925e+01
-6.073292899999999861e+01
-6.071779599999999988e+01
-6.070257600000000053e+01
-6.068726000000000198e+01
-6.067185200000000123e+01
-6.065634500000000173e+01
-6.064074699999999751e+01
-6.062504200000000054e+01
-6.060924099999999726e+01
-6.059333399999999870e+01
-6.057732399999999728e+01
-6.056120299999999901e+01
-6.054497500000000088e+01
-6.052863700000000335e+01
-6.051218000000000075e+01
-6.049560900000000174e+01
-6.047892000000000223e+01
-6.046210899999999810e+01
-6.044517499999999899e+01
-6.042811600000000283e+01
-6.041092700000000093e+01
-6.039360400000000340e+01
-6.037614800000000059e+01
-6.035855899999999963e+01
-6.034082399999999780e+01
-6.032294799999999668e+01
-6.030492799999999676e+01
-6.028675499999999943e+01
-6.026843300000000170e+01
-6.024995400000000245e+01
-6.023131200000000263e+01
-6.021251300000000128e+01
-6.019354200000000077e+01
-6.017440400000000267e+01
-6.015509000000000128e+01
-6.013559699999999708e+01
-6.011592499999999717e+01
-6.009606200000000342e+01
-6.007600800000000163e+01
-6.005575900000000189e+01
-6.003531300000000215e+01
-6.001465999999999923e+01
-5.999379299999999660e+01
-5.997271299999999883e+01
-5.995141600000000182e+01
-5.992988600000000332e+01
-5.990813099999999736e+01
-5.988613099999999889e+01
-5.986389199999999988e+01
-5.984140000000000015e+01
-5.981865299999999763e+01
-5.979564299999999832e+01
-5.977236200000000110e+01
-5.974879800000000074e+01
-5.972495299999999929e+01
-5.970081299999999658e+01
-5.967637299999999811e+01
-5.965162300000000073e+01
-5.962655300000000125e+01
-5.960115799999999808e+01
-5.957542000000000115e+01
-5.954933900000000335e+01
-5.952289999999999992e+01
-5.949609000000000236e+01
-5.946890299999999741e+01
-5.944132199999999955e+01
-5.941334200000000010e+01
-5.938494099999999776e+01
-5.935611300000000057e+01
-5.932684299999999666e+01
-5.929711499999999802e+01
-5.926691399999999987e+01
-5.923622499999999746e+01
-5.920502900000000324e+01
-5.917331300000000027e+01
-5.914105599999999896e+01
-5.910823800000000006e+01
-5.907484099999999927e+01
-5.904084399999999988e+01
-5.900622599999999807e+01
-5.897095900000000057e+01
-5.893502000000000152e+01
-5.889838799999999708e+01
-5.886103099999999699e+01
-5.882292199999999838e+01
-5.878403099999999881e+01
-5.874432399999999888e+01
-5.870376999999999867e+01
-5.866232699999999767e+01
-5.861996500000000054e+01
-5.857663699999999807e+01
-5.853230700000000297e+01
-5.848691900000000032e+01
-5.844043400000000332e+01
-5.839279599999999704e+01
-5.834394799999999748e+01
-5.829383500000000140e+01
-5.824239000000000033e+01
-5.818954800000000205e+01
-5.813523099999999744e+01
-5.807936899999999980e+01
-5.802186999999999983e+01
-5.796264999999999645e+01
-5.790160399999999896e+01
-5.783863099999999946e+01
-5.777361700000000155e+01
-5.770643599999999651e+01
-5.763695500000000038e+01
-5.756502199999999903e+01
-5.749047900000000055e+01
-5.741315099999999916e+01
-5.733284400000000147e+01
-5.724934799999999768e+01
-5.716242600000000351e+01
-5.707182300000000197e+01
-5.697725299999999748e+01
-5.687839100000000059e+01
-5.677489099999999667e+01
-5.666635099999999881e+01
-5.655232600000000076e+01
-5.643231200000000314e+01
-5.630574000000000012e+01
-5.617196299999999809e+01
-5.603023900000000168e+01
-5.587972299999999848e+01
-5.571942099999999698e+01
-5.554820600000000042e+01
-5.536473800000000267e+01
-5.516745000000000232e+01
-5.495447899999999919e+01
-5.472359800000000263e+01
-5.447212600000000293e+01
-5.419678499999999843e+01
-5.389353899999999697e+01
-5.355736199999999769e+01
-5.318188899999999819e+01
-5.275894900000000121e+01
-5.227787000000000006e+01
-5.172442999999999813e+01
-5.107925000000000182e+01
-5.031522799999999762e+01
-4.939331399999999661e+01
-4.825521899999999675e+01
-4.681032600000000343e+01
-4.491089999999999804e+01
-4.230276099999999673e+01
-3.852269400000000132e+01
-3.267322500000000218e+01
-2.256948900000000080e+01
-5.704334300000000191e+00
