1.027000000000000000e+03
0.000000000000000000e+00
2.051999999999999957e+01
-8.131516299999999763e-20
2.048884400000000028e+01
3.623787699999999745e+01
4.407546200000000169e+01
4.644385100000000222e+01
4.618829699999999860e+01
4.466387900000000144e+01
4.233511699999999678e+01
3.935341300000000331e+01
3.579456299999999658e+01
3.173323999999999856e+01
2.725957899999999867e+01
2.247661400000000143e+01
1.749220299999999995e+01
1.241053299999999915e+01
7.325286400000000420e+00
2.314871999999999819e+00
-2.560574100000000186e+00
-7.261117500000000113e+00
-1.176902499999999918e+01
-1.609708200000000033e+01
-2.033535600000000088e+01
-2.479537799999999947e+01
-2.975901999999999958e+01
-3.469905899999999832e+01
-3.949955700000000292e+01
-4.452008399999999710e+01
-5.006068400000000196e+01
-5.621208599999999933e+01
-6.277428799999999853e+01
-6.927989200000000380e+01
-7.520499399999999923e+01
-8.020547500000000696e+01
-8.418982699999999397e+01
-8.724823000000000661e+01
-8.954859199999999930e+01
-9.126467900000000100e+01
-9.254393000000000313e+01
-9.350024399999999503e+01
-9.421769700000000114e+01
-9.475708000000000197e+01
-9.516219300000000203e+01
-9.546463799999999367e+01
-9.568746899999999300e+01
-9.584762600000000532e+01
-9.595775600000000338e+01
-9.602738999999999692e+01
-9.606379699999999389e+01
-9.607262400000000468e+01
-9.605828099999999381e+01
-9.602425399999999911e+01
-9.597335800000000461e+01
-9.590787500000000421e+01
-9.582968099999999367e+01
-9.574033400000000427e+01
-9.564114399999999705e+01
-9.553321800000000508e+01
-9.541751899999999864e+01
-9.529487600000000214e+01
-9.516601599999999905e+01
-9.503157000000000210e+01
-9.489211299999999483e+01
-9.474814600000000553e+01
-9.460012799999999800e+01
-9.444847099999999784e+01
-9.429355599999999527e+01
-9.413571899999999459e+01
-9.397527300000000139e+01
-9.381250799999999401e+01
-9.364767500000000666e+01
-9.348103299999999649e+01
-9.331279800000000080e+01
-9.314317300000000444e+01
-9.297235100000000330e+01
-9.280051400000000683e+01
-9.262781499999999824e+01
-9.245442199999999389e+01
-9.228045699999999840e+01
-9.210604899999999873e+01
-9.193133500000000424e+01
-9.175640900000000499e+01
-9.158137499999999420e+01
-9.140634199999999510e+01
-9.123137699999999484e+01
-9.105657200000000273e+01
-9.088199600000000089e+01
-9.070771799999999985e+01
-9.053380599999999845e+01
-9.036031300000000499e+01
-9.018729399999999430e+01
-9.001479299999999739e+01
-8.984286500000000331e+01
-8.967153899999999567e+01
-8.950085400000000391e+01
-8.933085599999999715e+01
-8.916156800000000260e+01
-8.899301099999999565e+01
-8.882522600000000068e+01
-8.865822599999999909e+01
-8.849203500000000133e+01
-8.832666799999999796e+01
-8.816214800000000196e+01
-8.799848900000000640e+01
-8.783570100000000025e+01
-8.767379800000000500e+01
-8.751279399999999953e+01
-8.735269900000000121e+01
-8.719351199999999835e+01
-8.703524799999999573e+01
-8.687791400000000408e+01
-8.672151200000000415e+01
-8.656604000000000099e+01
-8.641151399999999683e+01
-8.625792699999999513e+01
-8.610528600000000665e+01
-8.595359000000000549e+01
-8.580284100000000080e+01
-8.565304600000000335e+01
-8.550418899999999667e+01
-8.535627700000000573e+01
-8.520931199999999706e+01
-8.506329300000000160e+01
-8.491820500000000038e+01
-8.477406299999999817e+01
-8.463085900000000095e+01
-8.448858599999999797e+01
-8.434724400000000344e+01
-8.420683300000000315e+01
-8.406733699999999487e+01
-8.392876400000000103e+01
-8.379110699999999667e+01
-8.365436599999999601e+01
-8.351852399999999932e+01
-8.338359099999999557e+01
-8.324955699999999581e+01
-8.311641699999999844e+01
-8.298416899999999430e+01
-8.285280600000000106e+01
-8.272232099999999377e+01
-8.259271200000000590e+01
-8.246396599999999921e+01
-8.233609800000000689e+01
-8.220908400000000427e+01
-8.208292400000000555e+01
-8.195761899999999400e+01
-8.183315299999999581e+01
-8.170953400000000499e+01
-8.158674600000000510e+01
-8.146478999999999360e+01
-8.134365099999999416e+01
-8.122334299999999985e+01
-8.110384399999999516e+01
-8.098514600000000030e+01
-8.086726400000000581e+01
-8.075017499999999870e+01
-8.063387299999999414e+01
-8.051837199999999939e+01
-8.040364099999999326e+01
-8.028969600000000639e+01
-8.017652099999999393e+01
-8.006411699999999598e+01
-7.995246899999999357e+01
-7.984158299999999997e+01
-7.973144499999999368e+01
-7.962205500000000313e+01
-7.951341200000000242e+01
-7.940550199999999847e+01
-7.929832500000000550e+01
-7.919187200000000360e+01
-7.908614300000000696e+01
-7.898112500000000580e+01
-7.887682300000000168e+01
-7.877323199999999304e+01
-7.867034099999999341e+01
-7.856814599999999871e+01
-7.846664400000000228e+01
-7.836583699999999908e+01
-7.826570900000000108e+01
-7.816625200000000007e+01
-7.806747400000000425e+01
-7.796936800000000289e+01
-7.787192500000000450e+01
-7.777513899999999580e+01
-7.767900799999999606e+01
-7.758352700000000368e+01
-7.748870100000000605e+01
-7.739450800000000186e+01
-7.730095699999999681e+01
-7.720803100000000541e+01
-7.711573799999999324e+01
-7.702407100000000639e+01
-7.693302199999999402e+01
-7.684258300000000474e+01
-7.675276200000000415e+01
-7.666354400000000169e+01
-7.657492799999999988e+01
-7.648691599999999369e+01
-7.639949000000000012e+01
-7.631265999999999394e+01
-7.622641799999999535e+01
-7.614074700000000462e+01
-7.605566399999999305e+01
-7.597114600000000451e+01
-7.588719899999999541e+01
-7.580382500000000334e+01
-7.572100799999999765e+01
-7.563874800000000675e+01
-7.555703699999999401e+01
-7.547588299999999606e+01
-7.539527099999999393e+01
-7.531520100000000184e+01
-7.523567199999999389e+01
-7.515667000000000542e+01
-7.507820900000000108e+01
-7.500026699999999380e+01
-7.492285200000000600e+01
-7.484595500000000357e+01
-7.476957699999999818e+01
-7.469370999999999583e+01
-7.461834699999999998e+01
-7.454349499999999296e+01
-7.446914700000000664e+01
-7.439528699999999617e+01
-7.432192999999999472e+01
-7.424906199999999501e+01
-7.417668199999999956e+01
-7.410478200000000015e+01
-7.403336299999999426e+01
-7.396242499999999609e+01
-7.389195999999999742e+01
-7.382196799999999826e+01
-7.375244100000000458e+01
-7.368337200000000564e+01
-7.361477700000000368e+01
-7.354663100000000497e+01
-7.347893500000000699e+01
-7.341169700000000375e+01
-7.334490999999999872e+01
-7.327855700000000638e+01
-7.321265400000000056e+01
-7.314718600000000492e+01
-7.308215300000000525e+01
-7.301755500000000154e+01
-7.295338399999999979e+01
-7.288964099999999746e+01
-7.282632399999999961e+01
-7.276342800000000466e+01
-7.270094299999999521e+01
-7.263886999999999716e+01
-7.257721700000000453e+01
-7.251596800000000087e+01
-7.245512399999999786e+01
-7.239468399999999804e+01
-7.233464100000000485e+01
-7.227500200000000063e+01
-7.221575199999999484e+01
-7.215689100000000167e+01
-7.209841900000000692e+01
-7.204033699999999385e+01
-7.198263500000000192e+01
-7.192531599999999514e+01
-7.186837800000000698e+01
-7.181181300000000078e+01
-7.175561500000000592e+01
-7.169979100000000471e+01
-7.164433300000000315e+01
-7.158924100000000124e+01
-7.153450800000000243e+01
-7.148014100000000326e+01
-7.142612499999999898e+01
-7.137245900000000631e+01
-7.131915300000000002e+01
-7.126619700000000535e+01
-7.121357700000000079e+01
-7.116131599999999935e+01
-7.110938299999999401e+01
-7.105780000000000030e+01
-7.100654600000000016e+01
-7.095563500000000090e+01
-7.090505199999999775e+01
-7.085479700000000491e+01
-7.080487100000000567e+01
-7.075526399999999683e+01
-7.070598599999999578e+01
-7.065702799999999684e+01
-7.060839099999999746e+01
-7.056006600000000617e+01
-7.051205400000000623e+01
-7.046435499999999763e+01
-7.041696899999999459e+01
-7.036988800000000310e+01
-7.032310499999999820e+01
-7.027663400000000138e+01
-7.023046100000000536e+01
-7.018457800000000191e+01
-7.013899999999999579e+01
-7.009371199999999646e+01
-7.004872100000000046e+01
-7.000401300000000049e+01
-6.995959499999999309e+01
-6.991546599999999501e+01
-6.987161299999999642e+01
-6.982804899999999293e+01
-6.978476000000000568e+01
-6.974175300000000277e+01
-6.969902000000000442e+01
-6.965655499999999734e+01
-6.961436500000000649e+01
-6.957244900000000598e+01
-6.953079200000000526e+01
-6.948940299999999581e+01
-6.944827999999999690e+01
-6.940741699999999526e+01
-6.936682100000000162e+01
-6.932647699999999702e+01
-6.928638499999999567e+01
-6.924655199999999411e+01
-6.920696999999999832e+01
-6.916764100000000326e+01
-6.912855500000000575e+01
-6.908972199999999475e+01
-6.905113199999999551e+01
-6.901278700000000299e+01
-6.897467799999999727e+01
-6.893681300000000078e+01
-6.889918500000000279e+01
-6.886179400000000328e+01
-6.882463799999999310e+01
-6.878771199999999908e+01
-6.875102200000000607e+01
-6.871456100000000333e+01
-6.867832199999999432e+01
-6.864231100000000652e+01
-6.860652899999999477e+01
-6.857096099999999694e+01
-6.853562200000000360e+01
-6.850049599999999828e+01
-6.846559100000000342e+01
-6.843090800000000229e+01
-6.839643100000000686e+01
-6.836217499999999347e+01
-6.832812500000000000e+01
-6.829428099999999802e+01
-6.826065099999999575e+01
-6.822722600000000170e+01
-6.819400799999999663e+01
-6.816099499999999978e+01
-6.812818099999999788e+01
-6.809556600000000515e+01
-6.806315600000000643e+01
-6.803093699999999444e+01
-6.799892400000000237e+01
-6.796709400000000301e+01
-6.793546299999999860e+01
-6.790403000000000588e+01
-6.787278000000000588e+01
-6.784172100000000682e+01
-6.781084400000000301e+01
-6.778015899999999760e+01
-6.774966399999999567e+01
-6.771934500000000412e+01
-6.768920900000000529e+01
-6.765925599999999918e+01
-6.762947800000000598e+01
-6.759988400000000297e+01
-6.757046499999999867e+01
-6.754121399999999653e+01
-6.751214600000000132e+01
-6.748324599999999407e+01
-6.745452099999999973e+01
-6.742596399999999335e+01
-6.739757500000000334e+01
-6.736935400000000129e+01
-6.734130100000000141e+01
-6.731340799999999547e+01
-6.728568300000000590e+01
-6.725812500000000682e+01
-6.723072100000000262e+01
-6.720348400000000311e+01
-6.717639900000000353e+01
-6.714947499999999536e+01
-6.712270399999999881e+01
-6.709609199999999873e+01
-6.706963299999999606e+01
-6.704332700000000500e+01
-6.701717399999999714e+01
-6.699116499999999519e+01
-6.696531699999999887e+01
-6.693960599999999772e+01
-6.691404699999999650e+01
-6.688863399999999615e+01
-6.686336500000000171e+01
-6.683824199999999394e+01
-6.681326300000000629e+01
-6.678842199999999707e+01
-6.676372499999999377e+01
-6.673916599999999733e+01
-6.671474499999999352e+01
-6.669046000000000163e+01
-6.666631300000000238e+01
-6.664229600000000175e+01
-6.661842300000000705e+01
-6.659467300000000023e+01
-6.657106000000000279e+01
-6.654757700000000398e+01
-6.652423100000000034e+01
-6.650100700000000131e+01
-6.647791300000000092e+01
-6.645494100000000515e+01
-6.643210600000000454e+01
-6.640938599999999781e+01
-6.638679500000000644e+01
-6.636432600000000548e+01
-6.634198000000000661e+01
-6.631975599999999815e+01
-6.629765299999999684e+01
-6.627566500000000360e+01
-6.625379900000000077e+01
-6.623204800000000603e+01
-6.621041900000000169e+01
-6.618889599999999973e+01
-6.616749599999999987e+01
-6.614620999999999640e+01
-6.612503800000000354e+01
-6.610397299999999632e+01
-6.608302299999999718e+01
-6.606217999999999790e+01
-6.604145099999999502e+01
-6.602082799999999452e+01
-6.600031300000000556e+01
-6.597990400000000477e+01
-6.595960200000000384e+01
-6.593940700000000277e+01
-6.591931900000000155e+01
-6.589933000000000618e+01
-6.587944000000000244e+01
-6.585966500000000678e+01
-6.583998099999999454e+01
-6.582039600000000235e+01
-6.580091899999999328e+01
-6.578154000000000678e+01
-6.576225300000000118e+01
-6.574306500000000142e+01
-6.572397599999999329e+01
-6.570497899999999447e+01
-6.568608100000000150e+01
-6.566728200000000015e+01
-6.564856699999999989e+01
-6.562995100000000548e+01
-6.561142700000000616e+01
-6.559298699999999371e+01
-6.557464600000000132e+01
-6.555638899999999580e+01
-6.553823099999999613e+01
-6.552014900000000353e+01
-6.550216700000000003e+01
-6.548426100000000361e+01
-6.546644600000000480e+01
-6.544872300000000109e+01
-6.543107600000000446e+01
-6.541351299999999469e+01
-6.539604199999999423e+01
-6.537864700000000084e+01
-6.536133599999999433e+01
-6.534410900000000311e+01
-6.532696500000000128e+01
-6.530989800000000400e+01
-6.529290799999999706e+01
-6.527600099999999372e+01
-6.525917099999999493e+01
-6.524242399999999975e+01
-6.522574600000000089e+01
-6.520915200000000311e+01
-6.519262700000000166e+01
-6.517617799999999306e+01
-6.515981299999999976e+01
-6.514351700000000278e+01
-6.512728900000000465e+01
-6.511113699999999938e+01
-6.509506199999999865e+01
-6.507905599999999424e+01
-6.506312599999999691e+01
-6.504725600000000441e+01
-6.503146399999999971e+01
-6.501573899999999639e+01
-6.500008400000000108e+01
-6.498449700000000462e+01
-6.496897900000000448e+01
-6.495352900000000318e+01
-6.493814100000000167e+01
-6.492282899999999302e+01
-6.490757000000000687e+01
-6.489238699999999938e+01
-6.487725799999999765e+01
-6.486220600000000047e+01
-6.484720599999999990e+01
-6.483227499999999566e+01
-6.481740600000000541e+01
-6.480259700000000578e+01
-6.478784899999999425e+01
-6.477316999999999325e+01
-6.475854499999999803e+01
-6.474397999999999342e+01
-6.472947700000000282e+01
-6.471502700000000630e+01
-6.470064499999999441e+01
-6.468631000000000597e+01
-6.467204300000000217e+01
-6.465782900000000666e+01
-6.464366900000000271e+01
-6.462957000000000107e+01
-6.461552399999999352e+01
-6.460153200000000595e+01
-6.458759299999999826e+01
-6.457371500000000708e+01
-6.455989099999999326e+01
-6.454611199999999371e+01
-6.453239399999999648e+01
-6.451872299999999427e+01
-6.450510400000000288e+01
-6.449153900000000306e+01
-6.447802699999999732e+01
-6.446456899999999735e+01
-6.445115699999999492e+01
-6.443779000000000678e+01
-6.442447699999999600e+01
-6.441121699999999350e+01
-6.439800300000000277e+01
-6.438483399999999790e+01
-6.437171200000000226e+01
-6.435864300000000071e+01
-6.434561899999999923e+01
-6.433264200000000699e+01
-6.431971000000000060e+01
-6.430682400000000598e+01
-6.429398299999999722e+01
-6.428118899999999769e+01
-6.426843999999999824e+01
-6.425572999999999979e+01
-6.424307299999999543e+01
-6.423045299999999713e+01
-6.421787299999999732e+01
-6.420534499999999412e+01
-6.419285600000000613e+01
-6.418040499999999327e+01
-6.416799899999999468e+01
-6.415563199999999711e+01
-6.414331099999999708e+01
-6.413102700000000311e+01
-6.411878199999999595e+01
-6.410657500000000653e+01
-6.409441400000000044e+01
-6.408229099999999789e+01
-6.407019800000000487e+01
-6.405815099999999518e+01
-6.404614300000000071e+01
-6.403417199999999809e+01
-6.402223999999999648e+01
-6.401033800000000440e+01
-6.399847799999999864e+01
-6.398665600000000353e+01
-6.397486500000000120e+01
-6.396311599999999942e+01
-6.395139700000000005e+01
-6.393971599999999711e+01
-6.392806999999999817e+01
-6.391645400000000166e+01
-6.390487699999999904e+01
-6.389333299999999838e+01
-6.388182100000000219e+01
-6.387034200000000084e+01
-6.385889800000000349e+01
-6.384748499999999893e+01
-6.383610500000000343e+01
-6.382475699999999819e+01
-6.381344200000000200e+01
-6.380215499999999906e+01
-6.379090099999999808e+01
-6.377967799999999698e+01
-6.376848600000000289e+01
-6.375732399999999700e+01
-6.374618900000000110e+01
-6.373508799999999752e+01
-6.372401399999999683e+01
-6.371296699999999902e+01
-6.370194999999999652e+01
-6.369096400000000102e+01
-6.368000399999999672e+01
-6.366907100000000241e+01
-6.365816900000000089e+01
-6.364728900000000067e+01
-6.363644000000000034e+01
-6.362561800000000289e+01
-6.361482199999999665e+01
-6.360405000000000086e+01
-6.359330400000000338e+01
-6.358258800000000122e+01
-6.357189199999999829e+01
-6.356122599999999778e+01
-6.355057899999999904e+01
-6.353996300000000019e+01
-6.352936600000000311e+01
-6.351879499999999723e+01
-6.350825100000000134e+01
-6.349772600000000011e+01
-6.348722500000000224e+01
-6.347674899999999809e+01
-6.346629300000000029e+01
-6.345586399999999827e+01
-6.344545399999999802e+01
-6.343506599999999906e+01
-6.342470200000000347e+01
-6.341435599999999795e+01
-6.340403400000000289e+01
-6.339372999999999791e+01
-6.338345000000000340e+01
-6.337319200000000308e+01
-6.336294900000000041e+01
-6.335273000000000110e+01
-6.334252899999999897e+01
-6.333234800000000320e+01
-6.332218600000000208e+01
-6.331204199999999815e+01
-6.330192199999999758e+01
-6.329181700000000177e+01
-6.328172699999999651e+01
-6.327165999999999713e+01
-6.326160800000000251e+01
-6.325157500000000255e+01
-6.324156200000000183e+01
-6.323156399999999877e+01
-6.322158100000000047e+01
-6.321161699999999684e+01
-6.320166799999999796e+01
-6.319173399999999674e+01
-6.318182000000000187e+01
-6.317192099999999755e+01
-6.316203300000000098e+01
-6.315216399999999908e+01
-6.314231099999999941e+01
-6.313247299999999740e+01
-6.312264600000000314e+01
-6.311283900000000102e+01
-6.310304299999999955e+01
-6.309326200000000284e+01
-6.308349199999999968e+01
-6.307373799999999875e+01
-6.306399900000000258e+01
-6.305427199999999743e+01
-6.304455600000000004e+01
-6.303485500000000030e+01
-6.302516599999999869e+01
-6.301548799999999773e+01
-6.300582099999999741e+01
-6.299616999999999933e+01
-6.298652599999999779e+01
-6.297689799999999849e+01
-6.296727800000000030e+01
-6.295766799999999819e+01
-6.294807099999999878e+01
-6.293848400000000254e+01
-6.292890899999999732e+01
-6.291934200000000033e+01
-6.290978599999999687e+01
-6.290023800000000165e+01
-6.289070099999999996e+01
-6.288117600000000351e+01
-6.287165499999999696e+01
-6.286214400000000069e+01
-6.285264600000000002e+01
-6.284315099999999887e+01
-6.283366800000000296e+01
-6.282419199999999648e+01
-6.281472399999999823e+01
-6.280526400000000109e+01
-6.279580700000000348e+01
-6.278636199999999690e+01
-6.277691999999999695e+01
-6.276749000000000223e+01
-6.275806399999999741e+01
-6.274864199999999670e+01
-6.273923099999999664e+01
-6.272982400000000069e+01
-6.272042100000000175e+01
-6.271102499999999935e+01
-6.270163300000000106e+01
-6.269224499999999978e+01
-6.268286499999999961e+01
-6.267348899999999645e+01
-6.266411599999999993e+01
-6.265475099999999742e+01
-6.264538600000000201e+01
-6.263602399999999903e+01
-6.262667100000000175e+01
-6.261731699999999989e+01
-6.260796700000000214e+01
-6.259862100000000140e+01
-6.258927899999999767e+01
-6.257993700000000104e+01
-6.257059900000000141e+01
-6.256125999999999721e+01
-6.255192600000000169e+01
-6.254259499999999861e+01
-6.253325999999999851e+01
-6.252393299999999954e+01
-6.251460300000000103e+01
-6.250527600000000206e+01
-6.249594900000000308e+01
-6.248661799999999999e+01
-6.247729100000000102e+01
-6.246796799999999905e+01
-6.245864100000000008e+01
-6.244930999999999699e+01
-6.243998299999999801e+01
-6.243065599999999904e+01
-6.242132600000000053e+01
-6.241199499999999745e+01
-6.240265999999999735e+01
-6.239332600000000184e+01
-6.238398699999999764e+01
-6.237464899999999801e+01
-6.236531099999999839e+01
-6.235596499999999764e+01
-6.234661899999999690e+01
-6.233726899999999915e+01
-6.232791499999999729e+01
-6.231855800000000301e+01
-6.230919999999999703e+01
-6.229983500000000163e+01
-6.229046600000000211e+01
-6.228109400000000306e+01
-6.227171299999999832e+01
-6.226233299999999815e+01
-6.225294499999999687e+01
-6.224354900000000157e+01
-6.223414999999999964e+01
-6.222474700000000070e+01
-6.221533600000000064e+01
-6.220591699999999946e+01
-6.219649499999999875e+01
-6.218706099999999992e+01
-6.217762400000000156e+01
-6.216817900000000208e+01
-6.215872600000000148e+01
-6.214926499999999976e+01
-6.213979700000000150e+01
-6.213031800000000260e+01
-6.212083400000000211e+01
-6.211133999999999844e+01
-6.210183299999999917e+01
-6.209231900000000337e+01
-6.208279799999999682e+01
-6.207326499999999925e+01
-6.206372100000000103e+01
-6.205416499999999758e+01
-6.204460100000000011e+01
-6.203502699999999948e+01
-6.202544000000000324e+01
-6.201584199999999925e+01
-6.200622899999999760e+01
-6.199660899999999941e+01
-6.198697299999999899e+01
-6.197732500000000044e+01
-6.196766699999999872e+01
-6.195799300000000187e+01
-6.194830300000000278e+01
-6.193860200000000304e+01
-6.192888599999999855e+01
-6.191915900000000050e+01
-6.190941200000000322e+01
-6.189965399999999818e+01
-6.188987699999999847e+01
-6.188008899999999812e+01
-6.187028099999999853e+01
-6.186045800000000128e+01
-6.185061600000000226e+01
-6.184075899999999848e+01
-6.183088699999999704e+01
-6.182099500000000347e+01
-6.181108499999999850e+01
-6.180115899999999840e+01
-6.179120999999999952e+01
-6.178124600000000299e+01
-6.177125900000000058e+01
-6.176125700000000052e+01
-6.175123200000000168e+01
-6.174118399999999696e+01
-6.173112100000000169e+01
-6.172103100000000353e+01
-6.171092600000000061e+01
-6.170079400000000192e+01
-6.169063899999999734e+01
-6.168046600000000268e+01
-6.167026899999999756e+01
-6.166004600000000124e+01
-6.164979900000000157e+01
-6.163953000000000060e+01
-6.162923399999999674e+01
-6.161891599999999869e+01
-6.160857000000000028e+01
-6.159820200000000057e+01
-6.158780300000000096e+01
-6.157737699999999847e+01
-6.156692900000000179e+01
-6.155644999999999811e+01
-6.154594399999999865e+01
-6.153540799999999678e+01
-6.152484100000000211e+01
-6.151424800000000204e+01
-6.150362400000000207e+01
-6.149296999999999969e+01
-6.148228499999999741e+01
-6.147156900000000235e+01
-6.146081900000000076e+01
-6.145003899999999675e+01
-6.143922400000000295e+01
-6.142837899999999962e+01
-6.141749599999999987e+01
-6.140658200000000022e+01
-6.139562999999999704e+01
-6.138464400000000154e+01
-6.137361899999999792e+01
-6.136256000000000199e+01
-6.135146300000000252e+01
-6.134032799999999952e+01
-6.132915500000000009e+01
-6.131794399999999712e+01
-6.130669000000000324e+01
-6.129539900000000330e+01
-6.128406499999999824e+01
-6.127268999999999721e+01
-6.126127199999999817e+01
-6.124981300000000317e+01
-6.123830800000000352e+01
-6.122676100000000332e+01
-6.121516400000000147e+01
-6.120352599999999654e+01
-6.119184099999999660e+01
-6.118010699999999957e+01
-6.116832699999999789e+01
-6.115649799999999914e+01
-6.114461899999999872e+01
-6.113268699999999711e+01
-6.112070800000000048e+01
-6.110867300000000313e+01
-6.109658799999999701e+01
-6.108444999999999681e+01
-6.107225799999999793e+01
-6.106000900000000087e+01
-6.104770299999999850e+01
-6.103533900000000045e+01
-6.102291900000000169e+01
-6.101044100000000014e+01
-6.099790200000000340e+01
-6.098530199999999724e+01
-6.097263699999999886e+01
-6.095991500000000229e+01
-6.094712400000000230e+01
-6.093426900000000046e+01
-6.092134899999999931e+01
-6.090836000000000183e+01
-6.089530599999999794e+01
-6.088217900000000071e+01
-6.086898000000000053e+01
-6.085571300000000150e+01
-6.084237300000000204e+01
-6.082895700000000261e+01
-6.081546399999999863e+01
-6.080189500000000180e+01
-6.078824600000000089e+01
-6.077452100000000002e+01
-6.076071199999999806e+01
-6.074682200000000165e+01
-6.073284900000000164e+01
-6.071878800000000354e+01
-6.070464299999999724e+01
-6.069040700000000044e+01
-6.067608299999999844e+01
-6.066166299999999723e+01
-6.064715600000000251e+01
-6.063254899999999736e+01
-6.061784699999999759e+01
-6.060304599999999908e+01
-6.058814600000000183e+01
-6.057314300000000173e+01
-6.055803300000000178e+01
-6.054281999999999897e+01
-6.052750000000000341e+01
-6.051206599999999725e+01
-6.049652100000000132e+01
-6.048086500000000143e+01
-6.046508800000000150e+01
-6.044919199999999648e+01
-6.043317799999999806e+01
-6.041703799999999802e+01
-6.040077200000000346e+01
-6.038437700000000063e+01
-6.036785100000000170e+01
-6.035119199999999751e+01
-6.033439599999999814e+01
-6.031745899999999949e+01
-6.030038100000000156e+01
-6.028315700000000277e+01
-6.026578500000000105e+01
-6.024826399999999893e+01
-6.023058699999999988e+01
-6.021274900000000230e+01
-6.019475200000000115e+01
-6.017658600000000035e+01
-6.015825699999999898e+01
-6.013975099999999685e+01
-6.012107100000000059e+01
-6.010221099999999694e+01
-6.008316399999999646e+01
-6.006393400000000327e+01
-6.004450599999999838e+01
-6.002488300000000265e+01
-6.000505400000000122e+01
-5.998502299999999821e+01
-5.996477900000000005e+01
-5.994431699999999807e+01
-5.992363399999999984e+01
-5.990272099999999966e+01
-5.988157700000000006e+01
-5.986019499999999738e+01
-5.983856600000000014e+01
-5.981668499999999966e+01
-5.979454400000000192e+01
-5.977214099999999775e+01
-5.974946599999999819e+01
-5.972651299999999708e+01
-5.970327400000000040e+01
-5.967974099999999993e+01
-5.965590300000000212e+01
-5.963175600000000287e+01
-5.960729200000000105e+01
-5.958249699999999649e+01
-5.955736499999999722e+01
-5.953188699999999756e+01
-5.950604599999999778e+01
-5.947984300000000246e+01
-5.945325900000000274e+01
-5.942628100000000302e+01
-5.939890299999999712e+01
-5.937111300000000114e+01
-5.934288800000000208e+01
-5.931422400000000295e+01
-5.928510299999999944e+01
-5.925551200000000307e+01
-5.922543300000000244e+01
-5.919485099999999989e+01
-5.916375000000000028e+01
-5.913211100000000187e+01
-5.909991099999999875e+01
-5.906713500000000039e+01
-5.903376399999999791e+01
-5.899977100000000263e+01
-5.896513699999999858e+01
-5.892983600000000166e+01
-5.889384499999999889e+01
-5.885713200000000001e+01
-5.881967199999999707e+01
-5.878143299999999982e+01
-5.874239000000000033e+01
-5.870250300000000010e+01
-5.866173599999999766e+01
-5.862005599999999816e+01
-5.857741899999999902e+01
-5.853378699999999668e+01
-5.848910899999999913e+01
-5.844334400000000329e+01
-5.839643900000000087e+01
-5.834833499999999873e+01
-5.829897700000000071e+01
-5.824830599999999947e+01
-5.819625099999999662e+01
-5.814274199999999837e+01
-5.808770400000000222e+01
-5.803105200000000252e+01
-5.797269399999999706e+01
-5.791254399999999691e+01
-5.785049099999999811e+01
-5.778642700000000332e+01
-5.772022199999999970e+01
-5.765175599999999889e+01
-5.758087900000000303e+01
-5.750743099999999686e+01
-5.743124799999999652e+01
-5.735213900000000109e+01
-5.726989400000000074e+01
-5.718428800000000223e+01
-5.709507399999999677e+01
-5.700196799999999797e+01
-5.690466700000000344e+01
-5.680282199999999904e+01
-5.669604900000000214e+01
-5.658391999999999911e+01
-5.646594199999999830e+01
-5.634157600000000343e+01
-5.621018600000000021e+01
-5.607106799999999680e+01
-5.592340099999999836e+01
-5.576624300000000289e+01
-5.559850699999999790e+01
-5.541891100000000137e+01
-5.522596399999999761e+01
-5.501789099999999877e+01
-5.479258300000000048e+01
-5.454749300000000289e+01
-5.427953699999999770e+01
-5.398491299999999882e+01
-5.365890900000000130e+01
-5.329558200000000312e+01
-5.288734800000000291e+01
-5.242433499999999924e+01
-5.189347800000000177e+01
-5.127709600000000023e+01
-5.055064800000000247e+01
-4.967909600000000125e+01
-4.861070600000000042e+01
-4.726603699999999719e+01
-4.551741799999999927e+01
-4.314870799999999917e+01
-3.977250699999999739e+01
-3.465299600000000169e+01
-2.617686700000000144e+01
-1.110861700000000063e+01
