9.810000000000000000e+02
0.000000000000000000e+00
1.960000000000000142e+01
-2.410994600000000053e-17
2.048767099999999886e+01
3.623513400000000217e+01
4.407204399999999822e+01
4.644098999999999933e+01
4.618680200000000013e+01
4.466417700000000224e+01
4.233740999999999843e+01
3.935776500000000055e+01
3.580090700000000226e+01
3.174141099999999938e+01
2.726932299999999998e+01
2.248762899999999831e+01
1.750416200000000089e+01
1.242311899999999980e+01
7.338211499999999887e+00
2.327896400000000199e+00
-2.547634599999999860e+00
-7.248382600000000231e+00
-1.175653800000000082e+01
-1.608475899999999825e+01
-2.032270099999999857e+01
-2.478103099999999870e+01
-2.974335699999999960e+01
-3.468374299999999977e+01
-3.948370400000000302e+01
-4.450234600000000285e+01
-5.004012699999999825e+01
-5.618854100000000074e+01
-6.274865299999999735e+01
-6.925384499999999832e+01
-7.518012199999999723e+01
-8.018263199999999813e+01
-8.416906699999999830e+01
-8.722913400000000195e+01
-8.953059399999999357e+01
-9.124721499999999708e+01
-9.252652000000000498e+01
-9.348251299999999731e+01
-9.419933299999999576e+01
-9.473786200000000690e+01
-9.514191399999999987e+01
-9.544316100000000347e+01
-9.566464200000000062e+01
-9.582334899999999323e+01
-9.593192299999999761e+01
-9.599990800000000490e+01
-9.603458399999999529e+01
-9.604160299999999495e+01
-9.602537499999999682e+01
-9.598939500000000180e+01
-9.593649299999999869e+01
-9.586894200000000410e+01
-9.578861999999999455e+01
-9.569709000000000287e+01
-9.559567300000000500e+01
-9.548548099999999295e+01
-9.536746999999999730e+01
-9.524247699999999384e+01
-9.511122899999999447e+01
-9.497437299999999993e+01
-9.483246599999999660e+01
-9.468602799999999320e+01
-9.453552200000000028e+01
-9.438135499999999922e+01
-9.422390699999999697e+01
-9.406352200000000607e+01
-9.390052000000000021e+01
-9.373517599999999561e+01
-9.356777200000000505e+01
-9.339855199999999513e+01
-9.322772999999999399e+01
-9.305551900000000387e+01
-9.288211099999999476e+01
-9.270768700000000706e+01
-9.253240999999999872e+01
-9.235643799999999715e+01
-9.217990100000000098e+01
-9.200293700000000285e+01
-9.182566799999999319e+01
-9.164820899999999426e+01
-9.147065000000000623e+01
-9.129309100000000399e+01
-9.111562299999999937e+01
-9.093833200000000261e+01
-9.076128400000000340e+01
-9.058455700000000377e+01
-9.040821099999999433e+01
-9.023229200000000105e+01
-9.005687700000000007e+01
-8.988199600000000089e+01
-8.970770299999999509e+01
-8.953403500000000292e+01
-8.936103099999999699e+01
-8.918873600000000579e+01
-8.901716600000000312e+01
-8.884635199999999600e+01
-8.867633100000000468e+01
-8.850711800000000551e+01
-8.833872999999999820e+01
-8.817119599999999480e+01
-8.800453199999999754e+01
-8.783874500000000296e+01
-8.767385899999999310e+01
-8.750987999999999545e+01
-8.734682499999999550e+01
-8.718469199999999830e+01
-8.702349900000000105e+01
-8.686325100000000532e+01
-8.670395700000000261e+01
-8.654560899999999890e+01
-8.638822899999999549e+01
-8.623181200000000501e+01
-8.607635500000000661e+01
-8.592186700000000599e+01
-8.576834900000000061e+01
-8.561579899999999554e+01
-8.546421800000000246e+01
-8.531360599999999295e+01
-8.516396299999999542e+01
-8.501528899999999567e+01
-8.486757699999999716e+01
-8.472083299999999895e+01
-8.457504299999999375e+01
-8.443021400000000654e+01
-8.428633899999999812e+01
-8.414341699999999946e+01
-8.400144199999999728e+01
-8.386041299999999410e+01
-8.372032900000000666e+01
-8.358117699999999672e+01
-8.344295499999999777e+01
-8.330566399999999305e+01
-8.316929600000000278e+01
-8.303385199999999600e+01
-8.289931500000000142e+01
-8.276569399999999632e+01
-8.263297300000000689e+01
-8.250115999999999872e+01
-8.237023200000000145e+01
-8.224019599999999741e+01
-8.211104600000000175e+01
-8.198278000000000532e+01
-8.185538499999999829e+01
-8.172885100000000591e+01
-8.160318800000000294e+01
-8.147838600000000042e+01
-8.135443100000000527e+01
-8.123132300000000328e+01
-8.110906199999999444e+01
-8.098763300000000243e+01
-8.086703500000000133e+01
-8.074726900000000285e+01
-8.062831900000000473e+01
-8.051018500000000699e+01
-8.039285999999999888e+01
-8.027633699999999806e+01
-8.016062200000000360e+01
-8.004569200000000251e+01
-7.993155699999999797e+01
-7.981819900000000700e+01
-7.970561999999999614e+01
-7.959381100000000231e+01
-7.948277299999999457e+01
-7.937249799999999311e+01
-7.926297800000000393e+01
-7.915421299999999860e+01
-7.904619599999999480e+01
-7.893891100000000449e+01
-7.883236700000000496e+01
-7.872655500000000472e+01
-7.862146799999999303e+01
-7.851710500000000081e+01
-7.841345200000000659e+01
-7.831051600000000690e+01
-7.820828199999999697e+01
-7.810675000000000523e+01
-7.800591300000000672e+01
-7.790576900000000649e+01
-7.780631300000000294e+01
-7.770753499999999292e+01
-7.760943600000000231e+01
-7.751200900000000615e+01
-7.741525300000000698e+01
-7.731915300000000002e+01
-7.722371699999999350e+01
-7.712892899999999941e+01
-7.703479000000000099e+01
-7.694129900000000077e+01
-7.684844200000000569e+01
-7.675622599999999807e+01
-7.666464200000000062e+01
-7.657367700000000355e+01
-7.648333700000000590e+01
-7.639361599999999441e+01
-7.630450399999999433e+01
-7.621600300000000061e+01
-7.612811299999999903e+01
-7.604080999999999335e+01
-7.595410900000000254e+01
-7.586800399999999911e+01
-7.578247799999999756e+01
-7.569754000000000360e+01
-7.561318199999999479e+01
-7.552939600000000553e+01
-7.544618199999999320e+01
-7.536354099999999789e+01
-7.528145600000000570e+01
-7.519992799999999988e+01
-7.511895800000000634e+01
-7.503853599999999346e+01
-7.495866399999999885e+01
-7.487933300000000258e+01
-7.480054499999999962e+01
-7.472229000000000099e+01
-7.464456900000000417e+01
-7.456736800000000187e+01
-7.449070000000000391e+01
-7.441454299999999478e+01
-7.433891300000000513e+01
-7.426378599999999608e+01
-7.418917799999999829e+01
-7.411506699999999626e+01
-7.404146599999999978e+01
-7.396835299999999336e+01
-7.389574399999999343e+01
-7.382362399999999525e+01
-7.375199100000000385e+01
-7.368084000000000344e+01
-7.361016800000000160e+01
-7.353997800000000495e+01
-7.347026800000000435e+01
-7.340101599999999848e+01
-7.333223700000000633e+01
-7.326392400000000293e+01
-7.319607499999999334e+01
-7.312867699999999616e+01
-7.306173699999999371e+01
-7.299523899999999799e+01
-7.292919899999999700e+01
-7.286360200000000020e+01
-7.279843900000000190e+01
-7.273371899999999357e+01
-7.266943399999999542e+01
-7.260558299999999576e+01
-7.254215999999999553e+01
-7.247915600000000325e+01
-7.241657999999999618e+01
-7.235442399999999452e+01
-7.229268600000000333e+01
-7.223136100000000681e+01
-7.217044099999999673e+01
-7.210993200000000058e+01
-7.204983500000000163e+01
-7.199012799999999856e+01
-7.193083199999999522e+01
-7.187192500000000450e+01
-7.181340799999999547e+01
-7.175528699999999560e+01
-7.169755600000000584e+01
-7.164020499999999458e+01
-7.158323699999999690e+01
-7.152664900000000614e+01
-7.147043600000000652e+01
-7.141459700000000055e+01
-7.135913100000000497e+01
-7.130403099999999483e+01
-7.124929799999999602e+01
-7.119493099999999686e+01
-7.114092300000000080e+01
-7.108727299999999616e+01
-7.103397400000000061e+01
-7.098103299999999649e+01
-7.092844399999999894e+01
-7.087619800000000225e+01
-7.082430300000000045e+01
-7.077274300000000551e+01
-7.072152699999999470e+01
-7.067065399999999897e+01
-7.062010999999999683e+01
-7.056990100000000155e+01
-7.052002000000000237e+01
-7.047046699999999930e+01
-7.042124200000000656e+01
-7.037234499999999571e+01
-7.032376100000000463e+01
-7.027550499999999545e+01
-7.022755399999999781e+01
-7.017992399999999975e+01
-7.013260699999999304e+01
-7.008559400000000039e+01
-7.003889499999999657e+01
-6.999249299999999607e+01
-6.994640400000000113e+01
-6.990060400000000129e+01
-6.985510999999999626e+01
-6.980991400000000624e+01
-6.976500699999999711e+01
-6.972038999999999476e+01
-6.967606399999999667e+01
-6.963203400000000443e+01
-6.958827999999999747e+01
-6.954481499999999983e+01
-6.950162500000000421e+01
-6.945871699999999294e+01
-6.941609200000000612e+01
-6.937373399999999890e+01
-6.933165700000000697e+01
-6.928984800000000632e+01
-6.924830599999999947e+01
-6.920703100000000063e+01
-6.916602299999999559e+01
-6.912527500000000202e+01
-6.908479300000000478e+01
-6.904457100000000480e+01
-6.900460099999999386e+01
-6.896488999999999692e+01
-6.892543000000000575e+01
-6.888622300000000109e+01
-6.884726700000000221e+01
-6.880855599999999583e+01
-6.877009599999999523e+01
-6.873188000000000386e+01
-6.869390099999999677e+01
-6.865616599999999892e+01
-6.861867499999999609e+01
-6.858141299999999774e+01
-6.854438799999999787e+01
-6.850759899999999902e+01
-6.847104600000000119e+01
-6.843471499999999708e+01
-6.839861299999999744e+01
-6.836274699999999882e+01
-6.832709499999999991e+01
-6.829167200000000548e+01
-6.825646999999999309e+01
-6.822148900000000538e+01
-6.818672200000000316e+01
-6.815217599999999720e+01
-6.811784400000000517e+01
-6.808372500000000116e+01
-6.804981200000000285e+01
-6.801611300000000426e+01
-6.798262800000000539e+01
-6.794934800000000052e+01
-6.791626700000000483e+01
-6.788339999999999463e+01
-6.785072300000000212e+01
-6.781825999999999510e+01
-6.778598800000000324e+01
-6.775391399999999464e+01
-6.772203799999999774e+01
-6.769036099999999578e+01
-6.765886700000000076e+01
-6.762757100000000321e+01
-6.759646600000000660e+01
-6.756555199999999672e+01
-6.753482099999999377e+01
-6.750427999999999429e+01
-6.747392299999999921e+01
-6.744374799999999937e+01
-6.741374999999999318e+01
-6.738393399999999644e+01
-6.735430100000000664e+01
-6.732484399999999880e+01
-6.729556300000000135e+01
-6.726646399999999915e+01
-6.723752600000000257e+01
-6.720877099999999871e+01
-6.718018299999999954e+01
-6.715176400000000001e+01
-6.712351200000000517e+01
-6.709542799999999829e+01
-6.706750499999999704e+01
-6.703975699999999449e+01
-6.701216100000000608e+01
-6.698473400000000311e+01
-6.695746599999999660e+01
-6.693035899999999572e+01
-6.690340399999999477e+01
-6.687660999999999945e+01
-6.684997599999999807e+01
-6.682348600000000260e+01
-6.679715699999999856e+01
-6.677098100000000613e+01
-6.674494900000000541e+01
-6.671907000000000210e+01
-6.669334399999999619e+01
-6.666776299999999367e+01
-6.664232599999999707e+01
-6.661703500000000133e+01
-6.659188799999999731e+01
-6.656687900000000013e+01
-6.654202300000000037e+01
-6.651729600000000175e+01
-6.649271400000000654e+01
-6.646826900000000649e+01
-6.644396199999999908e+01
-6.641979200000000105e+01
-6.639575999999999567e+01
-6.637185700000000566e+01
-6.634808300000000258e+01
-6.632444800000000384e+01
-6.630094099999999457e+01
-6.627756499999999562e+01
-6.625431799999999782e+01
-6.623120099999999866e+01
-6.620820600000000411e+01
-6.618534099999999398e+01
-6.616259800000000268e+01
-6.613998399999999833e+01
-6.611748500000000206e+01
-6.609511600000000442e+01
-6.607286100000000317e+01
-6.605072800000000655e+01
-6.602871700000000033e+01
-6.600682100000000219e+01
-6.598503900000000044e+01
-6.596337900000000332e+01
-6.594183300000000258e+01
-6.592039499999999919e+01
-6.589907800000000293e+01
-6.587786900000000401e+01
-6.585677300000000400e+01
-6.583579299999999535e+01
-6.581491099999999506e+01
-6.579414400000000285e+01
-6.577349100000000703e+01
-6.575293700000000285e+01
-6.573249099999999601e+01
-6.571215100000000575e+01
-6.569191700000000367e+01
-6.567178300000000490e+01
-6.565175600000000600e+01
-6.563183600000000695e+01
-6.561200700000000552e+01
-6.559228500000000395e+01
-6.557265499999999747e+01
-6.555313099999999338e+01
-6.553370700000000681e+01
-6.551437400000000366e+01
-6.549514000000000635e+01
-6.547599800000000414e+01
-6.545695499999999356e+01
-6.543800400000000650e+01
-6.541915099999999939e+01
-6.540038300000000504e+01
-6.538171400000000233e+01
-6.536312900000000070e+01
-6.534464300000000492e+01
-6.532624099999999601e+01
-6.530792200000000491e+01
-6.528970300000000293e+01
-6.527156100000000549e+01
-6.525351000000000568e+01
-6.523555000000000348e+01
-6.521766700000000583e+01
-6.519987500000000580e+01
-6.518216700000000685e+01
-6.516453599999999824e+01
-6.514698799999999324e+01
-6.512953199999999754e+01
-6.511214400000000069e+01
-6.509484100000000240e+01
-6.507762099999999350e+01
-6.506047800000000336e+01
-6.504341900000000010e+01
-6.502642799999999568e+01
-6.500952100000000655e+01
-6.499268299999999954e+01
-6.497592899999999361e+01
-6.495925099999999475e+01
-6.494264200000000642e+01
-6.492610899999999674e+01
-6.490965300000000582e+01
-6.489326499999999953e+01
-6.487694500000000630e+01
-6.486070300000000088e+01
-6.484453600000000506e+01
-6.482842999999999734e+01
-6.481240099999999416e+01
-6.479644000000000403e+01
-6.478054000000000201e+01
-6.476471700000000453e+01
-6.474896200000000590e+01
-6.473326900000000705e+01
-6.471764400000000705e+01
-6.470207999999999515e+01
-6.468659200000000453e+01
-6.467115800000000547e+01
-6.465579200000000526e+01
-6.464049500000000137e+01
-6.462525200000000325e+01
-6.461007700000000398e+01
-6.459496300000000701e+01
-6.457990999999999815e+01
-6.456491900000000328e+01
-6.454998799999999903e+01
-6.453511000000000308e+01
-6.452030200000000093e+01
-6.450554700000000707e+01
-6.449085200000000384e+01
-6.447621900000000039e+01
-6.446163199999999449e+01
-6.444711300000000165e+01
-6.443264800000000037e+01
-6.441823599999999317e+01
-6.440387699999999427e+01
-6.438957999999999515e+01
-6.437532799999999611e+01
-6.436113699999999938e+01
-6.434699999999999420e+01
-6.433291599999999733e+01
-6.431887799999999800e+01
-6.430489300000000696e+01
-6.429097000000000151e+01
-6.427709199999999612e+01
-6.426326000000000249e+01
-6.424948100000000295e+01
-6.423575599999999497e+01
-6.422207600000000127e+01
-6.420844300000000260e+01
-6.419486200000000053e+01
-6.418132799999999349e+01
-6.416784699999999475e+01
-6.415440399999999954e+01
-6.414101399999999842e+01
-6.412766999999999484e+01
-6.411436500000000649e+01
-6.410111200000000053e+01
-6.408790600000000381e+01
-6.407473799999999642e+01
-6.406161500000000331e+01
-6.404853799999999353e+01
-6.403550699999999551e+01
-6.402252199999999505e+01
-6.400956700000000410e+01
-6.399666599999999761e+01
-6.398380300000000176e+01
-6.397098199999999935e+01
-6.395819900000000047e+01
-6.394545699999999755e+01
-6.393275799999999975e+01
-6.392009699999999839e+01
-6.390747799999999756e+01
-6.389489700000000028e+01
-6.388235499999999689e+01
-6.386984999999999957e+01
-6.385738400000000325e+01
-6.384495499999999879e+01
-6.383256099999999833e+01
-6.382021000000000299e+01
-6.380789200000000250e+01
-6.379560899999999890e+01
-6.378336300000000136e+01
-6.377115200000000073e+01
-6.375898000000000110e+01
-6.374683799999999678e+01
-6.373473400000000311e+01
-6.372265999999999764e+01
-6.371062100000000328e+01
-6.369861600000000124e+01
-6.368664600000000320e+01
-6.367470900000000000e+01
-6.366279999999999717e+01
-6.365092800000000040e+01
-6.363908399999999688e+01
-6.362727399999999989e+01
-6.361549399999999821e+01
-6.360374500000000353e+01
-6.359202599999999705e+01
-6.358033799999999758e+01
-6.356868000000000052e+01
-6.355704899999999924e+01
-6.354544800000000038e+01
-6.353387800000000141e+01
-6.352233499999999822e+01
-6.351082199999999744e+01
-6.349933200000000255e+01
-6.348787300000000045e+01
-6.347644400000000076e+01
-6.346503799999999984e+01
-6.345365900000000181e+01
-6.344230699999999956e+01
-6.343098100000000272e+01
-6.341968200000000166e+01
-6.340840899999999891e+01
-6.339715999999999951e+01
-6.338593300000000141e+01
-6.337473299999999909e+01
-6.336355999999999966e+01
-6.335240600000000200e+01
-6.334127800000000263e+01
-6.333017300000000205e+01
-6.331909199999999771e+01
-6.330803699999999878e+01
-6.329699699999999751e+01
-6.328598399999999913e+01
-6.327499399999999952e+01
-6.326402300000000167e+01
-6.325307500000000260e+01
-6.324214899999999773e+01
-6.323123900000000219e+01
-6.322035600000000244e+01
-6.320948800000000034e+01
-6.319864299999999702e+01
-6.318781700000000257e+01
-6.317701000000000278e+01
-6.316622499999999718e+01
-6.315545699999999840e+01
-6.314470699999999681e+01
-6.313397599999999699e+01
-6.312326000000000192e+01
-6.311256800000000311e+01
-6.310188699999999784e+01
-6.309122800000000097e+01
-6.308058499999999924e+01
-6.306995799999999974e+01
-6.305934899999999743e+01
-6.304875599999999736e+01
-6.303817699999999746e+01
-6.302761499999999728e+01
-6.301706699999999728e+01
-6.300653799999999904e+01
-6.299602099999999893e+01
-6.298551899999999648e+01
-6.297503300000000337e+01
-6.296455799999999670e+01
-6.295410199999999890e+01
-6.294365700000000174e+01
-6.293322400000000272e+01
-6.292280600000000135e+01
-6.291239900000000063e+01
-6.290200399999999803e+01
-6.289162400000000019e+01
-6.288125600000000048e+01
-6.287089900000000142e+01
-6.286055400000000049e+01
-6.285022000000000020e+01
-6.283989700000000056e+01
-6.282958599999999905e+01
-6.281928299999999865e+01
-6.280899399999999844e+01
-6.279871399999999682e+01
-6.278844099999999884e+01
-6.277817900000000151e+01
-6.276792900000000230e+01
-6.275768699999999711e+01
-6.274745200000000267e+01
-6.273722500000000224e+01
-6.272700900000000246e+01
-6.271680099999999669e+01
-6.270660000000000167e+01
-6.269640700000000066e+01
-6.268621799999999666e+01
-6.267604099999999789e+01
-6.266586699999999865e+01
-6.265570400000000006e+01
-6.264554199999999895e+01
-6.263539099999999848e+01
-6.262524400000000213e+01
-6.261510100000000278e+01
-6.260496499999999997e+01
-6.259483300000000128e+01
-6.258470899999999659e+01
-6.257458499999999901e+01
-6.256446799999999797e+01
-6.255435599999999852e+01
-6.254424699999999859e+01
-6.253414200000000278e+01
-6.252403600000000239e+01
-6.251393900000000059e+01
-6.250384100000000132e+01
-6.249374799999999652e+01
-6.248365799999999837e+01
-6.247356800000000021e+01
-6.246347800000000206e+01
-6.245339200000000091e+01
-6.244330599999999976e+01
-6.243322400000000272e+01
-6.242314100000000110e+01
-6.241305499999999995e+01
-6.240297300000000291e+01
-6.239289099999999877e+01
-6.238280900000000173e+01
-6.237272600000000011e+01
-6.236263999999999896e+01
-6.235255399999999781e+01
-6.234246799999999666e+01
-6.233238200000000262e+01
-6.232229199999999736e+01
-6.231219899999999967e+01
-6.230210499999999740e+01
-6.229200699999999813e+01
-6.228190599999999932e+01
-6.227180100000000351e+01
-6.226169600000000059e+01
-6.225158299999999656e+01
-6.224146999999999963e+01
-6.223134999999999906e+01
-6.222122600000000148e+01
-6.221109799999999979e+01
-6.220096199999999698e+01
-6.219082300000000174e+01
-6.218067899999999781e+01
-6.217052499999999782e+01
-6.216037000000000035e+01
-6.215020400000000222e+01
-6.214003399999999999e+01
-6.212985199999999963e+01
-6.211966699999999975e+01
-6.210947399999999874e+01
-6.209927400000000119e+01
-6.208906199999999842e+01
-6.207884200000000163e+01
-6.206861500000000120e+01
-6.205837600000000265e+01
-6.204813000000000045e+01
-6.203787200000000013e+01
-6.202760700000000327e+01
-6.201732599999999707e+01
-6.200703800000000143e+01
-6.199673800000000057e+01
-6.198642699999999905e+01
-6.197610099999999989e+01
-6.196576699999999960e+01
-6.195541800000000165e+01
-6.194505699999999848e+01
-6.193468099999999765e+01
-6.192429400000000328e+01
-6.191389099999999956e+01
-6.190347700000000231e+01
-6.189304400000000328e+01
-6.188259899999999902e+01
-6.187213899999999711e+01
-6.186166000000000054e+01
-6.185117000000000331e+01
-6.184065999999999974e+01
-6.183013199999999898e+01
-6.181959200000000010e+01
-6.180902900000000244e+01
-6.179845000000000255e+01
-6.178785299999999836e+01
-6.177723699999999951e+01
-6.176660199999999890e+01
-6.175594699999999904e+01
-6.174527400000000199e+01
-6.173458099999999860e+01
-6.172386600000000101e+01
-6.171312700000000007e+01
-6.170237000000000194e+01
-6.169158900000000045e+01
-6.168079000000000178e+01
-6.166996400000000023e+01
-6.165911499999999990e+01
-6.164824300000000079e+01
-6.163734800000000291e+01
-6.162642699999999962e+01
-6.161548200000000008e+01
-6.160451100000000224e+01
-6.159351300000000151e+01
-6.158248900000000248e+01
-6.157143800000000056e+01
-6.156036000000000286e+01
-6.154925500000000227e+01
-6.153811999999999927e+01
-6.152695800000000048e+01
-6.151576200000000227e+01
-6.150453900000000118e+01
-6.149328599999999767e+01
-6.148200200000000137e+01
-6.147068800000000266e+01
-6.145933899999999994e+01
-6.144796000000000191e+01
-6.143654300000000035e+01
-6.142509499999999889e+01
-6.141361200000000053e+01
-6.140209600000000023e+01
-6.139054099999999892e+01
-6.137895199999999818e+01
-6.136732899999999802e+01
-6.135566299999999984e+01
-6.134396000000000271e+01
-6.133222200000000157e+01
-6.132044199999999989e+01
-6.130861999999999767e+01
-6.129676099999999650e+01
-6.128485899999999731e+01
-6.127291100000000057e+01
-6.126092500000000030e+01
-6.124889399999999995e+01
-6.123682000000000158e+01
-6.122469699999999904e+01
-6.121253200000000305e+01
-6.120031699999999830e+01
-6.118805700000000058e+01
-6.117575099999999821e+01
-6.116339099999999718e+01
-6.115098600000000317e+01
-6.113852700000000340e+01
-6.112601899999999944e+01
-6.111345699999999681e+01
-6.110084200000000010e+01
-6.108816900000000061e+01
-6.107544699999999693e+01
-6.106266399999999805e+01
-6.104982799999999799e+01
-6.103692999999999813e+01
-6.102397500000000008e+01
-6.101096299999999673e+01
-6.099788699999999864e+01
-6.098474900000000076e+01
-6.097155000000000058e+01
-6.095828199999999697e+01
-6.094495400000000274e+01
-6.093155699999999797e+01
-6.091809099999999688e+01
-6.090455999999999648e+01
-6.089095700000000022e+01
-6.087728100000000353e+01
-6.086353700000000089e+01
-6.084971600000000080e+01
-6.083581900000000076e+01
-6.082184600000000074e+01
-6.080779600000000329e+01
-6.079366699999999923e+01
-6.077946099999999774e+01
-6.076516699999999815e+01
-6.075079300000000160e+01
-6.073633199999999732e+01
-6.072178600000000159e+01
-6.070715299999999814e+01
-6.069242899999999707e+01
-6.067761200000000343e+01
-6.066270099999999843e+01
-6.064769700000000086e+01
-6.063259899999999902e+01
-6.061739699999999686e+01
-6.060210000000000008e+01
-6.058669700000000091e+01
-6.057119000000000142e+01
-6.055557999999999907e+01
-6.053985999999999734e+01
-6.052402899999999875e+01
-6.050808299999999917e+01
-6.049202300000000321e+01
-6.047584899999999664e+01
-6.045955699999999666e+01
-6.044313799999999759e+01
-6.042659799999999848e+01
-6.040993100000000027e+01
-6.039313500000000090e+01
-6.037620499999999879e+01
-6.035914199999999852e+01
-6.034194200000000308e+01
-6.032459999999999667e+01
-6.030711399999999855e+01
-6.028948199999999957e+01
-6.027170199999999767e+01
-6.025376899999999836e+01
-6.023568000000000211e+01
-6.021743000000000023e+01
-6.019901999999999731e+01
-6.018043899999999979e+01
-6.016169000000000011e+01
-6.014276900000000126e+01
-6.012366899999999958e+01
-6.010438500000000062e+01
-6.008491500000000229e+01
-6.006525400000000303e+01
-6.004539900000000330e+01
-6.002534099999999739e+01
-6.000508099999999700e+01
-5.998461199999999849e+01
-5.996392800000000278e+01
-5.994302400000000119e+01
-5.992189400000000177e+01
-5.990053600000000245e+01
-5.987893700000000052e+01
-5.985709800000000058e+01
-5.983501100000000150e+01
-5.981266800000000217e+01
-5.979006199999999893e+01
-5.976718499999999779e+01
-5.974403399999999920e+01
-5.972059999999999746e+01
-5.969687299999999652e+01
-5.967284800000000189e+01
-5.964851800000000281e+01
-5.962386699999999706e+01
-5.959889199999999931e+01
-5.957358200000000181e+01
-5.954793200000000297e+01
-5.952192300000000103e+01
-5.949554799999999943e+01
-5.946880000000000166e+01
-5.944166599999999789e+01
-5.941413099999999758e+01
-5.938618499999999756e+01
-5.935781099999999810e+01
-5.932900200000000268e+01
-5.929973999999999990e+01
-5.927001200000000125e+01
-5.923979899999999787e+01
-5.920909100000000080e+01
-5.917786399999999958e+01
-5.914610700000000065e+01
-5.911379199999999656e+01
-5.908091000000000292e+01
-5.904743200000000058e+01
-5.901334399999999647e+01
-5.897861499999999779e+01
-5.894322999999999979e+01
-5.890715399999999846e+01
-5.887036899999999662e+01
-5.883284400000000147e+01
-5.879454400000000192e+01
-5.875544699999999665e+01
-5.871551500000000345e+01
-5.867471299999999701e+01
-5.863300300000000220e+01
-5.859034700000000129e+01
-5.854670300000000083e+01
-5.850202900000000028e+01
-5.845627199999999846e+01
-5.840938899999999734e+01
-5.836131999999999920e+01
-5.831200799999999873e+01
-5.826139500000000027e+01
-5.820941499999999991e+01
-5.815599399999999974e+01
-5.810105899999999934e+01
-5.804452899999999715e+01
-5.798631300000000266e+01
-5.792631899999999945e+01
-5.786444900000000047e+01
-5.780058700000000016e+01
-5.773461199999999849e+01
-5.766640100000000047e+01
-5.759580600000000317e+01
-5.752267499999999956e+01
-5.744684199999999663e+01
-5.736811800000000261e+01
-5.728630100000000169e+01
-5.720116800000000268e+01
-5.711247300000000138e+01
-5.701994299999999782e+01
-5.692327900000000085e+01
-5.682213600000000042e+01
-5.671614100000000036e+01
-5.660487400000000235e+01
-5.648785399999999868e+01
-5.636454799999999921e+01
-5.623434100000000058e+01
-5.609654199999999946e+01
-5.595035599999999931e+01
-5.579486099999999738e+01
-5.562899000000000171e+01
-5.545151500000000055e+01
-5.526097099999999784e+01
-5.505564900000000250e+01
-5.483349599999999668e+01
-5.459205999999999648e+01
-5.432835399999999737e+01
-5.403871900000000039e+01
-5.371863199999999949e+01
-5.336238900000000029e+01
-5.296273399999999754e+01
-5.251026499999999686e+01
-5.199256499999999903e+01
-5.139291000000000054e+01
-5.068818699999999922e+01
-4.984558499999999981e+01
-4.881694399999999945e+01
-4.752887700000000137e+01
-4.586443700000000234e+01
-4.362754100000000079e+01
-4.047032899999999955e+01
-3.573908999999999736e+01
-2.807060099999999991e+01
-1.423694399999999938e+01
