8.630000000000000000e+02
0.000000000000000000e+00
1.723999999999999844e+01
-7.833360699999999552e-18
2.048480400000000046e+01
3.622899999999999920e+01
4.406550200000000217e+01
4.643763400000000274e+01
4.618903000000000247e+01
4.467327499999999674e+01
4.235397300000000342e+01
3.938185899999999862e+01
3.583212999999999937e+01
3.177896300000000096e+01
2.731211700000000064e+01
2.253441199999999967e+01
1.755364600000000053e+01
1.247409099999999960e+01
7.389609300000000047e+00
2.378861899999999974e+00
-2.497725200000000090e+00
-7.199900200000000083e+00
-1.170956800000000086e+01
-1.603890399999999872e+01
-2.027610999999999919e+01
-2.472871800000000064e+01
-2.968665899999999880e+01
-3.462877300000000247e+01
-3.942726900000000256e+01
-4.443958299999999895e+01
-4.996765899999999760e+01
-5.610576199999999858e+01
-6.265876399999999791e+01
-6.916284899999999425e+01
-7.509374200000000599e+01
-8.010395800000000577e+01
-8.409842700000000093e+01
-8.716513100000000236e+01
-8.947122199999999737e+01
-9.119050599999999918e+01
-9.247081000000000017e+01
-9.342646000000000583e+01
-9.414190700000000334e+01
-9.467823799999999324e+01
-9.507945300000000088e+01
-9.537731899999999996e+01
-9.559499399999999980e+01
-9.574951199999999574e+01
-9.585356099999999913e+01
-9.591672499999999957e+01
-9.594632000000000005e+01
-9.594801300000000310e+01
-9.592622400000000482e+01
-9.588449099999999703e+01
-9.582562299999999311e+01
-9.575193000000000154e+01
-9.566530600000000106e+01
-9.556731399999999610e+01
-9.545928200000000174e+01
-9.534233899999999551e+01
-9.521746100000000013e+01
-9.508548000000000400e+01
-9.494714399999999443e+01
-9.480310099999999807e+01
-9.465392300000000603e+01
-9.450013699999999517e+01
-9.434220899999999688e+01
-9.418056500000000142e+01
-9.401558699999999646e+01
-9.384762600000000532e+01
-9.367700999999999567e+01
-9.350403599999999926e+01
-9.332896399999999915e+01
-9.315206100000000333e+01
-9.297354900000000555e+01
-9.279364800000000457e+01
-9.261254900000000134e+01
-9.243044299999999680e+01
-9.224748999999999910e+01
-9.206385799999999620e+01
-9.187969200000000569e+01
-9.169512199999999780e+01
-9.151026899999999387e+01
-9.132525599999999599e+01
-9.114018199999999581e+01
-9.095515399999999318e+01
-9.077026399999999740e+01
-9.058558700000000385e+01
-9.040119900000000541e+01
-9.021718599999999810e+01
-9.003360000000000696e+01
-8.985050200000000586e+01
-8.966796100000000536e+01
-8.948601499999999476e+01
-8.930471000000000004e+01
-8.912409999999999854e+01
-8.894421400000000233e+01
-8.876509099999999819e+01
-8.858676099999999565e+01
-8.840926399999999319e+01
-8.823261300000000062e+01
-8.805683899999999653e+01
-8.788195799999999736e+01
-8.770799999999999841e+01
-8.753498100000000193e+01
-8.736290700000000697e+01
-8.719180299999999306e+01
-8.702167500000000189e+01
-8.685253899999999305e+01
-8.668440200000000573e+01
-8.651726499999999476e+01
-8.635115100000000155e+01
-8.618604999999999450e+01
-8.602197300000000268e+01
-8.585893199999999581e+01
-8.569691500000000417e+01
-8.553594200000000569e+01
-8.537599899999999309e+01
-8.521709400000000301e+01
-8.505922700000000702e+01
-8.490240500000000168e+01
-8.474661299999999642e+01
-8.459185800000000199e+01
-8.443813299999999344e+01
-8.428544599999999321e+01
-8.413378099999999904e+01
-8.398314700000000244e+01
-8.383354199999999423e+01
-8.368495199999999556e+01
-8.353737599999999475e+01
-8.339081600000000094e+01
-8.324526199999999676e+01
-8.310071600000000558e+01
-8.295716899999999328e+01
-8.281461299999999426e+01
-8.267305000000000348e+01
-8.253247100000000103e+01
-8.239287600000000111e+01
-8.225424999999999898e+01
-8.211659199999999714e+01
-8.197990400000000477e+01
-8.184417000000000542e+01
-8.170939599999999814e+01
-8.157556200000000501e+01
-8.144267299999999921e+01
-8.131071500000000185e+01
-8.117968799999999874e+01
-8.104959100000000660e+01
-8.092040299999999320e+01
-8.079213699999999676e+01
-8.066477199999999925e+01
-8.053830700000000320e+01
-8.041274300000000608e+01
-8.028806299999999396e+01
-8.016426800000000696e+01
-8.004134399999999516e+01
-7.991929600000000278e+01
-7.979811100000000579e+01
-7.967778800000000672e+01
-7.955831899999999735e+01
-7.943969699999999534e+01
-7.932191500000000417e+01
-7.920497100000000046e+01
-7.908885200000000282e+01
-7.897356399999999610e+01
-7.885909300000000144e+01
-7.874542999999999893e+01
-7.863257600000000025e+01
-7.852052299999999718e+01
-7.840927100000000394e+01
-7.829879800000000500e+01
-7.818911699999999598e+01
-7.808021499999999548e+01
-7.797208399999999529e+01
-7.786472299999999791e+01
-7.775811799999999607e+01
-7.765227500000000305e+01
-7.754717999999999734e+01
-7.744283299999999315e+01
-7.733922599999999647e+01
-7.723635099999999909e+01
-7.713420899999999847e+01
-7.703279100000000312e+01
-7.693209099999999978e+01
-7.683210800000000518e+01
-7.673282600000000286e+01
-7.663425399999999854e+01
-7.653637700000000166e+01
-7.643919400000000053e+01
-7.634269700000000114e+01
-7.624688700000000097e+01
-7.615175600000000600e+01
-7.605729700000000548e+01
-7.596350900000000195e+01
-7.587037700000000484e+01
-7.577790799999999649e+01
-7.568609600000000626e+01
-7.559493299999999749e+01
-7.550440999999999292e+01
-7.541452800000000423e+01
-7.532527899999999477e+01
-7.523666400000000465e+01
-7.514866600000000574e+01
-7.506129500000000121e+01
-7.497454100000000210e+01
-7.488840500000000588e+01
-7.480286399999999958e+01
-7.471793399999999963e+01
-7.463359800000000632e+01
-7.454985800000000040e+01
-7.446671299999999860e+01
-7.438414799999999616e+01
-7.430216199999999560e+01
-7.422075700000000609e+01
-7.413992299999999602e+01
-7.405965399999999477e+01
-7.397995000000000232e+01
-7.390081000000000699e+01
-7.382222699999999804e+01
-7.374419399999999314e+01
-7.366670200000000079e+01
-7.358975999999999829e+01
-7.351335899999999413e+01
-7.343749200000000599e+01
-7.336215199999999470e+01
-7.328734599999999944e+01
-7.321305800000000374e+01
-7.313929699999999912e+01
-7.306604799999999500e+01
-7.299331700000000467e+01
-7.292108899999999494e+01
-7.284936500000000592e+01
-7.277814499999999498e+01
-7.270741999999999905e+01
-7.263718400000000486e+01
-7.256744399999999473e+01
-7.249819200000000308e+01
-7.242941999999999325e+01
-7.236113000000000284e+01
-7.229331200000000024e+01
-7.222596699999999714e+01
-7.215908799999999701e+01
-7.209268199999999638e+01
-7.202672599999999647e+01
-7.196123500000000206e+01
-7.189620200000000239e+01
-7.183161900000000344e+01
-7.176747899999999447e+01
-7.170378900000000044e+01
-7.164054099999999892e+01
-7.157772799999999336e+01
-7.151534999999999798e+01
-7.145340000000000202e+01
-7.139188400000000456e+01
-7.133079499999999484e+01
-7.127011899999999400e+01
-7.120986899999999764e+01
-7.115003199999999595e+01
-7.109061400000000219e+01
-7.103160099999999488e+01
-7.097299200000000496e+01
-7.091478700000000401e+01
-7.085698700000000372e+01
-7.079958299999999838e+01
-7.074256900000000314e+01
-7.068595100000000286e+01
-7.062971500000000447e+01
-7.057387500000000102e+01
-7.051841000000000292e+01
-7.046332599999999502e+01
-7.040862300000000573e+01
-7.035429399999999589e+01
-7.030033099999999990e+01
-7.024674199999999757e+01
-7.019351199999999835e+01
-7.014064799999999877e+01
-7.008814999999999884e+01
-7.003600299999999379e+01
-6.998421500000000606e+01
-6.993277700000000152e+01
-6.988168299999999533e+01
-6.983094800000000646e+01
-6.978054799999999602e+01
-6.973049199999999814e+01
-6.968077900000000113e+01
-6.963139300000000276e+01
-6.958235200000000020e+01
-6.953363000000000227e+01
-6.948524500000000614e+01
-6.943718699999999444e+01
-6.938944999999999652e+01
-6.934203300000000070e+01
-6.929493700000000445e+01
-6.924816099999999608e+01
-6.920169099999999673e+01
-6.915554000000000201e+01
-6.910969500000000210e+01
-6.906415599999999699e+01
-6.901892100000000596e+01
-6.897399099999999805e+01
-6.892935900000000515e+01
-6.888502499999999884e+01
-6.884098799999999585e+01
-6.879724099999999964e+01
-6.875378399999999601e+01
-6.871061699999999917e+01
-6.866773200000000088e+01
-6.862513699999999517e+01
-6.858282499999999970e+01
-6.854078699999999458e+01
-6.849903100000000222e+01
-6.845754200000000367e+01
-6.841633600000000115e+01
-6.837539700000000664e+01
-6.833472399999999425e+01
-6.829431900000000155e+01
-6.825418100000000265e+01
-6.821430999999999756e+01
-6.817468999999999824e+01
-6.813532999999999618e+01
-6.809623000000000559e+01
-6.805738800000000310e+01
-6.801879099999999312e+01
-6.798044600000000059e+01
-6.794235199999999963e+01
-6.790450300000000539e+01
-6.786689800000000616e+01
-6.782953600000000449e+01
-6.779241899999999532e+01
-6.775553100000000484e+01
-6.771888699999999517e+01
-6.768247999999999820e+01
-6.764630099999999402e+01
-6.761035200000000600e+01
-6.757463799999999310e+01
-6.753914600000000235e+01
-6.750388300000000186e+01
-6.746884900000000584e+01
-6.743402899999999534e+01
-6.739942899999999781e+01
-6.736505099999999402e+01
-6.733089400000000069e+01
-6.729695100000000707e+01
-6.726321400000000494e+01
-6.722969100000000253e+01
-6.719638100000000236e+01
-6.716328400000000443e+01
-6.713038600000000145e+01
-6.709769400000000417e+01
-6.706520799999999838e+01
-6.703292100000000175e+01
-6.700083200000000261e+01
-6.696894799999999748e+01
-6.693725600000000497e+01
-6.690575400000000172e+01
-6.687445800000000418e+01
-6.684334599999999682e+01
-6.681242399999999293e+01
-6.678169300000000419e+01
-6.675114399999999648e+01
-6.672078700000000140e+01
-6.669061299999999903e+01
-6.666062200000000360e+01
-6.663081400000000087e+01
-6.660118099999999686e+01
-6.657173199999999724e+01
-6.654245799999999633e+01
-6.651335100000000011e+01
-6.648442799999999409e+01
-6.645567300000000444e+01
-6.642708600000000274e+01
-6.639867399999999975e+01
-6.637042999999999893e+01
-6.634235400000000027e+01
-6.631443799999999555e+01
-6.628668999999999301e+01
-6.625910199999999861e+01
-6.623167399999999816e+01
-6.620440700000000334e+01
-6.617729900000000498e+01
-6.615035199999999804e+01
-6.612355800000000272e+01
-6.609691599999999312e+01
-6.607042699999999513e+01
-6.604409800000000530e+01
-6.601791400000000465e+01
-6.599187499999999318e+01
-6.596598799999999585e+01
-6.594025399999999593e+01
-6.591465800000000286e+01
-6.588920600000000150e+01
-6.586389900000000353e+01
-6.583873699999999474e+01
-6.581371300000000701e+01
-6.578883399999999426e+01
-6.576408399999999688e+01
-6.573947900000000288e+01
-6.571500399999999331e+01
-6.569066599999999312e+01
-6.566646599999999978e+01
-6.564239499999999339e+01
-6.561845399999999984e+01
-6.559464300000000492e+01
-6.557096099999999694e+01
-6.554740900000000181e+01
-6.552398700000000531e+01
-6.550068699999999922e+01
-6.547750899999999774e+01
-6.545445999999999742e+01
-6.543152600000000518e+01
-6.540872199999999737e+01
-6.538603200000000015e+01
-6.536346399999999335e+01
-6.534101900000000285e+01
-6.531868699999999706e+01
-6.529647099999999682e+01
-6.527436799999999550e+01
-6.525238000000000227e+01
-6.523051499999999692e+01
-6.520874799999999993e+01
-6.518710299999999336e+01
-6.516556500000000085e+01
-6.514413500000000568e+01
-6.512281000000000120e+01
-6.510159299999999405e+01
-6.508048999999999751e+01
-6.505948600000000681e+01
-6.503858900000000176e+01
-6.501779200000000003e+01
-6.499710100000000068e+01
-6.497651700000000119e+01
-6.495602399999999932e+01
-6.493563799999999731e+01
-6.491534400000000460e+01
-6.489515699999999754e+01
-6.487506100000000231e+01
-6.485506399999999871e+01
-6.483515900000000443e+01
-6.481535300000000177e+01
-6.479563899999999421e+01
-6.477601599999999848e+01
-6.475649300000000608e+01
-6.473705300000000307e+01
-6.471770499999999515e+01
-6.469844799999999907e+01
-6.467927600000000155e+01
-6.466019400000000417e+01
-6.464120499999999936e+01
-6.462229899999999816e+01
-6.460347699999999804e+01
-6.458473999999999648e+01
-6.456608599999999853e+01
-6.454751600000000167e+01
-6.452903000000000588e+01
-6.451062000000000296e+01
-6.449229400000000112e+01
-6.447405200000000036e+01
-6.445588700000000415e+01
-6.443779800000000080e+01
-6.441979200000000105e+01
-6.440185499999999763e+01
-6.438400300000000698e+01
-6.436622599999999750e+01
-6.434851799999999855e+01
-6.433088700000000415e+01
-6.431333200000000261e+01
-6.429584499999999991e+01
-6.427843500000000176e+01
-6.426109300000000246e+01
-6.424382799999999349e+01
-6.422662400000000105e+01
-6.420949600000000146e+01
-6.419243600000000072e+01
-6.417543799999999976e+01
-6.415851600000000587e+01
-6.414165500000000009e+01
-6.412486300000000483e+01
-6.410813100000000020e+01
-6.409146900000000358e+01
-6.407487500000000580e+01
-6.405833400000000211e+01
-6.404186199999999474e+01
-6.402545200000000136e+01
-6.400910199999999861e+01
-6.399281700000000228e+01
-6.397658899999999704e+01
-6.396042299999999869e+01
-6.394431300000000107e+01
-6.392826500000000323e+01
-6.391227299999999900e+01
-6.389633899999999755e+01
-6.388045900000000188e+01
-6.386463899999999683e+01
-6.384887299999999755e+01
-6.383315999999999946e+01
-6.381750499999999704e+01
-6.380189899999999881e+01
-6.378634999999999877e+01
-6.377085499999999740e+01
-6.375540900000000022e+01
-6.374001299999999759e+01
-6.372467000000000326e+01
-6.370938100000000048e+01
-6.369413800000000236e+01
-6.367894400000000132e+01
-6.366380300000000148e+01
-6.364870499999999964e+01
-6.363365900000000153e+01
-6.361865600000000143e+01
-6.360370300000000299e+01
-6.358879499999999751e+01
-6.357393299999999670e+01
-6.355911600000000305e+01
-6.354434200000000033e+01
-6.352961299999999767e+01
-6.351493099999999714e+01
-6.350028600000000267e+01
-6.348568699999999865e+01
-6.347113000000000227e+01
-6.345661499999999933e+01
-6.344213899999999740e+01
-6.342770399999999853e+01
-6.341331100000000021e+01
-6.339895599999999831e+01
-6.338463999999999743e+01
-6.337036499999999961e+01
-6.335612499999999869e+01
-6.334192300000000131e+01
-6.332775900000000036e+01
-6.331363300000000294e+01
-6.329953799999999831e+01
-6.328548399999999674e+01
-6.327146100000000217e+01
-6.325747700000000151e+01
-6.324352600000000280e+01
-6.322960700000000145e+01
-6.321572499999999906e+01
-6.320186999999999955e+01
-6.318805299999999647e+01
-6.317426700000000039e+01
-6.316051099999999963e+01
-6.314678599999999875e+01
-6.313309100000000029e+01
-6.311942700000000173e+01
-6.310579299999999847e+01
-6.309219000000000221e+01
-6.307861299999999716e+01
-6.306506699999999910e+01
-6.305154799999999682e+01
-6.303805499999999995e+01
-6.302459000000000344e+01
-6.301115000000000066e+01
-6.299773799999999824e+01
-6.298435200000000123e+01
-6.297099299999999999e+01
-6.295765699999999754e+01
-6.294434400000000096e+01
-6.293105700000000269e+01
-6.291779300000000319e+01
-6.290455200000000247e+01
-6.289133499999999799e+01
-6.287813899999999734e+01
-6.286496400000000051e+01
-6.285181000000000040e+01
-6.283867999999999654e+01
-6.282556900000000155e+01
-6.281248099999999823e+01
-6.279940799999999967e+01
-6.278635799999999989e+01
-6.277332299999999776e+01
-6.276031100000000151e+01
-6.274731400000000292e+01
-6.273433699999999646e+01
-6.272137500000000188e+01
-6.270843099999999737e+01
-6.269550300000000220e+01
-6.268259400000000170e+01
-6.266969699999999932e+01
-6.265681500000000170e+01
-6.264395100000000127e+01
-6.263110000000000355e+01
-6.261825900000000189e+01
-6.260543799999999948e+01
-6.259262499999999818e+01
-6.257982599999999707e+01
-6.256703900000000118e+01
-6.255426800000000043e+01
-6.254150400000000332e+01
-6.252875099999999975e+01
-6.251601000000000141e+01
-6.250328100000000120e+01
-6.249055899999999752e+01
-6.247784800000000160e+01
-6.246514499999999970e+01
-6.245244999999999891e+01
-6.243976200000000176e+01
-6.242708199999999863e+01
-6.241441300000000325e+01
-6.240174900000000235e+01
-6.238908800000000099e+01
-6.237643400000000327e+01
-6.236378899999999703e+01
-6.235114699999999743e+01
-6.233850900000000195e+01
-6.232587800000000300e+01
-6.231324800000000153e+01
-6.230062099999999958e+01
-6.228799800000000175e+01
-6.227537900000000093e+01
-6.226276000000000010e+01
-6.225014099999999928e+01
-6.223752600000000257e+01
-6.222491099999999875e+01
-6.221229900000000157e+01
-6.219968399999999775e+01
-6.218706900000000104e+01
-6.217445000000000022e+01
-6.216183500000000350e+01
-6.214921199999999857e+01
-6.213658900000000074e+01
-6.212396600000000291e+01
-6.211133600000000143e+01
-6.209870500000000249e+01
-6.208606699999999989e+01
-6.207342500000000030e+01
-6.206078000000000117e+01
-6.204812600000000344e+01
-6.203546899999999908e+01
-6.202280400000000071e+01
-6.201013199999999870e+01
-6.199744799999999856e+01
-6.198476000000000141e+01
-6.197206500000000062e+01
-6.195935800000000171e+01
-6.194664399999999915e+01
-6.193391799999999847e+01
-6.192118099999999714e+01
-6.190843199999999769e+01
-6.189567199999999758e+01
-6.188289999999999935e+01
-6.187011700000000047e+01
-6.185731899999999683e+01
-6.184450499999999806e+01
-6.183167999999999864e+01
-6.181884000000000157e+01
-6.180598100000000272e+01
-6.179310999999999865e+01
-6.178021999999999991e+01
-6.176731500000000352e+01
-6.175439099999999826e+01
-6.174144700000000086e+01
-6.172848499999999916e+01
-6.171550400000000280e+01
-6.170250300000000010e+01
-6.168948000000000320e+01
-6.167643699999999995e+01
-6.166337200000000252e+01
-6.165028399999999920e+01
-6.163717299999999710e+01
-6.162403900000000334e+01
-6.161087799999999959e+01
-6.159769399999999706e+01
-6.158448400000000333e+01
-6.157124699999999962e+01
-6.155798300000000012e+01
-6.154468899999999820e+01
-6.153136800000000051e+01
-6.151802099999999740e+01
-6.150463899999999740e+01
-6.149123000000000161e+01
-6.147778699999999930e+01
-6.146431400000000167e+01
-6.145080600000000004e+01
-6.143726300000000151e+01
-6.142368700000000104e+01
-6.141007599999999655e+01
-6.139642700000000275e+01
-6.138274400000000242e+01
-6.136902200000000107e+01
-6.135526300000000077e+01
-6.134146100000000246e+01
-6.132762100000000061e+01
-6.131374000000000279e+01
-6.129981599999999986e+01
-6.128585100000000097e+01
-6.127183899999999994e+01
-6.125778199999999885e+01
-6.124368299999999721e+01
-6.122953400000000101e+01
-6.121533999999999764e+01
-6.120109599999999972e+01
-6.118679800000000313e+01
-6.117245499999999936e+01
-6.115805799999999692e+01
-6.114360800000000040e+01
-6.112910500000000269e+01
-6.111454400000000220e+01
-6.109993000000000052e+01
-6.108525800000000316e+01
-6.107052600000000098e+01
-6.105573299999999648e+01
-6.104088200000000342e+01
-6.102596700000000141e+01
-6.101098999999999961e+01
-6.099594900000000308e+01
-6.098083900000000313e+01
-6.096566399999999675e+01
-6.095041700000000162e+01
-6.093510400000000260e+01
-6.091971600000000109e+01
-6.090425900000000325e+01
-6.088872099999999676e+01
-6.087311199999999900e+01
-6.085742599999999669e+01
-6.084165600000000040e+01
-6.082580899999999957e+01
-6.080987900000000224e+01
-6.079386499999999671e+01
-6.077776300000000020e+01
-6.076157800000000009e+01
-6.074530000000000030e+01
-6.072893100000000288e+01
-6.071246699999999663e+01
-6.069591100000000239e+01
-6.067925600000000230e+01
-6.066250200000000348e+01
-6.064564899999999881e+01
-6.062869299999999839e+01
-6.061162900000000064e+01
-6.059445999999999799e+01
-6.057717900000000100e+01
-6.055978400000000050e+01
-6.054227800000000315e+01
-6.052465399999999818e+01
-6.050690800000000280e+01
-6.048904000000000281e+01
-6.047104999999999819e+01
-6.045293000000000205e+01
-6.043468099999999765e+01
-6.041629799999999761e+01
-6.039777800000000241e+01
-6.037912000000000035e+01
-6.036031700000000200e+01
-6.034137299999999726e+01
-6.032227699999999970e+01
-6.030302799999999763e+01
-6.028362299999999863e+01
-6.026406099999999810e+01
-6.024433499999999952e+01
-6.022444200000000336e+01
-6.020437600000000344e+01
-6.018413900000000183e+01
-6.016371900000000039e+01
-6.014311599999999913e+01
-6.012232999999999805e+01
-6.010134500000000202e+01
-6.008016599999999841e+01
-6.005878400000000283e+01
-6.003719699999999904e+01
-6.001539600000000263e+01
-5.999338199999999688e+01
-5.997113800000000339e+01
-5.994866900000000243e+01
-5.992596400000000045e+01
-5.990301900000000046e+01
-5.987982600000000133e+01
-5.985637700000000194e+01
-5.983266799999999819e+01
-5.980869299999999811e+01
-5.978444300000000311e+01
-5.975990699999999833e+01
-5.973508499999999799e+01
-5.970996099999999984e+01
-5.968452800000000025e+01
-5.965878299999999967e+01
-5.963271000000000299e+01
-5.960630400000000151e+01
-5.957955199999999962e+01
-5.955244400000000127e+01
-5.952496699999999663e+01
-5.949711599999999834e+01
-5.946887999999999863e+01
-5.944023500000000126e+01
-5.941118199999999661e+01
-5.938169899999999757e+01
-5.935177600000000098e+01
-5.932139600000000002e+01
-5.929054599999999908e+01
-5.925920899999999847e+01
-5.922737099999999799e+01
-5.919501100000000093e+01
-5.916210900000000095e+01
-5.912865099999999785e+01
-5.909461600000000203e+01
-5.905997800000000097e+01
-5.902472300000000160e+01
-5.898881899999999945e+01
-5.895224799999999732e+01
-5.891497799999999785e+01
-5.887698699999999974e+01
-5.883824200000000104e+01
-5.879871700000000345e+01
-5.875837299999999885e+01
-5.871718599999999810e+01
-5.867510999999999655e+01
-5.863211100000000187e+01
-5.858814600000000183e+01
-5.854317499999999797e+01
-5.849714999999999776e+01
-5.845002399999999909e+01
-5.840174100000000124e+01
-5.835224500000000347e+01
-5.830148299999999750e+01
-5.824938600000000122e+01
-5.819588499999999698e+01
-5.814090699999999856e+01
-5.808437700000000348e+01
-5.802620699999999943e+01
-5.796630499999999842e+01
-5.790457500000000124e+01
-5.784090799999999888e+01
-5.777518799999999999e+01
-5.770729099999999789e+01
-5.763708100000000201e+01
-5.756440700000000277e+01
-5.748911300000000324e+01
-5.741101100000000201e+01
-5.732991400000000226e+01
-5.724560499999999763e+01
-5.715785199999999833e+01
-5.706638300000000186e+01
-5.697092099999999704e+01
-5.687113599999999991e+01
-5.676666999999999774e+01
-5.665712400000000315e+01
-5.654203799999999802e+01
-5.642090999999999923e+01
-5.629315600000000330e+01
-5.615812300000000334e+01
-5.601505300000000176e+01
-5.586308700000000016e+01
-5.570122500000000088e+01
-5.552830500000000313e+01
-5.534296400000000204e+01
-5.514360800000000040e+01
-5.492833300000000207e+01
-5.469486200000000053e+01
-5.444045299999999799e+01
-5.416174300000000130e+01
-5.385459900000000033e+01
-5.351384699999999839e+01
-5.313293500000000336e+01
-5.270343400000000145e+01
-5.221430600000000055e+01
-5.165080600000000288e+01
-5.099278999999999940e+01
-5.021197500000000247e+01
-4.926744800000000168e+01
-4.809787000000000035e+01
-4.660735300000000336e+01
-4.463859599999999972e+01
-4.191907900000000353e+01
-3.794872300000000109e+01
-3.174832200000000171e+01
-2.084893800000000041e+01
-3.325662100000000176e+00
