9.250000000000000000e+02
0.000000000000000000e+00
1.848000000000000043e+01
-2.404218300000000044e-17
2.048626099999999894e+01
3.623202500000000015e+01
4.406845500000000015e+01
4.643852600000000308e+01
4.618653100000000222e+01
4.466667199999999838e+01
4.234294500000000028e+01
3.936639399999999966e+01
3.581249600000000299e+01
3.175566299999999842e+01
2.728581600000000051e+01
2.250587099999999907e+01
1.752363799999999827e+01
1.244333899999999993e+01
7.358741300000000152e+00
2.348377900000000018e+00
-2.527466099999999827e+00
-7.228691099999999814e+00
-1.173737099999999955e+01
-1.606596599999999953e+01
-2.030352800000000002e+01
-2.475941999999999865e+01
-2.971987000000000023e+01
-3.466089199999999693e+01
-3.946017100000000255e+01
-4.447611599999999754e+01
-5.000980799999999959e+01
-5.615388500000000249e+01
-6.271099900000000105e+01
-6.921569800000000328e+01
-7.514385199999999543e+01
-8.014949799999999414e+01
-8.413919799999999327e+01
-8.720192699999999775e+01
-8.950520299999999452e+01
-9.122281599999999457e+01
-9.250241900000000328e+01
-9.345813800000000526e+01
-9.417425500000000227e+01
-9.471173899999999435e+01
-9.511447099999999466e+01
-9.541416900000000112e+01
-9.563392600000000243e+01
-9.579073300000000302e+01
-9.589727000000000601e+01
-9.596308899999999653e+01
-9.599549100000000124e+01
-9.600012200000000462e+01
-9.598140700000000436e+01
-9.594285600000000613e+01
-9.588728299999999649e+01
-9.581698599999999999e+01
-9.573384900000000641e+01
-9.563944200000000251e+01
-9.553507199999999955e+01
-9.542186700000000599e+01
-9.530078899999999464e+01
-9.517268400000000383e+01
-9.503827699999999368e+01
-9.489820899999999426e+01
-9.475305899999999326e+01
-9.460334799999999689e+01
-9.444953200000000493e+01
-9.429202300000000037e+01
-9.413121800000000405e+01
-9.396746100000000013e+01
-9.380105600000000265e+01
-9.363231700000000046e+01
-9.346149400000000185e+01
-9.328884100000000501e+01
-9.311458600000000274e+01
-9.293895000000000550e+01
-9.276210799999999779e+01
-9.258425900000000297e+01
-9.240556300000000078e+01
-9.222617300000000284e+01
-9.204623399999999833e+01
-9.186587500000000261e+01
-9.168521900000000358e+01
-9.150438699999999415e+01
-9.132347900000000607e+01
-9.114258599999999433e+01
-9.096180699999999320e+01
-9.078121899999999300e+01
-9.060089899999999830e+01
-9.042091399999999624e+01
-9.024134100000000558e+01
-9.006221800000000144e+01
-8.988362100000000510e+01
-8.970558200000000681e+01
-8.952815999999999974e+01
-8.935139499999999657e+01
-8.917532300000000589e+01
-8.899996899999999300e+01
-8.882538599999999462e+01
-8.865158800000000383e+01
-8.847860699999999667e+01
-8.830645800000000634e+01
-8.813517799999999625e+01
-8.796477500000000305e+01
-8.779526500000000055e+01
-8.762667799999999829e+01
-8.745901499999999373e+01
-8.729228200000000015e+01
-8.712651099999999360e+01
-8.696169299999999680e+01
-8.679784399999999778e+01
-8.663497200000000475e+01
-8.647308300000000258e+01
-8.631217999999999790e+01
-8.615225999999999829e+01
-8.599334000000000344e+01
-8.583541900000000169e+01
-8.567848999999999648e+01
-8.552256800000000680e+01
-8.536763799999999947e+01
-8.521370699999999943e+01
-8.506078300000000070e+01
-8.490885199999999600e+01
-8.475791900000000112e+01
-8.460797900000000027e+01
-8.445902999999999849e+01
-8.431107299999999327e+01
-8.416410799999999881e+01
-8.401811999999999614e+01
-8.387311599999999601e+01
-8.372908800000000440e+01
-8.358603700000000458e+01
-8.344394699999999432e+01
-8.330282599999999604e+01
-8.316266600000000153e+01
-8.302346000000000004e+01
-8.288520800000000577e+01
-8.274790199999999629e+01
-8.261153400000000602e+01
-8.247610500000000400e+01
-8.234160599999999874e+01
-8.220803100000000541e+01
-8.207537800000000061e+01
-8.194364199999999698e+01
-8.181281300000000556e+01
-8.168289199999999539e+01
-8.155386400000000435e+01
-8.142573500000000308e+01
-8.129849199999999598e+01
-8.117212700000000325e+01
-8.104664599999999552e+01
-8.092203499999999394e+01
-8.079828600000000449e+01
-8.067539999999999623e+01
-8.055336800000000608e+01
-8.043218199999999740e+01
-8.031183599999999956e+01
-8.019233699999999487e+01
-8.007366199999999878e+01
-7.995581799999999362e+01
-7.983879100000000051e+01
-7.972257999999999356e+01
-7.960717800000000466e+01
-7.949258399999999369e+01
-7.937878399999999601e+01
-7.926577799999999741e+01
-7.915356400000000292e+01
-7.904212200000000621e+01
-7.893146500000000287e+01
-7.882157899999999984e+01
-7.871245600000000309e+01
-7.860409500000000094e+01
-7.849648299999999779e+01
-7.838962600000000691e+01
-7.828351600000000587e+01
-7.817814599999999814e+01
-7.807350200000000484e+01
-7.796959699999999316e+01
-7.786640900000000443e+01
-7.776393899999999348e+01
-7.766218600000000549e+01
-7.756114200000000380e+01
-7.746079299999999535e+01
-7.736115300000000161e+01
-7.726219899999999541e+01
-7.716393999999999664e+01
-7.706636000000000308e+01
-7.696945999999999799e+01
-7.687323000000000661e+01
-7.677767199999999548e+01
-7.668277700000000152e+01
-7.658854700000000548e+01
-7.649496499999999344e+01
-7.640203099999999381e+01
-7.630975300000000061e+01
-7.621810899999999833e+01
-7.612709800000000371e+01
-7.603672000000000253e+01
-7.594697600000000648e+01
-7.585784900000000164e+01
-7.576933300000000315e+01
-7.568144200000000410e+01
-7.559415400000000318e+01
-7.550747699999999440e+01
-7.542139400000000649e+01
-7.533590700000000595e+01
-7.525101499999999533e+01
-7.516670999999999481e+01
-7.508298499999999365e+01
-7.499984000000000606e+01
-7.491727400000000614e+01
-7.483527399999999830e+01
-7.475383800000000178e+01
-7.467297399999999641e+01
-7.459265899999999760e+01
-7.451290099999999939e+01
-7.443370099999999923e+01
-7.435504199999999742e+01
-7.427692399999999395e+01
-7.419934100000000399e+01
-7.412229899999999816e+01
-7.404578399999999760e+01
-7.396979500000000485e+01
-7.389433300000000315e+01
-7.381938900000000103e+01
-7.374495699999999943e+01
-7.367104299999999739e+01
-7.359763300000000186e+01
-7.352472699999999861e+01
-7.345232400000000439e+01
-7.338041699999999423e+01
-7.330900599999999656e+01
-7.323808300000000315e+01
-7.316764799999999980e+01
-7.309769400000000417e+01
-7.302822100000000205e+01
-7.295922099999999944e+01
-7.289069399999999632e+01
-7.282263899999999524e+01
-7.275504300000000057e+01
-7.268792000000000542e+01
-7.262124599999999930e+01
-7.255503099999999961e+01
-7.248926500000000317e+01
-7.242395799999999895e+01
-7.235908499999999322e+01
-7.229466200000000242e+01
-7.223067500000000507e+01
-7.216712200000000621e+01
-7.210400400000000332e+01
-7.204132099999999639e+01
-7.197905699999999740e+01
-7.191722099999999784e+01
-7.185579699999999548e+01
-7.179479999999999507e+01
-7.173421500000000606e+01
-7.167403400000000602e+01
-7.161427299999999718e+01
-7.155490899999999499e+01
-7.149594899999999598e+01
-7.143738600000000361e+01
-7.137922700000000020e+01
-7.132145699999999522e+01
-7.126407600000000286e+01
-7.120708500000000640e+01
-7.115047500000000014e+01
-7.109424599999999828e+01
-7.103840599999999483e+01
-7.098293300000000272e+01
-7.092784100000000080e+01
-7.087311599999999601e+01
-7.081875599999999338e+01
-7.076476300000000208e+01
-7.071113599999999622e+01
-7.065786699999999598e+01
-7.060495799999999633e+01
-7.055240600000000484e+01
-7.050019799999999748e+01
-7.044834899999999323e+01
-7.039684300000000405e+01
-7.034568000000000154e+01
-7.029486099999999738e+01
-7.024437700000000007e+01
-7.019423700000000110e+01
-7.014442400000000077e+01
-7.009494800000000225e+01
-7.004579900000000237e+01
-6.999697899999999606e+01
-6.994847900000000607e+01
-6.990030699999999797e+01
-6.985245500000000618e+01
-6.980491600000000574e+01
-6.975769800000000487e+01
-6.971078500000000133e+01
-6.966419199999999989e+01
-6.961789699999999925e+01
-6.957191500000000417e+01
-6.952623699999999474e+01
-6.948085799999999779e+01
-6.943577600000000416e+01
-6.939099099999999964e+01
-6.934650399999999593e+01
-6.930230699999999899e+01
-6.925839999999999463e+01
-6.921478299999999706e+01
-6.917144799999999805e+01
-6.912839499999999759e+01
-6.908563200000000393e+01
-6.904314399999999807e+01
-6.900093099999999424e+01
-6.895899199999999496e+01
-6.891733600000000592e+01
-6.887593800000000499e+01
-6.883481600000000356e+01
-6.879396099999999592e+01
-6.875337199999999882e+01
-6.871304299999999898e+01
-6.867297399999999641e+01
-6.863317100000000437e+01
-6.859362000000000137e+01
-6.855432100000000162e+01
-6.851528199999999913e+01
-6.847648599999999419e+01
-6.843795000000000073e+01
-6.839965100000000575e+01
-6.836160300000000234e+01
-6.832379899999999395e+01
-6.828623199999999827e+01
-6.824890899999999760e+01
-6.821182299999999543e+01
-6.817497299999999427e+01
-6.813835899999999413e+01
-6.810197399999999845e+01
-6.806582600000000127e+01
-6.802989999999999782e+01
-6.799420899999999790e+01
-6.795874000000000592e+01
-6.792349199999999598e+01
-6.788846599999999398e+01
-6.785366799999999898e+01
-6.781907699999999295e+01
-6.778471399999999392e+01
-6.775055700000000058e+01
-6.771662100000000351e+01
-6.768289199999999539e+01
-6.764937600000000373e+01
-6.761606600000000356e+01
-6.758297000000000310e+01
-6.755007200000000012e+01
-6.751738000000000284e+01
-6.748489399999999705e+01
-6.745259900000000641e+01
-6.742050899999999558e+01
-6.738861799999999391e+01
-6.735692600000000141e+01
-6.732542399999999816e+01
-6.729411299999999585e+01
-6.726299299999999448e+01
-6.723207100000000480e+01
-6.720133199999999363e+01
-6.717077600000000359e+01
-6.714041100000000029e+01
-6.711022900000000391e+01
-6.708023099999999772e+01
-6.705040700000000697e+01
-6.702076700000000642e+01
-6.699130999999999858e+01
-6.696202099999999291e+01
-6.693291499999999417e+01
-6.690397600000000011e+01
-6.687522099999999625e+01
-6.684662600000000054e+01
-6.681820700000000102e+01
-6.678995500000000618e+01
-6.676187099999999930e+01
-6.673394799999999805e+01
-6.670619200000000149e+01
-6.667860400000000709e+01
-6.665116899999999589e+01
-6.662390100000000359e+01
-6.659679400000000271e+01
-6.656983900000000176e+01
-6.654304500000000644e+01
-6.651641100000000506e+01
-6.648992200000000707e+01
-6.646359300000000303e+01
-6.643740800000000490e+01
-6.641137700000000166e+01
-6.638549799999999834e+01
-6.635976399999999842e+01
-6.633418299999999590e+01
-6.630874599999999930e+01
-6.628344699999999534e+01
-6.625829299999999478e+01
-6.623328399999999760e+01
-6.620842000000000382e+01
-6.618369300000000521e+01
-6.615910300000000177e+01
-6.613465100000000518e+01
-6.611033600000000376e+01
-6.608615100000000098e+01
-6.606211100000000158e+01
-6.603820000000000334e+01
-6.601442000000000121e+01
-6.599076800000000276e+01
-6.596724700000000041e+01
-6.594385499999999922e+01
-6.592059299999999666e+01
-6.589746100000000695e+01
-6.587445099999999343e+01
-6.585156200000000126e+01
-6.582880400000000520e+01
-6.580616799999999955e+01
-6.578364600000000451e+01
-6.576125299999999640e+01
-6.573897599999999386e+01
-6.571681999999999846e+01
-6.569477799999999945e+01
-6.567285200000000600e+01
-6.565104700000000548e+01
-6.562935600000000136e+01
-6.560777299999999457e+01
-6.558631099999999492e+01
-6.556495700000000681e+01
-6.554370900000000688e+01
-6.552257500000000334e+01
-6.550154899999999714e+01
-6.548063700000000154e+01
-6.545983099999999411e+01
-6.543912500000000421e+01
-6.541852599999999995e+01
-6.539803299999999808e+01
-6.537764699999999607e+01
-6.535736099999999738e+01
-6.533718100000000106e+01
-6.531710099999999386e+01
-6.529711899999999503e+01
-6.527723699999999951e+01
-6.525744600000000162e+01
-6.523776200000000358e+01
-6.521817799999999465e+01
-6.519868499999999756e+01
-6.517928299999999808e+01
-6.515998100000000193e+01
-6.514077000000000339e+01
-6.512165799999999649e+01
-6.510263100000000236e+01
-6.508370200000000239e+01
-6.506485700000000350e+01
-6.504610399999999970e+01
-6.502744300000000521e+01
-6.500886500000000012e+01
-6.499037900000000434e+01
-6.497197699999999543e+01
-6.495365900000000181e+01
-6.493543200000000581e+01
-6.491728999999999417e+01
-6.489922300000000632e+01
-6.488124799999999937e+01
-6.486334999999999695e+01
-6.484553499999999815e+01
-6.482780499999999790e+01
-6.481014999999999304e+01
-6.479257200000000694e+01
-6.477507799999999349e+01
-6.475766000000000133e+01
-6.474032599999999604e+01
-6.472306100000000129e+01
-6.470587199999999939e+01
-6.468876600000000110e+01
-6.467172999999999661e+01
-6.465476200000000517e+01
-6.463787800000000061e+01
-6.462106300000000658e+01
-6.460431699999999466e+01
-6.458764600000000655e+01
-6.457104499999999803e+01
-6.455451200000000256e+01
-6.453804800000000341e+01
-6.452165999999999713e+01
-6.450533299999999315e+01
-6.448908199999999624e+01
-6.447289299999999912e+01
-6.445676400000000683e+01
-6.444071200000000488e+01
-6.442472100000000523e+01
-6.440879099999999369e+01
-6.439292899999999520e+01
-6.437713599999999303e+01
-6.436139699999999664e+01
-6.434572599999999909e+01
-6.433011600000000385e+01
-6.431456799999999419e+01
-6.429907199999999534e+01
-6.428364600000000451e+01
-6.426828000000000429e+01
-6.425296799999999564e+01
-6.423771700000000351e+01
-6.422252699999999948e+01
-6.420739000000000374e+01
-6.419230699999999956e+01
-6.417728400000000022e+01
-6.416232300000000066e+01
-6.414740799999999865e+01
-6.413255300000000148e+01
-6.411775199999999586e+01
-6.410300399999999854e+01
-6.408831000000000699e+01
-6.407366899999999532e+01
-6.405908200000000363e+01
-6.404453999999999780e+01
-6.403005199999999775e+01
-6.401561700000000599e+01
-6.400123600000000579e+01
-6.398689699999999903e+01
-6.397261000000000308e+01
-6.395837399999999917e+01
-6.394418699999999944e+01
-6.393004599999999726e+01
-6.391595099999999974e+01
-6.390190499999999929e+01
-6.388790500000000350e+01
-6.387395099999999815e+01
-6.386004299999999745e+01
-6.384617999999999682e+01
-6.383236300000000085e+01
-6.381858799999999832e+01
-6.380485900000000044e+01
-6.379117200000000310e+01
-6.377752699999999919e+01
-6.376392700000000247e+01
-6.375036599999999964e+01
-6.373685100000000148e+01
-6.372337300000000226e+01
-6.370993800000000107e+01
-6.369654500000000041e+01
-6.368318599999999918e+01
-6.366987199999999802e+01
-6.365659300000000087e+01
-6.364335599999999715e+01
-6.363015699999999697e+01
-6.361699300000000079e+01
-6.360387000000000057e+01
-6.359078199999999725e+01
-6.357773199999999747e+01
-6.356471599999999711e+01
-6.355173500000000075e+01
-6.353879200000000083e+01
-6.352588300000000032e+01
-6.351300799999999924e+01
-6.350017199999999917e+01
-6.348736600000000152e+01
-6.347458999999999918e+01
-6.346185299999999785e+01
-6.344914599999999893e+01
-6.343646999999999991e+01
-6.342382800000000032e+01
-6.341121700000000061e+01
-6.339863600000000332e+01
-6.338608899999999835e+01
-6.337356900000000337e+01
-6.336108000000000118e+01
-6.334862100000000140e+01
-6.333619300000000152e+01
-6.332379199999999742e+01
-6.331141999999999825e+01
-6.329907599999999945e+01
-6.328676200000000307e+01
-6.327447099999999836e+01
-6.326221100000000064e+01
-6.324997700000000123e+01
-6.323776999999999759e+01
-6.322558999999999685e+01
-6.321343199999999740e+01
-6.320130199999999832e+01
-6.318919799999999753e+01
-6.317711599999999805e+01
-6.316505800000000193e+01
-6.315302700000000158e+01
-6.314101800000000253e+01
-6.312903200000000226e+01
-6.311706900000000076e+01
-6.310512899999999803e+01
-6.309321200000000118e+01
-6.308131800000000311e+01
-6.306944299999999970e+01
-6.305758999999999759e+01
-6.304576099999999883e+01
-6.303394699999999773e+01
-6.302215999999999951e+01
-6.301038700000000148e+01
-6.299863799999999969e+01
-6.298690400000000267e+01
-6.297519299999999731e+01
-6.296349699999999672e+01
-6.295182400000000200e+01
-6.294016599999999784e+01
-6.292852400000000301e+01
-6.291690100000000285e+01
-6.290529599999999988e+01
-6.289370699999999914e+01
-6.288213700000000017e+01
-6.287057899999999933e+01
-6.285903900000000277e+01
-6.284751500000000135e+01
-6.283600200000000058e+01
-6.282450899999999905e+01
-6.281302600000000069e+01
-6.280156300000000158e+01
-6.279010799999999648e+01
-6.277867100000000278e+01
-6.276724200000000309e+01
-6.275582899999999853e+01
-6.274443099999999873e+01
-6.273304000000000258e+01
-6.272166399999999697e+01
-6.271029999999999660e+01
-6.269894800000000146e+01
-6.268760300000000285e+01
-6.267627300000000190e+01
-6.266495100000000207e+01
-6.265364100000000036e+01
-6.264233800000000230e+01
-6.263104599999999778e+01
-6.261976200000000148e+01
-6.260849000000000331e+01
-6.259722500000000167e+01
-6.258596399999999704e+01
-6.257471499999999764e+01
-6.256347300000000189e+01
-6.255223800000000267e+01
-6.254100799999999793e+01
-6.252978900000000095e+01
-6.251857400000000098e+01
-6.250736200000000053e+01
-6.249615899999999868e+01
-6.248495900000000347e+01
-6.247376599999999769e+01
-6.246257800000000060e+01
-6.245139300000000304e+01
-6.244021200000000249e+01
-6.242903499999999894e+01
-6.241786199999999951e+01
-6.240668900000000008e+01
-6.239552299999999718e+01
-6.238435700000000139e+01
-6.237319200000000308e+01
-6.236202999999999719e+01
-6.235087200000000252e+01
-6.233970999999999663e+01
-6.232855200000000195e+01
-6.231739400000000018e+01
-6.230623599999999840e+01
-6.229507799999999662e+01
-6.228391599999999784e+01
-6.227275800000000316e+01
-6.226159700000000186e+01
-6.225043500000000307e+01
-6.223926900000000018e+01
-6.222809999999999775e+01
-6.221692999999999785e+01
-6.220575699999999841e+01
-6.219458000000000197e+01
-6.218340299999999843e+01
-6.217221800000000087e+01
-6.216102999999999668e+01
-6.214983699999999800e+01
-6.213863800000000026e+01
-6.212743400000000094e+01
-6.211622200000000049e+01
-6.210500700000000052e+01
-6.209378399999999942e+01
-6.208255400000000179e+01
-6.207132000000000005e+01
-6.206007400000000018e+01
-6.204881999999999920e+01
-6.203755999999999915e+01
-6.202629100000000051e+01
-6.201501100000000122e+01
-6.200372300000000081e+01
-6.199242399999999975e+01
-6.198111699999999757e+01
-6.196979499999999774e+01
-6.195846600000000137e+01
-6.194712100000000277e+01
-6.193576800000000304e+01
-6.192439999999999856e+01
-6.191302100000000053e+01
-6.190162999999999727e+01
-6.189022099999999682e+01
-6.187880299999999778e+01
-6.186736700000000155e+01
-6.185591500000000309e+01
-6.184445199999999687e+01
-6.183297000000000310e+01
-6.182147199999999998e+01
-6.180995899999999921e+01
-6.179842800000000125e+01
-6.178687999999999647e+01
-6.177531400000000161e+01
-6.176372899999999788e+01
-6.175212499999999949e+01
-6.174050100000000185e+01
-6.172885899999999992e+01
-6.171719399999999922e+01
-6.170550899999999928e+01
-6.169380199999999803e+01
-6.168207600000000213e+01
-6.167032600000000286e+01
-6.165854999999999819e+01
-6.164675499999999886e+01
-6.163493299999999664e+01
-6.162308900000000023e+01
-6.161122100000000046e+01
-6.159932299999999827e+01
-6.158740199999999732e+01
-6.157545499999999805e+01
-6.156347999999999843e+01
-6.155147600000000097e+01
-6.153944400000000314e+01
-6.152738599999999991e+01
-6.151529299999999978e+01
-6.150317400000000134e+01
-6.149102400000000301e+01
-6.147883999999999816e+01
-6.146662500000000051e+01
-6.145438000000000045e+01
-6.144210100000000097e+01
-6.142978699999999748e+01
-6.141743900000000167e+01
-6.140505199999999775e+01
-6.139263499999999851e+01
-6.138017700000000332e+01
-6.136768299999999954e+01
-6.135515199999999680e+01
-6.134258299999999764e+01
-6.132997499999999746e+01
-6.131732199999999722e+01
-6.130463400000000007e+01
-6.129190100000000285e+01
-6.127912500000000051e+01
-6.126630800000000221e+01
-6.125344499999999925e+01
-6.124053599999999875e+01
-6.122758499999999771e+01
-6.121458400000000211e+01
-6.120153400000000232e+01
-6.118843799999999788e+01
-6.117529700000000048e+01
-6.116210199999999730e+01
-6.114885300000000257e+01
-6.113555499999999654e+01
-6.112220400000000353e+01
-6.110879899999999765e+01
-6.109534099999999768e+01
-6.108182500000000203e+01
-6.106825299999999856e+01
-6.105462299999999942e+01
-6.104093199999999797e+01
-6.102718000000000131e+01
-6.101337099999999936e+01
-6.099949600000000061e+01
-6.098556099999999702e+01
-6.097155800000000170e+01
-6.095748900000000248e+01
-6.094335600000000142e+01
-6.092915299999999945e+01
-6.091487899999999911e+01
-6.090053600000000245e+01
-6.088611999999999824e+01
-6.087163199999999819e+01
-6.085706700000000069e+01
-6.084242600000000323e+01
-6.082770899999999870e+01
-6.081290800000000019e+01
-6.079803100000000171e+01
-6.078307000000000215e+01
-6.076802399999999693e+01
-6.075289500000000231e+01
-6.073767899999999997e+01
-6.072237400000000207e+01
-6.070697799999999944e+01
-6.069148599999999760e+01
-6.067590299999999814e+01
-6.066022499999999695e+01
-6.064445099999999655e+01
-6.062857400000000041e+01
-6.061259799999999842e+01
-6.059651600000000116e+01
-6.058032999999999646e+01
-6.056403399999999948e+01
-6.054762999999999806e+01
-6.053111299999999773e+01
-6.051448100000000352e+01
-6.049773400000000123e+01
-6.048086500000000143e+01
-6.046387899999999860e+01
-6.044676199999999966e+01
-6.042952300000000321e+01
-6.041215499999999849e+01
-6.039465299999999814e+01
-6.037701400000000262e+01
-6.035924099999999726e+01
-6.034132400000000018e+01
-6.032326499999999925e+01
-6.030506100000000202e+01
-6.028670499999999777e+01
-6.026819199999999910e+01
-6.024952700000000050e+01
-6.023069799999999674e+01
-6.021170800000000156e+01
-6.019254699999999758e+01
-6.017321400000000153e+01
-6.015370899999999921e+01
-6.013402200000000164e+01
-6.011415099999999967e+01
-6.009409300000000087e+01
-6.007384100000000160e+01
-6.005339099999999775e+01
-6.003274199999999894e+01
-6.001188299999999742e+01
-5.999081400000000031e+01
-5.996952799999999684e+01
-5.994801700000000011e+01
-5.992627699999999891e+01
-5.990430500000000080e+01
-5.988209200000000010e+01
-5.985963399999999979e+01
-5.983692200000000128e+01
-5.981394999999999840e+01
-5.979071400000000125e+01
-5.976720000000000255e+01
-5.974341199999999930e+01
-5.971932999999999936e+01
-5.969495400000000274e+01
-5.967026899999999756e+01
-5.964527499999999804e+01
-5.961995699999999943e+01
-5.959430700000000058e+01
-5.956831400000000087e+01
-5.954197299999999871e+01
-5.951526599999999689e+01
-5.948819000000000301e+01
-5.946072399999999902e+01
-5.943286499999999961e+01
-5.940459800000000001e+01
-5.937591199999999958e+01
-5.934678600000000159e+01
-5.931721499999999736e+01
-5.928717400000000026e+01
-5.925665999999999656e+01
-5.922564700000000215e+01
-5.919412200000000013e+01
-5.916206700000000041e+01
-5.912946699999999822e+01
-5.909629400000000032e+01
-5.906253399999999942e+01
-5.902816399999999675e+01
-5.899316000000000315e+01
-5.895750000000000313e+01
-5.892115799999999837e+01
-5.888410900000000225e+01
-5.884632100000000321e+01
-5.880776999999999788e+01
-5.876842099999999647e+01
-5.872824099999999703e+01
-5.868719899999999967e+01
-5.864525199999999927e+01
-5.860236700000000098e+01
-5.855849800000000016e+01
-5.851360300000000336e+01
-5.846763200000000182e+01
-5.842054000000000258e+01
-5.837226900000000285e+01
-5.832276499999999686e+01
-5.827196500000000157e+01
-5.821980299999999886e+01
-5.816620999999999952e+01
-5.811111100000000107e+01
-5.805442399999999736e+01
-5.799606299999999948e+01
-5.793593200000000110e+01
-5.787393600000000049e+01
-5.780995899999999921e+01
-5.774388100000000179e+01
-5.767557899999999904e+01
-5.760490800000000178e+01
-5.753171199999999885e+01
-5.745582999999999885e+01
-5.737707499999999783e+01
-5.729524599999999879e+01
-5.721012499999999790e+01
-5.712145999999999901e+01
-5.702898400000000123e+01
-5.693239599999999712e+01
-5.683135999999999655e+01
-5.672550600000000287e+01
-5.661441399999999646e+01
-5.649760799999999961e+01
-5.637456099999999992e+01
-5.624466300000000274e+01
-5.610723099999999874e+01
-5.596147200000000055e+01
-5.580647700000000100e+01
-5.564119300000000123e+01
-5.546440100000000228e+01
-5.527465800000000229e+01
-5.507026700000000119e+01
-5.484920900000000188e+01
-5.460905799999999743e+01
-5.434686700000000315e+01
-5.405904000000000309e+01
-5.374110799999999699e+01
-5.338746600000000342e+01
-5.299098200000000247e+01
-5.254241900000000243e+01
-5.202961299999999767e+01
-5.143618399999999724e+01
-5.073954400000000220e+01
-4.990768800000000027e+01
-4.889376399999999734e+01
-4.762655999999999779e+01
-4.599296999999999969e+01
-4.380404300000000006e+01
-4.072589099999999718e+01
-3.613354499999999803e+01
-2.874292900000000017e+01
-1.539825500000000069e+01
