1.094000000000000000e+03
0.000000000000000000e+00
2.186000100000000046e+01
-1.352542200000000051e-17
2.049078899999999948e+01
3.624228999999999701e+01
4.408109300000000275e+01
4.644904300000000319e+01
4.619200500000000176e+01
4.466557300000000197e+01
4.233452599999999677e+01
3.935043699999999944e+01
3.578922699999999679e+01
3.172569800000000129e+01
2.725008400000000108e+01
2.246548800000000057e+01
1.747980099999999837e+01
1.239721100000000042e+01
7.311373699999999864e+00
2.300652299999999872e+00
-2.574876499999999790e+00
-7.275348199999999821e+00
-1.178311500000000045e+01
-1.611111500000000163e+01
-2.034987999999999886e+01
-2.481196600000000174e+01
-2.977724100000000007e+01
-3.471699100000000016e+01
-3.951823799999999665e+01
-4.454107700000000136e+01
-5.008510199999999912e+01
-5.624013099999999810e+01
-6.280490900000000210e+01
-6.931111900000000503e+01
-7.523497799999999813e+01
-8.023323800000000006e+01
-8.421530900000000486e+01
-8.727192700000000514e+01
-8.957119000000000142e+01
-9.128685799999999517e+01
-9.256626099999999724e+01
-9.352318599999999549e+01
-9.424160000000000537e+01
-9.478224199999999655e+01
-9.518882800000000088e+01
-9.549295800000000156e+01
-9.571762099999999407e+01
-9.587976799999999855e+01
-9.599201200000000256e+01
-9.606386600000000442e+01
-9.610261500000000012e+01
-9.611388399999999876e+01
-9.610206599999999355e+01
-9.607066299999999615e+01
-9.602246900000000096e+01
-9.595977000000000601e+01
-9.588442999999999472e+01
-9.579799699999999518e+01
-9.570179000000000258e+01
-9.559690899999999658e+01
-9.548431399999999769e+01
-9.536482200000000375e+01
-9.523915100000000677e+01
-9.510794799999999327e+01
-9.497176399999999319e+01
-9.483110800000000040e+01
-9.468644000000000460e+01
-9.453815500000000327e+01
-9.438662700000000427e+01
-9.423220100000000343e+01
-9.407518799999999715e+01
-9.391585499999999342e+01
-9.375448599999999999e+01
-9.359130100000000141e+01
-9.342652900000000216e+01
-9.326037599999999372e+01
-9.309302499999999725e+01
-9.292465199999999470e+01
-9.275541699999999423e+01
-9.258547199999999577e+01
-9.241494799999999543e+01
-9.224397999999999342e+01
-9.207268500000000699e+01
-9.190116899999999589e+01
-9.172952999999999690e+01
-9.155786100000000260e+01
-9.138625299999999640e+01
-9.121478999999999360e+01
-9.104352599999999995e+01
-9.087254299999999319e+01
-9.070190399999999897e+01
-9.053166199999999719e+01
-9.036186200000000213e+01
-9.019256599999999935e+01
-9.002380399999999838e+01
-8.985562099999999930e+01
-8.968806499999999460e+01
-8.952114899999999409e+01
-8.935491899999999532e+01
-8.918940700000000277e+01
-8.902461999999999875e+01
-8.886059600000000103e+01
-8.869735000000000014e+01
-8.853489700000000084e+01
-8.837326000000000192e+01
-8.821245600000000309e+01
-8.805249799999999993e+01
-8.789339400000000069e+01
-8.773515299999999684e+01
-8.757778199999999913e+01
-8.742130299999999465e+01
-8.726570900000000108e+01
-8.711101499999999476e+01
-8.695722200000000157e+01
-8.680432899999999563e+01
-8.665235099999999591e+01
-8.650128200000000334e+01
-8.635112800000000277e+01
-8.620188899999999421e+01
-8.605357399999999757e+01
-8.590616599999999892e+01
-8.575967400000000396e+01
-8.561410499999999502e+01
-8.546944399999999575e+01
-8.532569900000000018e+01
-8.518286899999999662e+01
-8.504094700000000273e+01
-8.489992499999999609e+01
-8.475981899999999314e+01
-8.462060499999999763e+01
-8.448229200000000105e+01
-8.434487900000000593e+01
-8.420835099999999329e+01
-8.407271599999999978e+01
-8.393796500000000549e+01
-8.380409199999999714e+01
-8.367109700000000316e+01
-8.353897100000000364e+01
-8.340771499999999605e+01
-8.327732100000000059e+01
-8.314778900000000306e+01
-8.301910399999999868e+01
-8.289127299999999821e+01
-8.276429000000000258e+01
-8.263814499999999441e+01
-8.251283300000000054e+01
-8.238835100000000011e+01
-8.226470199999999977e+01
-8.214186899999999980e+01
-8.201985200000000020e+01
-8.189864300000000696e+01
-8.177824400000000082e+01
-8.165864600000000451e+01
-8.153984099999999557e+01
-8.142182900000000245e+01
-8.130459600000000364e+01
-8.118815600000000643e+01
-8.107248699999999531e+01
-8.095758800000000122e+01
-8.084345199999999920e+01
-8.073008000000000095e+01
-8.061746999999999730e+01
-8.050560799999999517e+01
-8.039448500000000308e+01
-8.028411099999999578e+01
-8.017446900000000198e+01
-8.006556700000000149e+01
-7.995738199999999551e+01
-7.984992200000000651e+01
-7.974318700000000604e+01
-7.963715399999999534e+01
-7.953183699999999590e+01
-7.942721600000000137e+01
-7.932329599999999914e+01
-7.922007000000000687e+01
-7.911753099999999961e+01
-7.901567099999999755e+01
-7.891449699999999723e+01
-7.881400299999999959e+01
-7.871417200000000491e+01
-7.861500499999999647e+01
-7.851650200000000268e+01
-7.841865500000000111e+01
-7.832145699999999522e+01
-7.822491499999999576e+01
-7.812901300000000049e+01
-7.803374499999999614e+01
-7.793911699999999598e+01
-7.784511600000000442e+01
-7.775173999999999808e+01
-7.765898900000000538e+01
-7.756685600000000136e+01
-7.747533400000000370e+01
-7.738441500000000417e+01
-7.729410599999999931e+01
-7.720439899999999511e+01
-7.711528800000000672e+01
-7.702677199999999402e+01
-7.693883499999999742e+01
-7.685148599999999419e+01
-7.676472499999999854e+01
-7.667852800000000002e+01
-7.659291100000000085e+01
-7.650785799999999881e+01
-7.642337000000000558e+01
-7.633944700000000694e+01
-7.625607300000000066e+01
-7.617325599999999497e+01
-7.609098799999999585e+01
-7.600927000000000078e+01
-7.592808499999999583e+01
-7.584744299999999839e+01
-7.576732599999999707e+01
-7.568775200000000325e+01
-7.560869599999999480e+01
-7.553016700000000583e+01
-7.545214799999999400e+01
-7.537465699999999913e+01
-7.529766800000000160e+01
-7.522119100000000458e+01
-7.514522599999999386e+01
-7.506975599999999815e+01
-7.499478100000000325e+01
-7.492030300000000409e+01
-7.484632100000000321e+01
-7.477281999999999584e+01
-7.469980599999999527e+01
-7.462727399999999989e+01
-7.455522200000000055e+01
-7.448364300000000071e+01
-7.441252900000000636e+01
-7.434188799999999731e+01
-7.427171300000000542e+01
-7.420199599999999407e+01
-7.413274400000000242e+01
-7.406394199999999728e+01
-7.399559000000000708e+01
-7.392768900000000087e+01
-7.386022900000000391e+01
-7.379322100000000262e+01
-7.372664600000000235e+01
-7.366050699999999551e+01
-7.359480299999999886e+01
-7.352953300000000070e+01
-7.346468400000000543e+01
-7.340026100000000042e+01
-7.333626599999999485e+01
-7.327268200000000320e+01
-7.320951800000000276e+01
-7.314676699999999698e+01
-7.308441899999999691e+01
-7.302248400000000572e+01
-7.296095300000000350e+01
-7.289981799999999623e+01
-7.283908800000000383e+01
-7.277875500000000386e+01
-7.271881100000000231e+01
-7.265925599999999918e+01
-7.260009800000000268e+01
-7.254131300000000238e+01
-7.248291799999999796e+01
-7.242489600000000394e+01
-7.236725599999999758e+01
-7.230998999999999910e+01
-7.225309799999999427e+01
-7.219657100000000582e+01
-7.214041100000000029e+01
-7.208461800000000608e+01
-7.202918200000000581e+01
-7.197411300000000267e+01
-7.191939499999999441e+01
-7.186502799999999525e+01
-7.181101999999999919e+01
-7.175735500000000400e+01
-7.170404100000000369e+01
-7.165106199999999603e+01
-7.159843399999999747e+01
-7.154614300000000071e+01
-7.149418599999999913e+01
-7.144257399999999336e+01
-7.139128100000000643e+01
-7.134032399999999541e+01
-7.128969600000000639e+01
-7.123939500000000180e+01
-7.118941499999999678e+01
-7.113975499999999386e+01
-7.109040799999999649e+01
-7.104138899999999524e+01
-7.099267600000000300e+01
-7.094427500000000464e+01
-7.089618699999999762e+01
-7.084841199999999617e+01
-7.080093399999999804e+01
-7.075376099999999724e+01
-7.070688599999999724e+01
-7.066031599999999457e+01
-7.061404400000000692e+01
-7.056806199999999762e+01
-7.052237700000000586e+01
-7.047697399999999845e+01
-7.043187000000000353e+01
-7.038704699999999548e+01
-7.034251399999999421e+01
-7.029825599999999497e+01
-7.025427999999999429e+01
-7.021058700000000385e+01
-7.016716800000000376e+01
-7.012402299999999400e+01
-7.008115399999999795e+01
-7.003855900000000645e+01
-6.999622300000000052e+01
-6.995416299999999410e+01
-6.991236100000000420e+01
-6.987082700000000557e+01
-6.982955200000000673e+01
-6.978853599999999346e+01
-6.974778000000000588e+01
-6.970728300000000388e+01
-6.966702999999999690e+01
-6.962703700000000140e+01
-6.958729599999999493e+01
-6.954779800000000023e+01
-6.950855300000000625e+01
-6.946954300000000160e+01
-6.943078599999999767e+01
-6.939226499999999476e+01
-6.935398899999999855e+01
-6.931594800000000589e+01
-6.927814499999999498e+01
-6.924057000000000528e+01
-6.920323899999999639e+01
-6.916612999999999545e+01
-6.912925699999999551e+01
-6.909261300000000006e+01
-6.905619000000000085e+01
-6.901999700000000360e+01
-6.898402400000000512e+01
-6.894827300000000037e+01
-6.891274300000000608e+01
-6.887743399999999383e+01
-6.884233899999999551e+01
-6.880745699999999943e+01
-6.877278900000000306e+01
-6.873833500000000640e+01
-6.870409399999999778e+01
-6.867005899999999485e+01
-6.863623800000000585e+01
-6.860261500000000012e+01
-6.856920599999999411e+01
-6.853598800000000324e+01
-6.850298300000000040e+01
-6.847016899999999850e+01
-6.843756100000000231e+01
-6.840515100000000359e+01
-6.837293200000000581e+01
-6.834091200000000299e+01
-6.830908200000000363e+01
-6.827744300000000521e+01
-6.824599499999999352e+01
-6.821473699999999951e+01
-6.818367000000000644e+01
-6.815278600000000608e+01
-6.812208599999999592e+01
-6.809156799999999521e+01
-6.806123399999999890e+01
-6.803108199999999783e+01
-6.800110599999999295e+01
-6.797131299999999499e+01
-6.794169599999999321e+01
-6.791225400000000434e+01
-6.788298799999999744e+01
-6.785388899999999524e+01
-6.782496600000000342e+01
-6.779621099999999956e+01
-6.776763200000000609e+01
-6.773921199999999487e+01
-6.771096799999999405e+01
-6.768288400000000138e+01
-6.765496799999999666e+01
-6.762721299999999758e+01
-6.759961699999999496e+01
-6.757218199999999797e+01
-6.754491400000000567e+01
-6.751779899999999657e+01
-6.749083699999999908e+01
-6.746404300000000376e+01
-6.743739300000000014e+01
-6.741090400000000216e+01
-6.738455999999999335e+01
-6.735837600000000691e+01
-6.733233599999999797e+01
-6.730644999999999811e+01
-6.728070800000000418e+01
-6.725511199999999690e+01
-6.722966800000000376e+01
-6.720436100000000579e+01
-6.717920700000000522e+01
-6.715418999999999983e+01
-6.712931799999999782e+01
-6.710458400000000267e+01
-6.707998700000000269e+01
-6.705553399999999442e+01
-6.703121899999999300e+01
-6.700703400000000443e+01
-6.698298599999999681e+01
-6.695907599999999604e+01
-6.693530300000000466e+01
-6.691165900000000022e+01
-6.688814499999999441e+01
-6.686476100000000145e+01
-6.684150699999999290e+01
-6.681838199999999972e+01
-6.679538700000000517e+01
-6.677251400000000103e+01
-6.674977099999999552e+01
-6.672714999999999463e+01
-6.670465099999999836e+01
-6.668228100000000325e+01
-6.666002699999999948e+01
-6.663790099999999939e+01
-6.661589100000000485e+01
-6.659399399999999503e+01
-6.657222699999999804e+01
-6.655056799999999839e+01
-6.652903000000000588e+01
-6.650760699999999304e+01
-6.648629800000000500e+01
-6.646511099999999317e+01
-6.644402300000000139e+01
-6.642305799999999749e+01
-6.640219899999999598e+01
-6.638145400000000507e+01
-6.636081699999999728e+01
-6.634028600000000608e+01
-6.631986999999999455e+01
-6.629956099999999708e+01
-6.627934999999999377e+01
-6.625925399999999854e+01
-6.623925800000000663e+01
-6.621936800000000289e+01
-6.619957700000000500e+01
-6.617989300000000696e+01
-6.616030899999999804e+01
-6.614082299999999748e+01
-6.612144499999999425e+01
-6.610215800000000286e+01
-6.608297699999999963e+01
-6.606388900000000319e+01
-6.604489900000000091e+01
-6.602600900000000195e+01
-6.600721000000000060e+01
-6.598850299999999436e+01
-6.596989399999999648e+01
-6.595138500000000192e+01
-6.593296100000000592e+01
-6.591463500000000408e+01
-6.589639300000000333e+01
-6.587824200000000019e+01
-6.586019100000000037e+01
-6.584222400000000164e+01
-6.582434100000000399e+01
-6.580654900000000396e+01
-6.578884899999999902e+01
-6.577122500000000116e+01
-6.575369999999999493e+01
-6.573625199999999325e+01
-6.571888699999999517e+01
-6.570161400000000640e+01
-6.568441799999999375e+01
-6.566730499999999893e+01
-6.565027600000000518e+01
-6.563333099999999831e+01
-6.561646299999999599e+01
-6.559967799999999727e+01
-6.558297000000000310e+01
-6.556633800000000178e+01
-6.554978900000000408e+01
-6.553331799999999419e+01
-6.551692199999999389e+01
-6.550060999999999467e+01
-6.548436700000000599e+01
-6.546820099999999343e+01
-6.545211000000000467e+01
-6.543608899999999551e+01
-6.542014299999999594e+01
-6.540427400000000091e+01
-6.538848099999999874e+01
-6.537274899999999889e+01
-6.535709400000000358e+01
-6.534151500000000112e+01
-6.532599600000000351e+01
-6.531055499999999370e+01
-6.529518099999999947e+01
-6.527987699999999904e+01
-6.526464099999999746e+01
-6.524947400000000641e+01
-6.523436700000000599e+01
-6.521932999999999936e+01
-6.520436100000000579e+01
-6.518946099999999433e+01
-6.517462199999999939e+01
-6.515984299999999507e+01
-6.514513399999999876e+01
-6.513048600000000476e+01
-6.511590599999999540e+01
-6.510138700000000256e+01
-6.508692200000000128e+01
-6.507252499999999884e+01
-6.505818899999999871e+01
-6.504391499999999837e+01
-6.502970100000000286e+01
-6.501554899999999293e+01
-6.500145000000000550e+01
-6.498741099999999449e+01
-6.497343399999999747e+01
-6.495951100000000622e+01
-6.494564800000000560e+01
-6.493183899999999653e+01
-6.491809100000000399e+01
-6.490439600000000553e+01
-6.489075499999999863e+01
-6.487717399999999657e+01
-6.486364700000000028e+01
-6.485017399999999554e+01
-6.483675399999999911e+01
-6.482338699999999676e+01
-6.481007400000000018e+01
-6.479680600000000368e+01
-6.478360000000000696e+01
-6.477044700000000432e+01
-6.475733900000000176e+01
-6.474428600000000245e+01
-6.473127700000000573e+01
-6.471832299999999805e+01
-6.470542100000000119e+01
-6.469256599999999935e+01
-6.467975599999999758e+01
-6.466700000000000159e+01
-6.465429699999999968e+01
-6.464163200000000131e+01
-6.462902099999999450e+01
-6.461645500000000197e+01
-6.460393500000000699e+01
-6.459146099999999535e+01
-6.457903299999999547e+01
-6.456664999999999566e+01
-6.455431400000000508e+01
-6.454202300000000037e+01
-6.452976999999999919e+01
-6.451757000000000630e+01
-6.450540900000000022e+01
-6.449329400000000589e+01
-6.448121600000000342e+01
-6.446919300000000419e+01
-6.445719900000000280e+01
-6.444525899999999297e+01
-6.443335000000000434e+01
-6.442148600000000158e+01
-6.440966799999999637e+01
-6.439788799999999469e+01
-6.438614699999999402e+01
-6.437444299999999942e+01
-6.436277800000000582e+01
-6.435115799999999808e+01
-6.433957700000000557e+01
-6.432803300000000490e+01
-6.431652800000000525e+01
-6.430506099999999492e+01
-6.429362500000000580e+01
-6.428223400000000254e+01
-6.427088200000000029e+01
-6.425955999999999335e+01
-6.424827600000000416e+01
-6.423703000000000429e+01
-6.422582199999999375e+01
-6.421464500000000442e+01
-6.420350600000000441e+01
-6.419240600000000541e+01
-6.418133500000000424e+01
-6.417030300000000409e+01
-6.415930199999999672e+01
-6.414833099999999888e+01
-6.413739800000000457e+01
-6.412649500000000558e+01
-6.411563099999999338e+01
-6.410479700000000491e+01
-6.409399399999999503e+01
-6.408322099999999466e+01
-6.407248699999999531e+01
-6.406178300000000547e+01
-6.405110200000000020e+01
-6.404045899999999847e+01
-6.402984600000000626e+01
-6.401926400000000683e+01
-6.400871300000000019e+01
-6.399818799999999896e+01
-6.398769399999999763e+01
-6.397722999999999871e+01
-6.396679699999999968e+01
-6.395638999999999896e+01
-6.394601399999999813e+01
-6.393566500000000019e+01
-6.392534299999999803e+01
-6.391505099999999828e+01
-6.390478499999999684e+01
-6.389455000000000240e+01
-6.388433799999999962e+01
-6.387415699999999674e+01
-6.386399800000000226e+01
-6.385386700000000104e+01
-6.384376499999999766e+01
-6.383368699999999762e+01
-6.382363099999999889e+01
-6.381360600000000005e+01
-6.380360399999999998e+01
-6.379362900000000280e+01
-6.378367599999999982e+01
-6.377374600000000271e+01
-6.376384399999999886e+01
-6.375396299999999883e+01
-6.374410999999999916e+01
-6.373427600000000126e+01
-6.372446800000000167e+01
-6.371468399999999832e+01
-6.370492200000000338e+01
-6.369517900000000310e+01
-6.368546299999999860e+01
-6.367576600000000298e+01
-6.366609600000000313e+01
-6.365644499999999795e+01
-6.364681199999999706e+01
-6.363720699999999653e+01
-6.362761700000000076e+01
-6.361805300000000329e+01
-6.360850500000000096e+01
-6.359897999999999740e+01
-6.358947799999999972e+01
-6.357999399999999923e+01
-6.357052999999999798e+01
-6.356108499999999850e+01
-6.355165900000000079e+01
-6.354225199999999774e+01
-6.353286399999999645e+01
-6.352349499999999694e+01
-6.351414900000000330e+01
-6.350481400000000320e+01
-6.349550200000000189e+01
-6.348620999999999981e+01
-6.347693300000000249e+01
-6.346767400000000237e+01
-6.345843099999999737e+01
-6.344920700000000124e+01
-6.343999900000000025e+01
-6.343080900000000355e+01
-6.342163500000000198e+01
-6.341247899999999760e+01
-6.340333600000000303e+01
-6.339421099999999853e+01
-6.338510500000000292e+01
-6.337601099999999832e+01
-6.336693199999999848e+01
-6.335787200000000041e+01
-6.334882400000000047e+01
-6.333979000000000070e+01
-6.333077600000000018e+01
-6.332177399999999778e+01
-6.331278600000000267e+01
-6.330380999999999858e+01
-6.329484899999999925e+01
-6.328590400000000216e+01
-6.327697400000000272e+01
-6.326805499999999682e+01
-6.325914800000000326e+01
-6.325025600000000026e+01
-6.324137900000000201e+01
-6.323250999999999777e+01
-6.322366000000000241e+01
-6.321481699999999648e+01
-6.320598600000000289e+01
-6.319716999999999985e+01
-6.318836600000000203e+01
-6.317957299999999776e+01
-6.317079199999999872e+01
-6.316202200000000033e+01
-6.315326300000000259e+01
-6.314451600000000298e+01
-6.313577699999999737e+01
-6.312705199999999905e+01
-6.311833599999999933e+01
-6.310963100000000026e+01
-6.310093299999999772e+01
-6.309225099999999742e+01
-6.308357600000000076e+01
-6.307490899999999812e+01
-6.306625400000000070e+01
-6.305760599999999982e+01
-6.304896899999999960e+01
-6.304034000000000049e+01
-6.303171900000000250e+01
-6.302310899999999805e+01
-6.301450700000000182e+01
-6.300591299999999961e+01
-6.299732600000000105e+01
-6.298875000000000313e+01
-6.298017899999999969e+01
-6.297161899999999690e+01
-6.296306200000000075e+01
-6.295451400000000319e+01
-6.294597199999999759e+01
-6.293744300000000180e+01
-6.292891300000000143e+01
-6.292039499999999919e+01
-6.291187999999999647e+01
-6.290337399999999946e+01
-6.289487499999999898e+01
-6.288637899999999803e+01
-6.287789200000000278e+01
-6.286940799999999996e+01
-6.286093100000000078e+01
-6.285245900000000319e+01
-6.284398999999999802e+01
-6.283552900000000108e+01
-6.282707200000000114e+01
-6.281862300000000232e+01
-6.281017299999999892e+01
-6.280173099999999664e+01
-6.279329299999999847e+01
-6.278485899999999731e+01
-6.277642800000000278e+01
-6.276800200000000274e+01
-6.275957499999999811e+01
-6.275115600000000171e+01
-6.274274100000000232e+01
-6.273432499999999834e+01
-6.272591400000000306e+01
-6.271750600000000020e+01
-6.270910299999999893e+01
-6.270069900000000018e+01
-6.269229899999999844e+01
-6.268389899999999670e+01
-6.267550299999999908e+01
-6.266711000000000098e+01
-6.265871800000000036e+01
-6.265032599999999974e+01
-6.264193300000000164e+01
-6.263354499999999803e+01
-6.262515599999999694e+01
-6.261677199999999743e+01
-6.260838300000000345e+01
-6.259999799999999937e+01
-6.259161399999999986e+01
-6.258322499999999877e+01
-6.257484099999999927e+01
-6.256645600000000229e+01
-6.255806700000000120e+01
-6.254968300000000170e+01
-6.254129400000000061e+01
-6.253290599999999699e+01
-6.252451700000000301e+01
-6.251612899999999939e+01
-6.250773600000000130e+01
-6.249934400000000068e+01
-6.249094800000000305e+01
-6.248255199999999832e+01
-6.247415199999999658e+01
-6.246575200000000194e+01
-6.245734800000000320e+01
-6.244894000000000034e+01
-6.244053300000000206e+01
-6.243212100000000220e+01
-6.242370600000000280e+01
-6.241528699999999930e+01
-6.240686800000000289e+01
-6.239844099999999827e+01
-6.239001100000000122e+01
-6.238157999999999959e+01
-6.237314200000000142e+01
-6.236469999999999914e+01
-6.235625499999999732e+01
-6.234780500000000103e+01
-6.233934800000000109e+01
-6.233088699999999704e+01
-6.232242200000000310e+01
-6.231394999999999840e+01
-6.230547299999999922e+01
-6.229699300000000051e+01
-6.228850200000000115e+01
-6.228000600000000020e+01
-6.227150699999999972e+01
-6.226299999999999812e+01
-6.225448599999999999e+01
-6.224596400000000074e+01
-6.223743400000000037e+01
-6.222889700000000346e+01
-6.222035600000000244e+01
-6.221180300000000329e+01
-6.220324300000000051e+01
-6.219467499999999660e+01
-6.218610000000000326e+01
-6.217751700000000170e+01
-6.216892200000000201e+01
-6.216031999999999869e+01
-6.215171099999999882e+01
-6.214308900000000335e+01
-6.213445999999999714e+01
-6.212581999999999738e+01
-6.211717199999999650e+01
-6.210850899999999797e+01
-6.209984200000000243e+01
-6.209116000000000213e+01
-6.208246599999999660e+01
-6.207376500000000163e+01
-6.206504799999999733e+01
-6.205632399999999649e+01
-6.204758499999999799e+01
-6.203883700000000090e+01
-6.203007499999999652e+01
-6.202130100000000112e+01
-6.201251200000000097e+01
-6.200371200000000016e+01
-6.199490000000000123e+01
-6.198607299999999753e+01
-6.197723400000000282e+01
-6.196838000000000335e+01
-6.195951099999999911e+01
-6.195062999999999676e+01
-6.194173399999999674e+01
-6.193281900000000206e+01
-6.192389299999999963e+01
-6.191495100000000207e+01
-6.190599399999999974e+01
-6.189701800000000276e+01
-6.188803099999999802e+01
-6.187902499999999861e+01
-6.186999899999999997e+01
-6.186095799999999656e+01
-6.185190200000000260e+01
-6.184282699999999977e+01
-6.183373600000000181e+01
-6.182462300000000255e+01
-6.181549499999999853e+01
-6.180634700000000237e+01
-6.179717999999999734e+01
-6.178799399999999764e+01
-6.177879000000000076e+01
-6.176956599999999753e+01
-6.176031900000000263e+01
-6.175105299999999886e+01
-6.174176400000000342e+01
-6.173245599999999911e+01
-6.172312900000000013e+01
-6.171377900000000238e+01
-6.170440700000000334e+01
-6.169501100000000093e+01
-6.168559299999999723e+01
-6.167615099999999728e+01
-6.166668700000000314e+01
-6.165720000000000312e+01
-6.164768600000000021e+01
-6.163814899999999852e+01
-6.162859000000000265e+01
-6.161900299999999930e+01
-6.160938999999999766e+01
-6.159975099999999770e+01
-6.159008800000000150e+01
-6.158039899999999989e+01
-6.157067899999999838e+01
-6.156093599999999810e+01
-6.155116300000000251e+01
-6.154135899999999992e+01
-6.153153199999999856e+01
-6.152167099999999778e+01
-6.151178399999999868e+01
-6.150186500000000223e+01
-6.149191700000000083e+01
-6.148193700000000206e+01
-6.147192799999999835e+01
-6.146188699999999727e+01
-6.145181300000000135e+01
-6.144170400000000143e+01
-6.143156400000000161e+01
-6.142139399999999938e+01
-6.141118600000000072e+01
-6.140094400000000263e+01
-6.139066700000000054e+01
-6.138035599999999903e+01
-6.137001000000000062e+01
-6.135962299999999914e+01
-6.134920499999999777e+01
-6.133874500000000296e+01
-6.132824699999999751e+01
-6.131771100000000274e+01
-6.130713699999999733e+01
-6.129652399999999801e+01
-6.128587000000000273e+01
-6.127517300000000233e+01
-6.126443900000000298e+01
-6.125365800000000149e+01
-6.124283599999999694e+01
-6.123197199999999896e+01
-6.122106200000000342e+01
-6.121011000000000024e+01
-6.119911199999999951e+01
-6.118806800000000123e+01
-6.117697499999999877e+01
-6.116583599999999876e+01
-6.115465199999999868e+01
-6.114341399999999993e+01
-6.113212999999999653e+01
-6.112079599999999857e+01
-6.110940899999999942e+01
-6.109797300000000320e+01
-6.108648300000000120e+01
-6.107493999999999801e+01
-6.106334300000000326e+01
-6.105169300000000021e+01
-6.103998200000000196e+01
-6.102822100000000205e+01
-6.101639899999999983e+01
-6.100451699999999988e+01
-6.099257999999999669e+01
-6.098057899999999876e+01
-6.096851699999999852e+01
-6.095639800000000008e+01
-6.094420999999999822e+01
-6.093196100000000115e+01
-6.091964699999999766e+01
-6.090726899999999944e+01
-6.089482100000000031e+01
-6.088230500000000234e+01
-6.086972000000000094e+01
-6.085706299999999658e+01
-6.084433700000000300e+01
-6.083153899999999936e+01
-6.081866500000000286e+01
-6.080571700000000135e+01
-6.079269000000000034e+01
-6.077959100000000348e+01
-6.076640700000000095e+01
-6.075314699999999846e+01
-6.073980300000000199e+01
-6.072637600000000191e+01
-6.071286800000000028e+01
-6.069927200000000056e+01
-6.068558900000000023e+01
-6.067181399999999769e+01
-6.065795099999999707e+01
-6.064399699999999882e+01
-6.062995099999999837e+01
-6.061580699999999666e+01
-6.060156599999999827e+01
-6.058722699999999861e+01
-6.057278800000000274e+01
-6.055824700000000149e+01
-6.054360199999999992e+01
-6.052885100000000307e+01
-6.051399200000000178e+01
-6.049902300000000110e+01
-6.048394400000000104e+01
-6.046874600000000299e+01
-6.045343799999999845e+01
-6.043800699999999892e+01
-6.042245499999999936e+01
-6.040678400000000181e+01
-6.039098400000000311e+01
-6.037505699999999820e+01
-6.035899700000000223e+01
-6.034280799999999800e+01
-6.032648100000000113e+01
-6.031001700000000199e+01
-6.029341099999999898e+01
-6.027666099999999716e+01
-6.025976599999999905e+01
-6.024271800000000354e+01
-6.022551700000000352e+01
-6.020815999999999946e+01
-6.019064300000000145e+01
-6.017296600000000240e+01
-6.015511699999999706e+01
-6.013709999999999667e+01
-6.011890799999999757e+01
-6.010054000000000229e+01
-6.008198900000000009e+01
-6.006325100000000106e+01
-6.004432299999999856e+01
-6.002519999999999811e+01
-6.000587800000000271e+01
-5.998635500000000320e+01
-5.996662100000000351e+01
-5.994667400000000157e+01
-5.992650600000000338e+01
-5.990611599999999726e+01
-5.988549799999999834e+01
-5.986464300000000094e+01
-5.984354799999999841e+01
-5.982220499999999674e+01
-5.980060999999999893e+01
-5.977875499999999676e+01
-5.975663399999999825e+01
-5.973423799999999773e+01
-5.971156299999999817e+01
-5.968859900000000351e+01
-5.966534000000000049e+01
-5.964177699999999760e+01
-5.961790100000000336e+01
-5.959369999999999834e+01
-5.956917599999999879e+01
-5.954430800000000090e+01
-5.951908900000000102e+01
-5.949351500000000215e+01
-5.946756700000000251e+01
-5.944124200000000258e+01
-5.941452000000000311e+01
-5.938739400000000046e+01
-5.935985199999999651e+01
-5.933187900000000070e+01
-5.930346300000000070e+01
-5.927458599999999933e+01
-5.924523899999999799e+01
-5.921540099999999995e+01
-5.918505900000000253e+01
-5.915418999999999983e+01
-5.912278400000000289e+01
-5.909082000000000079e+01
-5.905827299999999980e+01
-5.902512699999999768e+01
-5.899136000000000024e+01
-5.895694699999999955e+01
-5.892186699999999888e+01
-5.888608899999999835e+01
-5.884959400000000329e+01
-5.881234700000000259e+01
-5.877431899999999843e+01
-5.873548100000000005e+01
-5.869579699999999889e+01
-5.865523100000000056e+01
-5.861374699999999649e+01
-5.857130399999999781e+01
-5.852786300000000352e+01
-5.848337599999999981e+01
-5.843779399999999669e+01
-5.839107099999999662e+01
-5.834314299999999776e+01
-5.829396100000000303e+01
-5.824345799999999684e+01
-5.819156999999999869e+01
-5.813822199999999896e+01
-5.808333999999999975e+01
-5.802683999999999997e+01
-5.796863199999999949e+01
-5.790862299999999863e+01
-5.784671000000000163e+01
-5.778277200000000136e+01
-5.771669800000000095e+01
-5.764835000000000065e+01
-5.757758700000000118e+01
-5.750424600000000197e+01
-5.742816200000000038e+01
-5.734913999999999845e+01
-5.726697899999999919e+01
-5.718144999999999811e+01
-5.709229700000000207e+01
-5.699924500000000194e+01
-5.690198099999999926e+01
-5.680016299999999774e+01
-5.669340900000000261e+01
-5.658127600000000257e+01
-5.646328400000000158e+01
-5.633888199999999813e+01
-5.620743600000000129e+01
-5.606824100000000044e+01
-5.592046700000000214e+01
-5.576317999999999842e+01
-5.559527599999999836e+01
-5.541547400000000323e+01
-5.522227900000000034e+01
-5.501390800000000070e+01
-5.478823899999999725e+01
-5.454271700000000322e+01
-5.427423900000000145e+01
-5.397898899999999855e+01
-5.365222899999999839e+01
-5.328798700000000110e+01
-5.287862400000000207e+01
-5.241421100000000166e+01
-5.188159900000000135e+01
-5.126297399999999982e+01
-5.053360700000000350e+01
-4.965815700000000277e+01
-4.858440399999999926e+01
-4.723208199999999835e+01
-4.547206899999999763e+01
-4.308546799999999877e+01
-3.967943600000000259e+01
-3.450675999999999988e+01
-2.591652099999999947e+01
-1.069472599999999929e+01
