8.990000000000000000e+02
0.000000000000000000e+00
1.795999899999999982e+01
1.591154300000000021e-01
1.646388799999999875e-01
1.783814099999999903e-01
2.021111399999999947e-01
2.311552299999999893e-01
2.603724900000000120e-01
2.872067400000000159e-01
3.107216999999999896e-01
3.306784600000000074e-01
3.471735400000000027e-01
3.604993499999999962e-01
3.710605799999999732e-01
3.793061999999999823e-01
3.856758800000000265e-01
3.905646199999999735e-01
3.943055300000000152e-01
3.971663999999999750e-01
3.993550200000000050e-01
4.010285699999999731e-01
4.023038099999999839e-01
4.032667600000000019e-01
4.039792999999999856e-01
4.044816199999999862e-01
4.047954100000000222e-01
4.049506199999999834e-01
4.049877800000000194e-01
4.049351199999999817e-01
4.048072999999999810e-01
4.046070600000000184e-01
4.043233399999999755e-01
4.039315299999999831e-01
4.034017300000000139e-01
4.027107400000000115e-01
4.018509399999999898e-01
4.008310099999999876e-01
3.996704200000000262e-01
3.983930099999999919e-01
3.970222800000000052e-01
3.955789800000000245e-01
3.940805199999999897e-01
3.925409300000000101e-01
3.909714200000000139e-01
3.893809599999999982e-01
3.877765799999999818e-01
3.861640100000000020e-01
3.845477999999999952e-01
3.829316199999999726e-01
3.813184499999999755e-01
3.797107599999999805e-01
3.781105900000000242e-01
3.765195599999999754e-01
3.749391100000000199e-01
3.733703800000000017e-01
3.718143099999999812e-01
3.702717099999999761e-01
3.687432700000000119e-01
3.672294899999999918e-01
3.657308499999999962e-01
3.642477399999999865e-01
3.627803900000000081e-01
3.613290499999999850e-01
3.598939199999999783e-01
3.584750899999999962e-01
3.570726499999999914e-01
3.556866300000000036e-01
3.543170400000000275e-01
3.529638600000000181e-01
3.516270499999999966e-01
3.503065100000000154e-01
3.490021500000000110e-01
3.477138599999999857e-01
3.464415399999999923e-01
3.451849799999999746e-01
3.439440999999999748e-01
3.427186600000000083e-01
3.415085400000000271e-01
3.403135500000000202e-01
3.391334999999999766e-01
3.379681700000000122e-01
3.368173500000000153e-01
3.356809000000000043e-01
3.345585799999999943e-01
3.334501699999999902e-01
3.323554699999999862e-01
3.312742699999999818e-01
3.302063599999999766e-01
3.291515400000000202e-01
3.281095900000000065e-01
3.270803099999999852e-01
3.260634800000000166e-01
3.250589099999999787e-01
3.240663999999999767e-01
3.230856999999999757e-01
3.221166699999999938e-01
3.211590599999999962e-01
3.202127499999999904e-01
3.192774700000000077e-01
3.183530600000000210e-01
3.174393200000000248e-01
3.165360999999999869e-01
3.156431900000000179e-01
3.147604500000000249e-01
3.138876299999999731e-01
3.130246400000000206e-01
3.121712500000000112e-01
3.113273400000000080e-01
3.104926900000000156e-01
3.096672300000000155e-01
3.088507099999999728e-01
3.080430000000000113e-01
3.072440000000000171e-01
3.064534999999999898e-01
3.056713899999999873e-01
3.048975199999999774e-01
3.041317199999999943e-01
3.033738999999999741e-01
3.026239000000000012e-01
3.018816100000000224e-01
3.011468600000000162e-01
3.004195700000000246e-01
2.996995700000000262e-01
2.989867600000000181e-01
2.982810399999999973e-01
2.975822699999999821e-01
2.968903500000000251e-01
2.962051600000000229e-01
2.955265899999999779e-01
2.948545200000000088e-01
2.941888599999999965e-01
2.935295099999999935e-01
2.928763899999999865e-01
2.922293200000000146e-01
2.915883100000000172e-01
2.909531899999999727e-01
2.903238799999999786e-01
2.897003000000000217e-01
2.890823800000000277e-01
2.884700000000000042e-01
2.878630799999999934e-01
2.872615199999999924e-01
2.866652900000000170e-01
2.860742499999999744e-01
2.854883699999999913e-01
2.849075200000000252e-01
2.843316799999999755e-01
2.837607300000000166e-01
2.831946300000000027e-01
2.826332699999999920e-01
2.820766299999999949e-01
2.815246000000000137e-01
2.809770999999999797e-01
2.804341000000000195e-01
2.798955399999999982e-01
2.793613400000000135e-01
2.788313900000000123e-01
2.783057099999999839e-01
2.777841999999999811e-01
2.772667999999999799e-01
2.767534600000000067e-01
2.762440999999999924e-01
2.757387199999999927e-01
2.752371699999999755e-01
2.747395000000000254e-01
2.742455899999999835e-01
2.737553999999999821e-01
2.732688799999999918e-01
2.727860200000000179e-01
2.723067100000000074e-01
2.718309199999999759e-01
2.713586100000000001e-01
2.708897599999999795e-01
2.704242800000000169e-01
2.699621300000000224e-01
2.695033000000000012e-01
2.690477099999999955e-01
2.685953099999999760e-01
2.681460999999999983e-01
2.677000199999999830e-01
2.672570300000000065e-01
2.668170899999999790e-01
2.663801299999999928e-01
2.659461799999999765e-01
2.655151199999999934e-01
2.650869800000000276e-01
2.646616999999999997e-01
2.642392199999999969e-01
2.638195500000000138e-01
2.634026099999999815e-01
2.629884200000000005e-01
2.625768800000000125e-01
2.621680200000000016e-01
2.617617500000000152e-01
2.613580799999999926e-01
2.609569400000000261e-01
2.605583699999999836e-01
2.601622599999999785e-01
2.597686100000000109e-01
2.593774200000000252e-01
2.589886200000000027e-01
2.586021700000000201e-01
2.582181100000000007e-01
2.578363399999999972e-01
2.574568999999999885e-01
2.570796900000000274e-01
2.567047499999999816e-01
2.563319800000000148e-01
2.559614499999999793e-01
2.555930599999999830e-01
2.552267899999999812e-01
2.548626700000000134e-01
2.545006300000000055e-01
2.541406500000000235e-01
2.537827200000000172e-01
2.534267900000000129e-01
2.530728899999999948e-01
2.527209499999999998e-01
2.523709499999999828e-01
2.520228899999999994e-01
2.516767699999999941e-01
2.513325200000000037e-01
2.509901199999999832e-01
2.506495999999999724e-01
2.503109000000000028e-01
2.499740099999999965e-01
2.496389199999999864e-01
2.493055899999999936e-01
2.489740099999999956e-01
2.486441699999999977e-01
2.483160500000000104e-01
2.479896199999999939e-01
2.476648800000000039e-01
2.473418000000000005e-01
2.470203599999999944e-01
2.467005600000000132e-01
2.463823699999999894e-01
2.460657699999999892e-01
2.457507399999999953e-01
2.454372800000000077e-01
2.451253800000000038e-01
2.448149900000000101e-01
2.445061400000000107e-01
2.441987700000000094e-01
2.438928900000000011e-01
2.435884899999999909e-01
2.432855499999999893e-01
2.429840400000000122e-01
2.426839600000000041e-01
2.423853099999999927e-01
2.420880499999999991e-01
2.417921700000000007e-01
2.414976699999999976e-01
2.412045300000000003e-01
2.409127399999999863e-01
2.406222799999999939e-01
2.403331400000000007e-01
2.400453100000000117e-01
2.397587899999999994e-01
2.394735400000000125e-01
2.391895699999999902e-01
2.389068500000000039e-01
2.386253899999999928e-01
2.383451600000000004e-01
2.380661500000000041e-01
2.377883799999999936e-01
2.375117800000000057e-01
2.372363999999999862e-01
2.369622000000000117e-01
2.366891499999999871e-01
2.364172800000000074e-01
2.361465500000000106e-01
2.358769599999999966e-01
2.356084999999999985e-01
2.353411800000000109e-01
2.350749400000000100e-01
2.348098200000000024e-01
2.345457800000000093e-01
2.342828200000000027e-01
2.340209299999999881e-01
2.337601199999999879e-01
2.335003499999999954e-01
2.332416200000000106e-01
2.329839200000000110e-01
2.327272400000000019e-01
2.324716000000000005e-01
2.322169500000000053e-01
2.319633200000000006e-01
2.317106700000000075e-01
2.314590099999999928e-01
2.312083100000000002e-01
2.309585799999999967e-01
2.307098200000000099e-01
2.304620000000000002e-01
2.302151199999999953e-01
2.299691899999999900e-01
2.297241700000000053e-01
2.294800899999999977e-01
2.292368999999999934e-01
2.289946399999999993e-01
2.287532499999999913e-01
2.285127799999999987e-01
2.282731699999999975e-01
2.280344499999999996e-01
2.277965799999999985e-01
2.275596000000000008e-01
2.273234600000000050e-01
2.270881700000000059e-01
2.268537300000000034e-01
2.266201100000000135e-01
2.263873399999999925e-01
2.261553699999999945e-01
2.259242399999999984e-01
2.256939000000000028e-01
2.254643699999999973e-01
2.252356399999999870e-01
2.250077099999999997e-01
2.247805599999999904e-01
2.245541799999999921e-01
2.243285899999999944e-01
2.241037600000000130e-01
2.238796899999999923e-01
2.236563900000000105e-01
2.234338200000000052e-01
2.232120200000000110e-01
2.229909399999999986e-01
2.227706000000000131e-01
2.225509900000000041e-01
2.223321099999999995e-01
2.221139400000000097e-01
2.218964800000000070e-01
2.216797500000000087e-01
2.214637100000000081e-01
2.212483699999999998e-01
2.210337199999999891e-01
2.208197600000000038e-01
2.206064899999999884e-01
2.203939000000000037e-01
2.201819700000000046e-01
2.199707200000000085e-01
2.197601299999999980e-01
2.195502099999999956e-01
2.193409400000000120e-01
2.191323000000000021e-01
2.189243300000000003e-01
2.187170099999999895e-01
2.185103100000000131e-01
2.183042500000000052e-01
2.180988199999999988e-01
2.178940199999999938e-01
2.176898300000000008e-01
2.174862599999999868e-01
2.172833100000000073e-01
2.170809700000000120e-01
2.168792200000000114e-01
2.166780799999999951e-01
2.164775300000000013e-01
2.162775799999999971e-01
2.160782199999999875e-01
2.158794400000000058e-01
2.156812499999999910e-01
2.154836400000000041e-01
2.152865800000000052e-01
2.150901100000000010e-01
2.148942100000000022e-01
2.146988700000000139e-01
2.145040800000000136e-01
2.143098599999999909e-01
2.141161900000000118e-01
2.139230500000000035e-01
2.137304700000000057e-01
2.135384399999999960e-01
2.133469400000000127e-01
2.131559700000000002e-01
2.129655500000000035e-01
2.127756500000000106e-01
2.125862699999999939e-01
2.123974299999999982e-01
2.122090899999999891e-01
2.120212800000000064e-01
2.118339700000000103e-01
2.116471799999999903e-01
2.114609000000000072e-01
2.112751200000000107e-01
2.110898499999999955e-01
2.109050600000000053e-01
2.107207799999999964e-01
2.105369900000000072e-01
2.103536900000000098e-01
2.101708800000000044e-01
2.099885499999999960e-01
2.098067100000000074e-01
2.096253299999999986e-01
2.094444500000000042e-01
2.092640299999999898e-01
2.090840800000000055e-01
2.089046099999999906e-01
2.087255899999999886e-01
2.085470399999999891e-01
2.083689599999999920e-01
2.081913200000000130e-01
2.080141500000000088e-01
2.078374199999999949e-01
2.076611499999999888e-01
2.074853299999999956e-01
2.073099499999999928e-01
2.071350100000000083e-01
2.069605099999999864e-01
2.067864700000000000e-01
2.066128399999999921e-01
2.064396599999999971e-01
2.062669099999999978e-01
2.060945799999999994e-01
2.059226799999999968e-01
2.057512099999999899e-01
2.055801600000000118e-01
2.054095300000000068e-01
2.052393100000000081e-01
2.050695299999999999e-01
2.049001500000000031e-01
2.047311800000000126e-01
2.045626200000000006e-01
2.043944600000000000e-01
2.042267200000000005e-01
2.040593800000000124e-01
2.038924400000000081e-01
2.037258999999999876e-01
2.035597600000000063e-01
2.033940099999999862e-01
2.032286700000000002e-01
2.030637100000000084e-01
2.028991300000000109e-01
2.027349499999999971e-01
2.025711500000000054e-01
2.024077499999999974e-01
2.022447300000000114e-01
2.020820799999999973e-01
2.019198100000000051e-01
2.017579200000000073e-01
2.015964100000000037e-01
2.014352699999999996e-01
2.012744999999999951e-01
2.011140999999999901e-01
2.009540599999999899e-01
2.007944100000000065e-01
2.006351200000000001e-01
2.004761800000000038e-01
2.003176100000000071e-01
2.001593999999999873e-01
2.000015500000000002e-01
1.998440499999999953e-01
1.996869099999999952e-01
1.995301200000000053e-01
1.993736899999999923e-01
1.992176200000000119e-01
1.990618899999999913e-01
1.989065000000000139e-01
1.987514599999999909e-01
1.985967600000000111e-01
1.984424100000000135e-01
1.982884099999999983e-01
1.981347400000000036e-01
1.979814199999999913e-01
1.978284299999999996e-01
1.976757600000000059e-01
1.975234399999999946e-01
1.973714699999999933e-01
1.972198000000000007e-01
1.970684799999999903e-01
1.969174900000000006e-01
1.967668200000000089e-01
1.966164900000000049e-01
1.964664799999999989e-01
1.963167799999999963e-01
1.961674099999999865e-01
1.960183699999999973e-01
1.958696400000000115e-01
1.957212200000000013e-01
1.955731400000000064e-01
1.954253599999999924e-01
1.952779099999999990e-01
1.951307700000000089e-01
1.949839299999999997e-01
1.948374099999999887e-01
1.946912000000000087e-01
1.945453000000000043e-01
1.943997000000000086e-01
1.942544099999999885e-01
1.941094399999999942e-01
1.939647600000000138e-01
1.938203900000000091e-01
1.936763200000000129e-01
1.935325400000000029e-01
1.933890699999999963e-01
1.932458999999999982e-01
1.931030300000000088e-01
1.929604600000000003e-01
1.928181599999999885e-01
1.926761899999999972e-01
1.925344900000000026e-01
1.923930899999999888e-01
1.922519799999999890e-01
1.921111600000000030e-01
1.919706300000000032e-01
1.918303799999999948e-01
1.916904299999999950e-01
1.915507599999999866e-01
1.914113899999999868e-01
1.912722900000000115e-01
1.911334699999999998e-01
1.909949300000000072e-01
1.908566999999999902e-01
1.907187300000000030e-01
1.905810199999999899e-01
1.904436200000000079e-01
1.903064800000000001e-01
1.901696200000000114e-01
1.900330500000000089e-01
1.898967300000000136e-01
1.897607000000000044e-01
1.896249499999999866e-01
1.894894500000000037e-01
1.893542400000000070e-01
1.892193000000000069e-01
1.890846200000000088e-01
1.889502299999999968e-01
1.888160899999999920e-01
1.886822099999999891e-01
1.885486100000000054e-01
1.884152699999999958e-01
1.882821899999999882e-01
1.881493800000000050e-01
1.880168299999999959e-01
1.878845500000000113e-01
1.877525300000000008e-01
1.876207699999999923e-01
1.874892700000000134e-01
1.873580199999999862e-01
1.872270400000000112e-01
1.870963099999999879e-01
1.869658499999999890e-01
1.868356300000000025e-01
1.867056800000000127e-01
1.865759800000000024e-01
1.864465200000000045e-01
1.863173200000000085e-01
1.861883799999999867e-01
1.860596999999999945e-01
1.859312499999999924e-01
1.858030699999999868e-01
1.856751299999999938e-01
1.855474400000000079e-01
1.854199900000000067e-01
1.852928000000000075e-01
1.851658499999999929e-01
1.850391500000000133e-01
1.849127000000000132e-01
1.847864800000000030e-01
1.846605199999999947e-01
1.845347999999999988e-01
1.844093199999999877e-01
1.842840900000000115e-01
1.841590999999999922e-01
1.840343500000000132e-01
1.839098299999999964e-01
1.837855599999999867e-01
1.836615199999999948e-01
1.835377400000000048e-01
1.834141800000000100e-01
1.832908500000000052e-01
1.831677899999999970e-01
1.830449399999999893e-01
1.829223299999999941e-01
1.827999499999999888e-01
1.826778199999999908e-01
1.825559099999999879e-01
1.824342499999999923e-01
1.823127999999999971e-01
1.821916100000000038e-01
1.820706300000000111e-01
1.819498999999999977e-01
1.818293800000000127e-01
1.817091000000000123e-01
1.815890500000000018e-01
1.814692300000000091e-01
1.813496500000000011e-01
1.812302799999999936e-01
1.811111400000000038e-01
1.809922499999999934e-01
1.808735599999999888e-01
1.807551099999999966e-01
1.806368799999999997e-01
1.805188799999999927e-01
1.804011000000000087e-01
1.802835499999999869e-01
1.801662099999999933e-01
1.800491200000000069e-01
1.799322399999999933e-01
1.798155800000000026e-01
1.796991400000000072e-01
1.795829200000000070e-01
1.794669299999999967e-01
1.793511499999999870e-01
1.792356099999999897e-01
1.791202699999999981e-01
1.790051599999999965e-01
1.788902699999999901e-01
1.787755900000000120e-01
1.786611399999999961e-01
1.785468900000000136e-01
1.784328799999999882e-01
1.783190699999999962e-01
1.782054899999999942e-01
1.780921199999999927e-01
1.779789599999999916e-01
1.778660300000000083e-01
1.777533000000000030e-01
1.776407999999999876e-01
1.775285000000000057e-01
1.774164099999999966e-01
1.773045500000000052e-01
1.771928999999999865e-01
1.770814500000000014e-01
1.769702300000000061e-01
1.768592099999999889e-01
1.767484099999999947e-01
1.766378299999999957e-01
1.765274400000000077e-01
1.764172800000000096e-01
1.763073199999999896e-01
1.761975699999999978e-01
1.760880400000000012e-01
1.759787100000000104e-01
1.758695799999999976e-01
1.757606700000000077e-01
1.756519800000000131e-01
1.755434899999999965e-01
1.754352000000000134e-01
1.753271200000000030e-01
1.752192499999999931e-01
1.751115900000000114e-01
1.750041400000000025e-01
1.748968999999999940e-01
1.747898599999999913e-01
1.746830199999999944e-01
1.745763999999999927e-01
1.744699799999999967e-01
1.743637600000000065e-01
1.742577600000000115e-01
1.741519400000000051e-01
1.740463399999999938e-01
1.739409399999999883e-01
1.738357500000000111e-01
1.737307800000000013e-01
1.736259900000000078e-01
1.735213999999999923e-01
1.734170299999999998e-01
1.733128600000000130e-01
1.732088900000000042e-01
1.731051200000000012e-01
1.730015599999999987e-01
1.728981900000000071e-01
1.727950299999999884e-01
1.726920799999999978e-01
1.725893199999999905e-01
1.724867700000000115e-01
1.723844099999999879e-01
1.722822599999999926e-01
1.721803100000000031e-01
1.720785599999999915e-01
1.719770100000000135e-01
1.718756700000000082e-01
1.717745200000000139e-01
1.716735799999999923e-01
1.715728300000000095e-01
1.714722999999999942e-01
1.713719499999999951e-01
1.712718000000000018e-01
1.711718600000000090e-01
1.710721099999999995e-01
1.709725699999999904e-01
1.708732199999999923e-01
1.707740700000000000e-01
1.706751300000000082e-01
1.705763799999999997e-01
1.704778399999999916e-01
1.703794899999999946e-01
1.702813400000000033e-01
1.701833799999999952e-01
1.700856199999999929e-01
1.699880800000000136e-01
1.698907199999999951e-01
1.697935600000000100e-01
1.696966099999999977e-01
1.695998499999999964e-01
1.695032900000000009e-01
1.694069400000000059e-01
1.693107600000000046e-01
1.692147999999999985e-01
1.691190499999999930e-01
1.690234700000000090e-01
1.689280999999999977e-01
1.688329399999999869e-01
1.687379599999999924e-01
1.686431899999999984e-01
1.685486300000000048e-01
1.684542400000000051e-01
1.683600700000000006e-01
1.682661000000000018e-01
1.681723099999999915e-01
1.680787400000000043e-01
1.679853600000000002e-01
1.678921700000000072e-01
1.677992000000000095e-01
1.677064199999999949e-01
1.676138299999999914e-01
1.675214499999999884e-01
1.674292699999999912e-01
1.673372800000000049e-01
1.672454899999999967e-01
1.671539099999999889e-01
1.670625199999999921e-01
1.669713399999999959e-01
1.668803500000000106e-01
1.667895799999999928e-01
1.666989899999999913e-01
1.666085999999999956e-01
1.665184200000000003e-01
1.664284500000000055e-01
1.663386699999999940e-01
1.662490799999999935e-01
1.661596999999999935e-01
1.660705399999999887e-01
1.659815600000000002e-01
1.658927900000000122e-01
1.658042399999999916e-01
1.657158699999999873e-01
1.656276999999999888e-01
1.655397600000000080e-01
1.654519999999999880e-01
1.653644599999999909e-01
1.652771100000000049e-01
1.651899699999999915e-01
1.651030300000000117e-01
1.650163099999999994e-01
1.649297899999999928e-01
1.648434699999999919e-01
1.647573699999999863e-01
1.646714699999999865e-01
1.645857699999999924e-01
1.645002799999999987e-01
1.644150000000000056e-01
1.643299300000000129e-01
1.642450699999999930e-01
1.641604200000000013e-01
1.640759900000000049e-01
1.639917499999999917e-01
1.639077399999999962e-01
1.638239200000000118e-01
1.637403400000000120e-01
1.636569499999999955e-01
1.635737899999999967e-01
1.634908300000000037e-01
1.634080900000000058e-01
1.633255600000000085e-01
1.632432500000000064e-01
1.631611599999999995e-01
1.630792799999999931e-01
1.629976300000000045e-01
1.629161799999999938e-01
1.628349699999999955e-01
1.627539699999999978e-01
1.626731899999999953e-01
1.625926299999999880e-01
1.625122999999999984e-01
1.624321900000000041e-01
1.623523099999999997e-01
1.622726499999999905e-01
1.621932100000000043e-01
1.621139900000000134e-01
1.620350200000000018e-01
1.619562700000000133e-01
1.618777499999999869e-01
1.617994600000000061e-01
1.617214100000000099e-01
1.616435800000000089e-01
1.615659899999999927e-01
1.614886399999999889e-01
1.614115200000000028e-01
1.613346499999999961e-01
1.612580000000000124e-01
1.611816000000000082e-01
1.611054500000000111e-01
1.610295300000000041e-01
1.609538600000000041e-01
1.608784500000000062e-01
1.608032699999999982e-01
1.607283499999999921e-01
1.606536799999999932e-01
1.605792500000000067e-01
1.605050899999999892e-01
1.604311800000000066e-01
1.603575299999999981e-01
1.602841299999999969e-01
1.602110099999999870e-01
1.601381500000000069e-01
1.600655500000000009e-01
1.599932199999999916e-01
1.599211500000000119e-01
1.598493599999999959e-01
1.597778499999999990e-01
1.597066099999999989e-01
1.596356499999999901e-01
1.595649700000000004e-01
1.594945799999999969e-01
1.594244800000000073e-01
1.593546700000000038e-01
1.592851399999999917e-01
1.592159300000000055e-01
1.591469899999999882e-01
1.590783699999999967e-01
1.590100700000000034e-01
1.589420599999999961e-01
1.588743599999999923e-01
1.588069799999999865e-01
1.587399200000000066e-01
1.586731999999999865e-01
1.586067800000000028e-01
1.585407100000000014e-01
1.584749799999999875e-01
1.584096000000000115e-01
1.583445400000000058e-01
1.582798499999999997e-01
1.582155100000000036e-01
1.581515400000000071e-01
1.580879199999999929e-01
1.580246800000000007e-01
1.579618299999999975e-01
1.578993599999999886e-01
1.578372899999999912e-01
1.577756100000000106e-01
1.577143400000000084e-01
1.576534800000000125e-01
1.575930600000000070e-01
1.575330500000000078e-01
1.574734899999999937e-01
1.574143799999999926e-01
1.573557299999999992e-01
1.572975400000000135e-01
1.572398200000000024e-01
1.571826000000000056e-01
1.571258899999999903e-01
1.570697000000000065e-01
1.570140299999999989e-01
1.569588899999999898e-01
1.569043200000000138e-01
1.568503199999999875e-01
1.567969200000000063e-01
1.567441099999999921e-01
1.566919400000000018e-01
1.566404100000000077e-01
1.565895499999999940e-01
1.565393800000000057e-01
1.564899200000000046e-01
1.564412099999999972e-01
1.563932700000000009e-01
1.563461399999999946e-01
1.562998300000000007e-01
1.562544100000000102e-01
1.562098899999999901e-01
1.561663299999999921e-01
1.561237699999999951e-01
1.560822699999999952e-01
1.560418799999999939e-01
1.560026599999999875e-01
1.559646699999999997e-01
1.559280299999999952e-01
1.558927700000000138e-01
1.558590400000000042e-01
1.558269100000000129e-01
1.557965400000000111e-01
1.557680399999999965e-01
1.557416000000000078e-01
1.557174199999999953e-01
1.556956899999999977e-01
1.556767400000000079e-01
1.556608399999999948e-01
1.556484099999999871e-01
1.556399499999999991e-01
1.556360699999999875e-01
1.556375600000000081e-01
1.556454899999999975e-01
1.556612800000000130e-01
1.556869999999999921e-01
1.557256599999999880e-01
1.557820600000000000e-01
1.558644200000000035e-01
1.559883699999999873e-01
1.561878800000000012e-01
1.565503299999999876e-01
1.573646700000000120e-01
