9.390000000000000000e+02
0.000000000000000000e+00
1.876000000000000156e+01
1.534406700000000012e-01
1.590020099999999992e-01
1.728385699999999969e-01
1.967310899999999974e-01
2.259735599999999900e-01
2.553881700000000254e-01
2.824008800000000208e-01
3.060695500000000235e-01
3.261544100000000057e-01
3.427535299999999729e-01
3.561620999999999815e-01
3.667880600000000269e-01
3.750837100000000146e-01
3.814918400000000265e-01
3.864100599999999996e-01
3.901736399999999882e-01
3.930520399999999914e-01
3.952543700000000215e-01
3.969387400000000121e-01
3.982226799999999955e-01
3.991926299999999928e-01
3.999109599999999820e-01
4.004180099999999909e-01
4.007356799999999830e-01
4.008941699999999941e-01
4.009342499999999920e-01
4.008843000000000267e-01
4.007591300000000190e-01
4.005616900000000258e-01
4.002810700000000166e-01
3.998931099999999961e-01
3.993681700000000223e-01
3.986834000000000211e-01
3.978313499999999725e-01
3.968206599999999917e-01
3.956706500000000126e-01
3.944049499999999764e-01
3.930467699999999898e-01
3.916167300000000240e-01
3.901320099999999735e-01
3.886064599999999869e-01
3.870512199999999736e-01
3.854751299999999992e-01
3.838851699999999978e-01
3.822869700000000037e-01
3.806850600000000195e-01
3.790830399999999822e-01
3.774839300000000231e-01
3.758901099999999995e-01
3.743035800000000246e-01
3.727260199999999912e-01
3.711587800000000215e-01
3.696030399999999938e-01
3.680596899999999949e-01
3.665295499999999818e-01
3.650132999999999850e-01
3.635114700000000032e-01
3.620244899999999766e-01
3.605527600000000277e-01
3.590965300000000249e-01
3.576560300000000137e-01
3.562314500000000050e-01
3.548229299999999808e-01
3.534305099999999755e-01
3.520542400000000183e-01
3.506941499999999823e-01
3.493501800000000101e-01
3.480223100000000014e-01
3.467104699999999928e-01
3.454145800000000266e-01
3.441345100000000046e-01
3.428701499999999847e-01
3.416213100000000114e-01
3.403879100000000157e-01
3.391697699999999815e-01
3.379667100000000035e-01
3.367785200000000256e-01
3.356050800000000001e-01
3.344461599999999923e-01
3.333015699999999915e-01
3.321711399999999759e-01
3.310546300000000164e-01
3.299518499999999910e-01
3.288626099999999997e-01
3.277866799999999969e-01
3.267238700000000273e-01
3.256739699999999793e-01
3.246367900000000084e-01
3.236121200000000031e-01
3.225997700000000079e-01
3.215994799999999931e-01
3.206111200000000272e-01
3.196344700000000039e-01
3.186693199999999782e-01
3.177154699999999998e-01
3.167727599999999866e-01
3.158409899999999881e-01
3.149199500000000040e-01
3.140094900000000022e-01
3.131093999999999822e-01
3.122195300000000229e-01
3.113397099999999917e-01
3.104697499999999888e-01
3.096094699999999977e-01
3.087587099999999918e-01
3.079173299999999891e-01
3.070851600000000237e-01
3.062620200000000237e-01
3.054477600000000126e-01
3.046422599999999981e-01
3.038453799999999982e-01
3.030569000000000179e-01
3.022767299999999935e-01
3.015047599999999828e-01
3.007407799999999853e-01
2.999847199999999825e-01
2.992363900000000188e-01
2.984957100000000252e-01
2.977625099999999803e-01
2.970367099999999816e-01
2.963181699999999918e-01
2.956067600000000239e-01
2.949023800000000195e-01
2.942048899999999967e-01
2.935141900000000081e-01
2.928301700000000007e-01
2.921527300000000271e-01
2.914817599999999786e-01
2.908171700000000137e-01
2.901588399999999734e-01
2.895066399999999818e-01
2.888605300000000042e-01
2.882203799999999982e-01
2.875861200000000006e-01
2.869576200000000243e-01
2.863348399999999794e-01
2.857176699999999792e-01
2.851059699999999864e-01
2.844997599999999904e-01
2.838988599999999751e-01
2.833032600000000012e-01
2.827128199999999758e-01
2.821274999999999755e-01
2.815472199999999869e-01
2.809719099999999914e-01
2.804014699999999860e-01
2.798358499999999971e-01
2.792749400000000271e-01
2.787187400000000204e-01
2.781671000000000005e-01
2.776200200000000229e-01
2.770774100000000240e-01
2.765392099999999798e-01
2.760053299999999932e-01
2.754757400000000245e-01
2.749503600000000048e-01
2.744291400000000158e-01
2.739120400000000233e-01
2.733989700000000189e-01
2.728898499999999894e-01
2.723846999999999796e-01
2.718833999999999973e-01
2.713859399999999922e-01
2.708922300000000116e-01
2.704022500000000107e-01
2.699159400000000208e-01
2.694332300000000235e-01
2.689540699999999895e-01
2.684784499999999796e-01
2.680063200000000201e-01
2.675375899999999918e-01
2.670722300000000216e-01
2.666102300000000036e-01
2.661515199999999748e-01
2.656960199999999772e-01
2.652437699999999898e-01
2.647946500000000203e-01
2.643486600000000131e-01
2.639057599999999892e-01
2.634659100000000254e-01
2.630290399999999917e-01
2.625951499999999994e-01
2.621642100000000086e-01
2.617361200000000165e-01
2.613109100000000073e-01
2.608885200000000126e-01
2.604689000000000032e-01
2.600520299999999896e-01
2.596378599999999981e-01
2.592263799999999785e-01
2.588175799999999915e-01
2.584113800000000238e-01
2.580077399999999854e-01
2.576066900000000270e-01
2.572081399999999740e-01
2.568120700000000034e-01
2.564184999999999937e-01
2.560273100000000079e-01
2.556385700000000094e-01
2.552521799999999952e-01
2.548681500000000155e-01
2.544864399999999804e-01
2.541070300000000115e-01
2.537298800000000187e-01
2.533549999999999969e-01
2.529822899999999986e-01
2.526117900000000027e-01
2.522434599999999749e-01
2.518772499999999970e-01
2.515131500000000186e-01
2.511511699999999792e-01
2.507912500000000211e-01
2.504333899999999780e-01
2.500775199999999976e-01
2.497236700000000087e-01
2.493718000000000046e-01
2.490218700000000063e-01
2.486738900000000085e-01
2.483278200000000047e-01
2.479836499999999999e-01
2.476413399999999876e-01
2.473008899999999954e-01
2.469622599999999890e-01
2.466254499999999961e-01
2.462904499999999941e-01
2.459572100000000094e-01
2.456257199999999918e-01
2.452959700000000021e-01
2.449679499999999899e-01
2.446416200000000041e-01
2.443169799999999892e-01
2.439939999999999887e-01
2.436726800000000026e-01
2.433529799999999965e-01
2.430348999999999982e-01
2.427184099999999956e-01
2.424035200000000112e-01
2.420901799999999882e-01
2.417784000000000044e-01
2.414681599999999873e-01
2.411594200000000132e-01
2.408522100000000110e-01
2.405464599999999897e-01
2.402422100000000116e-01
2.399394099999999919e-01
2.396380600000000138e-01
2.393381400000000048e-01
2.390396300000000029e-01
2.387425300000000084e-01
2.384468299999999985e-01
2.381524999999999892e-01
2.378595300000000134e-01
2.375679199999999880e-01
2.372776400000000119e-01
2.369886900000000018e-01
2.367010400000000014e-01
2.364147199999999949e-01
2.361296599999999912e-01
2.358458900000000025e-01
2.355633799999999889e-01
2.352821200000000113e-01
2.350021200000000088e-01
2.347233300000000078e-01
2.344457500000000083e-01
2.341693900000000050e-01
2.338942300000000085e-01
2.336202599999999963e-01
2.333474600000000065e-01
2.330758300000000116e-01
2.328053399999999995e-01
2.325359999999999927e-01
2.322677999999999965e-01
2.320007099999999989e-01
2.317347399999999946e-01
2.314698699999999942e-01
2.312060999999999977e-01
2.309434099999999879e-01
2.306818099999999871e-01
2.304212599999999889e-01
2.301617699999999878e-01
2.299033299999999891e-01
2.296459200000000034e-01
2.293895499999999976e-01
2.291341899999999876e-01
2.288798499999999958e-01
2.286265199999999997e-01
2.283741699999999875e-01
2.281228200000000039e-01
2.278724500000000042e-01
2.276230300000000040e-01
2.273746000000000100e-01
2.271270999999999984e-01
2.268805700000000036e-01
2.266349599999999964e-01
2.263902899999999940e-01
2.261465300000000123e-01
2.259037000000000128e-01
2.256617800000000063e-01
2.254207599999999978e-01
2.251806299999999927e-01
2.249413899999999911e-01
2.247030299999999980e-01
2.244655500000000137e-01
2.242289199999999982e-01
2.239931500000000020e-01
2.237582499999999919e-01
2.235241799999999890e-01
2.232909600000000105e-01
2.230585700000000116e-01
2.228269999999999973e-01
2.225962599999999902e-01
2.223663300000000009e-01
2.221372000000000069e-01
2.219088800000000028e-01
2.216813599999999940e-01
2.214546199999999909e-01
2.212286599999999936e-01
2.210034899999999969e-01
2.207790799999999887e-01
2.205554399999999915e-01
2.203325499999999881e-01
2.201104299999999958e-01
2.198890599999999973e-01
2.196684200000000031e-01
2.194485200000000080e-01
2.192293600000000120e-01
2.190109299999999926e-01
2.187932099999999880e-01
2.185762199999999877e-01
2.183599300000000076e-01
2.181443600000000094e-01
2.179294800000000087e-01
2.177152900000000058e-01
2.175017999999999951e-01
2.172890199999999994e-01
2.170768799999999998e-01
2.168654499999999874e-01
2.166546699999999936e-01
2.164445799999999975e-01
2.162351299999999976e-01
2.160263500000000059e-01
2.158182299999999998e-01
2.156107600000000124e-01
2.154039100000000040e-01
2.151977300000000037e-01
2.149921700000000102e-01
2.147872399999999904e-01
2.145829499999999945e-01
2.143792800000000054e-01
2.141762200000000005e-01
2.139737899999999970e-01
2.137719700000000056e-01
2.135707400000000089e-01
2.133701299999999912e-01
2.131701099999999960e-01
2.129706899999999903e-01
2.127718600000000071e-01
2.125736199999999909e-01
2.123759699999999973e-01
2.121788900000000089e-01
2.119823799999999980e-01
2.117864600000000097e-01
2.115910900000000094e-01
2.113963100000000039e-01
2.112020699999999918e-01
2.110084000000000126e-01
2.108152799999999938e-01
2.106227099999999908e-01
2.104306999999999983e-01
2.102392200000000044e-01
2.100482899999999986e-01
2.098578799999999966e-01
2.096680300000000052e-01
2.094786899999999952e-01
2.092898900000000062e-01
2.091016199999999881e-01
2.089138600000000068e-01
2.087266100000000069e-01
2.085399000000000003e-01
2.083536800000000133e-01
2.081679899999999972e-01
2.079827900000000007e-01
2.077981100000000081e-01
2.076139200000000073e-01
2.074302299999999932e-01
2.072470200000000040e-01
2.070643199999999962e-01
2.068821000000000132e-01
2.067003699999999944e-01
2.065191299999999952e-01
2.063383500000000037e-01
2.061580600000000041e-01
2.059782400000000069e-01
2.057989100000000016e-01
2.056200400000000039e-01
2.054416199999999915e-01
2.052636899999999986e-01
2.050861999999999963e-01
2.049091799999999963e-01
2.047326100000000093e-01
2.045565099999999970e-01
2.043808500000000028e-01
2.042056499999999886e-01
2.040308899999999925e-01
2.038565599999999922e-01
2.036826899999999996e-01
2.035092599999999974e-01
2.033362499999999962e-01
2.031637000000000026e-01
2.029915599999999876e-01
2.028198499999999960e-01
2.026485799999999948e-01
2.024777399999999894e-01
2.023073099999999902e-01
2.021373200000000092e-01
2.019677300000000120e-01
2.017985700000000104e-01
2.016298199999999874e-01
2.014614799999999983e-01
2.012935600000000103e-01
2.011260400000000059e-01
2.009589200000000131e-01
2.007922199999999935e-01
2.006259099999999906e-01
2.004599999999999993e-01
2.002944899999999917e-01
2.001293899999999903e-01
1.999646700000000110e-01
1.998003600000000102e-01
1.996364300000000036e-01
1.994728699999999966e-01
1.993097199999999958e-01
1.991469600000000117e-01
1.989845600000000048e-01
1.988225600000000093e-01
1.986609300000000133e-01
1.984996800000000117e-01
1.983388100000000043e-01
1.981783099999999964e-01
1.980181799999999881e-01
1.978584200000000071e-01
1.976990299999999978e-01
1.975400099999999881e-01
1.973813500000000110e-01
1.972230700000000003e-01
1.970651300000000050e-01
1.969075600000000092e-01
1.967503399999999958e-01
1.965934900000000096e-01
1.964370000000000005e-01
1.962808500000000067e-01
1.961250599999999900e-01
1.959696099999999885e-01
1.958145199999999919e-01
1.956597700000000106e-01
1.955053800000000064e-01
1.953513299999999897e-01
1.951976099999999936e-01
1.950442500000000023e-01
1.948912100000000092e-01
1.947385199999999983e-01
1.945861700000000027e-01
1.944341500000000000e-01
1.942824700000000127e-01
1.941311199999999904e-01
1.939800999999999886e-01
1.938294000000000128e-01
1.936790499999999915e-01
1.935290100000000013e-01
1.933793099999999987e-01
1.932299299999999942e-01
1.930808599999999930e-01
1.929321300000000072e-01
1.927837099999999970e-01
1.926356100000000127e-01
1.924878399999999934e-01
1.923403700000000105e-01
1.921932299999999927e-01
1.920463900000000113e-01
1.918998700000000002e-01
1.917536599999999924e-01
1.916077599999999881e-01
1.914621699999999871e-01
1.913168899999999895e-01
1.911719100000000005e-01
1.910272500000000095e-01
1.908828800000000048e-01
1.907388299999999981e-01
1.905950600000000106e-01
1.904516099999999934e-01
1.903084499999999901e-01
1.901655899999999955e-01
1.900230199999999869e-01
1.898807600000000095e-01
1.897388000000000130e-01
1.895971100000000131e-01
1.894557299999999889e-01
1.893146500000000010e-01
1.891738500000000045e-01
1.890333299999999994e-01
1.888931100000000030e-01
1.887531899999999874e-01
1.886135300000000015e-01
1.884741799999999912e-01
1.883351100000000000e-01
1.881963000000000108e-01
1.880577999999999972e-01
1.879195700000000080e-01
1.877816200000000102e-01
1.876439599999999985e-01
1.875065700000000113e-01
1.873694499999999930e-01
1.872326300000000110e-01
1.870960600000000085e-01
1.869597899999999868e-01
1.868237700000000001e-01
1.866880399999999995e-01
1.865525700000000009e-01
1.864173899999999884e-01
1.862824600000000108e-01
1.861478099999999969e-01
1.860134300000000074e-01
1.858793099999999920e-01
1.857454600000000011e-01
1.856118700000000121e-01
1.854785499999999920e-01
1.853454999999999964e-01
1.852127199999999974e-01
1.850801900000000055e-01
1.849479199999999879e-01
1.848159099999999999e-01
1.846841700000000086e-01
1.845526799999999967e-01
1.844214499999999868e-01
1.842904800000000065e-01
1.841597700000000004e-01
1.840293100000000015e-01
1.838991000000000098e-01
1.837691499999999922e-01
1.836394699999999991e-01
1.835100199999999959e-01
1.833808299999999947e-01
1.832518900000000006e-01
1.831232000000000137e-01
1.829947700000000010e-01
1.828665700000000061e-01
1.827386300000000130e-01
1.826109399999999994e-01
1.824834899999999982e-01
1.823562999999999990e-01
1.822293399999999897e-01
1.821026400000000101e-01
1.819761699999999927e-01
1.818499399999999877e-01
1.817239700000000124e-01
1.815982200000000046e-01
1.814727299999999988e-01
1.813474700000000106e-01
1.812224500000000071e-01
1.810976699999999884e-01
1.809731400000000046e-01
1.808488400000000107e-01
1.807247800000000015e-01
1.806009600000000048e-01
1.804773699999999981e-01
1.803540100000000090e-01
1.802308900000000047e-01
1.801080100000000128e-01
1.799853600000000109e-01
1.798629300000000042e-01
1.797407400000000099e-01
1.796187900000000004e-01
1.794970600000000138e-01
1.793755700000000119e-01
1.792543100000000000e-01
1.791332800000000058e-01
1.790124800000000016e-01
1.788918999999999926e-01
1.787715599999999960e-01
1.786514200000000052e-01
1.785315299999999938e-01
1.784118600000000054e-01
1.782924200000000070e-01
1.781732000000000038e-01
1.780541999999999958e-01
1.779354400000000003e-01
1.778168800000000105e-01
1.776985700000000001e-01
1.775804599999999955e-01
1.774625800000000087e-01
1.773449199999999892e-01
1.772274799999999928e-01
1.771102499999999969e-01
1.769932700000000081e-01
1.768764700000000079e-01
1.767599099999999923e-01
1.766435699999999998e-01
1.765274400000000077e-01
1.764115400000000056e-01
1.762958500000000039e-01
1.761803600000000081e-01
1.760651000000000022e-01
1.759500699999999862e-01
1.758352400000000038e-01
1.757206199999999940e-01
1.756062100000000126e-01
1.754920199999999986e-01
1.753780400000000128e-01
1.752642799999999945e-01
1.751507399999999992e-01
1.750373799999999924e-01
1.749242699999999928e-01
1.748113500000000042e-01
1.746986399999999884e-01
1.745861300000000060e-01
1.744738500000000136e-01
1.743617699999999993e-01
1.742499000000000131e-01
1.741382300000000050e-01
1.740267899999999868e-01
1.739155400000000073e-01
1.738044900000000059e-01
1.736936599999999997e-01
1.735830299999999993e-01
1.734726099999999993e-01
1.733623900000000051e-01
1.732523900000000061e-01
1.731425799999999904e-01
1.730329700000000082e-01
1.729235799999999934e-01
1.728143799999999897e-01
1.727054000000000089e-01
1.725965999999999889e-01
1.724880199999999919e-01
1.723796300000000059e-01
1.722714499999999926e-01
1.721634700000000129e-01
1.720556900000000111e-01
1.719481200000000098e-01
1.718407399999999918e-01
1.717335600000000073e-01
1.716265800000000008e-01
1.715198000000000000e-01
1.714132299999999998e-01
1.713068500000000105e-01
1.712006600000000045e-01
1.710946700000000043e-01
1.709888900000000045e-01
1.708832999999999880e-01
1.707779199999999997e-01
1.706727100000000052e-01
1.705677200000000060e-01
1.704629199999999900e-01
1.703583200000000075e-01
1.702539000000000136e-01
1.701496799999999976e-01
1.700456700000000099e-01
1.699418400000000107e-01
1.698382200000000120e-01
1.697347899999999965e-01
1.696315399999999973e-01
1.695284999999999986e-01
1.694256500000000110e-01
1.693229800000000118e-01
1.692205200000000131e-01
1.691182599999999925e-01
1.690161699999999934e-01
1.689142899999999947e-01
1.688125900000000124e-01
1.687110800000000133e-01
1.686097699999999922e-01
1.685086500000000098e-01
1.684077200000000107e-01
1.683069899999999897e-01
1.682064400000000126e-01
1.681060799999999911e-01
1.680059100000000083e-01
1.679059400000000035e-01
1.678061600000000098e-01
1.677065600000000045e-01
1.676071600000000050e-01
1.675079299999999993e-01
1.674089099999999941e-01
1.673100700000000052e-01
1.672114299999999942e-01
1.671129600000000048e-01
1.670146899999999934e-01
1.669166099999999930e-01
1.668187100000000089e-01
1.667210000000000081e-01
1.666234900000000130e-01
1.665261500000000117e-01
1.664290099999999883e-01
1.663320500000000091e-01
1.662352800000000130e-01
1.661386900000000055e-01
1.660423000000000038e-01
1.659461000000000130e-01
1.658500699999999883e-01
1.657542399999999971e-01
1.656585899999999945e-01
1.655631200000000081e-01
1.654678400000000049e-01
1.653727600000000075e-01
1.652778500000000039e-01
1.651831400000000061e-01
1.650886099999999967e-01
1.649942500000000090e-01
1.649000899999999992e-01
1.648061299999999951e-01
1.647123199999999954e-01
1.646187299999999909e-01
1.645253000000000132e-01
1.644320800000000082e-01
1.643390200000000023e-01
1.642461600000000022e-01
1.641534900000000130e-01
1.640609799999999951e-01
1.639686800000000055e-01
1.638765500000000097e-01
1.637846099999999971e-01
1.636928599999999956e-01
1.636012900000000103e-01
1.635099100000000083e-01
1.634187099999999948e-01
1.633276899999999976e-01
1.632368600000000114e-01
1.631462100000000137e-01
1.630557499999999993e-01
1.629654799999999959e-01
1.628753799999999863e-01
1.627854699999999877e-01
1.626957500000000001e-01
1.626062100000000010e-01
1.625168600000000130e-01
1.624276900000000134e-01
1.623387000000000024e-01
1.622499099999999972e-01
1.621612900000000135e-01
1.620728700000000078e-01
1.619846199999999958e-01
1.618965699999999897e-01
1.618086999999999998e-01
1.617210099999999984e-01
1.616335100000000080e-01
1.615461900000000062e-01
1.614590399999999981e-01
1.613721100000000130e-01
1.612853399999999993e-01
1.611987699999999912e-01
1.611123799999999995e-01
1.610261799999999910e-01
1.609401599999999988e-01
1.608543199999999951e-01
1.607686899999999919e-01
1.606832300000000102e-01
1.605979499999999893e-01
1.605128600000000072e-01
1.604279700000000031e-01
1.603432599999999875e-01
1.602587400000000106e-01
1.601743999999999946e-01
1.600902499999999895e-01
1.600062999999999902e-01
1.599225300000000072e-01
1.598389400000000127e-01
1.597555599999999909e-01
1.596723499999999907e-01
1.595893399999999962e-01
1.595065099999999902e-01
1.594238699999999953e-01
1.593414200000000114e-01
1.592591700000000055e-01
1.591771100000000105e-01
1.590952300000000041e-01
1.590135500000000035e-01
1.589320600000000139e-01
1.588507600000000075e-01
1.587696500000000122e-01
1.586887399999999948e-01
1.586079999999999990e-01
1.585274799999999984e-01
1.584471500000000088e-01
1.583670100000000025e-01
1.582870600000000072e-01
1.582073099999999899e-01
1.581277500000000114e-01
1.580483900000000108e-01
1.579692199999999935e-01
1.578902600000000045e-01
1.578114800000000040e-01
1.577329000000000092e-01
1.576545400000000097e-01
1.575763500000000039e-01
1.574983699999999986e-01
1.574206099999999886e-01
1.573430299999999948e-01
1.572656500000000068e-01
1.571884799999999915e-01
1.571114999999999873e-01
1.570347199999999888e-01
1.569581600000000132e-01
1.568817899999999932e-01
1.568056300000000014e-01
1.567296800000000101e-01
1.566539399999999915e-01
1.565783900000000117e-01
1.565030699999999941e-01
1.564279299999999928e-01
1.563530300000000040e-01
1.562783100000000036e-01
1.562038199999999932e-01
1.561295400000000111e-01
1.560554700000000017e-01
1.559816199999999875e-01
1.559079700000000068e-01
1.558345399999999936e-01
1.557613300000000034e-01
1.556883500000000031e-01
1.556155700000000086e-01
1.555429999999999868e-01
1.554706700000000053e-01
1.553985599999999911e-01
1.553266600000000053e-01
1.552550000000000041e-01
1.551835500000000034e-01
1.551123399999999874e-01
1.550413499999999944e-01
1.549705899999999914e-01
1.549000600000000061e-01
1.548297700000000054e-01
1.547597099999999948e-01
1.546898600000000124e-01
1.546202700000000041e-01
1.545509200000000083e-01
1.544818000000000024e-01
1.544129300000000038e-01
1.543442899999999951e-01
1.542759099999999883e-01
1.542077699999999940e-01
1.541398599999999897e-01
1.540722300000000045e-01
1.540048300000000092e-01
1.539376799999999934e-01
1.538708099999999968e-01
1.538041800000000126e-01
1.537378100000000025e-01
1.536717099999999891e-01
1.536058800000000002e-01
1.535402999999999907e-01
1.534750000000000003e-01
1.534099700000000066e-01
1.533452299999999990e-01
1.532807499999999934e-01
1.532165600000000016e-01
1.531526400000000065e-01
1.530890199999999923e-01
1.530256700000000025e-01
1.529626400000000108e-01
1.528998900000000105e-01
1.528374399999999911e-01
1.527753000000000028e-01
1.527134599999999953e-01
1.526519400000000137e-01
1.525907400000000025e-01
1.525298399999999999e-01
1.524692800000000126e-01
1.524090300000000009e-01
1.523491299999999993e-01
1.522895700000000130e-01
1.522303399999999918e-01
1.521714600000000084e-01
1.521129499999999968e-01
1.520547700000000058e-01
1.519969700000000090e-01
1.519395600000000013e-01
1.518825000000000036e-01
1.518258299999999950e-01
1.517695599999999978e-01
1.517136799999999897e-01
1.516582200000000102e-01
1.516031599999999868e-01
1.515485299999999869e-01
1.514943400000000051e-01
1.514405799999999913e-01
1.513872699999999905e-01
1.513344299999999920e-01
1.512820599999999960e-01
1.512301699999999971e-01
1.511787900000000073e-01
1.511279000000000095e-01
1.510775500000000049e-01
1.510277200000000042e-01
1.509784600000000088e-01
1.509297599999999961e-01
1.508816500000000060e-01
1.508341400000000054e-01
1.507872500000000116e-01
1.507410100000000086e-01
1.506954299999999913e-01
1.506505499999999942e-01
1.506063800000000119e-01
1.505629400000000062e-01
1.505202900000000010e-01
1.504784399999999911e-01
1.504374400000000056e-01
1.503973000000000115e-01
1.503580999999999945e-01
1.503198400000000101e-01
1.502826200000000056e-01
1.502464599999999983e-01
1.502114099999999897e-01
1.501775700000000102e-01
1.501449900000000059e-01
1.501137600000000127e-01
1.500839700000000110e-01
1.500557399999999930e-01
1.500291699999999895e-01
1.500043899999999875e-01
1.499815600000000138e-01
1.499608799999999909e-01
1.499425500000000078e-01
1.499267999999999990e-01
1.499139499999999903e-01
1.499043700000000090e-01
1.498984800000000006e-01
1.498968599999999929e-01
1.499002299999999954e-01
1.499094800000000116e-01
1.499259000000000008e-01
1.499512199999999962e-01
1.499879799999999930e-01
1.500400899999999871e-01
1.501140099999999922e-01
1.502214699999999958e-01
1.503863599999999967e-01
1.506657499999999872e-01
1.512263000000000079e-01
1.526668200000000086e-01
