1.027000000000000000e+03
0.000000000000000000e+00
2.051999999999999957e+01
1.421900399999999898e-01
1.478265500000000010e-01
1.618500900000000020e-01
1.860672999999999910e-01
2.157064399999999993e-01
2.455164200000000130e-01
2.728874700000000209e-01
2.968653700000000173e-01
3.172085299999999886e-01
3.340178100000000261e-01
3.475936900000000107e-01
3.583506300000000033e-01
3.667476199999999964e-01
3.732335299999999800e-01
3.782113500000000017e-01
3.820207400000000253e-01
3.849345399999999917e-01
3.871644699999999828e-01
3.888706299999999949e-01
3.901719699999999791e-01
3.911560499999999774e-01
3.918859399999999882e-01
3.924024999999999874e-01
3.927279100000000134e-01
3.928929600000000133e-01
3.929389099999999746e-01
3.928944200000000220e-01
3.927745500000000001e-01
3.925826499999999775e-01
3.923082900000000039e-01
3.919279900000000039e-01
3.914127900000000104e-01
3.907405099999999853e-01
3.899039899999999781e-01
3.889117500000000005e-01
3.877828099999999778e-01
3.865403499999999770e-01
3.852071499999999982e-01
3.838034000000000168e-01
3.823458299999999976e-01
3.808481400000000017e-01
3.793211300000000064e-01
3.777734600000000054e-01
3.762119999999999909e-01
3.746422799999999942e-01
3.730686599999999964e-01
3.714947100000000058e-01
3.699233499999999841e-01
3.683569400000000216e-01
3.667974500000000249e-01
3.652464999999999740e-01
3.637054299999999962e-01
3.621753200000000228e-01
3.606571599999999767e-01
3.591516900000000234e-01
3.576595799999999770e-01
3.561813500000000077e-01
3.547174599999999844e-01
3.532682400000000111e-01
3.518339999999999801e-01
3.504149599999999976e-01
3.490113000000000243e-01
3.476231399999999971e-01
3.462505599999999850e-01
3.448935699999999827e-01
3.435522599999999982e-01
3.422265600000000130e-01
3.409164499999999820e-01
3.396218699999999924e-01
3.383426999999999962e-01
3.370789000000000146e-01
3.358303000000000260e-01
3.345967799999999825e-01
3.333782299999999976e-01
3.321744799999999942e-01
3.309853700000000010e-01
3.298107399999999911e-01
3.286503900000000145e-01
3.275041599999999886e-01
3.263718800000000031e-01
3.252533400000000019e-01
3.241483299999999845e-01
3.230567300000000142e-01
3.219782700000000109e-01
3.209127800000000086e-01
3.198600699999999963e-01
3.188199400000000239e-01
3.177922100000000194e-01
3.167766599999999877e-01
3.157730999999999733e-01
3.147813700000000048e-01
3.138012299999999866e-01
3.128325299999999975e-01
3.118750499999999870e-01
3.109286399999999784e-01
3.099930900000000267e-01
3.090682299999999993e-01
3.081538699999999964e-01
3.072498399999999963e-01
3.063559800000000277e-01
3.054721400000000031e-01
3.045980600000000038e-01
3.037336800000000059e-01
3.028788000000000036e-01
3.020332199999999911e-01
3.011968400000000212e-01
3.003694700000000273e-01
2.995509800000000222e-01
2.987412199999999740e-01
2.979400200000000276e-01
2.971472399999999792e-01
2.963627899999999871e-01
2.955864699999999901e-01
2.948181899999999800e-01
2.940577899999999856e-01
2.933051300000000250e-01
2.925600999999999896e-01
2.918225799999999981e-01
2.910924599999999973e-01
2.903695700000000213e-01
2.896538399999999958e-01
2.889451100000000050e-01
2.882433200000000251e-01
2.875483300000000186e-01
2.868600199999999933e-01
2.861783199999999860e-01
2.855030599999999752e-01
2.848342099999999766e-01
2.841716400000000031e-01
2.835152100000000175e-01
2.828648999999999747e-01
2.822205700000000039e-01
2.815821199999999913e-01
2.809495000000000187e-01
2.803225500000000037e-01
2.797012600000000071e-01
2.790855199999999758e-01
2.784751999999999783e-01
2.778702699999999748e-01
2.772706200000000232e-01
2.766762099999999780e-01
2.760869000000000240e-01
2.755026500000000156e-01
2.749234099999999792e-01
2.743490599999999779e-01
2.737795399999999879e-01
2.732148200000000249e-01
2.726547699999999907e-01
2.720993500000000176e-01
2.715484799999999810e-01
2.710021100000000183e-01
2.704601899999999892e-01
2.699226100000000073e-01
2.693893600000000221e-01
2.688603700000000152e-01
2.683355199999999940e-01
2.678148399999999985e-01
2.672981899999999911e-01
2.667855900000000169e-01
2.662769300000000228e-01
2.657721599999999795e-01
2.652712799999999982e-01
2.647741399999999912e-01
2.642807999999999824e-01
2.637911099999999953e-01
2.633051000000000141e-01
2.628226599999999857e-01
2.623437599999999814e-01
2.618683900000000064e-01
2.613964699999999919e-01
2.609279500000000196e-01
2.604627899999999996e-01
2.600009400000000137e-01
2.595424100000000012e-01
2.590870900000000199e-01
2.586349499999999746e-01
2.581859499999999974e-01
2.577401100000000223e-01
2.572973100000000013e-01
2.568575399999999953e-01
2.564207600000000253e-01
2.559869599999999856e-01
2.555560800000000188e-01
2.551280599999999898e-01
2.547029000000000099e-01
2.542805399999999993e-01
2.538609800000000138e-01
2.534441599999999739e-01
2.530300300000000169e-01
2.526186100000000212e-01
2.522098099999999787e-01
2.518036399999999952e-01
2.514000200000000018e-01
2.509989699999999879e-01
2.506004600000000249e-01
2.502044099999999882e-01
2.498108300000000115e-01
2.494196899999999995e-01
2.490309500000000009e-01
2.486445899999999987e-01
2.482605700000000137e-01
2.478788799999999959e-01
2.474994799999999939e-01
2.471223499999999906e-01
2.467474600000000018e-01
2.463747900000000102e-01
2.460043000000000091e-01
2.456359899999999985e-01
2.452698199999999995e-01
2.449057699999999949e-01
2.445438100000000003e-01
2.441839100000000040e-01
2.438260800000000006e-01
2.434702699999999886e-01
2.431164500000000117e-01
2.427646400000000038e-01
2.424147700000000016e-01
2.420668500000000001e-01
2.417208299999999976e-01
2.413767099999999943e-01
2.410344899999999901e-01
2.406941099999999889e-01
2.403555699999999906e-01
2.400188400000000111e-01
2.396839299999999895e-01
2.393507800000000130e-01
2.390194099999999877e-01
2.386897699999999956e-01
2.383618499999999862e-01
2.380356499999999875e-01
2.377111299999999927e-01
2.373882999999999965e-01
2.370671000000000028e-01
2.367475500000000010e-01
2.364296300000000017e-01
2.361133099999999929e-01
2.357985700000000129e-01
2.354854000000000114e-01
2.351738100000000109e-01
2.348637399999999875e-01
2.345552099999999862e-01
2.342481899999999950e-01
2.339426599999999967e-01
2.336386099999999966e-01
2.333360499999999893e-01
2.330349200000000065e-01
2.327352299999999874e-01
2.324369799999999875e-01
2.321401399999999948e-01
2.318446799999999974e-01
2.315506200000000125e-01
2.312579300000000004e-01
2.309665999999999941e-01
2.306766100000000042e-01
2.303879600000000027e-01
2.301006300000000004e-01
2.298146000000000078e-01
2.295298699999999970e-01
2.292464200000000063e-01
2.289642500000000080e-01
2.286833500000000075e-01
2.284036899999999926e-01
2.281252599999999964e-01
2.278480700000000136e-01
2.275720800000000099e-01
2.272973100000000024e-01
2.270237200000000122e-01
2.267513300000000009e-01
2.264800999999999898e-01
2.262100300000000064e-01
2.259411100000000006e-01
2.256733300000000053e-01
2.254066899999999929e-01
2.251411799999999963e-01
2.248767799999999983e-01
2.246134599999999870e-01
2.243512400000000073e-01
2.240901100000000090e-01
2.238300599999999974e-01
2.235710599999999881e-01
2.233131399999999933e-01
2.230562399999999890e-01
2.228003899999999871e-01
2.225455600000000034e-01
2.222917699999999996e-01
2.220389700000000022e-01
2.217871800000000004e-01
2.215363800000000050e-01
2.212865800000000105e-01
2.210377500000000051e-01
2.207898899999999887e-01
2.205429999999999890e-01
2.202970499999999943e-01
2.200520499999999990e-01
2.198080000000000034e-01
2.195648699999999953e-01
2.193226699999999973e-01
2.190813899999999870e-01
2.188410199999999972e-01
2.186015400000000108e-01
2.183629599999999948e-01
2.181252700000000100e-01
2.178884600000000060e-01
2.176525099999999935e-01
2.174174500000000121e-01
2.171832300000000049e-01
2.169498800000000116e-01
2.167173599999999978e-01
2.164856900000000084e-01
2.162548599999999932e-01
2.160248499999999905e-01
2.157956699999999950e-01
2.155672899999999947e-01
2.153397200000000122e-01
2.151129699999999867e-01
2.148869899999999999e-01
2.146618200000000032e-01
2.144374300000000122e-01
2.142138199999999992e-01
2.139909700000000026e-01
2.137689000000000117e-01
2.135475900000000093e-01
2.133270399999999956e-01
2.131072300000000086e-01
2.128881699999999877e-01
2.126698499999999936e-01
2.124522600000000039e-01
2.122353899999999960e-01
2.120192599999999872e-01
2.118038399999999932e-01
2.115891400000000089e-01
2.113751500000000116e-01
2.111618500000000120e-01
2.109492599999999995e-01
2.107373499999999900e-01
2.105261400000000005e-01
2.103156099999999862e-01
2.101057600000000025e-01
2.098965799999999993e-01
2.096880700000000042e-01
2.094802299999999895e-01
2.092730399999999935e-01
2.090665100000000109e-01
2.088606399999999863e-01
2.086553999999999909e-01
2.084508200000000089e-01
2.082468700000000006e-01
2.080435499999999938e-01
2.078408599999999884e-01
2.076388000000000122e-01
2.074373499999999926e-01
2.072365300000000021e-01
2.070363199999999959e-01
2.068367200000000017e-01
2.066377299999999917e-01
2.064393200000000095e-01
2.062415200000000115e-01
2.060443200000000030e-01
2.058476999999999946e-01
2.056516599999999861e-01
2.054562100000000002e-01
2.052613299999999918e-01
2.050670199999999888e-01
2.048732900000000134e-01
2.046801299999999879e-01
2.044875300000000007e-01
2.042954999999999910e-01
2.041040100000000024e-01
2.039130799999999966e-01
2.037227000000000066e-01
2.035328600000000099e-01
2.033435700000000013e-01
2.031548200000000137e-01
2.029665999999999970e-01
2.027789100000000067e-01
2.025917499999999871e-01
2.024051199999999939e-01
2.022190100000000046e-01
2.020334300000000138e-01
2.018483600000000044e-01
2.016637900000000094e-01
2.014797500000000130e-01
2.012962100000000032e-01
2.011131600000000130e-01
2.009306399999999937e-01
2.007485900000000045e-01
2.005670499999999967e-01
2.003860199999999980e-01
2.002054600000000018e-01
2.000253800000000026e-01
1.998457899999999954e-01
1.996666900000000078e-01
1.994880599999999948e-01
1.993099200000000015e-01
1.991322299999999934e-01
1.989550300000000049e-01
1.987782899999999964e-01
1.986020099999999955e-01
1.984261999999999970e-01
1.982508500000000062e-01
1.980759500000000006e-01
1.979015199999999974e-01
1.977275199999999900e-01
1.975539900000000126e-01
1.973808999999999980e-01
1.972082599999999963e-01
1.970360399999999956e-01
1.968642800000000026e-01
1.966929600000000000e-01
1.965220699999999932e-01
1.963516200000000045e-01
1.961815799999999943e-01
1.960119899999999971e-01
1.958428200000000008e-01
1.956740600000000108e-01
1.955057400000000112e-01
1.953378299999999901e-01
1.951703399999999977e-01
1.950032700000000063e-01
1.948365999999999987e-01
1.946703599999999867e-01
1.945045099999999916e-01
1.943390799999999974e-01
1.941740499999999869e-01
1.940094199999999880e-01
1.938451999999999953e-01
1.936813599999999969e-01
1.935179200000000099e-01
1.933548900000000015e-01
1.931922399999999873e-01
1.930299799999999899e-01
1.928681100000000093e-01
1.927066299999999899e-01
1.925455299999999925e-01
1.923848200000000119e-01
1.922244899999999979e-01
1.920645199999999886e-01
1.919049499999999908e-01
1.917457399999999978e-01
1.915869299999999886e-01
1.914284699999999895e-01
1.912703799999999899e-01
1.911126499999999950e-01
1.909552999999999945e-01
1.907983099999999987e-01
1.906416900000000025e-01
1.904854300000000111e-01
1.903295200000000020e-01
1.901739699999999977e-01
1.900187899999999930e-01
1.898639500000000035e-01
1.897094699999999912e-01
1.895553299999999941e-01
1.894015500000000018e-01
1.892481099999999972e-01
1.890950399999999920e-01
1.889422799999999902e-01
1.887898899999999880e-01
1.886378400000000011e-01
1.884861100000000123e-01
1.883347300000000057e-01
1.881837000000000093e-01
1.880329799999999885e-01
1.878826200000000002e-01
1.877325800000000100e-01
1.875828800000000074e-01
1.874335000000000029e-01
1.872844499999999912e-01
1.871357300000000001e-01
1.869873400000000019e-01
1.868392700000000017e-01
1.866915100000000050e-01
1.865440899999999957e-01
1.863969900000000124e-01
1.862501900000000099e-01
1.861037299999999950e-01
1.859575699999999887e-01
1.858117300000000083e-01
1.856662000000000035e-01
1.855209899999999967e-01
1.853760899999999934e-01
1.852314899999999986e-01
1.850872199999999967e-01
1.849432299999999862e-01
1.847995699999999963e-01
1.846561999999999926e-01
1.845131399999999922e-01
1.843703700000000056e-01
1.842279099999999947e-01
1.840857599999999872e-01
1.839438800000000040e-01
1.838023199999999913e-01
1.836610599999999871e-01
1.835200800000000021e-01
1.833793999999999980e-01
1.832390100000000077e-01
1.830989299999999931e-01
1.829591200000000029e-01
1.828195999999999988e-01
1.826803800000000033e-01
1.825414300000000045e-01
1.824027900000000091e-01
1.822644200000000103e-01
1.821263300000000029e-01
1.819885199999999870e-01
1.818510100000000074e-01
1.817137699999999967e-01
1.815768000000000104e-01
1.814401300000000050e-01
1.813037200000000015e-01
1.811676000000000120e-01
1.810317499999999913e-01
1.808961600000000003e-01
1.807608599999999954e-01
1.806258400000000097e-01
1.804910700000000034e-01
1.803565900000000111e-01
1.802223599999999981e-01
1.800884199999999991e-01
1.799547400000000019e-01
1.798213300000000014e-01
1.796881700000000082e-01
1.795552800000000115e-01
1.794226600000000116e-01
1.792903100000000083e-01
1.791582100000000122e-01
1.790263800000000127e-01
1.788947999999999927e-01
1.787634899999999971e-01
1.786324400000000034e-01
1.785016399999999892e-01
1.783711000000000046e-01
1.782408099999999995e-01
1.781107799999999963e-01
1.779810000000000003e-01
1.778514800000000062e-01
1.777222199999999863e-01
1.775932000000000066e-01
1.774644300000000063e-01
1.773359200000000080e-01
1.772076499999999943e-01
1.770796199999999931e-01
1.769518599999999886e-01
1.768243300000000018e-01
1.766970499999999944e-01
1.765700099999999995e-01
1.764432300000000065e-01
1.763166800000000034e-01
1.761903800000000075e-01
1.760643299999999911e-01
1.759384999999999977e-01
1.758129300000000061e-01
1.756875800000000098e-01
1.755624899999999877e-01
1.754376300000000111e-01
1.753130099999999914e-01
1.751886199999999894e-01
1.750644699999999998e-01
1.749405599999999950e-01
1.748168800000000078e-01
1.746934400000000054e-01
1.745702199999999982e-01
1.744472400000000034e-01
1.743244999999999933e-01
1.742019800000000063e-01
1.740797000000000039e-01
1.739576499999999915e-01
1.738358100000000073e-01
1.737142200000000025e-01
1.735928499999999930e-01
1.734717000000000064e-01
1.733507999999999993e-01
1.732301099999999927e-01
1.731096400000000091e-01
1.729893999999999876e-01
1.728693799999999892e-01
1.727495900000000084e-01
1.726300299999999899e-01
1.725106799999999996e-01
1.723915599999999992e-01
1.722726499999999994e-01
1.721539800000000120e-01
1.720355199999999973e-01
1.719172700000000109e-01
1.717992399999999920e-01
1.716814299999999960e-01
1.715638499999999900e-01
1.714464699999999897e-01
1.713293200000000072e-01
1.712123799999999973e-01
1.710956499999999880e-01
1.709791400000000017e-01
1.708628399999999881e-01
1.707467599999999974e-01
1.706308900000000073e-01
1.705152199999999951e-01
1.703997700000000060e-01
1.702845400000000120e-01
1.701695199999999908e-01
1.700547000000000031e-01
1.699401000000000106e-01
1.698256999999999961e-01
1.697115200000000046e-01
1.695975200000000016e-01
1.694837499999999886e-01
1.693701900000000038e-01
1.692568399999999917e-01
1.691436799999999907e-01
1.690307299999999902e-01
1.689179799999999954e-01
1.688054499999999958e-01
1.686931100000000072e-01
1.685809799999999914e-01
1.684690600000000038e-01
1.683573299999999995e-01
1.682458099999999956e-01
1.681344800000000028e-01
1.680233600000000105e-01
1.679124399999999961e-01
1.678017199999999876e-01
1.676912000000000125e-01
1.675808699999999929e-01
1.674707500000000016e-01
1.673608299999999882e-01
1.672511000000000136e-01
1.671415699999999893e-01
1.670322399999999985e-01
1.669231100000000134e-01
1.668141599999999891e-01
1.667054099999999983e-01
1.665968700000000080e-01
1.664885100000000062e-01
1.663803600000000049e-01
1.662723899999999921e-01
1.661646099999999904e-01
1.660570399999999891e-01
1.659496400000000094e-01
1.658424599999999971e-01
1.657354500000000064e-01
1.656286399999999936e-01
1.655220099999999972e-01
1.654155900000000012e-01
1.653093399999999991e-01
1.652032999999999974e-01
1.650974299999999895e-01
1.649917700000000098e-01
1.648862799999999962e-01
1.647809899999999883e-01
1.646758799999999967e-01
1.645709599999999884e-01
1.644662299999999910e-01
1.643616900000000047e-01
1.642573200000000122e-01
1.641531400000000029e-01
1.640491599999999994e-01
1.639453600000000122e-01
1.638417400000000135e-01
1.637383099999999980e-01
1.636350599999999988e-01
1.635320000000000107e-01
1.634291099999999886e-01
1.633264100000000052e-01
1.632239099999999998e-01
1.631215699999999935e-01
1.630194199999999982e-01
1.629174499999999914e-01
1.628156600000000009e-01
1.627140599999999937e-01
1.626126300000000080e-01
1.625113900000000056e-01
1.624103199999999969e-01
1.623094399999999993e-01
1.622087399999999902e-01
1.621082100000000026e-01
1.620078699999999983e-01
1.619076999999999877e-01
1.618076999999999988e-01
1.617078899999999930e-01
1.616082600000000036e-01
1.615088000000000079e-01
1.614095299999999955e-01
1.613104200000000099e-01
1.612114900000000128e-01
1.611127400000000043e-01
1.610141700000000120e-01
1.609157800000000083e-01
1.608175500000000036e-01
1.607194999999999874e-01
1.606216299999999875e-01
1.605239199999999866e-01
1.604264099999999915e-01
1.603290599999999955e-01
1.602318699999999985e-01
1.601348700000000125e-01
1.600380399999999925e-01
1.599413899999999888e-01
1.598449100000000067e-01
1.597485800000000011e-01
1.596524400000000066e-01
1.595564800000000005e-01
1.594606799999999935e-01
1.593650600000000028e-01
1.592696000000000112e-01
1.591743200000000080e-01
1.590792099999999987e-01
1.589842599999999884e-01
1.588894899999999943e-01
1.587948899999999941e-01
1.587004499999999929e-01
1.586062000000000027e-01
1.585120999999999891e-01
1.584181799999999918e-01
1.583244199999999935e-01
1.582308400000000115e-01
1.581374100000000060e-01
1.580441599999999891e-01
1.579510899999999884e-01
1.578581599999999974e-01
1.577654199999999896e-01
1.576728400000000085e-01
1.575804199999999988e-01
1.574881800000000054e-01
1.573960899999999885e-01
1.573041799999999879e-01
1.572124400000000088e-01
1.571208500000000063e-01
1.570294499999999871e-01
1.569381999999999999e-01
1.568471200000000065e-01
1.567561899999999897e-01
1.566654399999999892e-01
1.565748600000000101e-01
1.564844300000000077e-01
1.563941699999999990e-01
1.563040800000000119e-01
1.562141499999999961e-01
1.561243800000000070e-01
1.560347800000000118e-01
1.559453500000000103e-01
1.558560700000000132e-01
1.557669600000000099e-01
1.556780200000000003e-01
1.555892200000000003e-01
1.555006100000000113e-01
1.554121499999999989e-01
1.553238500000000133e-01
1.552357199999999937e-01
1.551477500000000009e-01
1.550599500000000019e-01
1.549723000000000073e-01
1.548848200000000064e-01
1.547974900000000098e-01
1.547103400000000017e-01
1.546233300000000033e-01
1.545364999999999933e-01
1.544498199999999877e-01
1.543633000000000088e-01
1.542769499999999960e-01
1.541907600000000100e-01
1.541047200000000006e-01
1.540188600000000074e-01
1.539331499999999908e-01
1.538476000000000010e-01
1.537622100000000103e-01
1.536769900000000133e-01
1.535919199999999929e-01
1.535070099999999993e-01
1.534222699999999995e-01
1.533376700000000092e-01
1.532532400000000128e-01
1.531689800000000101e-01
1.530848700000000118e-01
1.530009200000000125e-01
1.529171300000000122e-01
1.528335100000000057e-01
1.527500499999999983e-01
1.526667300000000005e-01
1.525835799999999964e-01
1.525005799999999967e-01
1.524177600000000132e-01
1.523350800000000116e-01
1.522525700000000037e-01
1.521702100000000002e-01
1.520880199999999904e-01
1.520059900000000075e-01
1.519241000000000064e-01
1.518423899999999938e-01
1.517608300000000132e-01
1.516794300000000040e-01
1.515981899999999938e-01
1.515171100000000104e-01
1.514361800000000036e-01
1.513554199999999905e-01
1.512747999999999871e-01
1.511943599999999999e-01
1.511140800000000117e-01
1.510339400000000054e-01
1.509539599999999981e-01
1.508741500000000124e-01
1.507945099999999927e-01
1.507150100000000104e-01
1.506356600000000046e-01
1.505564899999999873e-01
1.504774700000000021e-01
1.503986099999999881e-01
1.503199000000000063e-01
1.502413599999999905e-01
1.501629800000000015e-01
1.500847499999999890e-01
1.500066800000000033e-01
1.499287800000000115e-01
1.498510399999999909e-01
1.497734500000000024e-01
1.496960099999999905e-01
1.496187400000000001e-01
1.495416300000000087e-01
1.494646799999999887e-01
1.493878800000000007e-01
1.493112600000000012e-01
1.492347900000000060e-01
1.491584599999999927e-01
1.490823199999999904e-01
1.490063199999999977e-01
1.489304899999999987e-01
1.488548100000000041e-01
1.487792900000000085e-01
1.487039500000000014e-01
1.486287400000000092e-01
1.485537100000000055e-01
1.484788400000000008e-01
1.484041399999999900e-01
1.483295900000000112e-01
1.482551799999999864e-01
1.481809600000000005e-01
1.481068899999999910e-01
1.480329900000000032e-01
1.479592499999999866e-01
1.478856699999999968e-01
1.478122500000000061e-01
1.477389899999999867e-01
1.476658899999999941e-01
1.475929599999999953e-01
1.475201800000000008e-01
1.474475899999999895e-01
1.473751399999999878e-01
1.473028500000000129e-01
1.472307399999999988e-01
1.471587900000000115e-01
1.470869900000000008e-01
1.470153800000000011e-01
1.469439100000000109e-01
1.468726200000000093e-01
1.468014900000000067e-01
1.467305299999999979e-01
1.466597299999999882e-01
1.465891000000000000e-01
1.465186300000000108e-01
1.464483299999999877e-01
1.463782000000000139e-01
1.463082300000000113e-01
1.462384300000000026e-01
1.461687999999999876e-01
1.460993399999999942e-01
1.460300499999999946e-01
1.459609299999999887e-01
1.458919599999999872e-01
1.458231799999999967e-01
1.457545799999999947e-01
1.456861200000000023e-01
1.456178599999999879e-01
1.455497400000000108e-01
1.454818099999999892e-01
1.454140499999999891e-01
1.453464800000000001e-01
1.452790599999999877e-01
1.452118199999999915e-01
1.451447600000000115e-01
1.450778699999999977e-01
1.450111600000000001e-01
1.449446100000000015e-01
1.448782499999999862e-01
1.448120599999999925e-01
1.447460499999999872e-01
1.446802199999999983e-01
1.446145600000000031e-01
1.445490899999999912e-01
1.444837900000000008e-01
1.444186899999999885e-01
1.443537500000000029e-01
1.442890000000000006e-01
1.442244400000000093e-01
1.441600500000000118e-01
1.440958400000000028e-01
1.440318200000000048e-01
1.439679899999999901e-01
1.439043399999999917e-01
1.438408800000000043e-01
1.437776100000000001e-01
1.437145300000000070e-01
1.436516300000000024e-01
1.435889300000000035e-01
1.435264199999999879e-01
1.434640899999999886e-01
1.434019699999999897e-01
1.433400400000000019e-01
1.432782900000000026e-01
1.432167400000000090e-01
1.431553999999999882e-01
1.430942600000000009e-01
1.430333000000000021e-01
1.429725599999999985e-01
1.429120000000000112e-01
1.428516699999999862e-01
1.427915200000000051e-01
1.427315799999999968e-01
1.426718499999999890e-01
1.426123199999999869e-01
1.425530200000000025e-01
1.424939000000000067e-01
1.424350100000000008e-01
1.423763299999999954e-01
1.423178800000000077e-01
1.422596299999999980e-01
1.422016000000000113e-01
1.421437899999999921e-01
1.420861900000000011e-01
1.420288200000000001e-01
1.419716900000000115e-01
1.419147699999999956e-01
1.418580899999999922e-01
1.418016300000000118e-01
1.417453999999999936e-01
1.416893999999999931e-01
1.416336599999999946e-01
1.415781399999999912e-01
1.415228699999999951e-01
1.414678400000000114e-01
1.414130500000000124e-01
1.413585099999999928e-01
1.413042200000000082e-01
1.412501800000000030e-01
1.411963999999999997e-01
1.411428700000000036e-01
1.410896199999999989e-01
1.410366299999999962e-01
1.409838900000000006e-01
1.409314399999999912e-01
1.408792600000000061e-01
1.408273399999999953e-01
1.407757299999999878e-01
1.407243800000000100e-01
1.406733199999999906e-01
1.406225700000000023e-01
1.405721000000000054e-01
1.405219400000000118e-01
1.404720799999999992e-01
1.404225199999999951e-01
1.403732900000000117e-01
1.403243700000000038e-01
1.402757799999999888e-01
1.402275099999999997e-01
1.401795899999999928e-01
1.401320000000000066e-01
1.400847600000000026e-01
1.400378800000000035e-01
1.399913399999999919e-01
1.399451800000000024e-01
1.398993900000000123e-01
1.398539799999999889e-01
1.398089700000000046e-01
1.397643399999999869e-01
1.397201299999999979e-01
1.396763299999999874e-01
1.396329600000000004e-01
1.395900099999999866e-01
1.395475100000000135e-01
1.395054599999999978e-01
1.394639000000000018e-01
1.394228000000000134e-01
1.393822000000000116e-01
1.393420999999999965e-01
1.393025400000000025e-01
1.392635000000000123e-01
1.392250200000000049e-01
1.391871100000000028e-01
1.391497899999999954e-01
1.391130800000000001e-01
1.390770100000000009e-01
1.390415700000000032e-01
1.390068399999999926e-01
1.389727900000000127e-01
1.389394800000000041e-01
1.389069599999999960e-01
1.388752199999999937e-01
1.388443099999999986e-01
1.388142900000000068e-01
1.387851700000000132e-01
1.387570200000000087e-01
1.387298899999999946e-01
1.387038200000000054e-01
1.386789099999999886e-01
1.386552000000000062e-01
1.386327699999999885e-01
1.386117199999999938e-01
1.385921400000000026e-01
1.385741400000000123e-01
1.385578699999999996e-01
1.385434399999999899e-01
1.385310600000000114e-01
1.385209099999999971e-01
1.385132199999999925e-01
1.385083000000000009e-01
1.385064599999999979e-01
1.385081300000000071e-01
1.385138200000000097e-01
1.385241899999999915e-01
1.385401199999999888e-01
1.385627200000000003e-01
1.385936000000000112e-01
1.386350199999999977e-01
1.386904399999999982e-01
1.387654200000000004e-01
1.388697899999999930e-01
1.390229299999999890e-01
1.392689199999999905e-01
1.397278499999999868e-01
1.408225999999999922e-01
