8.870000000000000000e+02
0.000000000000000000e+00
1.771999900000000139e+01
1.610120999999999913e-01
1.665228900000000067e-01
1.802340900000000135e-01
2.039095800000000069e-01
2.328876300000000121e-01
2.620392699999999908e-01
2.888142200000000104e-01
3.122782100000000005e-01
3.321924800000000122e-01
3.486530800000000041e-01
3.619514699999999974e-01
3.724913000000000252e-01
3.807203800000000249e-01
3.870773000000000130e-01
3.919562999999999797e-01
3.956896999999999776e-01
3.985447300000000137e-01
4.007288199999999856e-01
4.023987399999999770e-01
4.036711199999999944e-01
4.046316999999999831e-01
4.053423099999999835e-01
4.058430800000000227e-01
4.061555900000000108e-01
4.063096900000000011e-01
4.063458999999999821e-01
4.062923199999999846e-01
4.061636000000000135e-01
4.059624700000000197e-01
4.056776799999999850e-01
4.052846099999999896e-01
4.047531799999999902e-01
4.040601300000000173e-01
4.031977700000000109e-01
4.021747399999999750e-01
4.010106299999999790e-01
3.997293100000000043e-01
3.983543500000000237e-01
3.969066399999999772e-01
3.954035900000000270e-01
3.938593300000000075e-01
3.922850500000000240e-01
3.906897599999999970e-01
3.890805800000000092e-01
3.874632100000000023e-01
3.858422000000000240e-01
3.842212600000000089e-01
3.826034099999999771e-01
3.809910699999999872e-01
3.793863399999999886e-01
3.777908099999999769e-01
3.762059500000000112e-01
3.746328700000000067e-01
3.730725300000000133e-01
3.715257900000000224e-01
3.699932400000000010e-01
3.684755000000000114e-01
3.669729500000000200e-01
3.654859999999999776e-01
3.640149500000000038e-01
3.625599999999999934e-01
3.611213300000000181e-01
3.596990700000000096e-01
3.582932699999999970e-01
3.569039999999999990e-01
3.555312500000000209e-01
3.541750000000000176e-01
3.528351800000000260e-01
3.515117200000000275e-01
3.502045300000000139e-01
3.489135199999999770e-01
3.476384900000000222e-01
3.463793700000000197e-01
3.451359900000000036e-01
3.439081299999999786e-01
3.426956500000000183e-01
3.414983699999999955e-01
3.403160900000000155e-01
3.391486100000000170e-01
3.379957699999999732e-01
3.368572899999999759e-01
3.357330299999999879e-01
3.346227399999999741e-01
3.335262199999999844e-01
3.324432700000000129e-01
3.313736600000000143e-01
3.303171699999999933e-01
3.292736399999999786e-01
3.282428099999999960e-01
3.272244899999999790e-01
3.262184900000000276e-01
3.252245799999999853e-01
3.242425299999999733e-01
3.232722000000000095e-01
3.223133699999999879e-01
3.213657999999999793e-01
3.204293500000000017e-01
3.195038399999999834e-01
3.185890299999999953e-01
3.176847400000000210e-01
3.167908199999999730e-01
3.159070900000000015e-01
3.150333499999999898e-01
3.141694400000000220e-01
3.133151800000000264e-01
3.124704099999999762e-01
3.116349600000000164e-01
3.108086899999999986e-01
3.099913899999999778e-01
3.091829700000000014e-01
3.083832599999999924e-01
3.075920899999999847e-01
3.068093100000000018e-01
3.060347999999999957e-01
3.052684099999999900e-01
3.045100000000000029e-01
3.037594599999999812e-01
3.030166000000000248e-01
3.022813500000000042e-01
3.015535500000000035e-01
3.008330499999999907e-01
3.001197899999999974e-01
2.994136199999999914e-01
2.987144299999999753e-01
2.980220900000000173e-01
2.973364900000000088e-01
2.966575599999999868e-01
2.959851299999999852e-01
2.953191099999999958e-01
2.946594399999999947e-01
2.940059600000000106e-01
2.933586200000000144e-01
2.927172800000000241e-01
2.920818600000000265e-01
2.914522900000000027e-01
2.908284700000000056e-01
2.902102799999999871e-01
2.895976599999999790e-01
2.889904999999999835e-01
2.883887299999999820e-01
2.877922700000000167e-01
2.872010500000000133e-01
2.866149499999999795e-01
2.860339299999999918e-01
2.854579099999999814e-01
2.848867800000000061e-01
2.843204999999999760e-01
2.837590300000000232e-01
2.832022000000000150e-01
2.826500200000000018e-01
2.821024100000000256e-01
2.815592900000000176e-01
2.810205800000000198e-01
2.804862599999999873e-01
2.799562199999999779e-01
2.794304499999999969e-01
2.789088200000000017e-01
2.783913299999999924e-01
2.778779000000000110e-01
2.773684599999999834e-01
2.768629499999999966e-01
2.763613500000000056e-01
2.758635899999999919e-01
2.753696099999999869e-01
2.748793700000000118e-01
2.743927800000000028e-01
2.739098400000000155e-01
2.734304699999999810e-01
2.729546400000000261e-01
2.724822800000000211e-01
2.720133699999999766e-01
2.715478199999999953e-01
2.710856500000000113e-01
2.706267500000000270e-01
2.701711099999999921e-01
2.697187099999999726e-01
2.692694700000000108e-01
2.688233300000000270e-01
2.683803100000000108e-01
2.679403100000000149e-01
2.675033499999999731e-01
2.670693399999999884e-01
2.666382800000000053e-01
2.662101099999999998e-01
2.657847999999999877e-01
2.653622900000000007e-01
2.649425899999999778e-01
2.645256500000000011e-01
2.641113999999999962e-01
2.636998600000000081e-01
2.632909700000000131e-01
2.628846799999999817e-01
2.624809699999999801e-01
2.620798300000000136e-01
2.616812299999999869e-01
2.612850999999999924e-01
2.608914399999999745e-01
2.605002200000000045e-01
2.601113899999999979e-01
2.597249400000000152e-01
2.593408500000000116e-01
2.589590800000000081e-01
2.585796100000000153e-01
2.582023700000000144e-01
2.578273999999999844e-01
2.574546300000000176e-01
2.570840699999999979e-01
2.567156600000000122e-01
2.563493800000000156e-01
2.559852300000000080e-01
2.556231600000000159e-01
2.552631499999999942e-01
2.549051900000000037e-01
2.545492599999999994e-01
2.541953299999999971e-01
2.538433700000000126e-01
2.534933400000000114e-01
2.531452799999999725e-01
2.527990900000000041e-01
2.524548200000000242e-01
2.521124200000000037e-01
2.517718700000000087e-01
2.514331300000000047e-01
2.510962199999999811e-01
2.507610900000000198e-01
2.504277200000000203e-01
2.500961099999999826e-01
2.497662300000000057e-01
2.494380800000000065e-01
2.491116200000000058e-01
2.487868400000000091e-01
2.484637199999999990e-01
2.481422399999999862e-01
2.478223900000000035e-01
2.475041600000000008e-01
2.471875099999999992e-01
2.468724399999999985e-01
2.465589499999999989e-01
2.462469899999999989e-01
2.459365599999999985e-01
2.456276599999999977e-01
2.453202499999999897e-01
2.450143100000000129e-01
2.447098600000000013e-01
2.444068600000000036e-01
2.441052900000000025e-01
2.438051699999999877e-01
2.435064500000000132e-01
2.432091200000000009e-01
2.429131999999999958e-01
2.426186399999999965e-01
2.423254400000000031e-01
2.420335700000000034e-01
2.417430600000000096e-01
2.414538599999999924e-01
2.411659499999999900e-01
2.408793599999999868e-01
2.405940400000000090e-01
2.403099999999999958e-01
2.400272200000000133e-01
2.397456799999999888e-01
2.394653700000000107e-01
2.391862999999999906e-01
2.389084399999999997e-01
2.386317799999999878e-01
2.383563099999999879e-01
2.380820200000000053e-01
2.378088999999999897e-01
2.375369400000000020e-01
2.372661399999999865e-01
2.369964599999999921e-01
2.367279100000000136e-01
2.364604899999999954e-01
2.361941800000000036e-01
2.359289499999999984e-01
2.356648299999999918e-01
2.354017800000000049e-01
2.351397899999999874e-01
2.348788699999999896e-01
2.346190099999999890e-01
2.343601700000000065e-01
2.341023799999999988e-01
2.338456200000000040e-01
2.335898600000000103e-01
2.333351200000000070e-01
2.330813700000000099e-01
2.328286199999999861e-01
2.325768500000000016e-01
2.323260500000000062e-01
2.320762000000000103e-01
2.318273299999999981e-01
2.315793899999999961e-01
2.313324099999999883e-01
2.310863599999999907e-01
2.308412300000000084e-01
2.305970200000000137e-01
2.303537300000000065e-01
2.301113300000000028e-01
2.298698399999999920e-01
2.296292299999999897e-01
2.293894999999999962e-01
2.291506500000000113e-01
2.289126800000000073e-01
2.286755599999999999e-01
2.284392899999999893e-01
2.282038799999999978e-01
2.279693000000000136e-01
2.277355500000000088e-01
2.275026400000000060e-01
2.272705399999999931e-01
2.270392800000000100e-01
2.268088000000000048e-01
2.265791400000000122e-01
2.263502799999999870e-01
2.261221999999999954e-01
2.258949100000000043e-01
2.256683999999999912e-01
2.254426499999999944e-01
2.252176899999999982e-01
2.249934700000000010e-01
2.247700099999999923e-01
2.245473100000000000e-01
2.243253400000000120e-01
2.241041199999999900e-01
2.238836399999999949e-01
2.236638800000000094e-01
2.234448500000000004e-01
2.232265300000000063e-01
2.230089199999999994e-01
2.227920300000000020e-01
2.225758300000000023e-01
2.223603299999999949e-01
2.221455300000000077e-01
2.219314099999999956e-01
2.217179699999999865e-01
2.215052100000000079e-01
2.212931399999999993e-01
2.210817200000000093e-01
2.208709600000000051e-01
2.206608700000000090e-01
2.204514300000000038e-01
2.202426500000000120e-01
2.200345099999999887e-01
2.198270099999999894e-01
2.196201399999999915e-01
2.194139200000000123e-01
2.192083200000000121e-01
2.190033299999999961e-01
2.187989800000000040e-01
2.185952399999999962e-01
2.183921199999999951e-01
2.181896000000000113e-01
2.179876699999999945e-01
2.177863600000000122e-01
2.175856399999999968e-01
2.173855000000000093e-01
2.171859600000000112e-01
2.169870100000000079e-01
2.167886300000000099e-01
2.165908400000000067e-01
2.163935999999999915e-01
2.161969499999999988e-01
2.160008700000000115e-01
2.158053400000000122e-01
2.156103699999999956e-01
2.154159499999999949e-01
2.152220900000000048e-01
2.150287800000000027e-01
2.148360199999999887e-01
2.146437900000000010e-01
2.144521000000000066e-01
2.142609500000000056e-01
2.140703399999999978e-01
2.138802399999999992e-01
2.136906699999999992e-01
2.135016299999999978e-01
2.133131000000000055e-01
2.131250899999999893e-01
2.129376099999999994e-01
2.127506100000000067e-01
2.125641400000000125e-01
2.123781700000000050e-01
2.121927000000000119e-01
2.120077200000000106e-01
2.118232399999999960e-01
2.116392599999999957e-01
2.114557599999999926e-01
2.112727500000000092e-01
2.110902199999999951e-01
2.109081700000000059e-01
2.107265999999999861e-01
2.105455099999999913e-01
2.103648899999999988e-01
2.101847500000000035e-01
2.100050699999999881e-01
2.098258600000000029e-01
2.096471000000000029e-01
2.094688100000000053e-01
2.092909799999999876e-01
2.091136000000000106e-01
2.089366800000000135e-01
2.087602000000000069e-01
2.085841700000000132e-01
2.084085800000000099e-01
2.082334499999999866e-01
2.080587399999999920e-01
2.078844900000000051e-01
2.077106499999999967e-01
2.075372600000000012e-01
2.073643099999999961e-01
2.071917799999999921e-01
2.070196699999999890e-01
2.068480000000000041e-01
2.066767399999999977e-01
2.065058899999999975e-01
2.063354799999999878e-01
2.061654800000000121e-01
2.059958899999999871e-01
2.058267099999999961e-01
2.056579400000000113e-01
2.054895899999999997e-01
2.053216200000000102e-01
2.051540799999999887e-01
2.049869300000000116e-01
2.048201900000000131e-01
2.046538300000000088e-01
2.044878800000000107e-01
2.043223200000000017e-01
2.041571399999999870e-01
2.039923700000000062e-01
2.038279799999999919e-01
2.036639799999999945e-01
2.035003599999999913e-01
2.033371200000000101e-01
2.031742599999999954e-01
2.030117800000000028e-01
2.028496899999999992e-01
2.026879600000000003e-01
2.025266099999999958e-01
2.023656400000000133e-01
2.022050300000000078e-01
2.020447900000000019e-01
2.018849100000000008e-01
2.017254099999999939e-01
2.015662599999999971e-01
2.014074899999999946e-01
2.012490600000000074e-01
2.010910099999999867e-01
2.009332899999999866e-01
2.007759500000000086e-01
2.006189499999999903e-01
2.004623100000000047e-01
2.003060299999999960e-01
2.001500900000000027e-01
1.999944899999999970e-01
1.998392499999999961e-01
1.996843399999999880e-01
1.995297799999999899e-01
1.993755700000000020e-01
1.992217000000000016e-01
1.990681599999999940e-01
1.989149600000000018e-01
1.987620999999999971e-01
1.986095800000000078e-01
1.984573799999999888e-01
1.983055200000000129e-01
1.981539900000000021e-01
1.980027900000000118e-01
1.978519300000000092e-01
1.977013800000000099e-01
1.975511600000000034e-01
1.974012599999999951e-01
1.972516900000000073e-01
1.971024399999999899e-01
1.969535099999999983e-01
1.968049000000000048e-01
1.966565999999999870e-01
1.965086299999999897e-01
1.963609799999999905e-01
1.962136200000000053e-01
1.960665900000000128e-01
1.959198699999999960e-01
1.957734499999999878e-01
1.956273600000000001e-01
1.954815699999999934e-01
1.953360700000000005e-01
1.951909099999999953e-01
1.950460199999999866e-01
1.949014500000000039e-01
1.947571899999999967e-01
1.946132200000000034e-01
1.944695600000000135e-01
1.943261900000000097e-01
1.941831300000000093e-01
1.940403400000000056e-01
1.938978699999999999e-01
1.937556900000000082e-01
1.936138099999999973e-01
1.934722200000000003e-01
1.933309099999999947e-01
1.931898999999999977e-01
1.930491799999999869e-01
1.929087499999999900e-01
1.927686000000000122e-01
1.926287600000000100e-01
1.924891800000000097e-01
1.923498999999999903e-01
1.922108999999999901e-01
1.920721800000000090e-01
1.919337499999999863e-01
1.917955899999999880e-01
1.916577200000000036e-01
1.915201199999999881e-01
1.913828099999999865e-01
1.912457599999999869e-01
1.911090000000000011e-01
1.909725200000000067e-01
1.908363100000000090e-01
1.907003800000000027e-01
1.905647099999999983e-01
1.904293099999999905e-01
1.902942099999999914e-01
1.901593500000000048e-01
1.900247800000000042e-01
1.898904600000000109e-01
1.897564200000000090e-01
1.896226400000000090e-01
1.894891400000000004e-01
1.893558899999999989e-01
1.892229199999999889e-01
1.890902100000000086e-01
1.889577500000000077e-01
1.888255600000000034e-01
1.886936399999999958e-01
1.885619799999999902e-01
1.884305599999999969e-01
1.882994199999999951e-01
1.881685399999999952e-01
1.880379000000000078e-01
1.879075299999999893e-01
1.877774100000000057e-01
1.876475700000000135e-01
1.875179600000000113e-01
1.873886100000000110e-01
1.872595099999999901e-01
1.871306699999999990e-01
1.870020799999999872e-01
1.868737299999999879e-01
1.867456600000000078e-01
1.866178099999999951e-01
1.864902200000000121e-01
1.863628900000000033e-01
1.862358000000000069e-01
1.861089499999999952e-01
1.859823600000000132e-01
1.858559999999999934e-01
1.857299099999999981e-01
1.856040399999999979e-01
1.854784200000000050e-01
1.853530599999999862e-01
1.852279300000000128e-01
1.851030399999999965e-01
1.849783999999999873e-01
1.848539999999999905e-01
1.847298300000000115e-01
1.846059100000000119e-01
1.844822299999999970e-01
1.843587899999999946e-01
1.842355900000000046e-01
1.841126200000000046e-01
1.839899000000000118e-01
1.838673899999999917e-01
1.837451499999999960e-01
1.836231200000000008e-01
1.835013500000000075e-01
1.833798000000000095e-01
1.832584700000000066e-01
1.831373900000000110e-01
1.830165400000000053e-01
1.828959300000000121e-01
1.827755399999999864e-01
1.826553900000000008e-01
1.825354700000000052e-01
1.824157799999999996e-01
1.822963200000000117e-01
1.821770799999999912e-01
1.820580800000000110e-01
1.819392999999999982e-01
1.818207699999999927e-01
1.817024499999999876e-01
1.815843600000000002e-01
1.814664900000000081e-01
1.813488500000000059e-01
1.812314399999999937e-01
1.811142400000000097e-01
1.809972800000000104e-01
1.808805500000000011e-01
1.807640299999999922e-01
1.806477499999999958e-01
1.805316799999999999e-01
1.804158399999999940e-01
1.803002099999999885e-01
1.801848100000000008e-01
1.800696400000000030e-01
1.799546800000000057e-01
1.798399400000000037e-01
1.797254199999999968e-01
1.796111300000000077e-01
1.794970499999999913e-01
1.793831899999999979e-01
1.792695499999999997e-01
1.791561399999999915e-01
1.790429400000000115e-01
1.789299500000000043e-01
1.788171799999999922e-01
1.787046300000000032e-01
1.785922899999999869e-01
1.784801799999999883e-01
1.783682900000000127e-01
1.782565999999999873e-01
1.781451300000000126e-01
1.780338700000000107e-01
1.779228300000000040e-01
1.778120099999999926e-01
1.777014000000000093e-01
1.775909999999999989e-01
1.774807999999999941e-01
1.773708300000000071e-01
1.772610799999999875e-01
1.771515300000000015e-01
1.770422000000000107e-01
1.769330799999999926e-01
1.768241700000000027e-01
1.767154599999999909e-01
1.766069799999999967e-01
1.764987000000000084e-01
1.763906299999999927e-01
1.762827800000000000e-01
1.761751300000000131e-01
1.760676999999999937e-01
1.759604700000000077e-01
1.758534499999999945e-01
1.757466500000000043e-01
1.756400499999999920e-01
1.755336500000000133e-01
1.754274700000000020e-01
1.753214899999999965e-01
1.752157400000000087e-01
1.751101800000000042e-01
1.750048200000000054e-01
1.748996800000000018e-01
1.747947300000000093e-01
1.746900100000000067e-01
1.745854900000000098e-01
1.744811699999999910e-01
1.743770699999999951e-01
1.742731600000000103e-01
1.741694699999999929e-01
1.740659800000000090e-01
1.739626800000000084e-01
1.738596099999999978e-01
1.737567299999999981e-01
1.736540599999999990e-01
1.735516000000000003e-01
1.734493400000000074e-01
1.733472899999999872e-01
1.732454400000000005e-01
1.731437899999999919e-01
1.730423600000000062e-01
1.729411200000000037e-01
1.728400900000000018e-01
1.727392700000000003e-01
1.726386400000000099e-01
1.725382199999999921e-01
1.724380100000000027e-01
1.723379899999999965e-01
1.722381900000000132e-01
1.721385900000000080e-01
1.720392000000000032e-01
1.719400000000000095e-01
1.718409999999999938e-01
1.717422200000000010e-01
1.716436299999999915e-01
1.715452500000000102e-01
1.714470700000000070e-01
1.713490900000000094e-01
1.712513300000000072e-01
1.711537499999999934e-01
1.710563900000000026e-01
1.709592299999999898e-01
1.708622700000000105e-01
1.707655200000000040e-01
1.706689700000000032e-01
1.705726200000000081e-01
1.704764800000000136e-01
1.703805499999999917e-01
1.702848100000000087e-01
1.701892799999999983e-01
1.700939399999999990e-01
1.699988199999999949e-01
1.699038999999999966e-01
1.698091800000000040e-01
1.697146599999999894e-01
1.696203599999999978e-01
1.695262499999999894e-01
1.694323600000000041e-01
1.693386600000000020e-01
1.692451700000000003e-01
1.691518700000000097e-01
1.690588000000000091e-01
1.689659199999999917e-01
1.688732500000000025e-01
1.687807699999999966e-01
1.686885200000000085e-01
1.685964600000000035e-01
1.685046099999999991e-01
1.684129699999999952e-01
1.683215299999999970e-01
1.682303099999999940e-01
1.681392800000000021e-01
1.680484600000000106e-01
1.679578599999999866e-01
1.678674500000000014e-01
1.677772600000000114e-01
1.676872699999999994e-01
1.675974899999999879e-01
1.675079200000000046e-01
1.674185499999999993e-01
1.673294200000000065e-01
1.672404700000000022e-01
1.671517299999999984e-01
1.670632200000000123e-01
1.669749000000000094e-01
1.668868099999999965e-01
1.667989199999999894e-01
1.667112400000000105e-01
1.666237700000000044e-01
1.665365199999999934e-01
1.664494900000000055e-01
1.663626599999999955e-01
1.662760500000000086e-01
1.661896599999999891e-01
1.661034700000000031e-01
1.660175000000000123e-01
1.659317499999999890e-01
1.658462099999999939e-01
1.657608999999999888e-01
1.656758000000000119e-01
1.655909299999999973e-01
1.655062599999999884e-01
1.654218100000000025e-01
1.653375900000000065e-01
1.652535900000000058e-01
1.651698199999999950e-01
1.650862499999999899e-01
1.650029299999999921e-01
1.649198100000000000e-01
1.648369299999999926e-01
1.647542700000000082e-01
1.646718400000000138e-01
1.645896299999999868e-01
1.645076400000000105e-01
1.644258899999999912e-01
1.643443699999999896e-01
1.642630800000000058e-01
1.641820200000000118e-01
1.641012000000000026e-01
1.640205999999999886e-01
1.639402500000000096e-01
1.638601299999999927e-01
1.637802399999999936e-01
1.637005800000000122e-01
1.636211700000000102e-01
1.635419999999999929e-01
1.634630900000000053e-01
1.633843899999999905e-01
1.633059500000000053e-01
1.632277500000000048e-01
1.631498000000000115e-01
1.630721099999999923e-01
1.629946499999999909e-01
1.629174499999999914e-01
1.628404999999999991e-01
1.627637999999999863e-01
1.626873799999999926e-01
1.626111899999999888e-01
1.625352700000000095e-01
1.624596100000000043e-01
1.623842100000000011e-01
1.623090799999999945e-01
1.622342200000000123e-01
1.621596200000000043e-01
1.620852899999999930e-01
1.620112400000000008e-01
1.619374600000000053e-01
1.618639500000000064e-01
1.617907299999999937e-01
1.617177999999999949e-01
1.616451399999999927e-01
1.615727700000000044e-01
1.615006900000000023e-01
1.614289100000000088e-01
1.613574299999999961e-01
1.612862300000000026e-01
1.612153500000000073e-01
1.611447599999999980e-01
1.610744899999999868e-01
1.610045300000000068e-01
1.609348800000000024e-01
1.608655499999999960e-01
1.607965399999999878e-01
1.607278600000000002e-01
1.606595100000000054e-01
1.605914800000000087e-01
1.605238200000000115e-01
1.604564800000000124e-01
1.603894800000000009e-01
1.603228600000000115e-01
1.602565800000000096e-01
1.601906700000000072e-01
1.601251200000000097e-01
1.600599600000000011e-01
1.599951699999999921e-01
1.599307799999999946e-01
1.598667699999999914e-01
1.598031699999999944e-01
1.597399599999999864e-01
1.596771800000000019e-01
1.596148199999999906e-01
1.595528900000000028e-01
1.594914000000000054e-01
1.594303499999999985e-01
1.593697699999999939e-01
1.593096599999999918e-01
1.592500199999999921e-01
1.591908800000000068e-01
1.591322300000000134e-01
1.590740999999999961e-01
1.590164900000000103e-01
1.589594199999999902e-01
1.589029100000000083e-01
1.588469600000000093e-01
1.587916000000000050e-01
1.587368500000000127e-01
1.586827199999999993e-01
1.586292400000000047e-01
1.585764000000000062e-01
1.585242600000000002e-01
1.584728400000000037e-01
1.584221299999999943e-01
1.583721899999999960e-01
1.583230499999999930e-01
1.582747300000000024e-01
1.582272799999999979e-01
1.581807100000000021e-01
1.581351000000000007e-01
1.580904599999999882e-01
1.580468600000000112e-01
1.580043399999999931e-01
1.579629800000000028e-01
1.579228299999999863e-01
1.578839900000000018e-01
1.578465000000000007e-01
1.578104800000000030e-01
1.577760300000000115e-01
1.577432599999999963e-01
1.577123300000000117e-01
1.576833599999999946e-01
1.576565699999999959e-01
1.576321300000000092e-01
1.576103299999999929e-01
1.575914300000000046e-01
1.575758200000000053e-01
1.575639199999999962e-01
1.575563100000000050e-01
1.575536700000000068e-01
1.575569400000000064e-01
1.575673400000000002e-01
1.575865899999999986e-01
1.576171799999999956e-01
1.576629300000000067e-01
1.577301000000000120e-01
1.578300099999999928e-01
1.579855799999999866e-01
1.582510000000000028e-01
1.587827199999999883e-01
1.601421700000000004e-01
