9.250000000000000000e+02
0.000000000000000000e+00
1.848000000000000043e+01
1.553293599999999997e-01
1.608780800000000066e-01
1.746833499999999872e-01
1.985216099999999873e-01
2.276979399999999876e-01
2.570467000000000168e-01
2.839998599999999929e-01
3.076172200000000245e-01
3.276592799999999972e-01
3.442236200000000079e-01
3.576044999999999918e-01
3.682088299999999870e-01
3.764877600000000046e-01
3.828830400000000078e-01
3.877914000000000083e-01
3.915474099999999846e-01
3.944199700000000086e-01
3.966177100000000122e-01
3.982984399999999758e-01
3.995794999999999764e-01
4.005471199999999787e-01
4.012635099999999899e-01
4.017689799999999978e-01
4.020853300000000186e-01
4.022427499999999823e-01
4.022818499999999964e-01
4.022310099999999999e-01
4.021049400000000218e-01
4.019065800000000133e-01
4.016249199999999964e-01
4.012356699999999887e-01
4.007090899999999900e-01
4.000222399999999734e-01
3.991676599999999797e-01
3.981538700000000208e-01
3.970003400000000071e-01
3.957307299999999750e-01
3.943683800000000184e-01
3.929339299999999868e-01
3.914446200000000209e-01
3.899143899999999996e-01
3.883544199999999780e-01
3.867735299999999765e-01
3.851787700000000036e-01
3.835758000000000223e-01
3.819691199999999953e-01
3.803623899999999947e-01
3.787586099999999956e-01
3.771601600000000221e-01
3.755691099999999838e-01
3.739870800000000273e-01
3.724154499999999812e-01
3.708553600000000228e-01
3.693077900000000247e-01
3.677734999999999754e-01
3.662532000000000010e-01
3.647474099999999941e-01
3.632565400000000166e-01
3.617810000000000192e-01
3.603210700000000211e-01
3.588770000000000016e-01
3.574489100000000086e-01
3.560369299999999737e-01
3.546411700000000056e-01
3.532616800000000223e-01
3.518984000000000001e-01
3.505514000000000130e-01
3.492205400000000237e-01
3.479058099999999820e-01
3.466070900000000066e-01
3.453242799999999835e-01
3.440572599999999759e-01
3.428058900000000020e-01
3.415699899999999900e-01
3.403494100000000189e-01
3.391439900000000063e-01
3.379535699999999809e-01
3.367779000000000189e-01
3.356168600000000168e-01
3.344702099999999900e-01
3.333377499999999882e-01
3.322192999999999952e-01
3.311146500000000104e-01
3.300235899999999778e-01
3.289459000000000133e-01
3.278813999999999895e-01
3.268298800000000170e-01
3.257911199999999896e-01
3.247649100000000177e-01
3.237510599999999794e-01
3.227493499999999904e-01
3.217595799999999895e-01
3.207815900000000053e-01
3.198151599999999872e-01
3.188600500000000060e-01
3.179161300000000190e-01
3.169831900000000258e-01
3.160610500000000100e-01
3.151494899999999766e-01
3.142483799999999938e-01
3.133575000000000110e-01
3.124766900000000014e-01
3.116057799999999989e-01
3.107445799999999925e-01
3.098929500000000004e-01
3.090507399999999905e-01
3.082177300000000231e-01
3.073938199999999843e-01
3.065788099999999794e-01
3.057726000000000055e-01
3.049749700000000119e-01
3.041858399999999851e-01
3.034050500000000095e-01
3.026324200000000131e-01
3.018678399999999984e-01
3.011111899999999730e-01
3.003623200000000160e-01
2.996211100000000238e-01
2.988874000000000253e-01
2.981610900000000175e-01
2.974420500000000134e-01
2.967301900000000048e-01
2.960253700000000099e-01
2.953274499999999914e-01
2.946363399999999966e-01
2.939519299999999724e-01
2.932741300000000217e-01
2.926027800000000068e-01
2.919378300000000093e-01
2.912791699999999762e-01
2.906266699999999759e-01
2.899802300000000055e-01
2.893398099999999751e-01
2.887052600000000191e-01
2.880764900000000184e-01
2.874534400000000045e-01
2.868359999999999799e-01
2.862240999999999813e-01
2.856176500000000007e-01
2.850165399999999849e-01
2.844207300000000105e-01
2.838301100000000243e-01
2.832445800000000236e-01
2.826641200000000187e-01
2.820886400000000016e-01
2.815180099999999852e-01
2.809522400000000197e-01
2.803911900000000124e-01
2.798348399999999736e-01
2.792830800000000169e-01
2.787358500000000072e-01
2.781931200000000159e-01
2.776547999999999794e-01
2.771208000000000005e-01
2.765911200000000236e-01
2.760656499999999958e-01
2.755443200000000092e-01
2.750271300000000085e-01
2.745139600000000013e-01
2.740047600000000139e-01
2.734995199999999960e-01
2.729981499999999950e-01
2.725006300000000214e-01
2.720068400000000275e-01
2.715168000000000026e-01
2.710304299999999889e-01
2.705476600000000231e-01
2.700684700000000049e-01
2.695927900000000266e-01
2.691205999999999876e-01
2.686518099999999909e-01
2.681864199999999809e-01
2.677243599999999946e-01
2.672656199999999815e-01
2.668101199999999840e-01
2.663578099999999726e-01
2.659086600000000189e-01
2.654626400000000275e-01
2.650197100000000194e-01
2.645798300000000158e-01
2.641429599999999822e-01
2.637090400000000057e-01
2.632780399999999910e-01
2.628499599999999936e-01
2.624247100000000055e-01
2.620022900000000265e-01
2.615826399999999774e-01
2.611657700000000193e-01
2.607516100000000225e-01
2.603400900000000240e-01
2.599312699999999920e-01
2.595250599999999741e-01
2.591214199999999912e-01
2.587203399999999931e-01
2.583217600000000114e-01
2.579256899999999852e-01
2.575320899999999913e-01
2.571409299999999898e-01
2.567521600000000070e-01
2.563657799999999876e-01
2.559817099999999734e-01
2.556000099999999886e-01
2.552205599999999852e-01
2.548434099999999924e-01
2.544684700000000022e-01
2.540957600000000038e-01
2.537252600000000080e-01
2.533568999999999960e-01
2.529906900000000181e-01
2.526265999999999790e-01
2.522645900000000108e-01
2.519046400000000130e-01
2.515467399999999909e-01
2.511908700000000105e-01
2.508369999999999767e-01
2.504851200000000055e-01
2.501351800000000125e-01
2.497871700000000028e-01
2.494410900000000042e-01
2.490968899999999875e-01
2.487545600000000134e-01
2.484140800000000093e-01
2.480754400000000082e-01
2.477386000000000033e-01
2.474035599999999946e-01
2.470702999999999927e-01
2.467387900000000134e-01
2.464090100000000116e-01
2.460809499999999927e-01
2.457545999999999897e-01
2.454299199999999959e-01
2.451069100000000112e-01
2.447855499999999906e-01
2.444658100000000056e-01
2.441476999999999953e-01
2.438311900000000032e-01
2.435162499999999897e-01
2.432028699999999877e-01
2.428910400000000025e-01
2.425807600000000064e-01
2.422719899999999926e-01
2.419647299999999890e-01
2.416589399999999888e-01
2.413546400000000092e-01
2.410517899999999880e-01
2.407503900000000086e-01
2.404504299999999928e-01
2.401518699999999895e-01
2.398547199999999935e-01
2.395589499999999927e-01
2.392645599999999872e-01
2.389715500000000048e-01
2.386798699999999884e-01
2.383895400000000109e-01
2.381005300000000047e-01
2.378128300000000028e-01
2.375264300000000106e-01
2.372413100000000108e-01
2.369574799999999981e-01
2.366748999999999936e-01
2.363935699999999973e-01
2.361134900000000092e-01
2.358346400000000120e-01
2.355569999999999886e-01
2.352805699999999944e-01
2.350053300000000123e-01
2.347312900000000091e-01
2.344584000000000112e-01
2.341866900000000029e-01
2.339161299999999999e-01
2.336467100000000074e-01
2.333784299999999978e-01
2.331112499999999921e-01
2.328452000000000022e-01
2.325802399999999936e-01
2.323163900000000115e-01
2.320536099999999935e-01
2.317919099999999899e-01
2.315312800000000060e-01
2.312716999999999967e-01
2.310131599999999952e-01
2.307556600000000013e-01
2.304991899999999927e-01
2.302437400000000023e-01
2.299893100000000024e-01
2.297358700000000087e-01
2.294834299999999883e-01
2.292319700000000071e-01
2.289814799999999873e-01
2.287319700000000067e-01
2.284834199999999926e-01
2.282358300000000007e-01
2.279891699999999910e-01
2.277434600000000087e-01
2.274986800000000087e-01
2.272548199999999963e-01
2.270118700000000045e-01
2.267698300000000056e-01
2.265286900000000048e-01
2.262884500000000021e-01
2.260491000000000028e-01
2.258106000000000002e-01
2.255729999999999957e-01
2.253362499999999879e-01
2.251003699999999941e-01
2.248653300000000022e-01
2.246311500000000017e-01
2.243977900000000136e-01
2.241652799999999945e-01
2.239335799999999932e-01
2.237027000000000043e-01
2.234726400000000002e-01
2.232433900000000138e-01
2.230149200000000054e-01
2.227872599999999870e-01
2.225603899999999968e-01
2.223343000000000125e-01
2.221089800000000114e-01
2.218844299999999936e-01
2.216606600000000094e-01
2.214376299999999964e-01
2.212153699999999945e-01
2.209938499999999917e-01
2.207730699999999879e-01
2.205530300000000110e-01
2.203337099999999882e-01
2.201151299999999922e-01
2.198972700000000058e-01
2.196801200000000065e-01
2.194636899999999891e-01
2.192479499999999970e-01
2.190329299999999868e-01
2.188185900000000073e-01
2.186049499999999923e-01
2.183919800000000133e-01
2.181797000000000042e-01
2.179681099999999927e-01
2.177571799999999946e-01
2.175469100000000100e-01
2.173373100000000058e-01
2.171283699999999872e-01
2.169200799999999874e-01
2.167124500000000009e-01
2.165054399999999935e-01
2.162990899999999994e-01
2.160933600000000121e-01
2.158882799999999880e-01
2.156838000000000088e-01
2.154799699999999929e-01
2.152767499999999889e-01
2.150741399999999970e-01
2.148721399999999893e-01
2.146707499999999935e-01
2.144699499999999925e-01
2.142697600000000036e-01
2.140701700000000041e-01
2.138711500000000099e-01
2.136727399999999999e-01
2.134748999999999952e-01
2.132776500000000131e-01
2.130809600000000137e-01
2.128848600000000091e-01
2.126893099999999925e-01
2.124943400000000038e-01
2.122999299999999978e-01
2.121060600000000129e-01
2.119127700000000003e-01
2.117199999999999915e-01
2.115277899999999933e-01
2.113361400000000057e-01
2.111450099999999941e-01
2.109544299999999983e-01
2.107643800000000012e-01
2.105748699999999973e-01
2.103858700000000026e-01
2.101974000000000065e-01
2.100094600000000089e-01
2.098220299999999927e-01
2.096351100000000134e-01
2.094487100000000102e-01
2.092628199999999883e-01
2.090774200000000138e-01
2.088925399999999877e-01
2.087081500000000089e-01
2.085242599999999891e-01
2.083408700000000113e-01
2.081579600000000030e-01
2.079755500000000090e-01
2.077936200000000122e-01
2.076121700000000125e-01
2.074312000000000100e-01
2.072507100000000047e-01
2.070706900000000017e-01
2.068911499999999959e-01
2.067120799999999925e-01
2.065334600000000020e-01
2.063553200000000087e-01
2.061776399999999954e-01
2.060004199999999897e-01
2.058236400000000021e-01
2.056473299999999893e-01
2.054714699999999894e-01
2.052960500000000077e-01
2.051210900000000059e-01
2.049465599999999998e-01
2.047724900000000015e-01
2.045988400000000040e-01
2.044256299999999971e-01
2.042528700000000030e-01
2.040805199999999875e-01
2.039086200000000126e-01
2.037371400000000110e-01
2.035660699999999879e-01
2.033954400000000107e-01
2.032252400000000014e-01
2.030554400000000037e-01
2.028860600000000070e-01
2.027171100000000059e-01
2.025485599999999886e-01
2.023804200000000053e-01
2.022126900000000005e-01
2.020453700000000019e-01
2.018784399999999923e-01
2.017119199999999890e-01
2.015457999999999972e-01
2.013800900000000116e-01
2.012147800000000097e-01
2.010498500000000022e-01
2.008853100000000114e-01
2.007211600000000096e-01
2.005574099999999915e-01
2.003940300000000008e-01
2.002310499999999938e-01
2.000684399999999863e-01
1.999062299999999903e-01
1.997443899999999939e-01
1.995829199999999970e-01
1.994218199999999996e-01
1.992611099999999913e-01
1.991007800000000050e-01
1.989408000000000010e-01
1.987811899999999965e-01
1.986219599999999863e-01
1.984630799999999862e-01
1.983045800000000081e-01
1.981464300000000123e-01
1.979886399999999935e-01
1.978312299999999968e-01
1.976741599999999877e-01
1.975174399999999886e-01
1.973610799999999943e-01
1.972050700000000101e-01
1.970494100000000082e-01
1.968941100000000111e-01
1.967391500000000015e-01
1.965845400000000021e-01
1.964302699999999902e-01
1.962763399999999936e-01
1.961227500000000123e-01
1.959695100000000134e-01
1.958166100000000021e-01
1.956640299999999888e-01
1.955118000000000134e-01
1.953599000000000030e-01
1.952083400000000080e-01
1.950571100000000058e-01
1.949062000000000017e-01
1.947556300000000129e-01
1.946053799999999945e-01
1.944554599999999966e-01
1.943058699999999916e-01
1.941565899999999900e-01
1.940076400000000090e-01
1.938590099999999983e-01
1.937107000000000134e-01
1.935627199999999937e-01
1.934150299999999878e-01
1.932676700000000025e-01
1.931206299999999876e-01
1.929739000000000038e-01
1.928274799999999956e-01
1.926813699999999907e-01
1.925355599999999945e-01
1.923900799999999911e-01
1.922448999999999963e-01
1.921000200000000102e-01
1.919554499999999997e-01
1.918111700000000031e-01
1.916672100000000045e-01
1.915235399999999921e-01
1.913801699999999884e-01
1.912371099999999879e-01
1.910943400000000014e-01
1.909518699999999958e-01
1.908096999999999988e-01
1.906678099999999931e-01
1.905262199999999961e-01
1.903849200000000130e-01
1.902439300000000055e-01
1.901032199999999894e-01
1.899627899999999925e-01
1.898226399999999869e-01
1.896828000000000125e-01
1.895432300000000070e-01
1.894039700000000048e-01
1.892649700000000046e-01
1.891262499999999958e-01
1.889878399999999903e-01
1.888496899999999867e-01
1.887118200000000023e-01
1.885742199999999869e-01
1.884369300000000025e-01
1.882998899999999975e-01
1.881631300000000118e-01
1.880266499999999896e-01
1.878904600000000091e-01
1.877545300000000028e-01
1.876188699999999931e-01
1.874834700000000132e-01
1.873483699999999863e-01
1.872135099999999996e-01
1.870789399999999991e-01
1.869446300000000005e-01
1.868105999999999933e-01
1.866768199999999933e-01
1.865433200000000125e-01
1.864100700000000110e-01
1.862770900000000063e-01
1.861443700000000034e-01
1.860119299999999920e-01
1.858797199999999983e-01
1.857477999999999907e-01
1.856161199999999956e-01
1.854847099999999971e-01
1.853535600000000005e-01
1.852226600000000112e-01
1.850920199999999960e-01
1.849616299999999880e-01
1.848315100000000044e-01
1.847016400000000003e-01
1.845720100000000086e-01
1.844426500000000135e-01
1.843135399999999979e-01
1.841846699999999948e-01
1.840560599999999936e-01
1.839276900000000048e-01
1.837995799999999902e-01
1.836717099999999880e-01
1.835440999999999878e-01
1.834167200000000053e-01
1.832895999999999970e-01
1.831627200000000011e-01
1.830360900000000124e-01
1.829097000000000084e-01
1.827835399999999944e-01
1.826576400000000100e-01
1.825319800000000103e-01
1.824065599999999954e-01
1.822813899999999876e-01
1.821564599999999923e-01
1.820317499999999922e-01
1.819072999999999940e-01
1.817830800000000135e-01
1.816590899999999953e-01
1.815353500000000120e-01
1.814118299999999961e-01
1.812885599999999875e-01
1.811655199999999966e-01
1.810427199999999903e-01
1.809201500000000018e-01
1.807978199999999980e-01
1.806757200000000119e-01
1.805538399999999932e-01
1.804321999999999870e-01
1.803107899999999986e-01
1.801896100000000001e-01
1.800686699999999862e-01
1.799479400000000007e-01
1.798274699999999893e-01
1.797072000000000114e-01
1.795871699999999904e-01
1.794673699999999872e-01
1.793477800000000122e-01
1.792284299999999941e-01
1.791093099999999938e-01
1.789903899999999992e-01
1.788717200000000118e-01
1.787532599999999972e-01
1.786350300000000002e-01
1.785170299999999932e-01
1.783992399999999867e-01
1.782816799999999979e-01
1.781643300000000096e-01
1.780472100000000113e-01
1.779303100000000082e-01
1.778136300000000003e-01
1.776971699999999876e-01
1.775809200000000032e-01
1.774649000000000088e-01
1.773491100000000043e-01
1.772335200000000055e-01
1.771181400000000072e-01
1.770029800000000042e-01
1.768880499999999911e-01
1.767733200000000116e-01
1.766588199999999942e-01
1.765445300000000051e-01
1.764304499999999887e-01
1.763165899999999953e-01
1.762029400000000023e-01
1.760895100000000046e-01
1.759762800000000127e-01
1.758632699999999882e-01
1.757504599999999972e-01
1.756378899999999910e-01
1.755255000000000010e-01
1.754133400000000009e-01
1.753013900000000014e-01
1.751896400000000076e-01
1.750781100000000090e-01
1.749667799999999884e-01
1.748556599999999961e-01
1.747447599999999990e-01
1.746340399999999904e-01
1.745235499999999995e-01
1.744132599999999866e-01
1.743031899999999967e-01
1.741933099999999901e-01
1.740836500000000064e-01
1.739741900000000008e-01
1.738649300000000009e-01
1.737558700000000067e-01
1.736470300000000078e-01
1.735383899999999868e-01
1.734299499999999994e-01
1.733217099999999899e-01
1.732136900000000035e-01
1.731058699999999950e-01
1.729982300000000028e-01
1.728908100000000059e-01
1.727836000000000094e-01
1.726765799999999962e-01
1.725697499999999940e-01
1.724631500000000095e-01
1.723567199999999910e-01
1.722505099999999956e-01
1.721445000000000058e-01
1.720386899999999941e-01
1.719330699999999934e-01
1.718276599999999932e-01
1.717224400000000040e-01
1.716174299999999875e-01
1.715126200000000045e-01
1.714080000000000048e-01
1.713035699999999883e-01
1.711993500000000001e-01
1.710953299999999899e-01
1.709914999999999907e-01
1.708878699999999973e-01
1.707844299999999871e-01
1.706811900000000104e-01
1.705781500000000117e-01
1.704753200000000135e-01
1.703726600000000091e-01
1.702702000000000104e-01
1.701679500000000123e-01
1.700658899999999973e-01
1.699640299999999882e-01
1.698623400000000006e-01
1.697608700000000082e-01
1.696595800000000043e-01
1.695585000000000009e-01
1.694576000000000138e-01
1.693569099999999994e-01
1.692564000000000013e-01
1.691560900000000089e-01
1.690559699999999999e-01
1.689560400000000018e-01
1.688562899999999922e-01
1.687567500000000109e-01
1.686574100000000076e-01
1.685582499999999928e-01
1.684592799999999890e-01
1.683605200000000135e-01
1.682619300000000040e-01
1.681635400000000002e-01
1.680653400000000075e-01
1.679673299999999980e-01
1.678695199999999943e-01
1.677719099999999963e-01
1.676744699999999921e-01
1.675772199999999990e-01
1.674801700000000115e-01
1.673833100000000074e-01
1.672866500000000090e-01
1.671901600000000043e-01
1.670938899999999949e-01
1.669977900000000071e-01
1.669018700000000077e-01
1.668061600000000089e-01
1.667106299999999985e-01
1.666152899999999992e-01
1.665201500000000057e-01
1.664251800000000059e-01
1.663304100000000119e-01
1.662358300000000011e-01
1.661414499999999961e-01
1.660472500000000073e-01
1.659532499999999966e-01
1.658594200000000074e-01
1.657657899999999962e-01
1.656723499999999960e-01
1.655791000000000068e-01
1.654860400000000009e-01
1.653931600000000113e-01
1.653004700000000049e-01
1.652079800000000043e-01
1.651156699999999922e-01
1.650235499999999911e-01
1.649316299999999957e-01
1.648398899999999889e-01
1.647483399999999931e-01
1.646569800000000083e-01
1.645658200000000015e-01
1.644748299999999885e-01
1.643840400000000090e-01
1.642934400000000128e-01
1.642030299999999998e-01
1.641128099999999979e-01
1.640227700000000122e-01
1.639329200000000097e-01
1.638432700000000131e-01
1.637538099999999996e-01
1.636645300000000025e-01
1.635754399999999886e-01
1.634865600000000030e-01
1.633978500000000111e-01
1.633093399999999973e-01
1.632210199999999944e-01
1.631328800000000079e-01
1.630449300000000046e-01
1.629571800000000070e-01
1.628696199999999927e-01
1.627822499999999895e-01
1.626950699999999972e-01
1.626080900000000107e-01
1.625212900000000127e-01
1.624346799999999980e-01
1.623482699999999890e-01
1.622620499999999910e-01
1.621760299999999988e-01
1.620901800000000004e-01
1.620045499999999972e-01
1.619191000000000102e-01
1.618338400000000066e-01
1.617487800000000087e-01
1.616638999999999993e-01
1.615792400000000129e-01
1.614947499999999925e-01
1.614104700000000003e-01
1.613263600000000020e-01
1.612424699999999989e-01
1.611587700000000067e-01
1.610752599999999979e-01
1.609919499999999948e-01
1.609088300000000027e-01
1.608259200000000111e-01
1.607431900000000080e-01
1.606606700000000054e-01
1.605783600000000033e-01
1.604962199999999950e-01
1.604142899999999872e-01
1.603325600000000128e-01
1.602510400000000113e-01
1.601697099999999929e-01
1.600885700000000134e-01
1.600076400000000065e-01
1.599269200000000002e-01
1.598463999999999996e-01
1.597660599999999875e-01
1.596859399999999984e-01
1.596060199999999873e-01
1.595263000000000098e-01
1.594468099999999944e-01
1.593674999999999953e-01
1.592883900000000019e-01
1.592095000000000038e-01
1.591308100000000114e-01
1.590523399999999865e-01
1.589740699999999951e-01
1.588960000000000095e-01
1.588181600000000138e-01
1.587405100000000013e-01
1.586630800000000119e-01
1.585858599999999952e-01
1.585088500000000067e-01
1.584320499999999909e-01
1.583554699999999982e-01
1.582791100000000006e-01
1.582029600000000036e-01
1.581270200000000070e-01
1.580513100000000004e-01
1.579758099999999943e-01
1.579005400000000059e-01
1.578254799999999902e-01
1.577506499999999923e-01
1.576760299999999948e-01
1.576016399999999873e-01
1.575274799999999975e-01
1.574535400000000029e-01
1.573798200000000036e-01
1.573063399999999890e-01
1.572330899999999920e-01
1.571600700000000128e-01
1.570872799999999958e-01
1.570147100000000018e-01
1.569424000000000097e-01
1.568703100000000128e-01
1.567984500000000059e-01
1.567268400000000061e-01
1.566554800000000136e-01
1.565843399999999885e-01
1.565134499999999984e-01
1.564428200000000102e-01
1.563724300000000067e-01
1.563022900000000104e-01
1.562323899999999988e-01
1.561627499999999891e-01
1.560933599999999866e-01
1.560242300000000137e-01
1.559553599999999873e-01
1.558867499999999906e-01
1.558183999999999958e-01
1.557503199999999977e-01
1.556825000000000014e-01
1.556149599999999966e-01
1.555476799999999937e-01
1.554806800000000100e-01
1.554139599999999899e-01
1.553475099999999942e-01
1.552813600000000072e-01
1.552154900000000115e-01
1.551499100000000020e-01
1.550846100000000116e-01
1.550196100000000021e-01
1.549549100000000013e-01
1.548905100000000090e-01
1.548264199999999924e-01
1.547626400000000069e-01
1.546991600000000022e-01
1.546360099999999904e-01
1.545731700000000097e-01
1.545106599999999941e-01
1.544484899999999938e-01
1.543866399999999917e-01
1.543251399999999995e-01
1.542639700000000003e-01
1.542031600000000058e-01
1.541427099999999883e-01
1.540826100000000087e-01
1.540228700000000062e-01
1.539635099999999979e-01
1.539045300000000116e-01
1.538459399999999866e-01
1.537877199999999889e-01
1.537299199999999921e-01
1.536725200000000069e-01
1.536155300000000001e-01
1.535589699999999891e-01
1.535028400000000015e-01
1.534471500000000044e-01
1.533919099999999924e-01
1.533371199999999934e-01
1.532828199999999863e-01
1.532289799999999869e-01
1.531756499999999965e-01
1.531228299999999876e-01
1.530705199999999877e-01
1.530187600000000037e-01
1.529675299999999905e-01
1.529168599999999878e-01
1.528667999999999971e-01
1.528173100000000117e-01
1.527684500000000001e-01
1.527202300000000124e-01
1.526726499999999931e-01
1.526257699999999939e-01
1.525795899999999872e-01
1.525341600000000020e-01
1.524894699999999881e-01
1.524455799999999972e-01
1.524025200000000135e-01
1.523603199999999935e-01
1.523190299999999942e-01
1.522786799999999996e-01
1.522393200000000113e-01
1.522010000000000030e-01
1.521637899999999932e-01
1.521277400000000113e-01
1.520929199999999926e-01
1.520594200000000007e-01
1.520273099999999988e-01
1.519967000000000124e-01
1.519676899999999886e-01
1.519404199999999927e-01
1.519150099999999892e-01
1.518916600000000117e-01
1.518705499999999931e-01
1.518519100000000066e-01
1.518359900000000040e-01
1.518231600000000125e-01
1.518137800000000093e-01
1.518083699999999980e-01
1.518075299999999961e-01
1.518120799999999881e-01
1.518230700000000044e-01
1.518419799999999875e-01
1.518708599999999964e-01
1.519127899999999920e-01
1.519726799999999989e-01
1.520588999999999968e-01
1.521875099999999981e-01
1.523935899999999954e-01
1.527679600000000082e-01
1.536136700000000077e-01
