1.130000000000000000e+03
0.000000000000000000e+00
2.257999999999999829e+01
1.311280300000000065e-01
1.368386099999999994e-01
1.510470700000000055e-01
1.755865100000000012e-01
2.056204100000000035e-01
2.358248699999999920e-01
2.635543000000000191e-01
2.878422999999999954e-01
3.084451300000000118e-01
3.254661600000000043e-01
3.392109899999999900e-01
3.501003100000000257e-01
3.585997200000000107e-01
3.651642800000000078e-01
3.702023600000000081e-01
3.740579199999999882e-01
3.770073700000000083e-01
3.792650699999999819e-01
3.809930699999999892e-01
3.823118500000000086e-01
3.833100500000000133e-01
3.840515299999999743e-01
3.845776000000000194e-01
3.849107600000000184e-01
3.850823899999999966e-01
3.851341600000000032e-01
3.850950599999999890e-01
3.849804700000000190e-01
3.847940599999999933e-01
3.845259500000000052e-01
3.841532799999999859e-01
3.836478600000000072e-01
3.829880399999999741e-01
3.821669200000000211e-01
3.811929499999999749e-01
3.800848099999999952e-01
3.788652699999999762e-01
3.775566499999999936e-01
3.761786799999999875e-01
3.747478100000000145e-01
3.732773999999999814e-01
3.717780700000000160e-01
3.702582700000000004e-01
3.687247599999999847e-01
3.671828799999999893e-01
3.656369400000000214e-01
3.640904699999999994e-01
3.625462899999999933e-01
3.610067399999999926e-01
3.594737100000000019e-01
3.579487499999999822e-01
3.564332700000000242e-01
3.549282799999999849e-01
3.534347700000000092e-01
3.519534500000000010e-01
3.504849400000000226e-01
3.490298399999999801e-01
3.475885100000000172e-01
3.461613399999999841e-01
3.447486200000000056e-01
3.433505900000000111e-01
3.419673699999999927e-01
3.405991199999999774e-01
3.392459500000000183e-01
3.379078500000000096e-01
3.365849000000000202e-01
3.352770500000000209e-01
3.339843200000000012e-01
3.327065699999999793e-01
3.314437900000000159e-01
3.301958700000000024e-01
3.289627099999999915e-01
3.277441600000000066e-01
3.265401099999999945e-01
3.253504300000000238e-01
3.241749700000000067e-01
3.230135399999999879e-01
3.218660099999999802e-01
3.207321799999999778e-01
3.196118800000000149e-01
3.185049600000000036e-01
3.174112099999999992e-01
3.163304599999999800e-01
3.152625299999999853e-01
3.142072000000000198e-01
3.131643199999999960e-01
3.121337000000000139e-01
3.111151799999999912e-01
3.101084800000000197e-01
3.091134999999999855e-01
3.081300599999999834e-01
3.071579300000000234e-01
3.061969299999999783e-01
3.052469199999999772e-01
3.043077000000000143e-01
3.033790900000000179e-01
3.024609100000000272e-01
3.015530100000000102e-01
3.006552200000000008e-01
2.997673699999999775e-01
2.988892799999999794e-01
2.980208100000000249e-01
2.971617899999999812e-01
2.963120599999999882e-01
2.954714900000000033e-01
2.946398900000000154e-01
2.938171299999999819e-01
2.930030800000000268e-01
2.921975900000000070e-01
2.914004900000000120e-01
2.906116799999999833e-01
2.898310100000000000e-01
2.890583600000000142e-01
2.882935699999999990e-01
2.875365300000000124e-01
2.867871200000000065e-01
2.860451900000000047e-01
2.853106599999999937e-01
2.845833899999999916e-01
2.838632500000000114e-01
2.831501399999999946e-01
2.824439400000000044e-01
2.817445399999999878e-01
2.810518399999999972e-01
2.803657700000000141e-01
2.796861500000000222e-01
2.790129199999999976e-01
2.783459999999999823e-01
2.776852499999999946e-01
2.770306200000000052e-01
2.763819699999999768e-01
2.757392200000000071e-01
2.751022900000000271e-01
2.744711000000000234e-01
2.738455499999999931e-01
2.732255800000000234e-01
2.726110500000000214e-01
2.720019499999999923e-01
2.713981300000000152e-01
2.707995500000000000e-01
2.702061199999999941e-01
2.696177699999999788e-01
2.690344499999999806e-01
2.684560400000000069e-01
2.678825000000000234e-01
2.673137199999999769e-01
2.667496799999999890e-01
2.661903199999999803e-01
2.656355200000000139e-01
2.650852200000000103e-01
2.645394200000000251e-01
2.639979700000000262e-01
2.634608999999999979e-01
2.629280700000000137e-01
2.623994599999999733e-01
2.618750000000000244e-01
2.613546600000000164e-01
2.608383300000000071e-01
2.603260000000000018e-01
2.598175999999999819e-01
2.593130799999999736e-01
2.588123700000000138e-01
2.583154400000000073e-01
2.578222499999999751e-01
2.573327100000000200e-01
2.568467899999999915e-01
2.563644600000000162e-01
2.558856600000000148e-01
2.554103400000000135e-01
2.549384499999999831e-01
2.544699899999999793e-01
2.540048400000000095e-01
2.535430200000000078e-01
2.530844500000000163e-01
2.526290999999999953e-01
2.521769099999999764e-01
2.517279099999999992e-01
2.512819800000000159e-01
2.508391099999999763e-01
2.503992600000000124e-01
2.499624199999999907e-01
2.495285100000000089e-01
2.490975300000000114e-01
2.486694000000000127e-01
2.482441400000000020e-01
2.478216599999999992e-01
2.474019699999999988e-01
2.469850000000000101e-01
2.465707699999999947e-01
2.461591800000000052e-01
2.457502500000000034e-01
2.453439199999999931e-01
2.449401800000000073e-01
2.445389799999999891e-01
2.441403000000000045e-01
2.437441200000000086e-01
2.433503899999999998e-01
2.429590799999999939e-01
2.425701899999999911e-01
2.421836699999999898e-01
2.417995000000000005e-01
2.414176600000000061e-01
2.410381099999999999e-01
2.406608299999999923e-01
2.402857800000000044e-01
2.399129700000000032e-01
2.395423499999999872e-01
2.391738900000000001e-01
2.388075699999999968e-01
2.384433900000000051e-01
2.380812900000000010e-01
2.377212800000000070e-01
2.373633099999999940e-01
2.370073799999999897e-01
2.366534499999999874e-01
2.363015099999999924e-01
2.359515299999999927e-01
2.356034999999999935e-01
2.352573900000000107e-01
2.349131899999999940e-01
2.345708599999999922e-01
2.342304000000000053e-01
2.338917899999999883e-01
2.335549899999999901e-01
2.332200000000000106e-01
2.328867900000000102e-01
2.325553599999999888e-01
2.322256699999999952e-01
2.318977100000000069e-01
2.315714700000000015e-01
2.312469199999999947e-01
2.309240499999999918e-01
2.306028499999999981e-01
2.302832900000000016e-01
2.299653600000000075e-01
2.296490399999999987e-01
2.293343100000000134e-01
2.290211799999999909e-01
2.287095899999999904e-01
2.283995600000000015e-01
2.280910600000000121e-01
2.277840999999999894e-01
2.274786199999999925e-01
2.271746400000000110e-01
2.268721300000000052e-01
2.265710800000000080e-01
2.262714999999999865e-01
2.259733200000000053e-01
2.256765799999999877e-01
2.253812400000000105e-01
2.250872999999999902e-01
2.247947299999999982e-01
2.245035300000000067e-01
2.242136899999999933e-01
2.239251700000000067e-01
2.236380000000000035e-01
2.233521499999999993e-01
2.230676000000000048e-01
2.227843300000000026e-01
2.225023499999999876e-01
2.222216399999999981e-01
2.219421900000000114e-01
2.216639800000000105e-01
2.213870000000000005e-01
2.211112500000000092e-01
2.208367099999999916e-01
2.205633800000000033e-01
2.202912399999999993e-01
2.200202800000000125e-01
2.197504899999999928e-01
2.194818600000000008e-01
2.192143799999999865e-01
2.189480400000000104e-01
2.186828299999999947e-01
2.184187300000000054e-01
2.181557600000000041e-01
2.178938699999999895e-01
2.176330800000000065e-01
2.173733700000000102e-01
2.171147499999999952e-01
2.168571800000000105e-01
2.166006600000000004e-01
2.163451899999999928e-01
2.160907699999999876e-01
2.158373600000000059e-01
2.155849800000000094e-01
2.153336100000000086e-01
2.150832400000000089e-01
2.148338700000000101e-01
2.145854799999999951e-01
2.143380799999999864e-01
2.140916300000000050e-01
2.138461600000000074e-01
2.136016500000000040e-01
2.133580700000000108e-01
2.131154399999999893e-01
2.128737400000000057e-01
2.126329499999999872e-01
2.123931099999999961e-01
2.121541500000000136e-01
2.119160999999999961e-01
2.116789500000000046e-01
2.114426899999999887e-01
2.112073200000000039e-01
2.109728200000000053e-01
2.107391799999999982e-01
2.105063899999999877e-01
2.102744699999999911e-01
2.100433999999999912e-01
2.098131799999999880e-01
2.095837700000000026e-01
2.093552100000000138e-01
2.091274599999999873e-01
2.089005300000000009e-01
2.086744199999999994e-01
2.084490999999999983e-01
2.082245799999999925e-01
2.080008499999999871e-01
2.077779200000000048e-01
2.075557600000000058e-01
2.073343699999999901e-01
2.071137600000000079e-01
2.068939099999999864e-01
2.066748099999999866e-01
2.064564700000000030e-01
2.062388699999999908e-01
2.060220100000000054e-01
2.058059000000000138e-01
2.055905000000000094e-01
2.053758499999999987e-01
2.051619000000000081e-01
2.049486799999999942e-01
2.047361600000000004e-01
2.045243399999999989e-01
2.043132300000000123e-01
2.041028099999999956e-01
2.038930800000000043e-01
2.036840500000000054e-01
2.034756799999999921e-01
2.032679900000000095e-01
2.030609800000000020e-01
2.028546300000000080e-01
2.026489499999999944e-01
2.024439299999999942e-01
2.022395399999999954e-01
2.020358100000000101e-01
2.018327400000000105e-01
2.016302899999999898e-01
2.014284899999999878e-01
2.012273199999999873e-01
2.010267699999999935e-01
2.008268400000000065e-01
2.006275399999999931e-01
2.004288399999999970e-01
2.002307600000000076e-01
2.000332900000000025e-01
1.998364300000000093e-01
1.996401499999999885e-01
1.994444700000000126e-01
1.992493899999999984e-01
1.990549000000000068e-01
1.988609899999999875e-01
1.986676500000000012e-01
1.984748799999999924e-01
1.982827000000000062e-01
1.980910899999999975e-01
1.979000300000000045e-01
1.977095500000000117e-01
1.975196200000000069e-01
1.973302399999999901e-01
1.971414099999999892e-01
1.969531300000000040e-01
1.967653900000000122e-01
1.965782000000000085e-01
1.963915499999999981e-01
1.962054199999999915e-01
1.960198400000000007e-01
1.958347699999999914e-01
1.956502300000000083e-01
1.954662199999999961e-01
1.952827299999999877e-01
1.950997399999999937e-01
1.949172799999999983e-01
1.947353199999999895e-01
1.945538699999999899e-01
1.943729100000000098e-01
1.941924499999999887e-01
1.940125099999999991e-01
1.938330500000000067e-01
1.936540800000000062e-01
1.934755999999999976e-01
1.932976100000000086e-01
1.931200899999999943e-01
1.929430699999999943e-01
1.927665199999999968e-01
1.925904300000000069e-01
1.924148400000000037e-01
1.922396899999999909e-01
1.920650200000000030e-01
1.918908199999999897e-01
1.917170699999999894e-01
1.915437899999999916e-01
1.913709500000000119e-01
1.911985700000000121e-01
1.910266599999999870e-01
1.908551800000000132e-01
1.906841400000000020e-01
1.905135500000000037e-01
1.903434099999999907e-01
1.901737000000000011e-01
1.900044399999999967e-01
1.898356099999999880e-01
1.896672000000000080e-01
1.894992299999999907e-01
1.893316800000000022e-01
1.891645499999999869e-01
1.889978499999999950e-01
1.888315700000000041e-01
1.886657200000000090e-01
1.885002699999999975e-01
1.883352399999999871e-01
1.881706099999999882e-01
1.880063999999999902e-01
1.878426099999999932e-01
1.876791999999999905e-01
1.875162099999999887e-01
1.873536299999999932e-01
1.871914299999999920e-01
1.870296300000000023e-01
1.868682200000000015e-01
1.867072100000000123e-01
1.865465900000000121e-01
1.863863799999999904e-01
1.862265300000000012e-01
1.860670700000000011e-01
1.859079899999999952e-01
1.857493100000000008e-01
1.855910000000000060e-01
1.854330600000000107e-01
1.852755000000000096e-01
1.851183000000000134e-01
1.849615000000000009e-01
1.848050499999999985e-01
1.846489799999999903e-01
1.844932699999999870e-01
1.843379300000000109e-01
1.841829399999999894e-01
1.840283299999999900e-01
1.838740700000000006e-01
1.837201599999999935e-01
1.835666099999999912e-01
1.834134299999999884e-01
1.832605900000000010e-01
1.831081099999999906e-01
1.829559699999999955e-01
1.828041800000000106e-01
1.826527400000000079e-01
1.825016399999999928e-01
1.823508899999999877e-01
1.822004799999999980e-01
1.820503900000000064e-01
1.819006699999999865e-01
1.817512699999999926e-01
1.816022099999999861e-01
1.814534800000000003e-01
1.813050800000000073e-01
1.811570200000000019e-01
1.810092799999999946e-01
1.808618800000000026e-01
1.807148000000000088e-01
1.805680400000000130e-01
1.804216100000000100e-01
1.802755000000000052e-01
1.801297199999999932e-01
1.799842399999999898e-01
1.798391000000000017e-01
1.796942699999999893e-01
1.795497400000000132e-01
1.794055400000000022e-01
1.792616499999999946e-01
1.791180699999999903e-01
1.789748100000000119e-01
1.788318499999999867e-01
1.786891800000000030e-01
1.785468500000000069e-01
1.784047900000000075e-01
1.782630500000000062e-01
1.781216300000000030e-01
1.779804799999999965e-01
1.778396499999999880e-01
1.776991199999999882e-01
1.775588700000000075e-01
1.774189300000000025e-01
1.772792800000000113e-01
1.771399200000000063e-01
1.770008700000000046e-01
1.768620899999999996e-01
1.767236100000000032e-01
1.765854199999999929e-01
1.764475299999999913e-01
1.763098999999999916e-01
1.761725700000000006e-01
1.760355200000000009e-01
1.758987599999999873e-01
1.757622799999999930e-01
1.756260799999999900e-01
1.754901700000000009e-01
1.753545300000000084e-01
1.752191600000000127e-01
1.750840800000000030e-01
1.749492699999999901e-01
1.748147300000000015e-01
1.746804700000000043e-01
1.745464800000000039e-01
1.744127699999999948e-01
1.742793199999999876e-01
1.741461499999999996e-01
1.740132400000000135e-01
1.738806099999999910e-01
1.737482200000000088e-01
1.736161300000000074e-01
1.734842799999999907e-01
1.733526999999999985e-01
1.732213800000000081e-01
1.730903199999999920e-01
1.729595399999999950e-01
1.728290000000000104e-01
1.726987200000000000e-01
1.725687099999999863e-01
1.724389500000000075e-01
1.723094400000000082e-01
1.721802100000000002e-01
1.720512100000000100e-01
1.719224799999999886e-01
1.717939800000000128e-01
1.716657400000000111e-01
1.715377600000000113e-01
1.714100199999999963e-01
1.712825400000000109e-01
1.711553000000000102e-01
1.710283200000000114e-01
1.709015700000000026e-01
1.707750700000000010e-01
1.706488300000000014e-01
1.705228099999999969e-01
1.703970399999999996e-01
1.702715300000000043e-01
1.701462400000000041e-01
1.700212100000000059e-01
1.698964099999999977e-01
1.697718400000000072e-01
1.696475100000000014e-01
1.695234300000000027e-01
1.693995899999999888e-01
1.692759699999999978e-01
1.691525999999999863e-01
1.690294599999999925e-01
1.689065399999999939e-01
1.687838700000000025e-01
1.686614300000000011e-01
1.685392099999999949e-01
1.684172300000000011e-01
1.682954899999999920e-01
1.681739700000000060e-01
1.680526699999999873e-01
1.679315999999999864e-01
1.678107699999999980e-01
1.676901600000000048e-01
1.675697700000000068e-01
1.674496099999999987e-01
1.673296700000000137e-01
1.672099499999999961e-01
1.670904800000000134e-01
1.669712100000000088e-01
1.668521599999999994e-01
1.667333199999999904e-01
1.666147299999999887e-01
1.664963399999999927e-01
1.663781699999999919e-01
1.662602300000000088e-01
1.661424900000000038e-01
1.660249799999999887e-01
1.659076999999999913e-01
1.657906199999999997e-01
1.656737500000000085e-01
1.655570899999999901e-01
1.654406599999999894e-01
1.653244299999999944e-01
1.652084100000000000e-01
1.650926199999999955e-01
1.649770299999999967e-01
1.648616599999999932e-01
1.647464899999999954e-01
1.646315299999999981e-01
1.645167899999999961e-01
1.644022499999999998e-01
1.642879100000000092e-01
1.641737799999999914e-01
1.640598799999999913e-01
1.639461500000000127e-01
1.638326499999999963e-01
1.637193600000000082e-01
1.636062600000000034e-01
1.634933699999999990e-01
1.633806700000000056e-01
1.632681800000000127e-01
1.631558999999999926e-01
1.630438100000000112e-01
1.629319300000000026e-01
1.628202499999999997e-01
1.627087700000000026e-01
1.625974900000000112e-01
1.624864000000000031e-01
1.623755199999999954e-01
1.622648399999999935e-01
1.621543500000000027e-01
1.620440499999999950e-01
1.619339599999999879e-01
1.618240499999999971e-01
1.617143500000000067e-01
1.616048399999999996e-01
1.614955200000000035e-01
1.613864000000000132e-01
1.612774700000000061e-01
1.611687400000000048e-01
1.610601999999999867e-01
1.609518400000000127e-01
1.608436900000000114e-01
1.607357100000000039e-01
1.606279300000000021e-01
1.605203400000000113e-01
1.604129400000000039e-01
1.603057400000000021e-01
1.601987199999999889e-01
1.600918799999999920e-01
1.599852300000000060e-01
1.598787799999999981e-01
1.597725000000000117e-01
1.596664200000000033e-01
1.595605200000000112e-01
1.594548100000000024e-01
1.593492800000000098e-01
1.592439300000000058e-01
1.591387700000000127e-01
1.590337900000000082e-01
1.589290100000000094e-01
1.588243799999999872e-01
1.587199599999999933e-01
1.586157099999999931e-01
1.585116500000000039e-01
1.584077600000000086e-01
1.583040699999999912e-01
1.582005300000000059e-01
1.580971899999999986e-01
1.579940300000000075e-01
1.578910500000000050e-01
1.577882499999999910e-01
1.576856100000000038e-01
1.575831599999999999e-01
1.574809000000000070e-01
1.573787899999999906e-01
1.572768800000000078e-01
1.571751399999999910e-01
1.570735699999999957e-01
1.569721799999999889e-01
1.568709600000000037e-01
1.567699300000000018e-01
1.566690699999999936e-01
1.565683599999999898e-01
1.564678499999999917e-01
1.563675099999999873e-01
1.562673300000000098e-01
1.561673299999999931e-01
1.560675099999999926e-01
1.559678499999999912e-01
1.558683700000000061e-01
1.557690499999999922e-01
1.556699099999999947e-01
1.555709399999999909e-01
1.554721400000000087e-01
1.553734999999999977e-01
1.552750499999999978e-01
1.551767400000000074e-01
1.550786200000000004e-01
1.549806699999999871e-01
1.548828800000000006e-01
1.547852600000000078e-01
1.546878100000000089e-01
1.545905200000000090e-01
1.544934099999999977e-01
1.543964399999999959e-01
1.542996600000000051e-01
1.542030400000000134e-01
1.541065899999999878e-01
1.540102999999999889e-01
1.539141699999999890e-01
1.538181999999999883e-01
1.537224100000000038e-01
1.536267699999999958e-01
1.535313000000000094e-01
1.534359899999999943e-01
1.533408500000000008e-01
1.532458700000000063e-01
1.531510500000000108e-01
1.530564000000000091e-01
1.529618899999999893e-01
1.528675700000000082e-01
1.527734000000000036e-01
1.526793800000000034e-01
1.525855200000000023e-01
1.524918399999999896e-01
1.523982999999999866e-01
1.523049300000000050e-01
1.522117299999999895e-01
1.521186700000000114e-01
1.520257700000000045e-01
1.519330399999999914e-01
1.518404600000000104e-01
1.517480499999999954e-01
1.516557799999999900e-01
1.515636700000000114e-01
1.514717299999999989e-01
1.513799399999999906e-01
1.512882999999999867e-01
1.511968200000000095e-01
1.511055099999999984e-01
1.510143399999999969e-01
1.509233299999999944e-01
1.508324699999999963e-01
1.507417899999999866e-01
1.506512299999999971e-01
1.505608400000000013e-01
1.504706100000000046e-01
1.503805400000000070e-01
1.502906099999999912e-01
1.502008300000000074e-01
1.501112099999999949e-01
1.500217500000000093e-01
1.499324300000000054e-01
1.498432799999999954e-01
1.497542600000000002e-01
1.496654000000000040e-01
1.495766900000000121e-01
1.494881499999999863e-01
1.493997400000000031e-01
1.493115000000000137e-01
1.492234000000000060e-01
1.491354599999999975e-01
1.490476599999999985e-01
1.489600100000000038e-01
1.488725100000000134e-01
1.487851599999999996e-01
1.486979599999999901e-01
1.486109200000000075e-01
1.485240200000000066e-01
1.484372599999999875e-01
1.483506699999999900e-01
1.482642100000000074e-01
1.481779099999999960e-01
1.480917499999999942e-01
1.480057499999999915e-01
1.479198899999999983e-01
1.478341800000000095e-01
1.477486000000000077e-01
1.476631899999999997e-01
1.475779299999999961e-01
1.474928000000000072e-01
1.474078299999999897e-01
1.473230000000000095e-01
1.472383100000000111e-01
1.471537800000000118e-01
1.470693799999999996e-01
1.469851299999999916e-01
1.469010400000000105e-01
1.468170699999999940e-01
1.467332699999999990e-01
1.466495999999999911e-01
1.465660799999999875e-01
1.464827099999999882e-01
1.463994799999999985e-01
1.463163899999999906e-01
1.462334499999999871e-01
1.461506499999999931e-01
1.460679900000000087e-01
1.459854800000000008e-01
1.459031100000000025e-01
1.458208900000000086e-01
1.457388099999999964e-01
1.456568699999999938e-01
1.455750799999999956e-01
1.454934200000000122e-01
1.454119100000000053e-01
1.453305300000000133e-01
1.452493099999999926e-01
1.451682300000000092e-01
1.450872900000000076e-01
1.450064899999999879e-01
1.449258300000000055e-01
1.448453100000000049e-01
1.447649300000000139e-01
1.446846999999999994e-01
1.446046099999999945e-01
1.445246500000000045e-01
1.444448399999999910e-01
1.443651599999999924e-01
1.442856299999999981e-01
1.442062400000000133e-01
1.441269799999999879e-01
1.440478699999999945e-01
1.439689100000000055e-01
1.438900700000000088e-01
1.438113699999999939e-01
1.437328300000000059e-01
1.436544200000000049e-01
1.435761500000000135e-01
1.434979999999999867e-01
1.434200099999999867e-01
1.433421500000000015e-01
1.432644399999999929e-01
1.431868500000000044e-01
1.431094099999999925e-01
1.430321200000000126e-01
1.429549499999999973e-01
1.428779199999999916e-01
1.428010500000000127e-01
1.427242900000000037e-01
1.426476799999999989e-01
1.425712100000000038e-01
1.424948699999999957e-01
1.424186699999999972e-01
1.423426100000000083e-01
1.422666900000000012e-01
1.421909000000000090e-01
1.421152499999999985e-01
1.420397499999999924e-01
1.419643800000000011e-01
1.418891300000000022e-01
1.418140400000000023e-01
1.417390699999999948e-01
1.416642399999999968e-01
1.415895500000000085e-01
1.415150000000000019e-01
1.414405900000000049e-01
1.413663000000000003e-01
1.412921500000000052e-01
1.412181600000000092e-01
1.411442800000000108e-01
1.410705399999999943e-01
1.409969500000000098e-01
1.409234900000000124e-01
1.408501600000000020e-01
1.407769600000000065e-01
1.407039200000000101e-01
1.406309900000000113e-01
1.405582099999999890e-01
1.404855700000000041e-01
1.404130500000000115e-01
1.403406700000000007e-01
1.402684299999999995e-01
1.401963400000000026e-01
1.401243699999999981e-01
1.400525300000000084e-01
1.399808399999999953e-01
1.399092700000000022e-01
1.398378500000000135e-01
1.397665399999999947e-01
1.396953900000000026e-01
1.396243699999999976e-01
1.395534900000000023e-01
1.394827399999999940e-01
1.394121200000000005e-01
1.393416399999999888e-01
1.392712899999999920e-01
1.392010700000000101e-01
1.391310099999999994e-01
1.390610599999999863e-01
1.389912700000000001e-01
1.389215900000000115e-01
1.388520599999999994e-01
1.387826500000000074e-01
1.387133899999999920e-01
1.386442599999999914e-01
1.385752700000000004e-01
1.385064099999999965e-01
1.384376900000000021e-01
1.383690999999999949e-01
1.383006400000000025e-01
1.382323400000000091e-01
1.381641500000000133e-01
1.380960900000000047e-01
1.380281899999999951e-01
1.379604000000000108e-01
1.378927699999999978e-01
1.378252699999999997e-01
1.377578999999999887e-01
1.376906599999999925e-01
1.376235600000000059e-01
1.375566000000000011e-01
1.374897700000000111e-01
1.374230700000000083e-01
1.373565200000000097e-01
1.372900900000000035e-01
1.372238100000000016e-01
1.371576599999999868e-01
1.370916500000000093e-01
1.370257699999999912e-01
1.369600300000000104e-01
1.368944199999999889e-01
1.368289400000000100e-01
1.367636200000000024e-01
1.366984199999999872e-01
1.366333700000000040e-01
1.365684400000000132e-01
1.365036500000000041e-01
1.364390099999999995e-01
1.363744899999999871e-01
1.363101200000000068e-01
1.362458800000000136e-01
1.361817700000000075e-01
1.361178200000000005e-01
1.360539799999999910e-01
1.359902900000000137e-01
1.359267399999999903e-01
1.358633300000000044e-01
1.358000600000000002e-01
1.357369099999999884e-01
1.356739299999999981e-01
1.356110600000000055e-01
1.355483399999999894e-01
1.354857499999999881e-01
1.354233200000000137e-01
1.353610000000000091e-01
1.352988499999999983e-01
1.352368100000000128e-01
1.351749299999999987e-01
1.351131799999999994e-01
1.350515800000000044e-01
1.349901099999999965e-01
1.349287799999999982e-01
1.348675900000000094e-01
1.348065400000000025e-01
1.347456399999999999e-01
1.346848900000000016e-01
1.346242599999999956e-01
1.345637899999999887e-01
1.345034400000000019e-01
1.344432499999999864e-01
1.343832000000000082e-01
1.343232799999999894e-01
1.342635199999999973e-01
1.342038999999999871e-01
1.341444099999999917e-01
1.340850700000000006e-01
1.340258900000000086e-01
1.339668300000000090e-01
1.339079300000000083e-01
1.338491699999999895e-01
1.337905500000000081e-01
1.337320999999999926e-01
1.336737699999999973e-01
1.336156000000000010e-01
1.335575599999999918e-01
1.334996800000000094e-01
1.334419400000000089e-01
1.333843600000000074e-01
1.333269199999999877e-01
1.332696200000000053e-01
1.332124799999999942e-01
1.331554899999999875e-01
1.330986500000000128e-01
1.330419499999999922e-01
1.329854099999999983e-01
1.329290099999999863e-01
1.328727799999999959e-01
1.328166899999999873e-01
1.327607500000000107e-01
1.327049600000000107e-01
1.326493300000000097e-01
1.325938600000000078e-01
1.325385299999999877e-01
1.324833599999999945e-01
1.324283500000000002e-01
1.323735000000000051e-01
1.323187899999999917e-01
1.322642599999999946e-01
1.322098700000000071e-01
1.321556399999999909e-01
1.321015700000000015e-01
1.320476499999999886e-01
1.319938999999999973e-01
1.319403199999999998e-01
1.318869000000000014e-01
1.318336300000000072e-01
1.317805200000000121e-01
1.317275900000000055e-01
1.316748100000000032e-01
1.316221999999999948e-01
1.315697600000000078e-01
1.315174699999999974e-01
1.314653600000000033e-01
1.314134299999999977e-01
1.313616499999999965e-01
1.313100500000000115e-01
1.312586099999999978e-01
1.312073500000000004e-01
1.311562699999999915e-01
1.311053500000000094e-01
1.310545999999999933e-01
1.310040399999999883e-01
1.309536400000000100e-01
1.309034400000000098e-01
1.308534000000000086e-01
1.308035399999999959e-01
1.307538599999999995e-01
1.307043699999999864e-01
1.306550700000000120e-01
1.306059400000000037e-01
1.305570000000000064e-01
1.305082399999999976e-01
1.304596799999999945e-01
1.304113100000000025e-01
1.303631199999999990e-01
1.303151200000000065e-01
1.302673199999999920e-01
1.302197300000000058e-01
1.301723100000000133e-01
1.301251099999999883e-01
1.300780900000000073e-01
1.300312899999999938e-01
1.299846799999999913e-01
1.299382699999999946e-01
1.298920799999999931e-01
1.298460999999999921e-01
1.298003199999999968e-01
1.297547500000000020e-01
1.297094099999999972e-01
1.296642699999999981e-01
1.296193599999999890e-01
1.295746700000000029e-01
1.295301899999999895e-01
1.294859499999999886e-01
1.294419300000000106e-01
1.293981399999999948e-01
1.293545799999999968e-01
1.293112600000000112e-01
1.292681800000000103e-01
1.292253399999999941e-01
1.291827399999999904e-01
1.291403899999999938e-01
1.290982800000000097e-01
1.290564399999999945e-01
1.290148499999999865e-01
1.289735100000000134e-01
1.289324299999999868e-01
1.288916300000000070e-01
1.288510999999999962e-01
1.288108400000000098e-01
1.287708599999999870e-01
1.287311800000000006e-01
1.286917599999999884e-01
1.286526500000000073e-01
1.286138300000000123e-01
1.285753099999999982e-01
1.285370899999999927e-01
1.284991900000000131e-01
1.284616100000000039e-01
1.284243599999999874e-01
1.283874200000000021e-01
1.283508399999999938e-01
1.283145800000000114e-01
1.282786900000000008e-01
1.282431500000000002e-01
1.282079700000000044e-01
1.281731600000000082e-01
1.281387400000000010e-01
1.281046999999999880e-01
1.280710700000000091e-01
1.280378400000000139e-01
1.280050299999999919e-01
1.279726499999999934e-01
1.279407100000000130e-01
1.279092300000000126e-01
1.278781999999999974e-01
1.278476600000000019e-01
1.278176199999999929e-01
1.277880700000000036e-01
1.277590500000000129e-01
1.277305800000000102e-01
1.277026500000000009e-01
1.276753099999999863e-01
1.276485800000000115e-01
1.276224599999999931e-01
1.275969700000000040e-01
1.275721599999999900e-01
1.275480700000000134e-01
1.275246700000000066e-01
1.275020500000000057e-01
1.274802399999999947e-01
1.274592400000000014e-01
1.274391099999999943e-01
1.274199199999999921e-01
1.274016799999999894e-01
1.273844699999999996e-01
1.273683499999999913e-01
1.273533699999999935e-01
1.273396199999999867e-01
1.273271699999999895e-01
1.273161499999999891e-01
1.273066300000000040e-01
1.272987399999999936e-01
1.272926299999999900e-01
1.272884599999999922e-01
1.272863999999999940e-01
1.272867199999999921e-01
1.272896400000000094e-01
1.272954900000000111e-01
1.273046700000000087e-01
1.273176699999999939e-01
1.273350900000000119e-01
1.273577200000000076e-01
1.273866300000000007e-01
1.274232600000000104e-01
1.274696399999999952e-01
1.275288800000000111e-01
1.276057999999999915e-01
1.277088200000000007e-01
1.278539200000000098e-01
1.280759999999999954e-01
1.284650400000000026e-01
1.293194300000000130e-01
