9.670000000000000000e+02
0.000000000000000000e+00
1.932000000000000028e+01
1.496735800000000005e-01
1.552600899999999895e-01
1.691591699999999976e-01
1.931601199999999907e-01
2.225349199999999972e-01
2.520813000000000081e-01
2.792133099999999923e-01
3.029848600000000225e-01
3.231555799999999978e-01
3.398245300000000135e-01
3.532886199999999977e-01
3.639580299999999879e-01
3.722872999999999877e-01
3.787212400000000145e-01
3.836592400000000125e-01
3.874380299999999888e-01
3.903282000000000140e-01
3.925397099999999861e-01
3.942313199999999962e-01
3.955210399999999904e-01
3.964957000000000065e-01
3.972178699999999729e-01
3.977280899999999786e-01
3.980483400000000005e-01
3.982090099999999744e-01
3.982510599999999901e-01
3.982029300000000105e-01
3.980795400000000095e-01
3.978839200000000020e-01
3.976054199999999872e-01
3.972199900000000228e-01
3.966983000000000037e-01
3.960176699999999883e-01
3.951708400000000232e-01
3.941662899999999747e-01
3.930233100000000146e-01
3.917653899999999911e-01
3.904155799999999843e-01
3.889943399999999940e-01
3.875186999999999937e-01
3.860024799999999812e-01
3.844567199999999740e-01
3.828901399999999899e-01
3.813097500000000029e-01
3.797210799999999886e-01
3.781286500000000106e-01
3.765360400000000163e-01
3.749462399999999862e-01
3.733616200000000052e-01
3.717841499999999799e-01
3.702155100000000254e-01
3.686570200000000019e-01
3.671098600000000101e-01
3.655749899999999886e-01
3.640531300000000026e-01
3.625449499999999770e-01
3.610510499999999845e-01
3.595718099999999917e-01
3.581076000000000259e-01
3.566587600000000191e-01
3.552254400000000034e-01
3.538079000000000085e-01
3.524061700000000186e-01
3.510204000000000102e-01
3.496505899999999833e-01
3.482967900000000228e-01
3.469589699999999777e-01
3.456370500000000012e-01
3.443309999999999982e-01
3.430406999999999762e-01
3.417660900000000224e-01
3.405070000000000041e-01
3.392633199999999793e-01
3.380348699999999873e-01
3.368215600000000198e-01
3.356231700000000262e-01
3.344395499999999744e-01
3.332704899999999748e-01
3.321158000000000166e-01
3.309753500000000015e-01
3.298488900000000057e-01
3.287362500000000076e-01
3.276372000000000173e-01
3.265515600000000185e-01
3.254791499999999949e-01
3.244197400000000120e-01
3.233731100000000191e-01
3.223391199999999790e-01
3.213174899999999834e-01
3.203080899999999898e-01
3.193106700000000187e-01
3.183250699999999878e-01
3.173510700000000129e-01
3.163884900000000222e-01
3.154371400000000047e-01
3.144968499999999945e-01
3.135673700000000119e-01
3.126485900000000040e-01
3.117403100000000205e-01
3.108423100000000106e-01
3.099544599999999872e-01
3.090765799999999897e-01
3.082084700000000121e-01
3.073500100000000068e-01
3.065010000000000234e-01
3.056612899999999744e-01
3.048307299999999942e-01
3.040091699999999952e-01
3.031964300000000168e-01
3.023923600000000267e-01
3.015968500000000274e-01
3.008097399999999921e-01
3.000308899999999945e-01
2.992601400000000078e-01
2.984973799999999788e-01
2.977424599999999866e-01
2.969952499999999884e-01
2.962556499999999815e-01
2.955234899999999998e-01
2.947986699999999849e-01
2.940810600000000052e-01
2.933705699999999972e-01
2.926670599999999789e-01
2.919704000000000188e-01
2.912805399999999767e-01
2.905972900000000081e-01
2.899205999999999728e-01
2.892503399999999947e-01
2.885864399999999996e-01
2.879287600000000058e-01
2.872772199999999998e-01
2.866316999999999893e-01
2.859921500000000005e-01
2.853584299999999963e-01
2.847304900000000027e-01
2.841081899999999827e-01
2.834914900000000126e-01
2.828803100000000237e-01
2.822745099999999785e-01
2.816740600000000039e-01
2.810788499999999912e-01
2.804888200000000276e-01
2.799038899999999885e-01
2.793239699999999770e-01
2.787489599999999901e-01
2.781788399999999828e-01
2.776135200000000025e-01
2.770529400000000253e-01
2.764970099999999875e-01
2.759456299999999973e-01
2.753988199999999886e-01
2.748564499999999744e-01
2.743184599999999862e-01
2.737848199999999843e-01
2.732554400000000161e-01
2.727302600000000021e-01
2.722092300000000242e-01
2.716922800000000082e-01
2.711793800000000254e-01
2.706704400000000121e-01
2.701654099999999947e-01
2.696642899999999732e-01
2.691669500000000159e-01
2.686733600000000277e-01
2.681835000000000191e-01
2.676972699999999872e-01
2.672146899999999770e-01
2.667356399999999961e-01
2.662601199999999890e-01
2.657880499999999979e-01
2.653194099999999778e-01
2.648541300000000209e-01
2.643922000000000216e-01
2.639335400000000220e-01
2.634781299999999771e-01
2.630259400000000136e-01
2.625768800000000125e-01
2.621309499999999737e-01
2.616881099999999738e-01
2.612482899999999941e-01
2.608114799999999844e-01
2.603776199999999763e-01
2.599466999999999750e-01
2.595186500000000174e-01
2.590934599999999977e-01
2.586710999999999872e-01
2.582515200000000122e-01
2.578346699999999880e-01
2.574205399999999755e-01
2.570091199999999798e-01
2.566003199999999929e-01
2.561941099999999749e-01
2.557905300000000159e-01
2.553894800000000020e-01
2.549909399999999993e-01
2.545949200000000023e-01
2.542013499999999926e-01
2.538101999999999858e-01
2.534214599999999873e-01
2.530351000000000128e-01
2.526511000000000173e-01
2.522694200000000220e-01
2.518900000000000028e-01
2.515128899999999890e-01
2.511379999999999724e-01
2.507653200000000138e-01
2.503948500000000021e-01
2.500265199999999743e-01
2.496603400000000084e-01
2.492962900000000037e-01
2.489343300000000092e-01
2.485744199999999904e-01
2.482165699999999975e-01
2.478607399999999961e-01
2.475069300000000139e-01
2.471550899999999940e-01
2.468051900000000076e-01
2.464572299999999994e-01
2.461112000000000022e-01
2.457670600000000094e-01
2.454247900000000038e-01
2.450843799999999906e-01
2.447458100000000081e-01
2.444090399999999941e-01
2.440740600000000093e-01
2.437408699999999984e-01
2.434094400000000047e-01
2.430797399999999886e-01
2.427517600000000109e-01
2.424254999999999882e-01
2.421009100000000025e-01
2.417779899999999982e-01
2.414567200000000136e-01
2.411370899999999984e-01
2.408190699999999962e-01
2.405026600000000070e-01
2.401878199999999963e-01
2.398745599999999867e-01
2.395628499999999939e-01
2.392526700000000006e-01
2.389440200000000070e-01
2.386368799999999957e-01
2.383312300000000050e-01
2.380270499999999900e-01
2.377243500000000009e-01
2.374230800000000086e-01
2.371232500000000076e-01
2.368248400000000087e-01
2.365278500000000117e-01
2.362322400000000100e-01
2.359380100000000036e-01
2.356451499999999977e-01
2.353536300000000081e-01
2.350634600000000018e-01
2.347746300000000119e-01
2.344871000000000039e-01
2.342008800000000002e-01
2.339159500000000114e-01
2.336322999999999872e-01
2.333499199999999885e-01
2.330687899999999979e-01
2.327889099999999878e-01
2.325102500000000016e-01
2.322328200000000065e-01
2.319566000000000128e-01
2.316815899999999928e-01
2.314077499999999954e-01
2.311350899999999875e-01
2.308636000000000021e-01
2.305932599999999943e-01
2.303240900000000091e-01
2.300560299999999947e-01
2.297891099999999909e-01
2.295233000000000134e-01
2.292586000000000068e-01
2.289950000000000041e-01
2.287324799999999880e-01
2.284710399999999864e-01
2.282106600000000096e-01
2.279513499999999970e-01
2.276931000000000094e-01
2.274358700000000122e-01
2.271796799999999950e-01
2.269245099999999959e-01
2.266703700000000099e-01
2.264172100000000076e-01
2.261650699999999958e-01
2.259139099999999956e-01
2.256637400000000016e-01
2.254145399999999966e-01
2.251663100000000084e-01
2.249190199999999973e-01
2.246726900000000082e-01
2.244272999999999962e-01
2.241828399999999943e-01
2.239393100000000025e-01
2.236967099999999931e-01
2.234549999999999870e-01
2.232142099999999962e-01
2.229742999999999864e-01
2.227352999999999972e-01
2.224971699999999941e-01
2.222599199999999997e-01
2.220235299999999967e-01
2.217880200000000024e-01
2.215533399999999875e-01
2.213195299999999865e-01
2.210865499999999928e-01
2.208544199999999957e-01
2.206231100000000112e-01
2.203926099999999888e-01
2.201629400000000014e-01
2.199340800000000040e-01
2.197060100000000071e-01
2.194787599999999950e-01
2.192522699999999991e-01
2.190265999999999880e-01
2.188016899999999931e-01
2.185775500000000093e-01
2.183541999999999983e-01
2.181315899999999863e-01
2.179097399999999907e-01
2.176886500000000113e-01
2.174683099999999980e-01
2.172486899999999943e-01
2.170298200000000122e-01
2.168116700000000119e-01
2.165942600000000107e-01
2.163775599999999966e-01
2.161615799999999921e-01
2.159463000000000077e-01
2.157317300000000104e-01
2.155178500000000108e-01
2.153046600000000088e-01
2.150921699999999992e-01
2.148803599999999925e-01
2.146692299999999887e-01
2.144587799999999878e-01
2.142489900000000003e-01
2.140398599999999985e-01
2.138314099999999995e-01
2.136235999999999968e-01
2.134164600000000023e-01
2.132099399999999867e-01
2.130040800000000123e-01
2.127988600000000063e-01
2.125942700000000019e-01
2.123903000000000041e-01
2.121869600000000078e-01
2.119842600000000077e-01
2.117821599999999971e-01
2.115806799999999932e-01
2.113798000000000066e-01
2.111795200000000094e-01
2.109798599999999913e-01
2.107807800000000009e-01
2.105823000000000000e-01
2.103844099999999939e-01
2.101871100000000103e-01
2.099903800000000043e-01
2.097942399999999930e-01
2.095986800000000094e-01
2.094036800000000087e-01
2.092092299999999960e-01
2.090153700000000059e-01
2.088220600000000038e-01
2.086293100000000122e-01
2.084371100000000088e-01
2.082454599999999934e-01
2.080543499999999990e-01
2.078637899999999927e-01
2.076737700000000075e-01
2.074842799999999932e-01
2.072953299999999999e-01
2.071069000000000104e-01
2.069189999999999918e-01
2.067316299999999996e-01
2.065447699999999887e-01
2.063584300000000094e-01
2.061726200000000009e-01
2.059872899999999896e-01
2.058024900000000046e-01
2.056181900000000062e-01
2.054343799999999998e-01
2.052510800000000024e-01
2.050682799999999917e-01
2.048859700000000006e-01
2.047041500000000014e-01
2.045228000000000046e-01
2.043419599999999892e-01
2.041615800000000092e-01
2.039816999999999880e-01
2.038022899999999971e-01
2.036233400000000138e-01
2.034448699999999999e-01
2.032668699999999884e-01
2.030893300000000123e-01
2.029122600000000110e-01
2.027356499999999895e-01
2.025594900000000087e-01
2.023837900000000078e-01
2.022085299999999974e-01
2.020337399999999894e-01
2.018593800000000049e-01
2.016854899999999950e-01
2.015120199999999862e-01
2.013389899999999955e-01
2.011664200000000124e-01
2.009942700000000027e-01
2.008225499999999886e-01
2.006512699999999927e-01
2.004804199999999925e-01
2.003099899999999933e-01
2.001399799999999951e-01
1.999703899999999979e-01
1.998012399999999911e-01
1.996324999999999905e-01
1.994641699999999962e-01
1.992962500000000081e-01
1.991287499999999933e-01
1.989616600000000124e-01
1.987949599999999928e-01
1.986286800000000019e-01
1.984627999999999948e-01
1.982973199999999991e-01
1.981322500000000097e-01
1.979675599999999869e-01
1.978032700000000033e-01
1.976393899999999981e-01
1.974758799999999925e-01
1.973127699999999984e-01
1.971500399999999986e-01
1.969876999999999878e-01
1.968257399999999990e-01
1.966641699999999993e-01
1.965029699999999990e-01
1.963421599999999878e-01
1.961816999999999866e-01
1.960216300000000023e-01
1.958619400000000121e-01
1.957026099999999991e-01
1.955436600000000080e-01
1.953850699999999940e-01
1.952268500000000073e-01
1.950689899999999977e-01
1.949114899999999928e-01
1.947543599999999875e-01
1.945975899999999870e-01
1.944411500000000070e-01
1.942850899999999936e-01
1.941293799999999903e-01
1.939740299999999917e-01
1.938190200000000085e-01
1.936643600000000076e-01
1.935100600000000115e-01
1.933560800000000135e-01
1.932024699999999873e-01
1.930491900000000094e-01
1.928962499999999913e-01
1.927436600000000111e-01
1.925913999999999959e-01
1.924394799999999961e-01
1.922878899999999891e-01
1.921366499999999922e-01
1.919857299999999933e-01
1.918351500000000098e-01
1.916848899999999967e-01
1.915349699999999988e-01
1.913853600000000044e-01
1.912360800000000027e-01
1.910871399999999887e-01
1.909385000000000110e-01
1.907902099999999879e-01
1.906422200000000011e-01
1.904945500000000125e-01
1.903471899999999994e-01
1.902001600000000070e-01
1.900534500000000127e-01
1.899070399999999992e-01
1.897609500000000116e-01
1.896151799999999943e-01
1.894697100000000134e-01
1.893245400000000134e-01
1.891796900000000115e-01
1.890351500000000129e-01
1.888909000000000005e-01
1.887469599999999914e-01
1.886033300000000135e-01
1.884599899999999939e-01
1.883169600000000055e-01
1.881742299999999979e-01
1.880317900000000042e-01
1.878896499999999914e-01
1.877478099999999872e-01
1.876062599999999969e-01
1.874650099999999875e-01
1.873240499999999920e-01
1.871833800000000103e-01
1.870429999999999870e-01
1.869029000000000107e-01
1.867630899999999927e-01
1.866235900000000059e-01
1.864843499999999932e-01
1.863454099999999891e-01
1.862067400000000095e-01
1.860683700000000107e-01
1.859302700000000086e-01
1.857924599999999926e-01
1.856549200000000011e-01
1.855176699999999956e-01
1.853806799999999921e-01
1.852439800000000025e-01
1.851075600000000043e-01
1.849714100000000028e-01
1.848355200000000031e-01
1.846999199999999897e-01
1.845645900000000006e-01
1.844295300000000082e-01
1.842947299999999899e-01
1.841602200000000134e-01
1.840259599999999884e-01
1.838919699999999879e-01
1.837582600000000066e-01
1.836248000000000047e-01
1.834916199999999942e-01
1.833586799999999961e-01
1.832260199999999895e-01
1.830936200000000125e-01
1.829614800000000097e-01
1.828296000000000088e-01
1.826979800000000098e-01
1.825666300000000075e-01
1.824355300000000124e-01
1.823046799999999967e-01
1.821740900000000107e-01
1.820437599999999989e-01
1.819136699999999995e-01
1.817838499999999968e-01
1.816542700000000066e-01
1.815249600000000130e-01
1.813958900000000041e-01
1.812670799999999971e-01
1.811385000000000078e-01
1.810101899999999875e-01
1.808821100000000126e-01
1.807542900000000119e-01
1.806267199999999906e-01
1.804993900000000095e-01
1.803723100000000079e-01
1.802454599999999962e-01
1.801188699999999865e-01
1.799925099999999945e-01
1.798664000000000096e-01
1.797405300000000095e-01
1.796149200000000112e-01
1.794895200000000135e-01
1.793643699999999952e-01
1.792394700000000118e-01
1.791147899999999960e-01
1.789903599999999873e-01
1.788661599999999963e-01
1.787421999999999900e-01
1.786184799999999961e-01
1.784949899999999923e-01
1.783717400000000008e-01
1.782487199999999994e-01
1.781259299999999879e-01
1.780033699999999941e-01
1.778810500000000128e-01
1.777589499999999989e-01
1.776370899999999975e-01
1.775154600000000138e-01
1.773940499999999976e-01
1.772728699999999991e-01
1.771519300000000130e-01
1.770311999999999997e-01
1.769107099999999988e-01
1.767904499999999879e-01
1.766704000000000052e-01
1.765505800000000125e-01
1.764309900000000098e-01
1.763116299999999970e-01
1.761924800000000124e-01
1.760735499999999953e-01
1.759548499999999960e-01
1.758363699999999918e-01
1.757181100000000107e-01
1.756000799999999917e-01
1.754822600000000010e-01
1.753646600000000055e-01
1.752472800000000053e-01
1.751301100000000055e-01
1.750131699999999957e-01
1.748964500000000089e-01
1.747799399999999947e-01
1.746636299999999864e-01
1.745475700000000130e-01
1.744316999999999951e-01
1.743160500000000002e-01
1.742006100000000057e-01
1.740853900000000065e-01
1.739703900000000025e-01
1.738555900000000043e-01
1.737410000000000065e-01
1.736266300000000040e-01
1.735124700000000020e-01
1.733985200000000004e-01
1.732847799999999994e-01
1.731712499999999988e-01
1.730579299999999987e-01
1.729448100000000044e-01
1.728319200000000000e-01
1.727192300000000014e-01
1.726067400000000085e-01
1.724944599999999884e-01
1.723823800000000017e-01
1.722705099999999878e-01
1.721588500000000022e-01
1.720473899999999945e-01
1.719361399999999873e-01
1.718251000000000084e-01
1.717142500000000127e-01
1.716036099999999898e-01
1.714931700000000003e-01
1.713829299999999889e-01
1.712729000000000057e-01
1.711630700000000005e-01
1.710534400000000010e-01
1.709440100000000073e-01
1.708347799999999916e-01
1.707257600000000042e-01
1.706169200000000052e-01
1.705083000000000015e-01
1.703998700000000088e-01
1.702916499999999889e-01
1.701836100000000129e-01
1.700757699999999872e-01
1.699681399999999898e-01
1.698607099999999981e-01
1.697534599999999949e-01
1.696464099999999975e-01
1.695395700000000005e-01
1.694329199999999869e-01
1.693264499999999895e-01
1.692201899999999926e-01
1.691141300000000014e-01
1.690082599999999935e-01
1.689025799999999966e-01
1.687970900000000107e-01
1.686918000000000029e-01
1.685867000000000060e-01
1.684817999999999871e-01
1.683770900000000070e-01
1.682725700000000102e-01
1.681682300000000019e-01
1.680640999999999941e-01
1.679601500000000025e-01
1.678563999999999889e-01
1.677528299999999917e-01
1.676494500000000054e-01
1.675462699999999971e-01
1.674432799999999999e-01
1.673404699999999912e-01
1.672378499999999935e-01
1.671354200000000068e-01
1.670331800000000033e-01
1.669311400000000056e-01
1.668292700000000017e-01
1.667276000000000036e-01
1.666261099999999939e-01
1.665248099999999953e-01
1.664236900000000130e-01
1.663227700000000087e-01
1.662220199999999981e-01
1.661214699999999933e-01
1.660211099999999995e-01
1.659209100000000048e-01
1.658209300000000053e-01
1.657211000000000101e-01
1.656214699999999929e-01
1.655220400000000092e-01
1.654227799999999915e-01
1.653236999999999901e-01
1.652248099999999997e-01
1.651260999999999979e-01
1.650275700000000123e-01
1.649292400000000047e-01
1.648310900000000134e-01
1.647331099999999882e-01
1.646353200000000017e-01
1.645377100000000037e-01
1.644402699999999995e-01
1.643430300000000011e-01
1.642459599999999964e-01
1.641490899999999975e-01
1.640523799999999977e-01
1.639558700000000036e-01
1.638595300000000032e-01
1.637633699999999914e-01
1.636673999999999907e-01
1.635716000000000114e-01
1.634759799999999930e-01
1.633805500000000133e-01
1.632852899999999996e-01
1.631902199999999969e-01
1.630953099999999933e-01
1.630005999999999955e-01
1.629060699999999862e-01
1.628117000000000036e-01
1.627175200000000044e-01
1.626235199999999936e-01
1.625296900000000044e-01
1.624360499999999985e-01
1.623425900000000088e-01
1.622493000000000130e-01
1.621561900000000056e-01
1.620632599999999868e-01
1.619705100000000120e-01
1.618779300000000032e-01
1.617855400000000055e-01
1.616933200000000015e-01
1.616012800000000138e-01
1.615094099999999921e-01
1.614177199999999868e-01
1.613262099999999977e-01
1.612348700000000024e-01
1.611437199999999903e-01
1.610527300000000051e-01
1.609619399999999978e-01
1.608713099999999896e-01
1.607808599999999977e-01
1.606905799999999995e-01
1.606004799999999899e-01
1.605105699999999913e-01
1.604208199999999918e-01
1.603312500000000085e-01
1.602418600000000137e-01
1.601526400000000128e-01
1.600635900000000056e-01
1.599747400000000042e-01
1.598860500000000018e-01
1.597975299999999932e-01
1.597091999999999956e-01
1.596210399999999918e-01
1.595330500000000096e-01
1.594452399999999881e-01
1.593576100000000106e-01
1.592701499999999992e-01
1.591828799999999988e-01
1.590957600000000027e-01
1.590088299999999899e-01
1.589220799999999933e-01
1.588354999999999906e-01
1.587491000000000041e-01
1.586628700000000114e-01
1.585768200000000072e-01
1.584909399999999968e-01
1.584052400000000027e-01
1.583197299999999919e-01
1.582343700000000131e-01
1.581491999999999898e-01
1.580641999999999880e-01
1.579793800000000026e-01
1.578947500000000004e-01
1.578102700000000025e-01
1.577259900000000103e-01
1.576418699999999895e-01
1.575579300000000127e-01
1.574741799999999914e-01
1.573905800000000021e-01
1.573071799999999909e-01
1.572239400000000065e-01
1.571408800000000106e-01
1.570580199999999926e-01
1.569753100000000068e-01
1.568927800000000095e-01
1.568104300000000006e-01
1.567282700000000029e-01
1.566462799999999989e-01
1.565644599999999886e-01
1.564828299999999894e-01
1.564013700000000118e-01
1.563200999999999896e-01
1.562389899999999943e-01
1.561580599999999874e-01
1.560773299999999864e-01
1.559967499999999896e-01
1.559163799999999933e-01
1.558361600000000013e-01
1.557561299999999926e-01
1.556762899999999950e-01
1.555966300000000135e-01
1.555171300000000034e-01
1.554378299999999991e-01
1.553586999999999885e-01
1.552797599999999889e-01
1.552010000000000056e-01
1.551224099999999884e-01
1.550440200000000046e-01
1.549657999999999869e-01
1.548877700000000079e-01
1.548099099999999950e-01
1.547322399999999931e-01
1.546547600000000022e-01
1.545774500000000051e-01
1.545003400000000138e-01
1.544233999999999885e-01
1.543466599999999966e-01
1.542700800000000039e-01
1.541937100000000116e-01
1.541175200000000078e-01
1.540415099999999926e-01
1.539657000000000109e-01
1.538900599999999952e-01
1.538146099999999905e-01
1.537393599999999916e-01
1.536642900000000089e-01
1.535894100000000095e-01
1.535147299999999881e-01
1.534402400000000055e-01
1.533659199999999889e-01
1.532918100000000006e-01
1.532178800000000007e-01
1.531441500000000067e-01
1.530706099999999958e-01
1.529972599999999960e-01
1.529241100000000020e-01
1.528511499999999912e-01
1.527783899999999861e-01
1.527058199999999921e-01
1.526334599999999986e-01
1.525612799999999936e-01
1.524892999999999943e-01
1.524175299999999955e-01
1.523459600000000025e-01
1.522745799999999927e-01
1.522033999999999887e-01
1.521324199999999904e-01
1.520616599999999874e-01
1.519910800000000006e-01
1.519207200000000091e-01
1.518505699999999903e-01
1.517806200000000050e-01
1.517108699999999977e-01
1.516413400000000133e-01
1.515720000000000123e-01
1.515028900000000012e-01
1.514339899999999905e-01
1.513653000000000082e-01
1.512968100000000038e-01
1.512285499999999894e-01
1.511604900000000085e-01
1.510926599999999898e-01
1.510250399999999993e-01
1.509576400000000040e-01
1.508904699999999988e-01
1.508235199999999887e-01
1.507567900000000016e-01
1.506902900000000045e-01
1.506240100000000026e-01
1.505579499999999959e-01
1.504921300000000017e-01
1.504265399999999975e-01
1.503611699999999884e-01
1.502960499999999866e-01
1.502311500000000077e-01
1.501665000000000083e-01
1.501020799999999988e-01
1.500379000000000018e-01
1.499739700000000120e-01
1.499102900000000016e-01
1.498468400000000089e-01
1.497836600000000129e-01
1.497207100000000068e-01
1.496580200000000027e-01
1.495955900000000005e-01
1.495334100000000055e-01
1.494714900000000124e-01
1.494098500000000107e-01
1.493484499999999937e-01
1.492873399999999906e-01
1.492264899999999894e-01
1.491659100000000127e-01
1.491056199999999943e-01
1.490456000000000003e-01
1.489858599999999977e-01
1.489264100000000091e-01
1.488672500000000065e-01
1.488083799999999901e-01
1.487497999999999876e-01
1.486915299999999884e-01
1.486335699999999926e-01
1.485759000000000107e-01
1.485185499999999992e-01
1.484615200000000135e-01
1.484048099999999981e-01
1.483484200000000086e-01
1.482923600000000119e-01
1.482366499999999976e-01
1.481812600000000091e-01
1.481262299999999976e-01
1.480715400000000015e-01
1.480172299999999996e-01
1.479632700000000078e-01
1.479096699999999931e-01
1.478564599999999951e-01
1.478036299999999914e-01
1.477511999999999992e-01
1.476991500000000013e-01
1.476475100000000096e-01
1.475963000000000136e-01
1.475455200000000133e-01
1.474951499999999915e-01
1.474452499999999999e-01
1.473957700000000093e-01
1.473467800000000105e-01
1.472982599999999864e-01
1.472502400000000045e-01
1.472027200000000091e-01
1.471556900000000057e-01
1.471092099999999903e-01
1.470632699999999959e-01
1.470178799999999897e-01
1.469730700000000112e-01
1.469288800000000117e-01
1.468852800000000070e-01
1.468423199999999984e-01
1.468000299999999980e-01
1.467584100000000058e-01
1.467174900000000060e-01
1.466773199999999999e-01
1.466378999999999877e-01
1.465992899999999932e-01
1.465615000000000112e-01
1.465245900000000101e-01
1.464885800000000071e-01
1.464535299999999984e-01
1.464194799999999907e-01
1.463865000000000027e-01
1.463546300000000133e-01
1.463239500000000082e-01
1.462945200000000112e-01
1.462664300000000028e-01
1.462397699999999912e-01
1.462146599999999963e-01
1.461911899999999986e-01
1.461695299999999920e-01
1.461497999999999964e-01
1.461321999999999899e-01
1.461169599999999902e-01
1.461042899999999978e-01
1.460945200000000055e-01
1.460879999999999956e-01
1.460851999999999984e-01
1.460866799999999965e-01
1.460931299999999877e-01
1.461055099999999940e-01
1.461251100000000025e-01
1.461536700000000133e-01
1.461938000000000126e-01
1.462495000000000045e-01
1.463274099999999911e-01
1.464396299999999873e-01
1.466110200000000086e-01
1.469013999999999875e-01
1.474878000000000022e-01
1.490054299999999943e-01
