9.810000000000000000e+02
0.000000000000000000e+00
1.960000000000000142e+01
1.477959600000000040e-01
1.533950099999999983e-01
1.673252899999999876e-01
1.913803799999999888e-01
2.208213099999999929e-01
2.504335899999999837e-01
2.776253200000000088e-01
3.014484000000000052e-01
3.216621599999999748e-01
3.383660600000000240e-01
3.518580199999999936e-01
3.625492499999999896e-01
3.708953899999999915e-01
3.773422799999999744e-01
3.822902100000000192e-01
3.860765999999999920e-01
3.889726700000000204e-01
3.911888000000000032e-01
3.928840200000000005e-01
3.941766600000000120e-01
3.951536700000000124e-01
3.958777499999999727e-01
3.963895700000000244e-01
3.967111099999999779e-01
3.968728799999999834e-01
3.969159099999999829e-01
3.968686799999999737e-01
3.967461600000000144e-01
3.965514900000000065e-01
3.962740000000000151e-01
3.958898499999999876e-01
3.953697999999999935e-01
3.946912599999999882e-01
3.938469900000000079e-01
3.928455399999999931e-01
3.917060800000000120e-01
3.904520300000000055e-01
3.891063900000000242e-01
3.876895300000000044e-01
3.862184300000000015e-01
3.847068499999999891e-01
3.831658099999999956e-01
3.816039900000000040e-01
3.800283400000000200e-01
3.784444299999999983e-01
3.768567099999999837e-01
3.752688200000000029e-01
3.736836299999999889e-01
3.721035699999999946e-01
3.705306400000000222e-01
3.689664300000000119e-01
3.674123300000000092e-01
3.658694599999999797e-01
3.643387599999999837e-01
3.628210099999999994e-01
3.613168900000000017e-01
3.598269199999999945e-01
3.583515299999999737e-01
3.568911000000000167e-01
3.554459200000000263e-01
3.540161800000000136e-01
3.526021200000000189e-01
3.512038000000000104e-01
3.498213299999999859e-01
3.484547700000000248e-01
3.471041000000000265e-01
3.457693199999999911e-01
3.444503500000000162e-01
3.431471899999999908e-01
3.418596999999999886e-01
3.405877600000000172e-01
3.393313299999999866e-01
3.380902100000000021e-01
3.368642600000000265e-01
3.356533300000000275e-01
3.344572800000000234e-01
3.332758800000000243e-01
3.321090300000000273e-01
3.309564899999999921e-01
3.298180700000000187e-01
3.286935999999999747e-01
3.275828700000000260e-01
3.264856899999999951e-01
3.254018699999999820e-01
3.243311899999999914e-01
3.232734500000000177e-01
3.222284899999999785e-01
3.211960500000000107e-01
3.201759499999999870e-01
3.191680000000000073e-01
3.181720399999999893e-01
3.171878200000000092e-01
3.162151300000000109e-01
3.152538500000000021e-01
3.143037300000000034e-01
3.133646199999999826e-01
3.124363099999999949e-01
3.115186400000000133e-01
3.106114300000000217e-01
3.097145000000000037e-01
3.088276400000000144e-01
3.079507100000000164e-01
3.070835499999999829e-01
3.062259900000000035e-01
3.053778400000000115e-01
3.045389700000000199e-01
3.037092100000000072e-01
3.028884199999999915e-01
3.020764300000000069e-01
3.012731100000000106e-01
3.004782799999999865e-01
2.996918299999999924e-01
2.989136299999999857e-01
2.981435100000000005e-01
2.973813100000000098e-01
2.966269899999999793e-01
2.958803199999999745e-01
2.951412500000000216e-01
2.944095999999999935e-01
2.936852600000000035e-01
2.929681499999999827e-01
2.922580799999999757e-01
2.915550199999999981e-01
2.908588100000000232e-01
2.901693000000000189e-01
2.894864699999999957e-01
2.888101299999999982e-01
2.881402399999999919e-01
2.874766599999999950e-01
2.868193099999999940e-01
2.861680699999999966e-01
2.855228799999999789e-01
2.848835900000000199e-01
2.842501700000000242e-01
2.836224700000000154e-01
2.830004400000000198e-01
2.823839799999999789e-01
2.817729999999999957e-01
2.811674499999999854e-01
2.805672000000000166e-01
2.799722000000000044e-01
2.793823500000000015e-01
2.787975999999999788e-01
2.782178200000000046e-01
2.776430200000000181e-01
2.770730599999999821e-01
2.765078799999999837e-01
2.759474199999999988e-01
2.753916399999999931e-01
2.748404099999999795e-01
2.742936899999999789e-01
2.737514400000000125e-01
2.732135700000000167e-01
2.726800400000000124e-01
2.721507499999999968e-01
2.716256699999999857e-01
2.711047200000000212e-01
2.705878600000000134e-01
2.700750199999999990e-01
2.695661799999999886e-01
2.690612399999999793e-01
2.685601400000000027e-01
2.680628600000000139e-01
2.675693599999999783e-01
2.670795300000000094e-01
2.665933999999999804e-01
2.661108400000000151e-01
2.656318200000000185e-01
2.651563599999999798e-01
2.646843199999999729e-01
2.642157399999999767e-01
2.637504900000000041e-01
2.632885899999999890e-01
2.628299599999999736e-01
2.623745800000000239e-01
2.619223900000000049e-01
2.614733599999999880e-01
2.610274599999999889e-01
2.605846199999999890e-01
2.601448299999999936e-01
2.597080500000000236e-01
2.592741800000000207e-01
2.588432999999999984e-01
2.584152499999999852e-01
2.579900900000000052e-01
2.575677299999999947e-01
2.571481500000000198e-01
2.567313299999999798e-01
2.563172000000000228e-01
2.559057800000000271e-01
2.554969799999999847e-01
2.550908000000000064e-01
2.546871900000000077e-01
2.542861699999999781e-01
2.538876500000000203e-01
2.534916099999999783e-01
2.530980400000000241e-01
2.527069200000000015e-01
2.523181700000000083e-01
2.519318199999999730e-01
2.515478099999999828e-01
2.511661399999999822e-01
2.507867500000000027e-01
2.504096299999999942e-01
2.500347499999999723e-01
2.496620700000000137e-01
2.492916000000000021e-01
2.489232899999999915e-01
2.485571199999999925e-01
2.481930599999999931e-01
2.478311099999999934e-01
2.474712099999999970e-01
2.471133799999999936e-01
2.467575499999999922e-01
2.464037400000000100e-01
2.460519100000000126e-01
2.457020299999999879e-01
2.453540899999999969e-01
2.450080699999999945e-01
2.446639399999999964e-01
2.443216900000000080e-01
2.439812899999999896e-01
2.436427200000000071e-01
2.433059700000000103e-01
2.429710200000000098e-01
2.426378399999999935e-01
2.423064299999999893e-01
2.419767499999999905e-01
2.416487900000000022e-01
2.413225499999999968e-01
2.409979899999999953e-01
2.406750900000000082e-01
2.403538500000000078e-01
2.400342400000000098e-01
2.397162499999999918e-01
2.393998699999999868e-01
2.390850599999999881e-01
2.387718299999999905e-01
2.384601500000000096e-01
2.381500199999999901e-01
2.378414000000000084e-01
2.375342799999999865e-01
2.372286799999999973e-01
2.369245399999999890e-01
2.366218700000000119e-01
2.363206399999999985e-01
2.360208599999999990e-01
2.357225000000000015e-01
2.354255299999999940e-01
2.351299699999999937e-01
2.348357899999999887e-01
2.345429800000000120e-01
2.342515099999999961e-01
2.339614000000000138e-01
2.336726000000000081e-01
2.333851299999999962e-01
2.330989699999999887e-01
2.328140999999999960e-01
2.325305000000000011e-01
2.322481700000000038e-01
2.319671100000000041e-01
2.316872799999999955e-01
2.314086999999999950e-01
2.311313299999999959e-01
2.308551699999999984e-01
2.305802100000000077e-01
2.303064499999999959e-01
2.300338600000000067e-01
2.297624500000000070e-01
2.294921900000000126e-01
2.292230700000000010e-01
2.289550900000000000e-01
2.286882399999999871e-01
2.284225099999999953e-01
2.281578900000000021e-01
2.278943700000000128e-01
2.276319300000000101e-01
2.273705799999999888e-01
2.271102799999999977e-01
2.268510499999999985e-01
2.265928799999999965e-01
2.263357500000000022e-01
2.260796399999999984e-01
2.258245600000000075e-01
2.255705100000000018e-01
2.253174599999999972e-01
2.250654099999999935e-01
2.248143400000000014e-01
2.245642700000000103e-01
2.243151499999999909e-01
2.240670200000000056e-01
2.238198399999999921e-01
2.235736100000000059e-01
2.233283199999999968e-01
2.230839699999999926e-01
2.228405499999999984e-01
2.225980499999999918e-01
2.223564500000000110e-01
2.221157699999999902e-01
2.218759800000000004e-01
2.216370900000000088e-01
2.213990700000000034e-01
2.211619300000000066e-01
2.209256599999999959e-01
2.206902500000000045e-01
2.204557099999999992e-01
2.202220099999999958e-01
2.199891499999999944e-01
2.197571399999999897e-01
2.195259499999999975e-01
2.192955799999999900e-01
2.190660399999999897e-01
2.188372899999999899e-01
2.186093600000000026e-01
2.183822199999999880e-01
2.181558899999999912e-01
2.179303300000000054e-01
2.177055599999999924e-01
2.174815700000000129e-01
2.172583299999999995e-01
2.170358699999999919e-01
2.168141600000000058e-01
2.165932100000000082e-01
2.163730000000000098e-01
2.161535300000000104e-01
2.159348000000000101e-01
2.157167899999999916e-01
2.154995200000000000e-01
2.152829599999999954e-01
2.150671299999999952e-01
2.148519899999999927e-01
2.146375600000000050e-01
2.144238499999999992e-01
2.142108100000000015e-01
2.139984699999999962e-01
2.137868099999999938e-01
2.135758399999999890e-01
2.133655399999999924e-01
2.131559100000000040e-01
2.129469400000000012e-01
2.127386300000000119e-01
2.125309999999999977e-01
2.123239899999999902e-01
2.121176600000000134e-01
2.119119499999999878e-01
2.117068900000000087e-01
2.115024600000000032e-01
2.112986599999999993e-01
2.110954999999999915e-01
2.108929499999999957e-01
2.106910200000000066e-01
2.104897099999999965e-01
2.102889900000000090e-01
2.100888900000000004e-01
2.098894000000000037e-01
2.096905000000000019e-01
2.094921899999999948e-01
2.092944700000000102e-01
2.090973399999999927e-01
2.089007900000000029e-01
2.087048300000000078e-01
2.085094299999999956e-01
2.083146100000000112e-01
2.081203600000000042e-01
2.079266600000000131e-01
2.077335399999999943e-01
2.075409599999999966e-01
2.073489400000000094e-01
2.071574800000000049e-01
2.069665499999999991e-01
2.067761700000000091e-01
2.065863500000000019e-01
2.063970400000000038e-01
2.062082699999999991e-01
2.060200299999999929e-01
2.058323200000000130e-01
2.056451300000000093e-01
2.054584799999999989e-01
2.052723200000000081e-01
2.050866899999999882e-01
2.049015600000000104e-01
2.047169500000000086e-01
2.045328499999999883e-01
2.043492299999999928e-01
2.041661300000000012e-01
2.039835200000000015e-01
2.038013899999999989e-01
2.036197800000000002e-01
2.034386199999999867e-01
2.032579800000000048e-01
2.030778099999999975e-01
2.028981099999999926e-01
2.027189000000000074e-01
2.025401599999999969e-01
2.023618799999999940e-01
2.021840799999999883e-01
2.020067399999999902e-01
2.018298799999999893e-01
2.016534700000000013e-01
2.014775099999999985e-01
2.013020100000000034e-01
2.011269599999999935e-01
2.009523699999999913e-01
2.007782300000000020e-01
2.006045300000000031e-01
2.004312699999999947e-01
2.002584500000000045e-01
2.000860700000000048e-01
1.999141399999999902e-01
1.997426300000000043e-01
1.995715499999999865e-01
1.994008999999999920e-01
1.992306899999999881e-01
1.990609000000000128e-01
1.988915199999999883e-01
1.987225699999999873e-01
1.985540399999999872e-01
1.983859199999999934e-01
1.982182100000000058e-01
1.980509299999999862e-01
1.978840400000000110e-01
1.977175599999999867e-01
1.975514999999999910e-01
1.973858300000000121e-01
1.972205599999999892e-01
1.970557000000000003e-01
1.968912300000000004e-01
1.967271600000000120e-01
1.965634800000000126e-01
1.964001999999999970e-01
1.962373000000000034e-01
1.960747800000000041e-01
1.959126599999999885e-01
1.957509100000000002e-01
1.955895400000000062e-01
1.954285699999999959e-01
1.952679599999999904e-01
1.951077400000000017e-01
1.949478799999999901e-01
1.947884099999999952e-01
1.946293000000000051e-01
1.944705700000000093e-01
1.943121899999999957e-01
1.941541900000000043e-01
1.939965499999999898e-01
1.938392700000000080e-01
1.936823400000000084e-01
1.935257900000000031e-01
1.933695800000000131e-01
1.932137499999999897e-01
1.930582499999999868e-01
1.929030999999999940e-01
1.927483200000000008e-01
1.925938700000000003e-01
1.924397899999999995e-01
1.922860399999999914e-01
1.921326399999999934e-01
1.919795900000000055e-01
1.918268700000000104e-01
1.916744900000000029e-01
1.915224500000000107e-01
1.913707600000000009e-01
1.912193899999999891e-01
1.910683499999999979e-01
1.909176599999999890e-01
1.907672900000000060e-01
1.906172499999999881e-01
1.904675399999999907e-01
1.903181700000000087e-01
1.901691100000000023e-01
1.900203699999999940e-01
1.898719700000000010e-01
1.897238800000000114e-01
1.895760999999999974e-01
1.894286599999999987e-01
1.892815200000000087e-01
1.891347200000000062e-01
1.889882099999999898e-01
1.888420299999999941e-01
1.886961600000000017e-01
1.885505899999999901e-01
1.884053300000000097e-01
1.882603899999999997e-01
1.881157599999999930e-01
1.879714299999999949e-01
1.878274100000000002e-01
1.876836899999999864e-01
1.875402599999999864e-01
1.873971500000000123e-01
1.872543200000000019e-01
1.871118099999999895e-01
1.869695899999999911e-01
1.868276700000000012e-01
1.866860399999999975e-01
1.865447000000000077e-01
1.864036599999999988e-01
1.862629199999999985e-01
1.861224599999999896e-01
1.859822899999999946e-01
1.858424100000000134e-01
1.857028300000000132e-01
1.855635200000000096e-01
1.854245099999999868e-01
1.852857599999999938e-01
1.851473200000000041e-01
1.850091500000000111e-01
1.848712700000000042e-01
1.847336599999999940e-01
1.845963300000000029e-01
1.844592800000000032e-01
1.843225199999999897e-01
1.841860300000000006e-01
1.840498000000000134e-01
1.839138600000000123e-01
1.837782000000000027e-01
1.836427900000000002e-01
1.835076700000000116e-01
1.833728099999999972e-01
1.832382200000000072e-01
1.831039200000000033e-01
1.829698700000000067e-01
1.828360900000000067e-01
1.827025700000000086e-01
1.825693200000000072e-01
1.824363300000000077e-01
1.823036100000000048e-01
1.821711500000000039e-01
1.820389500000000049e-01
1.819070100000000079e-01
1.817753300000000127e-01
1.816439199999999865e-01
1.815127599999999952e-01
1.813818500000000111e-01
1.812512099999999959e-01
1.811208099999999932e-01
1.809906799999999871e-01
1.808607999999999882e-01
1.807311600000000018e-01
1.806017900000000120e-01
1.804726700000000017e-01
1.803437900000000038e-01
1.802151700000000079e-01
1.800867899999999966e-01
1.799586699999999873e-01
1.798307899999999904e-01
1.797031600000000007e-01
1.795757699999999957e-01
1.794486299999999979e-01
1.793217400000000072e-01
1.791950900000000013e-01
1.790686700000000131e-01
1.789425199999999938e-01
1.788165899999999975e-01
1.786909100000000084e-01
1.785654600000000092e-01
1.784402599999999894e-01
1.783153000000000099e-01
1.781905699999999926e-01
1.780660699999999930e-01
1.779418299999999953e-01
1.778178099999999928e-01
1.776940200000000081e-01
1.775704800000000028e-01
1.774471699999999874e-01
1.773241000000000123e-01
1.772012400000000099e-01
1.770786299999999869e-01
1.769562500000000094e-01
1.768341099999999888e-01
1.767121899999999912e-01
1.765904899999999889e-01
1.764690299999999989e-01
1.763477900000000043e-01
1.762267799999999995e-01
1.761060100000000073e-01
1.759854600000000102e-01
1.758651300000000084e-01
1.757450299999999965e-01
1.756251500000000076e-01
1.755054899999999862e-01
1.753860600000000103e-01
1.752668599999999965e-01
1.751478800000000058e-01
1.750291099999999878e-01
1.749105599999999927e-01
1.747922500000000101e-01
1.746741400000000055e-01
1.745562599999999909e-01
1.744385999999999992e-01
1.743211400000000133e-01
1.742039200000000121e-01
1.740869100000000114e-01
1.739701200000000059e-01
1.738535499999999956e-01
1.737371799999999911e-01
1.736210300000000095e-01
1.735050999999999954e-01
1.733893900000000043e-01
1.732738799999999912e-01
1.731585900000000011e-01
1.730434999999999890e-01
1.729286499999999893e-01
1.728139800000000059e-01
1.726995400000000125e-01
1.725853099999999918e-01
1.724712800000000046e-01
1.723574700000000126e-01
1.722438599999999986e-01
1.721304700000000076e-01
1.720172799999999946e-01
1.719043000000000099e-01
1.717915200000000031e-01
1.716789499999999968e-01
1.715665899999999910e-01
1.714544299999999910e-01
1.713424799999999915e-01
1.712307299999999977e-01
1.711191999999999991e-01
1.710078600000000115e-01
1.708967200000000020e-01
1.707857799999999981e-01
1.706750499999999948e-01
1.705645299999999920e-01
1.704542000000000002e-01
1.703440800000000088e-01
1.702341599999999955e-01
1.701244399999999879e-01
1.700149200000000138e-01
1.699055999999999900e-01
1.697964799999999996e-01
1.696875499999999926e-01
1.695788400000000085e-01
1.694702999999999904e-01
1.693619799999999953e-01
1.692538399999999887e-01
1.691458999999999879e-01
1.690381599999999929e-01
1.689306200000000036e-01
1.688232699999999975e-01
1.687161199999999972e-01
1.686091700000000027e-01
1.685024099999999914e-01
1.683958299999999964e-01
1.682894699999999966e-01
1.681832799999999906e-01
1.680772899999999903e-01
1.679715099999999905e-01
1.678659000000000123e-01
1.677604900000000121e-01
1.676552699999999951e-01
1.675502399999999892e-01
1.674454099999999890e-01
1.673407600000000051e-01
1.672363099999999991e-01
1.671320500000000042e-01
1.670279699999999978e-01
1.669240899999999972e-01
1.668203900000000128e-01
1.667168699999999892e-01
1.666135599999999939e-01
1.665104299999999871e-01
1.664074799999999965e-01
1.663047400000000065e-01
1.662021599999999877e-01
1.660997899999999972e-01
1.659975900000000004e-01
1.658955799999999869e-01
1.657937600000000122e-01
1.656921199999999983e-01
1.655906699999999954e-01
1.654894100000000035e-01
1.653883300000000001e-01
1.652874199999999905e-01
1.651867200000000091e-01
1.650861799999999990e-01
1.649858499999999895e-01
1.648856800000000067e-01
1.647857000000000072e-01
1.646858999999999962e-01
1.645863100000000134e-01
1.644868700000000072e-01
1.643876300000000068e-01
1.642885500000000054e-01
1.641896800000000045e-01
1.640909799999999974e-01
1.639924500000000118e-01
1.638941200000000042e-01
1.637959499999999957e-01
1.636979699999999982e-01
1.636001800000000117e-01
1.635025599999999912e-01
1.634051199999999870e-01
1.633078599999999991e-01
1.632107799999999997e-01
1.631138799999999889e-01
1.630171699999999890e-01
1.629206199999999882e-01
1.628242599999999984e-01
1.627280700000000024e-01
1.626320599999999950e-01
1.625362300000000038e-01
1.624405800000000011e-01
1.623451099999999869e-01
1.622498199999999891e-01
1.621546899999999902e-01
1.620597500000000024e-01
1.619649800000000084e-01
1.618703900000000029e-01
1.617759800000000137e-01
1.616817399999999905e-01
1.615876900000000060e-01
1.614937899999999982e-01
1.614000899999999961e-01
1.613065599999999877e-01
1.612131900000000062e-01
1.611200100000000079e-01
1.610270000000000035e-01
1.609341699999999875e-01
1.608415099999999931e-01
1.607490299999999872e-01
1.606567200000000029e-01
1.605645900000000070e-01
1.604726300000000050e-01
1.603808399999999967e-01
1.602892300000000048e-01
1.601977900000000066e-01
1.601065200000000022e-01
1.600154299999999863e-01
1.599245099999999919e-01
1.598337699999999861e-01
1.597431900000000071e-01
1.596528000000000114e-01
1.595625699999999869e-01
1.594725300000000012e-01
1.593826399999999921e-01
1.592929399999999940e-01
1.592033999999999949e-01
1.591140299999999896e-01
1.590248499999999954e-01
1.589358300000000002e-01
1.588469899999999935e-01
1.587583100000000136e-01
1.586698099999999945e-01
1.585814799999999969e-01
1.584933299999999878e-01
1.584053500000000003e-01
1.583175400000000066e-01
1.582298900000000119e-01
1.581424200000000058e-01
1.580551299999999881e-01
1.579679999999999973e-01
1.578810400000000003e-01
1.577942499999999970e-01
1.577076500000000048e-01
1.576211999999999891e-01
1.575349400000000122e-01
1.574488400000000066e-01
1.573629199999999895e-01
1.572771699999999939e-01
1.571915700000000027e-01
1.571061800000000119e-01
1.570209300000000030e-01
1.569358600000000104e-01
1.568509600000000115e-01
1.567662400000000011e-01
1.566816900000000123e-01
1.565972999999999948e-01
1.565130899999999936e-01
1.564290499999999862e-01
1.563451899999999950e-01
1.562614900000000029e-01
1.561779500000000098e-01
1.560946099999999948e-01
1.560114200000000118e-01
1.559284200000000120e-01
1.558455800000000113e-01
1.557629100000000044e-01
1.556804200000000138e-01
1.555980899999999945e-01
1.555159399999999914e-01
1.554339700000000046e-01
1.553521599999999891e-01
1.552705199999999952e-01
1.551890499999999951e-01
1.551077700000000059e-01
1.550266600000000106e-01
1.549457200000000090e-01
1.548649400000000065e-01
1.547843399999999925e-01
1.547039199999999948e-01
1.546236599999999961e-01
1.545435900000000085e-01
1.544636799999999921e-01
1.543839599999999868e-01
1.543044000000000082e-01
1.542250099999999957e-01
1.541458099999999942e-01
1.540667699999999918e-01
1.539879000000000109e-01
1.539092200000000132e-01
1.538307100000000094e-01
1.537523699999999993e-01
1.536742200000000003e-01
1.535962399999999950e-01
1.535184199999999888e-01
1.534407899999999936e-01
1.533633299999999922e-01
1.532860500000000070e-01
1.532089600000000051e-01
1.531320200000000076e-01
1.530552799999999880e-01
1.529786999999999952e-01
1.529023100000000135e-01
1.528260999999999925e-01
1.527500599999999931e-01
1.526742000000000099e-01
1.525985199999999875e-01
1.525230300000000039e-01
1.524476999999999915e-01
1.523725700000000127e-01
1.522976000000000052e-01
1.522228300000000034e-01
1.521482299999999954e-01
1.520738199999999984e-01
1.519995799999999953e-01
1.519255300000000031e-01
1.518516699999999942e-01
1.517779800000000068e-01
1.517044800000000027e-01
1.516311599999999871e-01
1.515580300000000102e-01
1.514850899999999889e-01
1.514123199999999891e-01
1.513397400000000004e-01
1.512673599999999896e-01
1.511951500000000004e-01
1.511231500000000116e-01
1.510513099999999942e-01
1.509796800000000050e-01
1.509082300000000043e-01
1.508369699999999869e-01
1.507659100000000030e-01
1.506950400000000023e-01
1.506243600000000127e-01
1.505538700000000063e-01
1.504835800000000057e-01
1.504134699999999936e-01
1.503435700000000097e-01
1.502738399999999919e-01
1.502043299999999970e-01
1.501350100000000132e-01
1.500659000000000021e-01
1.499969700000000072e-01
1.499282399999999904e-01
1.498597299999999966e-01
1.497913999999999912e-01
1.497232900000000089e-01
1.496553700000000098e-01
1.495876600000000112e-01
1.495201600000000131e-01
1.494528499999999982e-01
1.493857700000000011e-01
1.493188699999999924e-01
1.492521900000000068e-01
1.491857299999999886e-01
1.491194799999999987e-01
1.490534400000000093e-01
1.489876099999999925e-01
1.489219999999999988e-01
1.488566000000000056e-01
1.487914200000000076e-01
1.487264500000000100e-01
1.486617199999999972e-01
1.485972000000000126e-01
1.485328999999999955e-01
1.484688200000000013e-01
1.484049899999999866e-01
1.483413700000000002e-01
1.482779800000000037e-01
1.482148299999999919e-01
1.481519000000000030e-01
1.480892199999999936e-01
1.480267600000000072e-01
1.479645500000000002e-01
1.479025800000000057e-01
1.478408400000000011e-01
1.477793500000000038e-01
1.477181200000000083e-01
1.476571100000000081e-01
1.475963700000000045e-01
1.475358900000000029e-01
1.474756600000000084e-01
1.474156799999999934e-01
1.473559600000000080e-01
1.472964999999999969e-01
1.472373200000000049e-01
1.471783999999999870e-01
1.471197599999999883e-01
1.470613799999999916e-01
1.470032900000000087e-01
1.469454799999999894e-01
1.468879399999999946e-01
1.468306900000000137e-01
1.467737400000000136e-01
1.467170899999999945e-01
1.466607199999999944e-01
1.466046599999999978e-01
1.465489100000000044e-01
1.464934599999999920e-01
1.464383499999999949e-01
1.463835400000000064e-01
1.463290499999999883e-01
1.462748899999999908e-01
1.462210700000000085e-01
1.461675899999999861e-01
1.461144500000000068e-01
1.460616700000000046e-01
1.460092500000000071e-01
1.459571899999999867e-01
1.459054800000000041e-01
1.458541600000000105e-01
1.458032300000000059e-01
1.457526799999999956e-01
1.457025399999999915e-01
1.456527999999999989e-01
1.456034800000000073e-01
1.455545900000000115e-01
1.455061300000000113e-01
1.454581000000000068e-01
1.454105400000000048e-01
1.453634500000000052e-01
1.453168200000000132e-01
1.452707099999999973e-01
1.452250800000000064e-01
1.451799699999999915e-01
1.451353999999999977e-01
1.450913699999999973e-01
1.450479000000000074e-01
1.450050200000000122e-01
1.449627400000000066e-01
1.449210800000000077e-01
1.448800600000000049e-01
1.448396999999999879e-01
1.448000399999999910e-01
1.447610900000000089e-01
1.447228799999999982e-01
1.446854499999999932e-01
1.446488200000000113e-01
1.446130399999999983e-01
1.445781399999999939e-01
1.445441699999999996e-01
1.445111599999999996e-01
1.444792000000000021e-01
1.444483000000000017e-01
1.444185500000000066e-01
1.443900200000000078e-01
1.443627600000000066e-01
1.443368899999999955e-01
1.443125000000000102e-01
1.442896999999999930e-01
1.442685999999999968e-01
1.442493599999999931e-01
1.442321500000000034e-01
1.442171499999999884e-01
1.442046200000000056e-01
1.441947799999999946e-01
1.441880200000000001e-01
1.441847099999999937e-01
1.441853499999999899e-01
1.441905800000000126e-01
1.442012199999999911e-01
1.442183400000000004e-01
1.442434499999999953e-01
1.442786600000000030e-01
1.443271600000000099e-01
1.443940300000000065e-01
1.444880400000000120e-01
1.446261600000000036e-01
1.448458300000000087e-01
1.452454199999999862e-01
1.461588600000000016e-01
