1.060000000000000000e+03
0.000000000000000000e+00
2.117999999999999972e+01
1.384779800000000005e-01
1.441393300000000099e-01
1.582247900000000040e-01
1.825497700000000001e-01
2.123208299999999882e-01
2.422625399999999984e-01
2.697531899999999760e-01
2.938344800000000090e-01
3.142641199999999801e-01
3.311438899999999963e-01
3.447759699999999872e-01
3.555769300000000133e-01
3.640079800000000088e-01
3.705200300000000002e-01
3.755179000000000156e-01
3.793426500000000035e-01
3.822683399999999843e-01
3.845075099999999968e-01
3.862209300000000178e-01
3.875280899999999917e-01
3.885168700000000142e-01
3.892506399999999811e-01
3.897703900000000221e-01
3.900983599999999774e-01
3.902656099999999850e-01
3.903135400000000144e-01
3.902708300000000130e-01
3.901527200000000084e-01
3.899626400000000270e-01
3.896903700000000081e-01
3.893126199999999981e-01
3.888007099999999938e-01
3.881325700000000101e-01
3.873012100000000069e-01
3.863150799999999774e-01
3.851931399999999894e-01
3.839583400000000091e-01
3.826333900000000177e-01
3.812382799999999849e-01
3.797897100000000026e-01
3.783011700000000199e-01
3.767834600000000145e-01
3.752451500000000273e-01
3.736931099999999950e-01
3.721327199999999724e-01
3.705684200000000095e-01
3.690037099999999848e-01
3.674414799999999870e-01
3.658840999999999899e-01
3.643335100000000271e-01
3.627912999999999832e-01
3.612587999999999910e-01
3.597371600000000003e-01
3.582272799999999813e-01
3.567299199999999781e-01
3.552457700000000163e-01
3.537753200000000042e-01
3.523189999999999933e-01
3.508772000000000002e-01
3.494501999999999886e-01
3.480382300000000040e-01
3.466414199999999779e-01
3.452599599999999769e-01
3.438939200000000196e-01
3.425432999999999950e-01
3.412081599999999826e-01
3.398884500000000086e-01
3.385841800000000124e-01
3.372952599999999856e-01
3.360215999999999759e-01
3.347631400000000146e-01
3.335197300000000142e-01
3.322912800000000222e-01
3.310776100000000222e-01
3.298786000000000218e-01
3.286940799999999996e-01
3.275238899999999842e-01
3.263678300000000254e-01
3.252258000000000093e-01
3.240975400000000173e-01
3.229829100000000119e-01
3.218817099999999876e-01
3.207937499999999886e-01
3.197188400000000041e-01
3.186567699999999781e-01
3.176073700000000000e-01
3.165704599999999980e-01
3.155458300000000271e-01
3.145332599999999812e-01
3.135326199999999841e-01
3.125436600000000009e-01
3.115662299999999996e-01
3.106001299999999743e-01
3.096451800000000198e-01
3.087011900000000142e-01
3.077679899999999913e-01
3.068453999999999904e-01
3.059332100000000110e-01
3.050313000000000052e-01
3.041394900000000123e-01
3.032575499999999868e-01
3.023854200000000159e-01
3.015228500000000089e-01
3.006696999999999842e-01
2.998258200000000206e-01
2.989910499999999804e-01
2.981652599999999875e-01
2.973482900000000151e-01
2.965399599999999913e-01
2.957401599999999742e-01
2.949487599999999765e-01
2.941655799999999821e-01
2.933905099999999933e-01
2.926234300000000177e-01
2.918641599999999836e-01
2.911125999999999991e-01
2.903686500000000059e-01
2.896321700000000221e-01
2.889030000000000209e-01
2.881810699999999836e-01
2.874662299999999893e-01
2.867583899999999741e-01
2.860574100000000120e-01
2.853631999999999835e-01
2.846756599999999970e-01
2.839946700000000046e-01
2.833201300000000034e-01
2.826519599999999799e-01
2.819900200000000079e-01
2.813342200000000237e-01
2.806844700000000192e-01
2.800407100000000260e-01
2.794027900000000120e-01
2.787706600000000035e-01
2.781442399999999870e-01
2.775233999999999757e-01
2.769080700000000062e-01
2.762981999999999938e-01
2.756936600000000070e-01
2.750943900000000220e-01
2.745003100000000251e-01
2.739113599999999926e-01
2.733274399999999771e-01
2.727485000000000048e-01
2.721744500000000122e-01
2.716052199999999806e-01
2.710407400000000022e-01
2.704809300000000083e-01
2.699257400000000251e-01
2.693751200000000234e-01
2.688289600000000057e-01
2.682872099999999982e-01
2.677498200000000272e-01
2.672167400000000081e-01
2.666878999999999778e-01
2.661631999999999887e-01
2.656426399999999854e-01
2.651261400000000101e-01
2.646136599999999728e-01
2.641051099999999763e-01
2.636004399999999914e-01
2.630996400000000235e-01
2.626026000000000193e-01
2.621093099999999843e-01
2.616197200000000000e-01
2.611337599999999926e-01
2.606513799999999881e-01
2.601725500000000024e-01
2.596972000000000169e-01
2.592253400000000263e-01
2.587568499999999827e-01
2.582917200000000024e-01
2.578299000000000007e-01
2.573713699999999882e-01
2.569160500000000069e-01
2.564639400000000014e-01
2.560149700000000084e-01
2.555690999999999935e-01
2.551262999999999725e-01
2.546865300000000221e-01
2.542497799999999808e-01
2.538159500000000124e-01
2.533850400000000058e-01
2.529570199999999769e-01
2.525318599999999969e-01
2.521094999999999864e-01
2.516899100000000167e-01
2.512730699999999873e-01
2.508588999999999958e-01
2.504474500000000159e-01
2.500386199999999892e-01
2.496324299999999885e-01
2.492288099999999951e-01
2.488277299999999970e-01
2.484291799999999995e-01
2.480331100000000011e-01
2.476395100000000071e-01
2.472483400000000109e-01
2.468595700000000004e-01
2.464731799999999862e-01
2.460891299999999893e-01
2.457074099999999872e-01
2.453279800000000010e-01
2.449508200000000135e-01
2.445759000000000127e-01
2.442032100000000039e-01
2.438326899999999908e-01
2.434643700000000133e-01
2.430981500000000128e-01
2.427340900000000135e-01
2.423721100000000017e-01
2.420121899999999882e-01
2.416543399999999953e-01
2.412985099999999938e-01
2.409446799999999944e-01
2.405928400000000023e-01
2.402429600000000054e-01
2.398950199999999866e-01
2.395490000000000119e-01
2.392048700000000139e-01
2.388626299999999925e-01
2.385222499999999912e-01
2.381837099999999929e-01
2.378469900000000081e-01
2.375120500000000023e-01
2.371789199999999875e-01
2.368475300000000006e-01
2.365179099999999979e-01
2.361900100000000058e-01
2.358638000000000123e-01
2.355393000000000070e-01
2.352164700000000108e-01
2.348953000000000013e-01
2.345757599999999943e-01
2.342578600000000122e-01
2.339415599999999928e-01
2.336268400000000023e-01
2.333137100000000075e-01
2.330021399999999965e-01
2.326921100000000076e-01
2.323836099999999905e-01
2.320766200000000112e-01
2.317711299999999919e-01
2.314671299999999932e-01
2.311645999999999979e-01
2.308635300000000112e-01
2.305638899999999936e-01
2.302656800000000004e-01
2.299688900000000091e-01
2.296734900000000079e-01
2.293794899999999914e-01
2.290868600000000033e-01
2.287955899999999931e-01
2.285056699999999941e-01
2.282171000000000061e-01
2.279298299999999999e-01
2.276438799999999929e-01
2.273592399999999902e-01
2.270758700000000130e-01
2.267937800000000004e-01
2.265129499999999907e-01
2.262333800000000117e-01
2.259550499999999906e-01
2.256779499999999883e-01
2.254020599999999874e-01
2.251273799999999881e-01
2.248538999999999954e-01
2.245816099999999871e-01
2.243104900000000013e-01
2.240405400000000102e-01
2.237717399999999968e-01
2.235040799999999939e-01
2.232375600000000015e-01
2.229721500000000078e-01
2.227078700000000022e-01
2.224446999999999952e-01
2.221826000000000079e-01
2.219216099999999914e-01
2.216616899999999946e-01
2.214028399999999897e-01
2.211450299999999924e-01
2.208882899999999871e-01
2.206325799999999948e-01
2.203779100000000102e-01
2.201242599999999883e-01
2.198716300000000123e-01
2.196199899999999872e-01
2.193693499999999907e-01
2.191197099999999953e-01
2.188710399999999889e-01
2.186233599999999888e-01
2.183766400000000107e-01
2.181308600000000097e-01
2.178860499999999978e-01
2.176421600000000012e-01
2.173992200000000041e-01
2.171571999999999947e-01
2.169161099999999953e-01
2.166759199999999941e-01
2.164366400000000135e-01
2.161982500000000085e-01
2.159607600000000016e-01
2.157241599999999981e-01
2.154884200000000138e-01
2.152535499999999880e-01
2.150195500000000037e-01
2.147863999999999884e-01
2.145540999999999976e-01
2.143226599999999982e-01
2.140920299999999887e-01
2.138622400000000090e-01
2.136332800000000087e-01
2.134051299999999984e-01
2.131778000000000006e-01
2.129512600000000033e-01
2.127255399999999907e-01
2.125005899999999892e-01
2.122764299999999882e-01
2.120530599999999877e-01
2.118304699999999929e-01
2.116086299999999920e-01
2.113875699999999969e-01
2.111672800000000128e-01
2.109477200000000052e-01
2.107289099999999915e-01
2.105108499999999994e-01
2.102935200000000115e-01
2.100769299999999951e-01
2.098610599999999882e-01
2.096458999999999961e-01
2.094314700000000085e-01
2.092177400000000131e-01
2.090047200000000049e-01
2.087923999999999891e-01
2.085807799999999934e-01
2.083698499999999953e-01
2.081596000000000002e-01
2.079500300000000079e-01
2.077411399999999908e-01
2.075329300000000043e-01
2.073253700000000088e-01
2.071184799999999937e-01
2.069122499999999920e-01
2.067066599999999865e-01
2.065017399999999892e-01
2.062974399999999986e-01
2.060937999999999937e-01
2.058907899999999902e-01
2.056884200000000107e-01
2.054866599999999877e-01
2.052855299999999938e-01
2.050850200000000068e-01
2.048851299999999986e-01
2.046858400000000078e-01
2.044871600000000011e-01
2.042890800000000118e-01
2.040916100000000066e-01
2.038947200000000015e-01
2.036984300000000137e-01
2.035027299999999928e-01
2.033076000000000050e-01
2.031130600000000119e-01
2.029190999999999911e-01
2.027257100000000034e-01
2.025328899999999932e-01
2.023406199999999988e-01
2.021489300000000044e-01
2.019577899999999981e-01
2.017672100000000024e-01
2.015771700000000000e-01
2.013876699999999909e-01
2.011987399999999870e-01
2.010103299999999871e-01
2.008224700000000029e-01
2.006351399999999896e-01
2.004483300000000079e-01
2.002620699999999865e-01
2.000763299999999967e-01
1.998910899999999935e-01
1.997063900000000114e-01
1.995222000000000107e-01
1.993385099999999965e-01
1.991553500000000088e-01
1.989726699999999904e-01
1.987905199999999983e-01
1.986088500000000034e-01
1.984276899999999899e-01
1.982470199999999960e-01
1.980668299999999993e-01
1.978871399999999892e-01
1.977079399999999987e-01
1.975292100000000106e-01
1.973509599999999919e-01
1.971731899999999982e-01
1.969959099999999963e-01
1.968190800000000074e-01
1.966427400000000103e-01
1.964668499999999984e-01
1.962914299999999890e-01
1.961164599999999925e-01
1.959419699999999931e-01
1.957679200000000119e-01
1.955943300000000107e-01
1.954211899999999946e-01
1.952484999999999915e-01
1.950762600000000013e-01
1.949044500000000069e-01
1.947330800000000028e-01
1.945621700000000065e-01
1.943916800000000111e-01
1.942216300000000062e-01
1.940520099999999970e-01
1.938828200000000113e-01
1.937140499999999987e-01
1.935457100000000097e-01
1.933777899999999939e-01
1.932103000000000015e-01
1.930432199999999876e-01
1.928765600000000024e-01
1.927103099999999958e-01
1.925444799999999901e-01
1.923790599999999906e-01
1.922140300000000079e-01
1.920494100000000037e-01
1.918852000000000058e-01
1.917213899999999915e-01
1.915579900000000113e-01
1.913949799999999923e-01
1.912323499999999954e-01
1.910701399999999994e-01
1.909083000000000030e-01
1.907468599999999903e-01
1.905857900000000049e-01
1.904251299999999980e-01
1.902648399999999906e-01
1.901049300000000053e-01
1.899453999999999865e-01
1.897862600000000122e-01
1.896274799999999872e-01
1.894690800000000119e-01
1.893110600000000032e-01
1.891533999999999993e-01
1.889961099999999949e-01
1.888391799999999954e-01
1.886826299999999901e-01
1.885264399999999896e-01
1.883706199999999886e-01
1.882151400000000030e-01
1.880600299999999891e-01
1.879052700000000131e-01
1.877508800000000089e-01
1.875968299999999922e-01
1.874431199999999909e-01
1.872897900000000115e-01
1.871367800000000026e-01
1.869841399999999931e-01
1.868318300000000043e-01
1.866798699999999978e-01
1.865282500000000065e-01
1.863769700000000029e-01
1.862260400000000093e-01
1.860754300000000139e-01
1.859251700000000007e-01
1.857752400000000081e-01
1.856256400000000084e-01
1.854763799999999963e-01
1.853274400000000099e-01
1.851788299999999887e-01
1.850305499999999881e-01
1.848826000000000080e-01
1.847349699999999983e-01
1.845876700000000092e-01
1.844406899999999905e-01
1.842940200000000028e-01
1.841476700000000133e-01
1.840016399999999941e-01
1.838559399999999955e-01
1.837105300000000108e-01
1.835654499999999911e-01
1.834206899999999973e-01
1.832762199999999897e-01
1.831320700000000079e-01
1.829882300000000017e-01
1.828446999999999989e-01
1.827014700000000047e-01
1.825585399999999914e-01
1.824159200000000092e-01
1.822736100000000026e-01
1.821315900000000099e-01
1.819898600000000033e-01
1.818484499999999948e-01
1.817073200000000055e-01
1.815665099999999865e-01
1.814259699999999920e-01
1.812857200000000113e-01
1.811457900000000010e-01
1.810061299999999873e-01
1.808667599999999875e-01
1.807276899999999964e-01
1.805888999999999966e-01
1.804504100000000055e-01
1.803122000000000058e-01
1.801742600000000027e-01
1.800366200000000083e-01
1.798992600000000053e-01
1.797621699999999989e-01
1.796253800000000012e-01
1.794888500000000053e-01
1.793526099999999956e-01
1.792166400000000104e-01
1.790809499999999888e-01
1.789455399999999863e-01
1.788104000000000082e-01
1.786755299999999991e-01
1.785409299999999866e-01
1.784066099999999933e-01
1.782725599999999966e-01
1.781387799999999966e-01
1.780052599999999985e-01
1.778720000000000023e-01
1.777390199999999976e-01
1.776063099999999895e-01
1.774738600000000111e-01
1.773416700000000068e-01
1.772097300000000097e-01
1.770780700000000041e-01
1.769466700000000003e-01
1.768155200000000038e-01
1.766846300000000092e-01
1.765540100000000112e-01
1.764236399999999927e-01
1.762935200000000091e-01
1.761636599999999997e-01
1.760340499999999975e-01
1.759047099999999919e-01
1.757756000000000041e-01
1.756467499999999904e-01
1.755181600000000064e-01
1.753898100000000071e-01
1.752617200000000097e-01
1.751338699999999970e-01
1.750062699999999916e-01
1.748789099999999985e-01
1.747518000000000127e-01
1.746249300000000115e-01
1.744983200000000123e-01
1.743719400000000030e-01
1.742458199999999957e-01
1.741199300000000061e-01
1.739942700000000064e-01
1.738688599999999862e-01
1.737437099999999957e-01
1.736187800000000003e-01
1.734940899999999897e-01
1.733696299999999968e-01
1.732454200000000111e-01
1.731214399999999876e-01
1.729976799999999870e-01
1.728741799999999884e-01
1.727509100000000075e-01
1.726278499999999994e-01
1.725050399999999984e-01
1.723824599999999874e-01
1.722601199999999888e-01
1.721379899999999907e-01
1.720161000000000051e-01
1.718944500000000042e-01
1.717730199999999985e-01
1.716518099999999880e-01
1.715308299999999953e-01
1.714100799999999925e-01
1.712895500000000126e-01
1.711692499999999950e-01
1.710491799999999951e-01
1.709293100000000010e-01
1.708096899999999863e-01
1.706902799999999998e-01
1.705710900000000085e-01
1.704521300000000072e-01
1.703333900000000012e-01
1.702148599999999956e-01
1.700965500000000130e-01
1.699784500000000032e-01
1.698605900000000057e-01
1.697429400000000088e-01
1.696255100000000071e-01
1.695082800000000112e-01
1.693912700000000104e-01
1.692744800000000049e-01
1.691579099999999947e-01
1.690415399999999901e-01
1.689253900000000086e-01
1.688094599999999945e-01
1.686937400000000087e-01
1.685782200000000008e-01
1.684629199999999882e-01
1.683478200000000091e-01
1.682329300000000027e-01
1.681182699999999863e-01
1.680038000000000087e-01
1.678895400000000038e-01
1.677754800000000046e-01
1.676616400000000007e-01
1.675480000000000025e-01
1.674345700000000048e-01
1.673213500000000076e-01
1.672083299999999884e-01
1.670955100000000026e-01
1.669828999999999897e-01
1.668704900000000102e-01
1.667582800000000087e-01
1.666462700000000130e-01
1.665344699999999900e-01
1.664228700000000005e-01
1.663114699999999890e-01
1.662002700000000111e-01
1.660892700000000111e-01
1.659784599999999943e-01
1.658678700000000006e-01
1.657574599999999954e-01
1.656472499999999959e-01
1.655372400000000022e-01
1.654274299999999864e-01
1.653177999999999870e-01
1.652083799999999880e-01
1.650991599999999948e-01
1.649901300000000126e-01
1.648813000000000084e-01
1.647726599999999875e-01
1.646642100000000053e-01
1.645559500000000064e-01
1.644478900000000132e-01
1.643400200000000033e-01
1.642323400000000044e-01
1.641248499999999888e-01
1.640175600000000067e-01
1.639104500000000131e-01
1.638035300000000027e-01
1.636968099999999982e-01
1.635902700000000098e-01
1.634839299999999995e-01
1.633777600000000108e-01
1.632717999999999947e-01
1.631660199999999949e-01
1.630604099999999890e-01
1.629549999999999887e-01
1.628497799999999995e-01
1.627447499999999936e-01
1.626399000000000039e-01
1.625352399999999975e-01
1.624307500000000126e-01
1.623264600000000057e-01
1.622223399999999927e-01
1.621184099999999906e-01
1.620146600000000048e-01
1.619111000000000022e-01
1.618077199999999882e-01
1.617045300000000130e-01
1.616015000000000090e-01
1.614986700000000108e-01
1.613960100000000064e-01
1.612935400000000130e-01
1.611912400000000134e-01
1.610891399999999918e-01
1.609871999999999970e-01
1.608854399999999907e-01
1.607838699999999954e-01
1.606824699999999939e-01
1.605812500000000087e-01
1.604802200000000068e-01
1.603793500000000039e-01
1.602786599999999895e-01
1.601781499999999914e-01
1.600778099999999871e-01
1.599776599999999938e-01
1.598776699999999995e-01
1.597778599999999938e-01
1.596782399999999991e-01
1.595787899999999981e-01
1.594794999999999963e-01
1.593803900000000107e-01
1.592814600000000136e-01
1.591827000000000103e-01
1.590841100000000008e-01
1.589857000000000076e-01
1.588874600000000081e-01
1.587893999999999972e-01
1.586915000000000131e-01
1.585937699999999950e-01
1.584962299999999880e-01
1.583988400000000130e-01
1.583016399999999935e-01
1.582045900000000060e-01
1.581077300000000019e-01
1.580110200000000020e-01
1.579144899999999907e-01
1.578181200000000062e-01
1.577219400000000049e-01
1.576259100000000080e-01
1.575300699999999943e-01
1.574343699999999902e-01
1.573388599999999971e-01
1.572435100000000030e-01
1.571483300000000027e-01
1.570533100000000015e-01
1.569584599999999941e-01
1.568637800000000082e-01
1.567692599999999936e-01
1.566749199999999953e-01
1.565807300000000013e-01
1.564867199999999958e-01
1.563928699999999894e-01
1.562991699999999873e-01
1.562056500000000014e-01
1.561123000000000094e-01
1.560191099999999886e-01
1.559260799999999947e-01
1.558332099999999998e-01
1.557405099999999987e-01
1.556479799999999913e-01
1.555556100000000108e-01
1.554634000000000016e-01
1.553713499999999914e-01
1.552794600000000080e-01
1.551877399999999907e-01
1.550961899999999949e-01
1.550047800000000087e-01
1.549135399999999885e-01
1.548224699999999898e-01
1.547315599999999902e-01
1.546408099999999897e-01
1.545502099999999934e-01
1.544597699999999962e-01
1.543694999999999928e-01
1.542794000000000110e-01
1.541894500000000057e-01
1.540996599999999994e-01
1.540100299999999922e-01
1.539205600000000118e-01
1.538312400000000080e-01
1.537420899999999979e-01
1.536530999999999869e-01
1.535642600000000080e-01
1.534755800000000003e-01
1.533870699999999865e-01
1.532987100000000047e-01
1.532105099999999942e-01
1.531224499999999933e-01
1.530345700000000086e-01
1.529468300000000058e-01
1.528592699999999915e-01
1.527718499999999868e-01
1.526845799999999864e-01
1.525974900000000023e-01
1.525105400000000000e-01
1.524237499999999967e-01
1.523371199999999925e-01
1.522506499999999874e-01
1.521643299999999865e-01
1.520781499999999953e-01
1.519921399999999978e-01
1.519062999999999941e-01
1.518206000000000000e-01
1.517350500000000102e-01
1.516496699999999864e-01
1.515644300000000000e-01
1.514793500000000126e-01
1.513944299999999965e-01
1.513096499999999900e-01
1.512250499999999998e-01
1.511405899999999913e-01
1.510562699999999925e-01
1.509721300000000099e-01
1.508881300000000092e-01
1.508042800000000128e-01
1.507205799999999929e-01
1.506370499999999946e-01
1.505536600000000058e-01
1.504704400000000108e-01
1.503873599999999977e-01
1.503044400000000114e-01
1.502216600000000069e-01
1.501390300000000066e-01
1.500565700000000002e-01
1.499742599999999981e-01
1.498920900000000056e-01
1.498100900000000069e-01
1.497282199999999952e-01
1.496465200000000051e-01
1.495649699999999915e-01
1.494835800000000048e-01
1.494023200000000051e-01
1.493212299999999992e-01
1.492402899999999977e-01
1.491594900000000057e-01
1.490788500000000127e-01
1.489983599999999964e-01
1.489180200000000120e-01
1.488378300000000043e-01
1.487577999999999956e-01
1.486779199999999912e-01
1.485981799999999964e-01
1.485186099999999954e-01
1.484391700000000092e-01
1.483598899999999943e-01
1.482807700000000062e-01
1.482017899999999999e-01
1.481229699999999927e-01
1.480442899999999951e-01
1.479657600000000017e-01
1.478873900000000075e-01
1.478091599999999950e-01
1.477311000000000041e-01
1.476531799999999950e-01
1.475754099999999902e-01
1.474977899999999897e-01
1.474203199999999936e-01
1.473429900000000070e-01
1.472658199999999917e-01
1.471888100000000033e-01
1.471119399999999966e-01
1.470352299999999890e-01
1.469586599999999910e-01
1.468822499999999920e-01
1.468059899999999973e-01
1.467298700000000122e-01
1.466539099999999984e-01
1.465780899999999942e-01
1.465024400000000115e-01
1.464269199999999882e-01
1.463515599999999917e-01
1.462763499999999994e-01
1.462013000000000063e-01
1.461263899999999949e-01
1.460516299999999879e-01
1.459770200000000129e-01
1.459025700000000092e-01
1.458282599999999873e-01
1.457541099999999923e-01
1.456801000000000068e-01
1.456062499999999926e-01
1.455325500000000105e-01
1.454590099999999997e-01
1.453856099999999985e-01
1.453123500000000068e-01
1.452392600000000089e-01
1.451663199999999876e-01
1.450935299999999983e-01
1.450208900000000134e-01
1.449483900000000103e-01
1.448760600000000009e-01
1.448038799999999959e-01
1.447318499999999952e-01
1.446599699999999988e-01
1.445882300000000120e-01
1.445166599999999912e-01
1.444452400000000025e-01
1.443739699999999904e-01
1.443028500000000103e-01
1.442318700000000120e-01
1.441610600000000075e-01
1.440904000000000074e-01
1.440199000000000062e-01
1.439495399999999870e-01
1.438793399999999945e-01
1.438093000000000010e-01
1.437393999999999894e-01
1.436696600000000046e-01
1.436000900000000136e-01
1.435306500000000096e-01
1.434613899999999942e-01
1.433922599999999936e-01
1.433232999999999868e-01
1.432544900000000121e-01
1.431858400000000087e-01
1.431173400000000095e-01
1.430490000000000095e-01
1.429808100000000137e-01
1.429127799999999893e-01
1.428449199999999863e-01
1.427771899999999983e-01
1.427096300000000040e-01
1.426422300000000087e-01
1.425749799999999901e-01
1.425078999999999929e-01
1.424409700000000001e-01
1.423742000000000063e-01
1.423075900000000116e-01
1.422411399999999881e-01
1.421748499999999915e-01
1.421087099999999992e-01
1.420427400000000007e-01
1.419769399999999959e-01
1.419112800000000008e-01
1.418457899999999994e-01
1.417804699999999918e-01
1.417152899999999938e-01
1.416502900000000120e-01
1.415854400000000068e-01
1.415207699999999902e-01
1.414562500000000056e-01
1.413918999999999870e-01
1.413277099999999953e-01
1.412636800000000026e-01
1.411998299999999984e-01
1.411361399999999933e-01
1.410725999999999924e-01
1.410092400000000079e-01
1.409460499999999894e-01
1.408830299999999924e-01
1.408201599999999998e-01
1.407574699999999956e-01
1.406949600000000078e-01
1.406326099999999912e-01
1.405704299999999962e-01
1.405084100000000003e-01
1.404465699999999928e-01
1.403849100000000016e-01
1.403234200000000043e-01
1.402621000000000007e-01
1.402009600000000134e-01
1.401399799999999973e-01
1.400791899999999923e-01
1.400185700000000089e-01
1.399581099999999967e-01
1.398978499999999903e-01
1.398377600000000054e-01
1.397778500000000090e-01
1.397181200000000012e-01
1.396585700000000096e-01
1.395992000000000066e-01
1.395400199999999868e-01
1.394810099999999886e-01
1.394221900000000014e-01
1.393635599999999974e-01
1.393051100000000098e-01
1.392468500000000053e-01
1.391887800000000119e-01
1.391308900000000071e-01
1.390731900000000132e-01
1.390156899999999973e-01
1.389583799999999925e-01
1.389012500000000039e-01
1.388443299999999880e-01
1.387876000000000110e-01
1.387310599999999894e-01
1.386747200000000013e-01
1.386185900000000137e-01
1.385626500000000094e-01
1.385068999999999884e-01
1.384513800000000128e-01
1.383960499999999927e-01
1.383409200000000061e-01
1.382860099999999870e-01
1.382312900000000067e-01
1.381767999999999885e-01
1.381225100000000039e-01
1.380684399999999867e-01
1.380145799999999978e-01
1.379609400000000041e-01
1.379075200000000057e-01
1.378543200000000024e-01
1.378013499999999891e-01
1.377485800000000093e-01
1.376960600000000090e-01
1.376437699999999986e-01
1.375916899999999887e-01
1.375398600000000138e-01
1.374882600000000010e-01
1.374369000000000007e-01
1.373857699999999904e-01
1.373348799999999925e-01
1.372842499999999966e-01
1.372338499999999906e-01
1.371837300000000037e-01
1.371338400000000068e-01
1.370841999999999894e-01
1.370348299999999964e-01
1.369857200000000053e-01
1.369368699999999883e-01
1.368882999999999905e-01
1.368399899999999947e-01
1.367919599999999902e-01
1.367442000000000102e-01
1.366967400000000110e-01
1.366495600000000032e-01
1.366026700000000094e-01
1.365560700000000016e-01
1.365097799999999972e-01
1.364637900000000015e-01
1.364180999999999866e-01
1.363727299999999976e-01
1.363276800000000066e-01
1.362829500000000138e-01
1.362385600000000085e-01
1.361944999999999961e-01
1.361507899999999938e-01
1.361074100000000120e-01
1.360644000000000020e-01
1.360217499999999968e-01
1.359794599999999964e-01
1.359375600000000128e-01
1.358960399999999957e-01
1.358549000000000007e-01
1.358141800000000066e-01
1.357738699999999910e-01
1.357339599999999868e-01
1.356944999999999957e-01
1.356554799999999950e-01
1.356169000000000124e-01
1.355787999999999993e-01
1.355411699999999886e-01
1.355040200000000028e-01
1.354673999999999878e-01
1.354312699999999925e-01
1.353956900000000130e-01
1.353606599999999938e-01
1.353262100000000023e-01
1.352923400000000109e-01
1.352590800000000038e-01
1.352264400000000033e-01
1.351944800000000058e-01
1.351631899999999886e-01
1.351325999999999916e-01
1.351027499999999937e-01
1.350736600000000120e-01
1.350453899999999874e-01
1.350179499999999977e-01
1.349913899999999889e-01
1.349657599999999902e-01
1.349411000000000083e-01
1.349174700000000116e-01
1.348949200000000015e-01
1.348735399999999862e-01
1.348533600000000054e-01
1.348345099999999908e-01
1.348170499999999938e-01
1.348011000000000070e-01
1.347867700000000002e-01
1.347741799999999934e-01
1.347635199999999978e-01
1.347549600000000070e-01
1.347486800000000096e-01
1.347449900000000089e-01
1.347441400000000122e-01
1.347465200000000085e-01
1.347525900000000054e-01
1.347629100000000135e-01
1.347781999999999869e-01
1.347994499999999873e-01
1.348279300000000125e-01
1.348654800000000098e-01
1.349147599999999947e-01
1.349799200000000032e-01
1.350679100000000132e-01
1.351914700000000080e-01
1.353771699999999911e-01
1.356895599999999869e-01
1.363237200000000093e-01
1.379771099999999862e-01
