1.149000000000000000e+03
0.000000000000000000e+00
2.295999899999999982e+01
1.293083600000000111e-01
1.350311299999999992e-01
1.492701200000000061e-01
1.738628700000000027e-01
2.039621600000000035e-01
2.342320499999999972e-01
2.620210099999999986e-01
2.863605900000000259e-01
3.070066599999999868e-01
3.240630299999999742e-01
3.378360300000000094e-01
3.487474899999999933e-01
3.572640100000000207e-01
3.638417400000000246e-01
3.688898700000000086e-01
3.727531399999999828e-01
3.757085499999999745e-01
3.779708399999999746e-01
3.797024800000000089e-01
3.810241799999999901e-01
3.820247399999999738e-01
3.827681199999999895e-01
3.832957699999999801e-01
3.836302500000000060e-01
3.838029499999999761e-01
3.838557000000000219e-01
3.838174899999999834e-01
3.837037699999999996e-01
3.835182500000000050e-01
3.832511900000000193e-01
3.828797600000000134e-01
3.823759899999999989e-01
3.817182199999999970e-01
3.808996700000000235e-01
3.799287100000000028e-01
3.788240299999999783e-01
3.776082399999999839e-01
3.763036399999999948e-01
3.749298999999999826e-01
3.735034500000000146e-01
3.720375000000000210e-01
3.705427099999999974e-01
3.690275000000000083e-01
3.674985499999999794e-01
3.659612500000000157e-01
3.644198799999999738e-01
3.628779100000000257e-01
3.613381700000000141e-01
3.598029899999999892e-01
3.582743099999999847e-01
3.567536499999999777e-01
3.552423399999999898e-01
3.537414700000000023e-01
3.522519800000000201e-01
3.507746199999999814e-01
3.493099800000000199e-01
3.478586699999999809e-01
3.464210300000000187e-01
3.449975000000000125e-01
3.435882900000000184e-01
3.421936899999999948e-01
3.408138199999999896e-01
3.394488399999999739e-01
3.380988200000000221e-01
3.367638600000000260e-01
3.354439100000000118e-01
3.341389900000000246e-01
3.328490599999999744e-01
3.315740799999999933e-01
3.303140099999999912e-01
3.290686600000000128e-01
3.278380300000000025e-01
3.266219499999999942e-01
3.254202600000000167e-01
3.242328800000000011e-01
3.230596499999999760e-01
3.219003699999999912e-01
3.207549199999999989e-01
3.196231099999999881e-01
3.185047799999999873e-01
3.173997399999999858e-01
3.163078400000000068e-01
3.152288500000000049e-01
3.141626399999999930e-01
3.131089799999999812e-01
3.120677199999999929e-01
3.110386399999999774e-01
3.100215800000000188e-01
3.090163799999999794e-01
3.080227999999999855e-01
3.070406600000000208e-01
3.060698199999999924e-01
3.051100999999999952e-01
3.041612799999999783e-01
3.032232200000000155e-01
3.022957399999999795e-01
3.013786700000000152e-01
3.004718100000000058e-01
2.995750300000000199e-01
2.986881399999999909e-01
2.978109700000000082e-01
2.969434000000000240e-01
2.960852400000000273e-01
2.952363499999999807e-01
2.943965800000000188e-01
2.935657500000000142e-01
2.927437399999999745e-01
2.919304099999999735e-01
2.911255999999999844e-01
2.903291599999999750e-01
2.895409800000000033e-01
2.887609300000000268e-01
2.879888400000000237e-01
2.872245900000000018e-01
2.864680900000000086e-01
2.857191900000000118e-01
2.849777600000000244e-01
2.842436999999999880e-01
2.835168499999999869e-01
2.827971599999999919e-01
2.820844399999999919e-01
2.813786600000000027e-01
2.806796400000000080e-01
2.799873099999999893e-01
2.793015200000000253e-01
2.786222700000000052e-01
2.779493299999999945e-01
2.772827099999999878e-01
2.766222400000000192e-01
2.759678700000000040e-01
2.753194900000000001e-01
2.746769800000000150e-01
2.740402800000000250e-01
2.734093100000000165e-01
2.727839599999999920e-01
2.721641699999999831e-01
2.715498499999999815e-01
2.709408999999999845e-01
2.703372499999999734e-01
2.697388199999999903e-01
2.691455200000000270e-01
2.685573099999999935e-01
2.679741099999999876e-01
2.673958200000000063e-01
2.668223699999999754e-01
2.662537099999999768e-01
2.656897599999999970e-01
2.651304899999999964e-01
2.645757499999999984e-01
2.640255400000000030e-01
2.634797999999999862e-01
2.629384399999999955e-01
2.624014000000000069e-01
2.618686299999999911e-01
2.613400499999999904e-01
2.608156200000000258e-01
2.602953000000000072e-01
2.597790099999999769e-01
2.592667000000000166e-01
2.587583399999999756e-01
2.582538099999999726e-01
2.577531299999999970e-01
2.572562099999999852e-01
2.567630100000000137e-01
2.562734799999999979e-01
2.557875499999999747e-01
2.553052299999999941e-01
2.548264000000000085e-01
2.543510800000000072e-01
2.538791899999999768e-01
2.534106700000000045e-01
2.529455099999999845e-01
2.524836699999999934e-01
2.520250700000000177e-01
2.515696900000000125e-01
2.511174999999999935e-01
2.506684399999999924e-01
2.502224699999999746e-01
2.497795800000000010e-01
2.493397099999999922e-01
2.489028100000000021e-01
2.484688800000000031e-01
2.480378400000000094e-01
2.476096899999999934e-01
2.471843699999999866e-01
2.467618599999999995e-01
2.463421199999999978e-01
2.459251100000000023e-01
2.455108199999999907e-01
2.450991999999999893e-01
2.446902200000000138e-01
2.442838499999999968e-01
2.438800499999999871e-01
2.434787999999999952e-01
2.430800800000000039e-01
2.426838400000000118e-01
2.422900600000000015e-01
2.418987300000000062e-01
2.415097800000000072e-01
2.411232100000000045e-01
2.407390000000000085e-01
2.403571200000000074e-01
2.399775100000000050e-01
2.396001799999999959e-01
2.392250900000000013e-01
2.388522299999999987e-01
2.384815499999999866e-01
2.381130599999999875e-01
2.377467000000000052e-01
2.373824700000000121e-01
2.370203300000000013e-01
2.366602700000000059e-01
2.363022599999999862e-01
2.359462800000000082e-01
2.355923199999999940e-01
2.352403399999999922e-01
2.348903300000000083e-01
2.345422500000000077e-01
2.341960999999999904e-01
2.338518599999999947e-01
2.335095000000000087e-01
2.331689999999999874e-01
2.328303499999999915e-01
2.324935200000000091e-01
2.321584999999999899e-01
2.318252600000000052e-01
2.314937999999999996e-01
2.311640799999999940e-01
2.308360899999999938e-01
2.305098299999999989e-01
2.301852600000000026e-01
2.298623599999999878e-01
2.295411400000000046e-01
2.292215499999999961e-01
2.289035899999999901e-01
2.285872499999999918e-01
2.282725100000000118e-01
2.279593500000000050e-01
2.276477699999999993e-01
2.273377199999999931e-01
2.270291999999999866e-01
2.267222299999999968e-01
2.264167400000000052e-01
2.261127500000000012e-01
2.258102300000000007e-01
2.255091800000000035e-01
2.252095799999999926e-01
2.249114100000000060e-01
2.246146599999999938e-01
2.243193199999999887e-01
2.240253799999999962e-01
2.237328100000000042e-01
2.234416200000000075e-01
2.231517699999999993e-01
2.228632700000000022e-01
2.225761099999999937e-01
2.222902599999999895e-01
2.220057099999999950e-01
2.217224700000000048e-01
2.214404899999999898e-01
2.211597999999999897e-01
2.208803599999999978e-01
2.206021699999999863e-01
2.203252199999999883e-01
2.200494899999999865e-01
2.197749800000000087e-01
2.195016599999999873e-01
2.192295499999999953e-01
2.189586000000000032e-01
2.186888499999999902e-01
2.184202399999999877e-01
2.181527900000000131e-01
2.178864799999999935e-01
2.176212999999999897e-01
2.173572500000000018e-01
2.170942999999999901e-01
2.168324600000000046e-01
2.165717000000000059e-01
2.163120400000000110e-01
2.160534600000000027e-01
2.157959200000000022e-01
2.155394599999999883e-01
2.152840299999999873e-01
2.150296600000000113e-01
2.147762900000000086e-01
2.145239700000000083e-01
2.142726500000000089e-01
2.140223400000000054e-01
2.137730100000000133e-01
2.135246799999999945e-01
2.132773400000000097e-01
2.130309599999999914e-01
2.127855399999999952e-01
2.125410899999999881e-01
2.122975699999999910e-01
2.120550099999999882e-01
2.118133799999999956e-01
2.115726599999999957e-01
2.113328700000000060e-01
2.110940099999999986e-01
2.108560200000000051e-01
2.106189400000000045e-01
2.103827600000000020e-01
2.101474600000000081e-01
2.099130300000000005e-01
2.096794700000000067e-01
2.094467700000000043e-01
2.092149399999999881e-01
2.089839400000000069e-01
2.087537899999999946e-01
2.085245000000000015e-01
2.082960199999999984e-01
2.080683600000000077e-01
2.078415200000000018e-01
2.076154799999999911e-01
2.073902599999999929e-01
2.071658399999999900e-01
2.069421999999999928e-01
2.067193700000000134e-01
2.064972999999999947e-01
2.062760100000000096e-01
2.060555099999999973e-01
2.058357399999999893e-01
2.056167600000000095e-01
2.053985100000000064e-01
2.051810299999999865e-01
2.049642799999999987e-01
2.047482700000000100e-01
2.045329999999999926e-01
2.043184299999999953e-01
2.041045999999999971e-01
2.038914900000000086e-01
2.036790800000000123e-01
2.034673999999999927e-01
2.032564000000000037e-01
2.030461000000000071e-01
2.028364800000000134e-01
2.026275700000000068e-01
2.024193300000000084e-01
2.022117700000000129e-01
2.020048600000000083e-01
2.017986499999999961e-01
2.015930900000000026e-01
2.013881999999999894e-01
2.011839400000000055e-01
2.009803500000000021e-01
2.007773999999999948e-01
2.005750799999999889e-01
2.003734100000000018e-01
2.001723800000000109e-01
1.999719600000000042e-01
1.997721799999999936e-01
1.995730099999999951e-01
1.993744500000000086e-01
1.991765100000000011e-01
1.989791800000000055e-01
1.987824400000000047e-01
1.985863099999999881e-01
1.983908000000000060e-01
1.981958400000000120e-01
1.980014999999999969e-01
1.978077299999999872e-01
1.976145400000000052e-01
1.974219399999999902e-01
1.972298899999999910e-01
1.970384299999999866e-01
1.968475299999999928e-01
1.966572000000000042e-01
1.964674100000000090e-01
1.962782000000000138e-01
1.960895199999999894e-01
1.959013900000000086e-01
1.957138200000000106e-01
1.955267900000000059e-01
1.953402899999999998e-01
1.951543400000000095e-01
1.949689099999999953e-01
1.947840000000000127e-01
1.945996299999999957e-01
1.944157800000000103e-01
1.942324500000000009e-01
1.940496300000000007e-01
1.938673300000000044e-01
1.936855299999999946e-01
1.935042600000000113e-01
1.933234799999999920e-01
1.931431899999999924e-01
1.929634100000000019e-01
1.927841200000000033e-01
1.926053299999999913e-01
1.924270200000000042e-01
1.922491899999999865e-01
1.920718700000000057e-01
1.918950100000000047e-01
1.917186399999999957e-01
1.915427299999999944e-01
1.913672999999999902e-01
1.911923399999999884e-01
1.910178499999999890e-01
1.908438399999999868e-01
1.906702700000000028e-01
1.904971599999999987e-01
1.903245199999999970e-01
1.901523200000000136e-01
1.899805800000000100e-01
1.898092899999999916e-01
1.896384399999999915e-01
1.894680400000000042e-01
1.892980800000000075e-01
1.891285600000000011e-01
1.889594800000000130e-01
1.887908299999999928e-01
1.886226199999999908e-01
1.884548400000000123e-01
1.882874800000000071e-01
1.881205400000000028e-01
1.879540399999999889e-01
1.877879500000000090e-01
1.876222800000000024e-01
1.874570399999999915e-01
1.872921999999999920e-01
1.871277699999999988e-01
1.869637500000000119e-01
1.868001499999999981e-01
1.866369499999999959e-01
1.864741599999999999e-01
1.863117499999999982e-01
1.861497599999999975e-01
1.859881600000000135e-01
1.858269600000000132e-01
1.856661400000000073e-01
1.855057300000000076e-01
1.853457099999999969e-01
1.851860600000000134e-01
1.850268100000000138e-01
1.848679300000000136e-01
1.847094400000000025e-01
1.845513400000000082e-01
1.843935999999999908e-01
1.842362399999999956e-01
1.840792699999999893e-01
1.839226599999999878e-01
1.837664200000000136e-01
1.836105600000000060e-01
1.834550500000000084e-01
1.832999100000000103e-01
1.831451400000000118e-01
1.829907299999999903e-01
1.828366800000000014e-01
1.826829799999999948e-01
1.825296399999999930e-01
1.823766699999999907e-01
1.822240400000000038e-01
1.820717599999999992e-01
1.819198300000000046e-01
1.817682499999999923e-01
1.816170199999999901e-01
1.814661300000000033e-01
1.813155999999999934e-01
1.811654000000000042e-01
1.810155400000000026e-01
1.808660199999999885e-01
1.807168299999999950e-01
1.805679799999999890e-01
1.804194600000000037e-01
1.802712800000000060e-01
1.801234300000000010e-01
1.799759099999999890e-01
1.798287199999999975e-01
1.796818500000000041e-01
1.795353100000000035e-01
1.793890999999999958e-01
1.792432099999999862e-01
1.790976400000000024e-01
1.789523799999999942e-01
1.788074500000000067e-01
1.786628399999999894e-01
1.785185300000000086e-01
1.783745399999999981e-01
1.782308700000000135e-01
1.780875000000000097e-01
1.779444500000000040e-01
1.778017100000000017e-01
1.776592700000000080e-01
1.775171500000000124e-01
1.773753200000000030e-01
1.772337999999999969e-01
1.770925799999999994e-01
1.769516600000000106e-01
1.768110400000000026e-01
1.766707299999999980e-01
1.765307000000000126e-01
1.763909800000000028e-01
1.762515500000000068e-01
1.761124099999999970e-01
1.759735600000000011e-01
1.758350100000000138e-01
1.756967600000000074e-01
1.755587899999999923e-01
1.754210999999999965e-01
1.752836999999999867e-01
1.751465899999999909e-01
1.750097599999999864e-01
1.748732199999999959e-01
1.747369599999999967e-01
1.746009699999999942e-01
1.744652800000000004e-01
1.743298600000000032e-01
1.741947199999999973e-01
1.740598499999999882e-01
1.739252699999999929e-01
1.737909499999999996e-01
1.736569099999999977e-01
1.735231399999999924e-01
1.733896400000000115e-01
1.732564099999999996e-01
1.731234600000000068e-01
1.729907699999999882e-01
1.728583399999999992e-01
1.727261999999999964e-01
1.725943100000000008e-01
1.724626900000000018e-01
1.723313200000000101e-01
1.722002300000000097e-01
1.720693899999999887e-01
1.719388199999999922e-01
1.718085000000000029e-01
1.716784399999999877e-01
1.715486499999999970e-01
1.714191100000000134e-01
1.712898200000000093e-01
1.711607900000000071e-01
1.710320100000000121e-01
1.709034899999999912e-01
1.707752200000000053e-01
1.706471999999999989e-01
1.705194399999999944e-01
1.703919200000000023e-01
1.702646600000000121e-01
1.701376300000000119e-01
1.700108600000000136e-01
1.698843399999999948e-01
1.697580499999999937e-01
1.696320199999999945e-01
1.695062200000000130e-01
1.693806800000000057e-01
1.692553599999999936e-01
1.691303000000000112e-01
1.690054699999999910e-01
1.688808900000000057e-01
1.687565400000000104e-01
1.686324299999999998e-01
1.685085600000000017e-01
1.683849199999999935e-01
1.682615299999999925e-01
1.681383700000000092e-01
1.680154399999999881e-01
1.678927400000000125e-01
1.677702799999999939e-01
1.676480499999999929e-01
1.675260500000000097e-01
1.674042799999999886e-01
1.672827299999999906e-01
1.671614200000000050e-01
1.670403500000000041e-01
1.669194800000000090e-01
1.667988599999999932e-01
1.666784600000000005e-01
1.665582800000000030e-01
1.664383299999999954e-01
1.663186100000000056e-01
1.661990999999999885e-01
1.660798199999999891e-01
1.659607600000000127e-01
1.658419200000000038e-01
1.657233100000000126e-01
1.656048999999999993e-01
1.654867200000000038e-01
1.653687699999999983e-01
1.652510299999999932e-01
1.651335100000000111e-01
1.650161900000000070e-01
1.648990999999999929e-01
1.647822300000000018e-01
1.646655599999999886e-01
1.645491099999999984e-01
1.644328800000000035e-01
1.643168600000000090e-01
1.642010499999999873e-01
1.640854499999999938e-01
1.639700699999999955e-01
1.638548800000000083e-01
1.637399200000000110e-01
1.636251699999999865e-01
1.635106100000000007e-01
1.633962700000000101e-01
1.632821399999999923e-01
1.631682100000000080e-01
1.630544999999999911e-01
1.629409800000000130e-01
1.628276700000000077e-01
1.627145600000000081e-01
1.626016499999999865e-01
1.624889499999999931e-01
1.623764600000000002e-01
1.622641700000000131e-01
1.621520800000000040e-01
1.620401900000000006e-01
1.619284900000000083e-01
1.618169999999999886e-01
1.617057199999999972e-01
1.615946299999999891e-01
1.614837299999999920e-01
1.613730300000000006e-01
1.612625400000000098e-01
1.611522300000000074e-01
1.610421200000000108e-01
1.609322099999999922e-01
1.608225100000000019e-01
1.607129900000000000e-01
1.606036600000000092e-01
1.604945399999999911e-01
1.603855899999999945e-01
1.602768499999999985e-01
1.601682899999999909e-01
1.600599299999999892e-01
1.599517599999999984e-01
1.598437900000000134e-01
1.597359899999999944e-01
1.596283900000000089e-01
1.595209800000000067e-01
1.594137700000000102e-01
1.593067300000000075e-01
1.591998900000000106e-01
1.590932300000000021e-01
1.589867600000000047e-01
1.588804699999999959e-01
1.587743799999999927e-01
1.586684700000000059e-01
1.585627300000000128e-01
1.584571999999999925e-01
1.583518399999999937e-01
1.582466700000000059e-01
1.581416700000000120e-01
1.580368699999999960e-01
1.579322400000000015e-01
1.578277899999999956e-01
1.577235300000000007e-01
1.576194599999999890e-01
1.575155599999999989e-01
1.574118399999999973e-01
1.573083000000000120e-01
1.572049399999999875e-01
1.571017700000000017e-01
1.569987499999999925e-01
1.568959400000000115e-01
1.567932999999999966e-01
1.566908200000000084e-01
1.565885399999999983e-01
1.564864199999999872e-01
1.563844799999999924e-01
1.562827200000000138e-01
1.561811300000000013e-01
1.560797200000000051e-01
1.559784899999999974e-01
1.558774300000000113e-01
1.557765299999999964e-01
1.556758099999999978e-01
1.555752800000000102e-01
1.554748999999999992e-01
1.553747099999999992e-01
1.552746899999999930e-01
1.551748400000000083e-01
1.550751499999999949e-01
1.549756399999999978e-01
1.548763099999999893e-01
1.547771400000000075e-01
1.546781399999999917e-01
1.545793099999999975e-01
1.544806499999999971e-01
1.543821499999999958e-01
1.542838199999999882e-01
1.541856699999999969e-01
1.540876899999999994e-01
1.539898700000000009e-01
1.538922199999999962e-01
1.537947199999999959e-01
1.536974000000000118e-01
1.536002499999999937e-01
1.535032699999999972e-01
1.534064400000000050e-01
1.533097800000000066e-01
1.532132900000000020e-01
1.531169599999999964e-01
1.530208000000000124e-01
1.529247900000000049e-01
1.528289600000000137e-01
1.527332799999999990e-01
1.526377800000000007e-01
1.525424300000000066e-01
1.524472400000000116e-01
1.523522099999999879e-01
1.522573500000000135e-01
1.521626399999999879e-01
1.520681100000000063e-01
1.519737200000000066e-01
1.518795000000000006e-01
1.517854499999999884e-01
1.516915400000000136e-01
1.515978000000000048e-01
1.515042199999999950e-01
1.514108000000000120e-01
1.513175400000000004e-01
1.512244299999999930e-01
1.511314800000000125e-01
1.510386900000000032e-01
1.509460499999999983e-01
1.508535900000000096e-01
1.507612600000000080e-01
1.506691000000000003e-01
1.505770999999999915e-01
1.504852499999999871e-01
1.503935499999999870e-01
1.503020100000000137e-01
1.502106300000000116e-01
1.501193899999999914e-01
1.500283299999999875e-01
1.499374099999999932e-01
1.498466400000000032e-01
1.497560300000000122e-01
1.496655799999999925e-01
1.495752599999999877e-01
1.494851100000000044e-01
1.493951199999999924e-01
1.493052699999999899e-01
1.492155799999999866e-01
1.491260399999999875e-01
1.490366499999999927e-01
1.489474000000000076e-01
1.488583199999999884e-01
1.487693900000000014e-01
1.486805999999999961e-01
1.485919699999999899e-01
1.485034799999999933e-01
1.484151499999999957e-01
1.483269600000000077e-01
1.482389400000000135e-01
1.481510500000000063e-01
1.480633199999999983e-01
1.479757299999999998e-01
1.478882900000000056e-01
1.478009999999999879e-01
1.477138699999999971e-01
1.476268799999999881e-01
1.475400299999999887e-01
1.474533199999999988e-01
1.473667800000000028e-01
1.472803799999999885e-01
1.471941200000000116e-01
1.471080200000000060e-01
1.470220499999999875e-01
1.469362399999999957e-01
1.468505700000000136e-01
1.467650400000000133e-01
1.466796700000000120e-01
1.465944299999999978e-01
1.465093500000000104e-01
1.464244000000000101e-01
1.463396100000000088e-01
1.462549599999999894e-01
1.461704500000000073e-01
1.460860800000000070e-01
1.460018600000000111e-01
1.459177899999999917e-01
1.458338499999999871e-01
1.457500599999999868e-01
1.456664199999999909e-01
1.455829100000000098e-01
1.454995600000000000e-01
1.454163499999999998e-01
1.453332800000000091e-01
1.452503400000000056e-01
1.451675600000000010e-01
1.450848999999999889e-01
1.450023900000000088e-01
1.449200400000000000e-01
1.448378100000000113e-01
1.447557399999999939e-01
1.446737899999999966e-01
1.445919999999999983e-01
1.445103399999999871e-01
1.444288200000000133e-01
1.443474399999999935e-01
1.442662200000000006e-01
1.441851299999999947e-01
1.441041700000000036e-01
1.440233399999999997e-01
1.439426699999999948e-01
1.438621399999999995e-01
1.437817399999999912e-01
1.437014799999999926e-01
1.436213600000000035e-01
1.435413799999999962e-01
1.434615399999999985e-01
1.433818299999999879e-01
1.433022800000000041e-01
1.432228500000000126e-01
1.431435600000000030e-01
1.430644100000000030e-01
1.429854000000000125e-01
1.429065300000000038e-01
1.428277900000000100e-01
1.427491899999999980e-01
1.426707399999999903e-01
1.425924000000000080e-01
1.425142100000000023e-01
1.424361600000000061e-01
1.423582599999999865e-01
1.422804699999999922e-01
1.422028399999999970e-01
1.421253399999999889e-01
1.420479699999999956e-01
1.419707400000000119e-01
1.418936399999999876e-01
1.418166800000000005e-01
1.417398599999999953e-01
1.416631600000000102e-01
1.415866199999999964e-01
1.415102000000000027e-01
1.414339099999999960e-01
1.413577599999999990e-01
1.412817500000000115e-01
1.412058800000000058e-01
1.411301299999999925e-01
1.410545300000000113e-01
1.409790499999999946e-01
1.409037300000000048e-01
1.408285200000000126e-01
1.407534500000000022e-01
1.406785100000000066e-01
1.406037199999999876e-01
1.405290499999999887e-01
1.404545199999999994e-01
1.403801100000000024e-01
1.403058500000000097e-01
1.402317299999999989e-01
1.401577300000000081e-01
1.400838600000000045e-01
1.400101300000000104e-01
1.399365399999999982e-01
1.398630700000000060e-01
1.397897499999999904e-01
1.397165400000000002e-01
1.396434799999999865e-01
1.395705499999999877e-01
1.394977400000000090e-01
1.394250800000000068e-01
1.393525499999999917e-01
1.392801399999999967e-01
1.392078800000000061e-01
1.391357500000000025e-01
1.390637500000000137e-01
1.389918800000000121e-01
1.389201300000000028e-01
1.388485299999999978e-01
1.387770600000000076e-01
1.387057200000000046e-01
1.386344999999999938e-01
1.385634199999999927e-01
1.384924800000000011e-01
1.384216699999999967e-01
1.383509900000000070e-01
1.382804400000000045e-01
1.382100300000000115e-01
1.381397400000000109e-01
1.380695799999999973e-01
1.379995599999999933e-01
1.379296799999999990e-01
1.378599100000000022e-01
1.377902900000000097e-01
1.377207900000000096e-01
1.376514299999999913e-01
1.375821999999999878e-01
1.375130999999999992e-01
1.374441399999999924e-01
1.373753000000000057e-01
1.373065900000000061e-01
1.372380099999999936e-01
1.371695699999999907e-01
1.371012600000000026e-01
1.370330800000000016e-01
1.369650400000000101e-01
1.368971200000000110e-01
1.368293299999999990e-01
1.367616799999999966e-01
1.366941499999999865e-01
1.366267700000000085e-01
1.365595000000000003e-01
1.364923700000000018e-01
1.364253800000000127e-01
1.363585099999999883e-01
1.362917700000000065e-01
1.362251800000000013e-01
1.361586999999999936e-01
1.360923599999999956e-01
1.360261600000000071e-01
1.359600900000000057e-01
1.358941300000000019e-01
1.358283200000000024e-01
1.357626500000000125e-01
1.356970999999999872e-01
1.356316800000000045e-01
1.355663799999999863e-01
1.355012399999999950e-01
1.354362100000000013e-01
1.353713300000000119e-01
1.353065699999999871e-01
1.352419400000000049e-01
1.351774500000000045e-01
1.351130899999999913e-01
1.350488499999999981e-01
1.349847600000000092e-01
1.349207900000000127e-01
1.348569500000000032e-01
1.347932699999999928e-01
1.347297000000000078e-01
1.346662600000000098e-01
1.346029599999999937e-01
1.345397799999999977e-01
1.344767500000000060e-01
1.344138500000000014e-01
1.343510900000000063e-01
1.342884500000000036e-01
1.342259500000000105e-01
1.341635700000000098e-01
1.341013500000000080e-01
1.340392400000000039e-01
1.339772599999999869e-01
1.339154399999999967e-01
1.338537300000000041e-01
1.337921800000000105e-01
1.337307399999999868e-01
1.336694499999999952e-01
1.336082799999999959e-01
1.335472600000000010e-01
1.334863599999999983e-01
1.334256100000000000e-01
1.333649899999999888e-01
1.333045099999999872e-01
1.332441400000000109e-01
1.331839400000000007e-01
1.331238600000000105e-01
1.330639100000000075e-01
1.330040999999999862e-01
1.329444300000000023e-01
1.328849000000000002e-01
1.328255100000000077e-01
1.327662500000000023e-01
1.327071300000000065e-01
1.326481399999999977e-01
1.325892999999999933e-01
1.325305800000000089e-01
1.324720199999999959e-01
1.324135800000000029e-01
1.323552899999999866e-01
1.322971400000000075e-01
1.322391199999999878e-01
1.321812400000000054e-01
1.321235199999999943e-01
1.320659200000000033e-01
1.320084599999999941e-01
1.319511499999999893e-01
1.318939799999999940e-01
1.318369400000000136e-01
1.317800399999999872e-01
1.317232999999999876e-01
1.316666900000000029e-01
1.316102299999999947e-01
1.315539000000000014e-01
1.314977300000000071e-01
1.314416999999999947e-01
1.313857999999999970e-01
1.313300599999999985e-01
1.312744499999999870e-01
1.312189800000000128e-01
1.311636899999999994e-01
1.311085100000000114e-01
1.310534899999999947e-01
1.309986099999999876e-01
1.309438900000000072e-01
1.308893100000000087e-01
1.308348799999999867e-01
1.307805900000000021e-01
1.307264599999999888e-01
1.306724700000000128e-01
1.306186300000000133e-01
1.305649399999999904e-01
1.305114199999999891e-01
1.304580300000000026e-01
1.304047999999999874e-01
1.303517200000000043e-01
1.302987899999999977e-01
1.302460099999999954e-01
1.301933999999999869e-01
1.301409299999999880e-01
1.300886099999999934e-01
1.300364599999999926e-01
1.299844699999999909e-01
1.299326299999999934e-01
1.298809300000000055e-01
1.298294200000000009e-01
1.297780400000000112e-01
1.297268400000000099e-01
1.296757900000000130e-01
1.296249200000000046e-01
1.295741900000000058e-01
1.295236200000000060e-01
1.294732200000000000e-01
1.294229899999999878e-01
1.293729200000000024e-01
1.293230200000000107e-01
1.292733000000000076e-01
1.292237199999999864e-01
1.291743200000000091e-01
1.291250999999999927e-01
1.290760300000000083e-01
1.290271600000000018e-01
1.289784300000000050e-01
1.289298999999999862e-01
1.288815299999999942e-01
1.288333399999999906e-01
1.287853300000000034e-01
1.287374799999999875e-01
1.286898300000000051e-01
1.286423499999999887e-01
1.285950499999999885e-01
1.285479399999999994e-01
1.285010000000000041e-01
1.284542499999999920e-01
1.284077000000000135e-01
1.283613299999999957e-01
1.283151499999999889e-01
1.282691499999999984e-01
1.282233600000000084e-01
1.281777500000000070e-01
1.281323299999999887e-01
1.280871199999999988e-01
1.280420999999999920e-01
1.279972900000000136e-01
1.279526800000000131e-01
1.279082599999999958e-01
1.278640600000000016e-01
1.278200600000000131e-01
1.277762699999999974e-01
1.277326900000000098e-01
1.276893299999999898e-01
1.276461799999999980e-01
1.276032500000000014e-01
1.275605400000000000e-01
1.275180599999999886e-01
1.274757800000000107e-01
1.274337500000000123e-01
1.273919500000000038e-01
1.273503800000000130e-01
1.273090199999999950e-01
1.272679300000000013e-01
1.272270699999999977e-01
1.271864500000000064e-01
1.271460799999999947e-01
1.271059499999999953e-01
1.270660899999999927e-01
1.270264799999999972e-01
1.269871300000000036e-01
1.269480400000000120e-01
1.269092300000000118e-01
1.268706800000000134e-01
1.268324100000000065e-01
1.267944099999999963e-01
1.267567099999999947e-01
1.267192799999999897e-01
1.266821599999999881e-01
1.266453399999999951e-01
1.266088200000000108e-01
1.265726100000000021e-01
1.265367099999999967e-01
1.265011299999999894e-01
1.264658899999999975e-01
1.264309700000000036e-01
1.263963899999999974e-01
1.263621600000000011e-01
1.263282900000000097e-01
1.262947799999999954e-01
1.262616400000000083e-01
1.262288699999999930e-01
1.261964899999999945e-01
1.261645000000000127e-01
1.261329200000000095e-01
1.261017600000000072e-01
1.260710200000000059e-01
1.260407299999999897e-01
1.260108799999999918e-01
1.259814900000000015e-01
1.259525900000000032e-01
1.259241700000000019e-01
1.258962499999999873e-01
1.258688599999999991e-01
1.258420100000000041e-01
1.258157000000000025e-01
1.257899899999999904e-01
1.257648500000000114e-01
1.257403500000000007e-01
1.257164799999999916e-01
1.256932799999999906e-01
1.256707800000000097e-01
1.256489899999999882e-01
1.256279800000000002e-01
1.256077399999999955e-01
1.255883399999999928e-01
1.255698199999999987e-01
1.255522199999999922e-01
1.255355800000000077e-01
1.255199600000000137e-01
1.255054200000000064e-01
1.254920399999999991e-01
1.254798900000000106e-01
1.254690400000000039e-01
1.254596099999999992e-01
1.254516800000000099e-01
1.254454100000000072e-01
1.254409099999999888e-01
1.254383500000000040e-01
1.254379300000000030e-01
1.254398800000000036e-01
1.254444600000000076e-01
1.254519799999999907e-01
1.254628700000000041e-01
1.254776099999999894e-01
1.254968200000000089e-01
1.255213199999999918e-01
1.255521900000000080e-01
1.255909100000000000e-01
1.256395899999999954e-01
1.257014300000000029e-01
1.257815200000000078e-01
1.258886800000000028e-01
1.260399199999999997e-01
1.262728899999999987e-01
1.266862199999999883e-01
1.276142700000000019e-01
