1.011000000000000000e+03
0.000000000000000000e+00
2.020000100000000032e+01
1.440535300000000130e-01
1.496775999999999940e-01
1.636701700000000037e-01
1.878334399999999904e-01
2.174065900000000107e-01
2.471507199999999904e-01
2.744620099999999785e-01
2.983883299999999794e-01
3.186883300000000196e-01
3.354624500000000231e-01
3.490103199999999850e-01
3.597453500000000193e-01
3.681253500000000178e-01
3.745982299999999765e-01
3.795660699999999776e-01
3.833678099999999755e-01
3.862756800000000101e-01
3.885009899999999905e-01
3.902035099999999757e-01
3.915019299999999980e-01
3.924836800000000014e-01
3.932116299999999787e-01
3.937266200000000271e-01
3.940507200000000210e-01
3.942146899999999787e-01
3.942596600000000118e-01
3.942142399999999935e-01
3.940935099999999802e-01
3.939006600000000136e-01
3.936252900000000166e-01
3.932436699999999896e-01
3.927268700000000057e-01
3.920525300000000102e-01
3.912134199999999784e-01
3.902181100000000069e-01
3.890856799999999893e-01
3.878393500000000271e-01
3.865020299999999964e-01
3.850938999999999890e-01
3.836318599999999912e-01
3.821295200000000003e-01
3.805978600000000101e-01
3.790454899999999849e-01
3.774793100000000123e-01
3.759048899999999915e-01
3.743265900000000146e-01
3.727479899999999735e-01
3.711720399999999809e-01
3.696011000000000157e-01
3.680371299999999901e-01
3.664817799999999792e-01
3.649363800000000047e-01
3.634020399999999817e-01
3.618797100000000211e-01
3.603701599999999949e-01
3.588740500000000000e-01
3.573919199999999741e-01
3.559242200000000134e-01
3.544712700000000050e-01
3.530333900000000025e-01
3.516108099999999959e-01
3.502036900000000119e-01
3.488121599999999822e-01
3.474362799999999862e-01
3.460761299999999818e-01
3.447316899999999795e-01
3.434029800000000243e-01
3.420899199999999918e-01
3.407924800000000087e-01
3.395105600000000168e-01
3.382440500000000183e-01
3.369928600000000052e-01
3.357568100000000166e-01
3.345358099999999890e-01
3.333296800000000171e-01
3.321382399999999735e-01
3.309613800000000272e-01
3.297988800000000165e-01
3.286505299999999963e-01
3.275162300000000193e-01
3.263956900000000161e-01
3.252887999999999891e-01
3.241953300000000038e-01
3.231151099999999832e-01
3.220478900000000033e-01
3.209935099999999819e-01
3.199517700000000242e-01
3.189224900000000029e-01
3.179054299999999889e-01
3.169004000000000265e-01
3.159072700000000178e-01
3.149257599999999990e-01
3.139557499999999779e-01
3.129970100000000199e-01
3.120493599999999979e-01
3.111126399999999959e-01
3.101866200000000240e-01
3.092711899999999736e-01
3.083660899999999816e-01
3.074712199999999895e-01
3.065863500000000075e-01
3.057113599999999876e-01
3.048460499999999795e-01
3.039902700000000069e-01
3.031438599999999872e-01
3.023066200000000259e-01
3.014784799999999931e-01
3.006592100000000101e-01
2.998487100000000183e-01
2.990468099999999962e-01
2.982533900000000071e-01
2.974682499999999896e-01
2.966912999999999911e-01
2.959223999999999744e-01
2.951614300000000024e-01
2.944082000000000088e-01
2.936626399999999748e-01
2.929246099999999742e-01
2.921939800000000198e-01
2.914706200000000136e-01
2.907544400000000029e-01
2.900452900000000112e-01
2.893430599999999853e-01
2.886476499999999779e-01
2.879589499999999913e-01
2.872768600000000228e-01
2.866012800000000138e-01
2.859320900000000276e-01
2.852691700000000163e-01
2.846124500000000168e-01
2.839618300000000262e-01
2.833172099999999860e-01
2.826784800000000097e-01
2.820456000000000074e-01
2.814184100000000077e-01
2.807968900000000212e-01
2.801809000000000105e-01
2.795703700000000125e-01
2.789652300000000085e-01
2.783653999999999851e-01
2.777707899999999897e-01
2.771813000000000193e-01
2.765968999999999789e-01
2.760174899999999765e-01
2.754429899999999987e-01
2.748733199999999766e-01
2.743084399999999867e-01
2.737482500000000263e-01
2.731927299999999947e-01
2.726417500000000160e-01
2.720952600000000055e-01
2.715532500000000238e-01
2.710155799999999782e-01
2.704822100000000007e-01
2.699531299999999856e-01
2.694282199999999960e-01
2.689074599999999871e-01
2.683907400000000165e-01
2.678780599999999734e-01
2.673693300000000161e-01
2.668645399999999834e-01
2.663635599999999992e-01
2.658664000000000027e-01
2.653729899999999753e-01
2.648832799999999987e-01
2.643971999999999989e-01
2.639147299999999863e-01
2.634358399999999767e-01
2.629603999999999830e-01
2.624884499999999843e-01
2.620198999999999723e-01
2.615547500000000025e-01
2.610928699999999769e-01
2.606342999999999854e-01
2.601789500000000199e-01
2.597268200000000249e-01
2.592778199999999922e-01
2.588319499999999773e-01
2.583891500000000119e-01
2.579493800000000059e-01
2.575125999999999804e-01
2.570787999999999962e-01
2.566478799999999949e-01
2.562198900000000057e-01
2.557947300000000257e-01
2.553723800000000099e-01
2.549528200000000244e-01
2.545359999999999845e-01
2.541218700000000275e-01
2.537104499999999763e-01
2.533016499999999893e-01
2.528954700000000111e-01
2.524918899999999966e-01
2.520908399999999827e-01
2.516923200000000249e-01
2.512962799999999830e-01
2.509027099999999733e-01
2.505115900000000062e-01
2.501228500000000077e-01
2.497365000000000002e-01
2.493524799999999875e-01
2.489708099999999869e-01
2.485914100000000126e-01
2.482142900000000041e-01
2.478394100000000100e-01
2.474667299999999959e-01
2.470962600000000120e-01
2.467279400000000067e-01
2.463617800000000024e-01
2.459977299999999978e-01
2.456357799999999980e-01
2.452758999999999912e-01
2.449180599999999930e-01
2.445622500000000088e-01
2.442084399999999988e-01
2.438566199999999962e-01
2.435067399999999993e-01
2.431588199999999977e-01
2.428128099999999900e-01
2.424687000000000092e-01
2.421264599999999878e-01
2.417860900000000091e-01
2.414475399999999883e-01
2.411108200000000035e-01
2.407758799999999977e-01
2.404427399999999881e-01
2.401113500000000012e-01
2.397817100000000090e-01
2.394537800000000050e-01
2.391275599999999890e-01
2.388030399999999942e-01
2.384801800000000138e-01
2.381589899999999871e-01
2.378394199999999958e-01
2.375214700000000123e-01
2.372051299999999863e-01
2.368903800000000115e-01
2.365771999999999875e-01
2.362655700000000081e-01
2.359554899999999900e-01
2.356469300000000044e-01
2.353398800000000013e-01
2.350343300000000135e-01
2.347302599999999961e-01
2.344276600000000099e-01
2.341265100000000099e-01
2.338267900000000066e-01
2.335284900000000052e-01
2.332316200000000006e-01
2.329361400000000137e-01
2.326420399999999944e-01
2.323493100000000033e-01
2.320579399999999903e-01
2.317679099999999937e-01
2.314792099999999908e-01
2.311918400000000096e-01
2.309057700000000102e-01
2.306209999999999927e-01
2.303375199999999901e-01
2.300552899999999956e-01
2.297743299999999989e-01
2.294946200000000103e-01
2.292161400000000127e-01
2.289388900000000060e-01
2.286628599999999956e-01
2.283880299999999919e-01
2.281143800000000055e-01
2.278419299999999981e-01
2.275706399999999907e-01
2.273005100000000112e-01
2.270315300000000092e-01
2.267637000000000125e-01
2.264969799999999867e-01
2.262313999999999992e-01
2.259669199999999878e-01
2.257035500000000028e-01
2.254412600000000044e-01
2.251800599999999875e-01
2.249199299999999901e-01
2.246608599999999900e-01
2.244028399999999923e-01
2.241458699999999971e-01
2.238899500000000042e-01
2.236350500000000019e-01
2.233811599999999953e-01
2.231282699999999897e-01
2.228764099999999970e-01
2.226255199999999934e-01
2.223756299999999908e-01
2.221267100000000050e-01
2.218787700000000029e-01
2.216317800000000005e-01
2.213857499999999923e-01
2.211406499999999942e-01
2.208964999999999956e-01
2.206532800000000072e-01
2.204109900000000011e-01
2.201695999999999931e-01
2.199291100000000110e-01
2.196895500000000112e-01
2.194508599999999976e-01
2.192130700000000099e-01
2.189761500000000083e-01
2.187401099999999876e-01
2.185049199999999914e-01
2.182706000000000091e-01
2.180371399999999904e-01
2.178045200000000015e-01
2.175727299999999920e-01
2.173417800000000122e-01
2.171116600000000119e-01
2.168823500000000015e-01
2.166538500000000089e-01
2.164261799999999958e-01
2.161992899999999884e-01
2.159732000000000041e-01
2.157479099999999872e-01
2.155233900000000091e-01
2.152996500000000091e-01
2.150766799999999923e-01
2.148544799999999866e-01
2.146330300000000024e-01
2.144123500000000015e-01
2.141924199999999945e-01
2.139732199999999918e-01
2.137547700000000106e-01
2.135370400000000113e-01
2.133200500000000110e-01
2.131037699999999979e-01
2.128882300000000116e-01
2.126733799999999952e-01
2.124592399999999937e-01
2.122458100000000070e-01
2.120330599999999954e-01
2.118210199999999988e-01
2.116096600000000050e-01
2.113989900000000088e-01
2.111889899999999931e-01
2.109796600000000133e-01
2.107710100000000086e-01
2.105630000000000002e-01
2.103556699999999946e-01
2.101489900000000077e-01
2.099429700000000065e-01
2.097375700000000120e-01
2.095328300000000032e-01
2.093287299999999906e-01
2.091252500000000125e-01
2.089224000000000081e-01
2.087201800000000051e-01
2.085185800000000089e-01
2.083175899999999969e-01
2.081172199999999917e-01
2.079174500000000037e-01
2.077182800000000051e-01
2.075197199999999909e-01
2.073217599999999938e-01
2.071243799999999968e-01
2.069275999999999893e-01
2.067313899999999871e-01
2.065357700000000074e-01
2.063407300000000000e-01
2.061462599999999978e-01
2.059523500000000062e-01
2.057590199999999869e-01
2.055662400000000112e-01
2.053740199999999905e-01
2.051823600000000081e-01
2.049912500000000137e-01
2.048007000000000022e-01
2.046106799999999892e-01
2.044212099999999921e-01
2.042322799999999883e-01
2.040438699999999883e-01
2.038560100000000042e-01
2.036686699999999961e-01
2.034818499999999919e-01
2.032955599999999863e-01
2.031097900000000123e-01
2.029245199999999971e-01
2.027397800000000083e-01
2.025555500000000009e-01
2.023718200000000078e-01
2.021885999999999961e-01
2.020058600000000093e-01
2.018236399999999986e-01
2.016419200000000023e-01
2.014606700000000084e-01
2.012799200000000011e-01
2.010996600000000134e-01
2.009198799999999951e-01
2.007405800000000018e-01
2.005617600000000056e-01
2.003834100000000118e-01
2.002055299999999927e-01
2.000281399999999932e-01
1.998512000000000066e-01
1.996747299999999947e-01
1.994987099999999958e-01
1.993231599999999992e-01
1.991480700000000104e-01
1.989734300000000067e-01
1.987992399999999882e-01
1.986255000000000104e-01
1.984521999999999953e-01
1.982793499999999931e-01
1.981069599999999986e-01
1.979349900000000051e-01
1.977634600000000020e-01
1.975923599999999947e-01
1.974217000000000055e-01
1.972514700000000121e-01
1.970816699999999866e-01
1.969122899999999898e-01
1.967433199999999993e-01
1.965747899999999992e-01
1.964066800000000002e-01
1.962389800000000073e-01
1.960716999999999877e-01
1.959048399999999968e-01
1.957383799999999896e-01
1.955723199999999939e-01
1.954066799999999993e-01
1.952414399999999883e-01
1.950765799999999994e-01
1.949121500000000062e-01
1.947481000000000073e-01
1.945844599999999869e-01
1.944211999999999885e-01
1.942583499999999963e-01
1.940958799999999984e-01
1.939337999999999895e-01
1.937720900000000079e-01
1.936107900000000048e-01
1.934498500000000065e-01
1.932893099999999920e-01
1.931291400000000047e-01
1.929693399999999892e-01
1.928099199999999958e-01
1.926508799999999966e-01
1.924922000000000022e-01
1.923339099999999968e-01
1.921759700000000015e-01
1.920183900000000110e-01
1.918611799999999923e-01
1.917043499999999956e-01
1.915478700000000090e-01
1.913917400000000046e-01
1.912359700000000051e-01
1.910805700000000051e-01
1.909255099999999927e-01
1.907707999999999904e-01
1.906164599999999876e-01
1.904624600000000001e-01
1.903088099999999949e-01
1.901554900000000103e-01
1.900025300000000028e-01
1.898499100000000106e-01
1.896976400000000007e-01
1.895457100000000061e-01
1.893941000000000097e-01
1.892428399999999955e-01
1.890919199999999967e-01
1.889413299999999907e-01
1.887910700000000053e-01
1.886411500000000074e-01
1.884915400000000130e-01
1.883422700000000061e-01
1.881933399999999867e-01
1.880447100000000038e-01
1.878964300000000032e-01
1.877484600000000059e-01
1.876008100000000067e-01
1.874534800000000057e-01
1.873064799999999974e-01
1.871597799999999978e-01
1.870133999999999963e-01
1.868673399999999929e-01
1.867215899999999928e-01
1.865761700000000134e-01
1.864310399999999923e-01
1.862862299999999971e-01
1.861417300000000052e-01
1.859975299999999943e-01
1.858536299999999919e-01
1.857100399999999929e-01
1.855667699999999920e-01
1.854237800000000103e-01
1.852811000000000041e-01
1.851387200000000066e-01
1.849966299999999952e-01
1.848548499999999872e-01
1.847133599999999931e-01
1.845721800000000024e-01
1.844312700000000083e-01
1.842906599999999950e-01
1.841503499999999904e-01
1.840103299999999997e-01
1.838705999999999952e-01
1.837311500000000097e-01
1.835919900000000105e-01
1.834531100000000026e-01
1.833145300000000033e-01
1.831762299999999954e-01
1.830382000000000120e-01
1.829004700000000094e-01
1.827630100000000035e-01
1.826258299999999890e-01
1.824889299999999936e-01
1.823523200000000122e-01
1.822159700000000049e-01
1.820799100000000115e-01
1.819441199999999870e-01
1.818085899999999921e-01
1.816733500000000112e-01
1.815383700000000045e-01
1.814036699999999891e-01
1.812692399999999981e-01
1.811350700000000091e-01
1.810011900000000062e-01
1.808675499999999881e-01
1.807341899999999890e-01
1.806010899999999919e-01
1.804682599999999915e-01
1.803356899999999929e-01
1.802033799999999963e-01
1.800713399999999964e-01
1.799395500000000037e-01
1.798080200000000128e-01
1.796767599999999909e-01
1.795457500000000040e-01
1.794149999999999912e-01
1.792845100000000080e-01
1.791542600000000096e-01
1.790242800000000079e-01
1.788945500000000133e-01
1.787650699999999981e-01
1.786358500000000127e-01
1.785068800000000067e-01
1.783781500000000131e-01
1.782496899999999884e-01
1.781214600000000092e-01
1.779934800000000095e-01
1.778657399999999944e-01
1.777382600000000090e-01
1.776110399999999978e-01
1.774840400000000096e-01
1.773572900000000008e-01
1.772307899999999992e-01
1.771045300000000100e-01
1.769785100000000055e-01
1.768527300000000135e-01
1.767271900000000062e-01
1.766019000000000061e-01
1.764768399999999959e-01
1.763520100000000035e-01
1.762274400000000130e-01
1.761030899999999899e-01
1.759789700000000123e-01
1.758550999999999864e-01
1.757314700000000007e-01
1.756080499999999878e-01
1.754848800000000097e-01
1.753619499999999887e-01
1.752392399999999906e-01
1.751167600000000102e-01
1.749945099999999920e-01
1.748724999999999863e-01
1.747507199999999983e-01
1.746291500000000108e-01
1.745078300000000027e-01
1.743867199999999951e-01
1.742658499999999999e-01
1.741451900000000053e-01
1.740247799999999900e-01
1.739045700000000083e-01
1.737846000000000113e-01
1.736648500000000095e-01
1.735453200000000029e-01
1.734260199999999863e-01
1.733069299999999979e-01
1.731880600000000048e-01
1.730694200000000016e-01
1.729509999999999936e-01
1.728327899999999862e-01
1.727148099999999964e-01
1.725970400000000071e-01
1.724795000000000078e-01
1.723621599999999865e-01
1.722450399999999882e-01
1.721281400000000128e-01
1.720114600000000049e-01
1.718949999999999922e-01
1.717787400000000131e-01
1.716626900000000067e-01
1.715468599999999955e-01
1.714312400000000125e-01
1.713158499999999917e-01
1.712006500000000098e-01
1.710856699999999952e-01
1.709709000000000090e-01
1.708563399999999954e-01
1.707419900000000101e-01
1.706278499999999976e-01
1.705139099999999908e-01
1.704001900000000069e-01
1.702866700000000011e-01
1.701733599999999957e-01
1.700602499999999961e-01
1.699473599999999918e-01
1.698346599999999984e-01
1.697221700000000055e-01
1.696098699999999959e-01
1.694978000000000040e-01
1.693859199999999954e-01
1.692742399999999925e-01
1.691627800000000126e-01
1.690514999999999934e-01
1.689404399999999973e-01
1.688295800000000069e-01
1.687189000000000050e-01
1.686084399999999983e-01
1.684981700000000027e-01
1.683881000000000128e-01
1.682782300000000009e-01
1.681685599999999947e-01
1.680590999999999891e-01
1.679498299999999944e-01
1.678407500000000108e-01
1.677318700000000051e-01
1.676231800000000105e-01
1.675146999999999886e-01
1.674064000000000108e-01
1.672983000000000109e-01
1.671903999999999890e-01
1.670826800000000112e-01
1.669751700000000061e-01
1.668678500000000120e-01
1.667607299999999959e-01
1.666537800000000014e-01
1.665470500000000020e-01
1.664404899999999965e-01
1.663341399999999914e-01
1.662279700000000027e-01
1.661219899999999972e-01
1.660161900000000079e-01
1.659105999999999914e-01
1.658051899999999912e-01
1.656999700000000020e-01
1.655949399999999960e-01
1.654900900000000064e-01
1.653854399999999947e-01
1.652809699999999993e-01
1.651766899999999871e-01
1.650726100000000085e-01
1.649686999999999959e-01
1.648649699999999996e-01
1.647614400000000090e-01
1.646581000000000017e-01
1.645549400000000106e-01
1.644519600000000081e-01
1.643491699999999889e-01
1.642465600000000137e-01
1.641441299999999992e-01
1.640418899999999958e-01
1.639398300000000086e-01
1.638379500000000100e-01
1.637362699999999893e-01
1.636347499999999955e-01
1.635334200000000127e-01
1.634322900000000078e-01
1.633313100000000073e-01
1.632305400000000073e-01
1.631299300000000063e-01
1.630295099999999886e-01
1.629292699999999872e-01
1.628292100000000020e-01
1.627293200000000106e-01
1.626296200000000025e-01
1.625300899999999882e-01
1.624307500000000126e-01
1.623315800000000031e-01
1.622325900000000098e-01
1.621337800000000051e-01
1.620351399999999942e-01
1.619366899999999942e-01
1.618384099999999881e-01
1.617403000000000035e-01
1.616423899999999969e-01
1.615446399999999894e-01
1.614470600000000033e-01
1.613496500000000111e-01
1.612524399999999969e-01
1.611553900000000095e-01
1.610585200000000106e-01
1.609618200000000054e-01
1.608652899999999941e-01
1.607689599999999885e-01
1.606727699999999925e-01
1.605767800000000023e-01
1.604809500000000111e-01
1.603853000000000084e-01
1.602898100000000048e-01
1.601944999999999897e-01
1.600993699999999909e-01
1.600044100000000136e-01
1.599096100000000076e-01
1.598150000000000126e-01
1.597205399999999942e-01
1.596262800000000093e-01
1.595321600000000062e-01
1.594382400000000088e-01
1.593444599999999933e-01
1.592508900000000061e-01
1.591574500000000059e-01
1.590641999999999889e-01
1.589711299999999883e-01
1.588782099999999919e-01
1.587854800000000066e-01
1.586928999999999979e-01
1.586004900000000106e-01
1.585082600000000119e-01
1.584162000000000070e-01
1.583243000000000011e-01
1.582325699999999891e-01
1.581410199999999933e-01
1.580496299999999965e-01
1.579583999999999988e-01
1.578673399999999949e-01
1.577764600000000073e-01
1.576857399999999909e-01
1.575951899999999961e-01
1.575048099999999951e-01
1.574145899999999931e-01
1.573245400000000127e-01
1.572346500000000036e-01
1.571449299999999882e-01
1.570553799999999944e-01
1.569659999999999944e-01
1.568767899999999882e-01
1.567877199999999915e-01
1.566988400000000059e-01
1.566101299999999863e-01
1.565215699999999988e-01
1.564331800000000050e-01
1.563449500000000103e-01
1.562569000000000041e-01
1.561690099999999970e-01
1.560812699999999942e-01
1.559937100000000076e-01
1.559063199999999871e-01
1.558190899999999934e-01
1.557320199999999988e-01
1.556451199999999979e-01
1.555583799999999961e-01
1.554717999999999933e-01
1.553853900000000121e-01
1.552991400000000022e-01
1.552130600000000138e-01
1.551271399999999967e-01
1.550413800000000064e-01
1.549557900000000099e-01
1.548703600000000125e-01
1.547851000000000088e-01
1.547000000000000042e-01
1.546150599999999986e-01
1.545302899999999868e-01
1.544456800000000019e-01
1.543612299999999882e-01
1.542769499999999960e-01
1.541928399999999977e-01
1.541088700000000089e-01
1.540250800000000087e-01
1.539414500000000074e-01
1.538579800000000053e-01
1.537746799999999969e-01
1.536915500000000101e-01
1.536085600000000051e-01
1.535257399999999939e-01
1.534430999999999989e-01
1.533606100000000083e-01
1.532782799999999890e-01
1.531961099999999965e-01
1.531141099999999977e-01
1.530322699999999980e-01
1.529505999999999921e-01
1.528690900000000130e-01
1.527877400000000052e-01
1.527065499999999965e-01
1.526255300000000092e-01
1.525446599999999986e-01
1.524639700000000042e-01
1.523834299999999864e-01
1.523030700000000126e-01
1.522228599999999876e-01
1.521428099999999894e-01
1.520629199999999903e-01
1.519832200000000022e-01
1.519036599999999959e-01
1.518242700000000112e-01
1.517450399999999977e-01
1.516659700000000111e-01
1.515870699999999904e-01
1.515083299999999966e-01
1.514297400000000071e-01
1.513513300000000061e-01
1.512730899999999989e-01
1.511949999999999961e-01
1.511170900000000095e-01
1.510393299999999994e-01
1.509617400000000109e-01
1.508842999999999990e-01
1.508070400000000033e-01
1.507299400000000067e-01
1.506530000000000091e-01
1.505762300000000053e-01
1.504996299999999954e-01
1.504232000000000069e-01
1.503469199999999950e-01
1.502708000000000099e-01
1.501948700000000081e-01
1.501190799999999881e-01
1.500434700000000121e-01
1.499680300000000022e-01
1.498927499999999913e-01
1.498176300000000072e-01
1.497426799999999891e-01
1.496678999999999926e-01
1.495932799999999951e-01
1.495188299999999915e-01
1.494445500000000093e-01
1.493704499999999880e-01
1.492964900000000039e-01
1.492227200000000031e-01
1.491491000000000067e-01
1.490756699999999935e-01
1.490023900000000123e-01
1.489292799999999972e-01
1.488563599999999931e-01
1.487835899999999933e-01
1.487110000000000098e-01
1.486385799999999924e-01
1.485663200000000017e-01
1.484942300000000048e-01
1.484223199999999965e-01
1.483505800000000097e-01
1.482790099999999889e-01
1.482076200000000121e-01
1.481363900000000067e-01
1.480653299999999950e-01
1.479944599999999943e-01
1.479237499999999927e-01
1.478532300000000022e-01
1.477828599999999881e-01
1.477126800000000129e-01
1.476426700000000036e-01
1.475728500000000054e-01
1.475031800000000115e-01
1.474337000000000009e-01
1.473644100000000012e-01
1.472952800000000007e-01
1.472263299999999886e-01
1.471575599999999928e-01
1.470889700000000133e-01
1.470205599999999946e-01
1.469523299999999921e-01
1.468842800000000060e-01
1.468164200000000030e-01
1.467487199999999992e-01
1.466812200000000010e-01
1.466138999999999915e-01
1.465467500000000034e-01
1.464797999999999933e-01
1.464130299999999996e-01
1.463464499999999890e-01
1.462800499999999948e-01
1.462138400000000116e-01
1.461478200000000116e-01
1.460819800000000002e-01
1.460163399999999945e-01
1.459508800000000051e-01
1.458856199999999936e-01
1.458205399999999985e-01
1.457556600000000091e-01
1.456909799999999977e-01
1.456264899999999973e-01
1.455621900000000080e-01
1.454980800000000019e-01
1.454341899999999910e-01
1.453704700000000016e-01
1.453069600000000128e-01
1.452436599999999967e-01
1.451805499999999916e-01
1.451176399999999922e-01
1.450549399999999933e-01
1.449924400000000002e-01
1.449301500000000076e-01
1.448680800000000102e-01
1.448061900000000013e-01
1.447445199999999876e-01
1.446830600000000022e-01
1.446218200000000120e-01
1.445607799999999998e-01
1.444999700000000054e-01
1.444393700000000114e-01
1.443789799999999901e-01
1.443188199999999866e-01
1.442588700000000113e-01
1.441991499999999982e-01
1.441396500000000080e-01
1.440803700000000132e-01
1.440213300000000030e-01
1.439625200000000105e-01
1.439039300000000132e-01
1.438455700000000059e-01
1.437874600000000058e-01
1.437295799999999957e-01
1.436719399999999980e-01
1.436145299999999903e-01
1.435573800000000122e-01
1.435004599999999964e-01
1.434438100000000049e-01
1.433873900000000035e-01
1.433312300000000039e-01
1.432753400000000010e-01
1.432196799999999881e-01
1.431642899999999996e-01
1.431091700000000078e-01
1.430543200000000126e-01
1.429997399999999863e-01
1.429454199999999897e-01
1.428913900000000070e-01
1.428376299999999932e-01
1.427841599999999933e-01
1.427309800000000073e-01
1.426780800000000127e-01
1.426254799999999989e-01
1.425731799999999938e-01
1.425211700000000026e-01
1.424694800000000094e-01
1.424180999999999919e-01
1.423670400000000003e-01
1.423163000000000067e-01
1.422658699999999887e-01
1.422157900000000086e-01
1.421660299999999988e-01
1.421166199999999991e-01
1.420675700000000041e-01
1.420188500000000020e-01
1.419705199999999889e-01
1.419225299999999912e-01
1.418749400000000049e-01
1.418277199999999905e-01
1.417808999999999875e-01
1.417344700000000013e-01
1.416884399999999988e-01
1.416428200000000026e-01
1.415976399999999968e-01
1.415529000000000093e-01
1.415085899999999897e-01
1.414647400000000055e-01
1.414213599999999960e-01
1.413784600000000113e-01
1.413360499999999909e-01
1.412941699999999967e-01
1.412527899999999892e-01
1.412119400000000080e-01
1.411716500000000096e-01
1.411319199999999940e-01
1.410927899999999957e-01
1.410542700000000094e-01
1.410163799999999967e-01
1.409791400000000028e-01
1.409425699999999892e-01
1.409067099999999906e-01
1.408715700000000015e-01
1.408371900000000010e-01
1.408036099999999957e-01
1.407708400000000082e-01
1.407389500000000016e-01
1.407079699999999878e-01
1.406779400000000013e-01
1.406489200000000106e-01
1.406209599999999893e-01
1.405941099999999944e-01
1.405684600000000062e-01
1.405440699999999932e-01
1.405210299999999912e-01
1.404994400000000032e-01
1.404794199999999937e-01
1.404610400000000092e-01
1.404444999999999999e-01
1.404299400000000031e-01
1.404175599999999968e-01
1.404075599999999868e-01
1.404002299999999870e-01
1.403958600000000112e-01
1.403948799999999997e-01
1.403977399999999931e-01
1.404050699999999929e-01
1.404176400000000102e-01
1.404364899999999972e-01
1.404630199999999940e-01
1.404992800000000042e-01
1.405482000000000120e-01
1.406145199999999928e-01
1.407062900000000116e-01
1.408387100000000058e-01
1.410447400000000018e-01
1.414082799999999973e-01
1.422031199999999884e-01
