1.094000000000000000e+03
0.000000000000000000e+00
2.186000100000000046e+01
1.347895600000000027e-01
1.404756000000000060e-01
1.546227300000000138e-01
1.790551499999999963e-01
2.089578400000000058e-01
2.390310900000000016e-01
2.666412300000000069e-01
2.908259300000000103e-01
3.113421800000000239e-01
3.282925500000000163e-01
3.419809600000000005e-01
3.528260899999999811e-01
3.612912899999999872e-01
3.678295599999999999e-01
3.728475299999999826e-01
3.766876800000000247e-01
3.796252299999999802e-01
3.818736699999999984e-01
3.835943600000000231e-01
3.849073399999999867e-01
3.859008600000000122e-01
3.866384600000000171e-01
3.871613700000000047e-01
3.874919700000000189e-01
3.876613999999999893e-01
3.877112300000000178e-01
3.876703400000000022e-01
3.875539900000000149e-01
3.873657600000000034e-01
3.870955699999999999e-01
3.867203599999999852e-01
3.862116899999999964e-01
3.855477299999999774e-01
3.847214899999999993e-01
3.837414699999999734e-01
3.826264400000000121e-01
3.813992999999999967e-01
3.800825500000000190e-01
3.786960200000000221e-01
3.772563600000000128e-01
3.757769200000000143e-01
3.742684099999999958e-01
3.727394299999999827e-01
3.711966899999999958e-01
3.696456000000000186e-01
3.680905099999999819e-01
3.665349800000000102e-01
3.649818000000000229e-01
3.634333599999999831e-01
3.618915999999999800e-01
3.603580599999999801e-01
3.588341199999999787e-01
3.573208500000000232e-01
3.558191700000000179e-01
3.543298799999999860e-01
3.528535999999999895e-01
3.513908399999999821e-01
3.499420599999999992e-01
3.485076100000000232e-01
3.470878000000000019e-01
3.456828000000000123e-01
3.442928499999999836e-01
3.429180099999999953e-01
3.415584300000000240e-01
3.402141000000000193e-01
3.388850999999999947e-01
3.375713499999999923e-01
3.362728700000000015e-01
3.349895800000000090e-01
3.337213700000000172e-01
3.324682099999999862e-01
3.312299499999999952e-01
3.300064799999999909e-01
3.287976400000000021e-01
3.276033400000000206e-01
3.264233500000000010e-01
3.252575699999999959e-01
3.241057999999999995e-01
3.229678899999999797e-01
3.218436199999999969e-01
3.207328899999999927e-01
3.196354200000000034e-01
3.185510899999999812e-01
3.174796999999999758e-01
3.164210299999999920e-01
3.153749100000000083e-01
3.143411600000000083e-01
3.133195899999999812e-01
3.123100100000000268e-01
3.113121999999999834e-01
3.103260099999999855e-01
3.093512700000000115e-01
3.083877300000000266e-01
3.074352699999999827e-01
3.064936699999999958e-01
3.055627899999999730e-01
3.046424099999999746e-01
3.037324000000000135e-01
3.028325700000000231e-01
3.019427399999999873e-01
3.010627599999999848e-01
3.001924799999999838e-01
2.993316899999999836e-01
2.984802699999999920e-01
2.976380599999999821e-01
2.968048999999999826e-01
2.959806300000000223e-01
2.951651499999999873e-01
2.943582499999999880e-01
2.935598200000000269e-01
2.927697300000000058e-01
2.919878399999999985e-01
2.912139599999999939e-01
2.904480400000000184e-01
2.896899299999999844e-01
2.889394499999999866e-01
2.881965300000000063e-01
2.874610100000000168e-01
2.867328199999999994e-01
2.860117899999999880e-01
2.852978400000000248e-01
2.845908400000000116e-01
2.838906600000000169e-01
2.831972200000000273e-01
2.825104299999999791e-01
2.818301300000000120e-01
2.811562699999999859e-01
2.804887300000000194e-01
2.798274199999999934e-01
2.791722099999999762e-01
2.785230300000000048e-01
2.778797700000000259e-01
2.772423900000000052e-01
2.766107300000000269e-01
2.759847599999999956e-01
2.753643700000000250e-01
2.747494600000000009e-01
2.741399700000000106e-01
2.735358199999999851e-01
2.729369099999999770e-01
2.723431599999999730e-01
2.717545299999999941e-01
2.711709099999999872e-01
2.705922399999999839e-01
2.700184600000000157e-01
2.694495000000000084e-01
2.688852500000000201e-01
2.683256600000000214e-01
2.677706799999999832e-01
2.672202300000000030e-01
2.666742500000000016e-01
2.661326800000000103e-01
2.655954700000000002e-01
2.650625400000000131e-01
2.645338199999999751e-01
2.640092700000000181e-01
2.634888000000000230e-01
2.629724099999999898e-01
2.624600200000000161e-01
2.619515700000000225e-01
2.614469799999999955e-01
2.609462399999999960e-01
2.604492600000000158e-01
2.599560300000000046e-01
2.594664700000000046e-01
2.589805700000000210e-01
2.584982200000000008e-01
2.580194199999999993e-01
2.575440999999999980e-01
2.570722400000000074e-01
2.566037500000000193e-01
2.561386500000000233e-01
2.556768400000000163e-01
2.552183000000000090e-01
2.547629800000000277e-01
2.543108499999999772e-01
2.538618699999999895e-01
2.534159699999999904e-01
2.529731700000000250e-01
2.525333799999999740e-01
2.520965600000000251e-01
2.516627300000000012e-01
2.512317900000000104e-01
2.508037399999999972e-01
2.503785199999999933e-01
2.499561200000000039e-01
2.495364999999999944e-01
2.491196099999999913e-01
2.487054200000000104e-01
2.482939200000000013e-01
2.478850499999999957e-01
2.474787999999999988e-01
2.470751300000000039e-01
2.466740000000000044e-01
2.462754000000000054e-01
2.458792800000000056e-01
2.454856300000000102e-01
2.450943999999999900e-01
2.447055900000000006e-01
2.443191600000000074e-01
2.439350499999999866e-01
2.435532800000000109e-01
2.431738099999999903e-01
2.427966000000000013e-01
2.424216299999999991e-01
2.420488899999999888e-01
2.416783299999999968e-01
2.413099400000000005e-01
2.409437000000000106e-01
2.405795799999999873e-01
2.402175500000000019e-01
2.398576000000000041e-01
2.394997000000000098e-01
2.391438300000000017e-01
2.387899800000000128e-01
2.384380799999999967e-01
2.380881800000000104e-01
2.377402000000000126e-01
2.373941400000000035e-01
2.370500000000000107e-01
2.367077200000000103e-01
2.363673199999999919e-01
2.360287500000000094e-01
2.356919899999999901e-01
2.353570500000000121e-01
2.350238900000000131e-01
2.346924999999999983e-01
2.343628399999999889e-01
2.340349300000000021e-01
2.337087200000000087e-01
2.333842100000000086e-01
2.330613699999999899e-01
2.327401900000000134e-01
2.324206500000000064e-01
2.321027499999999966e-01
2.317864400000000102e-01
2.314717500000000039e-01
2.311586099999999866e-01
2.308470499999999981e-01
2.305370300000000039e-01
2.302285400000000093e-01
2.299215799999999865e-01
2.296161100000000121e-01
2.293121200000000082e-01
2.290096100000000023e-01
2.287085699999999999e-01
2.284089599999999942e-01
2.281107900000000077e-01
2.278140300000000007e-01
2.275186800000000009e-01
2.272247099999999964e-01
2.269321199999999872e-01
2.266409000000000062e-01
2.263510200000000139e-01
2.260624900000000048e-01
2.257752899999999896e-01
2.254893900000000118e-01
2.252048100000000053e-01
2.249215099999999912e-01
2.246394800000000025e-01
2.243587200000000115e-01
2.240792199999999956e-01
2.238009599999999932e-01
2.235239300000000096e-01
2.232481199999999943e-01
2.229735300000000031e-01
2.227001299999999961e-01
2.224279200000000012e-01
2.221568999999999905e-01
2.218870400000000076e-01
2.216183200000000075e-01
2.213507600000000075e-01
2.210843399999999903e-01
2.208190600000000114e-01
2.205548699999999862e-01
2.202918100000000046e-01
2.200298300000000096e-01
2.197689399999999960e-01
2.195091399999999915e-01
2.192504100000000067e-01
2.189927399999999913e-01
2.187361100000000114e-01
2.184805400000000009e-01
2.182260000000000033e-01
2.179724899999999910e-01
2.177199900000000021e-01
2.174684899999999865e-01
2.172179999999999944e-01
2.169685100000000033e-01
2.167199900000000012e-01
2.164724500000000107e-01
2.162258800000000092e-01
2.159802600000000072e-01
2.157355999999999996e-01
2.154918899999999915e-01
2.152491099999999935e-01
2.150072600000000056e-01
2.147663400000000000e-01
2.145263299999999873e-01
2.142872200000000005e-01
2.140490100000000118e-01
2.138116999999999934e-01
2.135752700000000115e-01
2.133397200000000105e-01
2.131050399999999956e-01
2.128712399999999894e-01
2.126382900000000076e-01
2.124061899999999947e-01
2.121749199999999891e-01
2.119445100000000026e-01
2.117149200000000009e-01
2.114861799999999958e-01
2.112582299999999913e-01
2.110311099999999940e-01
2.108047899999999919e-01
2.105792800000000076e-01
2.103545500000000013e-01
2.101306300000000127e-01
2.099074900000000021e-01
2.096851200000000026e-01
2.094635099999999917e-01
2.092426900000000090e-01
2.090226099999999976e-01
2.088032999999999972e-01
2.085847299999999960e-01
2.083669200000000110e-01
2.081498200000000132e-01
2.079334899999999986e-01
2.077178500000000094e-01
2.075029599999999863e-01
2.072887700000000111e-01
2.070753100000000124e-01
2.068625500000000061e-01
2.066504999999999870e-01
2.064391399999999932e-01
2.062284600000000023e-01
2.060184899999999986e-01
2.058091900000000030e-01
2.056005700000000103e-01
2.053926299999999927e-01
2.051853499999999886e-01
2.049787499999999874e-01
2.047727900000000101e-01
2.045674899999999907e-01
2.043628500000000126e-01
2.041588599999999976e-01
2.039555000000000118e-01
2.037527899999999892e-01
2.035507000000000011e-01
2.033492299999999919e-01
2.031484100000000015e-01
2.029481999999999953e-01
2.027486099999999958e-01
2.025496200000000135e-01
2.023512600000000050e-01
2.021534899999999912e-01
2.019563199999999947e-01
2.017597600000000102e-01
2.015637799999999979e-01
2.013683900000000082e-01
2.011735900000000132e-01
2.009793699999999905e-01
2.007857299999999956e-01
2.005926500000000112e-01
2.004001599999999939e-01
2.002082299999999870e-01
2.000168599999999908e-01
1.998260500000000051e-01
1.996358000000000021e-01
1.994460999999999873e-01
1.992569600000000107e-01
1.990683500000000050e-01
1.988802899999999874e-01
1.986927699999999908e-01
1.985057699999999981e-01
1.983193299999999881e-01
1.981334100000000098e-01
1.979480100000000076e-01
1.977631300000000092e-01
1.975787699999999869e-01
1.973949399999999910e-01
1.972116100000000094e-01
1.970288000000000039e-01
1.968464900000000128e-01
1.966646900000000031e-01
1.964833900000000078e-01
1.963025899999999990e-01
1.961222900000000047e-01
1.959424600000000127e-01
1.957631400000000021e-01
1.955843100000000112e-01
1.954059599999999897e-01
1.952280799999999983e-01
1.950506899999999988e-01
1.948737799999999964e-01
1.946973399999999965e-01
1.945213500000000095e-01
1.943458600000000092e-01
1.941708199999999940e-01
1.939962399999999865e-01
1.938221199999999866e-01
1.936484599999999945e-01
1.934752600000000100e-01
1.933024999999999882e-01
1.931302000000000019e-01
1.929583400000000060e-01
1.927869299999999952e-01
1.926159699999999975e-01
1.924454399999999954e-01
1.922753500000000115e-01
1.921056999999999904e-01
1.919364600000000032e-01
1.917676799999999959e-01
1.915993099999999949e-01
1.914313699999999896e-01
1.912638500000000130e-01
1.910967699999999991e-01
1.909300999999999915e-01
1.907638299999999953e-01
1.905979999999999897e-01
1.904325600000000007e-01
1.902675500000000075e-01
1.901029300000000033e-01
1.899387399999999948e-01
1.897749300000000083e-01
1.896115399999999951e-01
1.894485499999999933e-01
1.892859500000000084e-01
1.891237299999999899e-01
1.889619399999999949e-01
1.888005100000000047e-01
1.886394899999999930e-01
1.884788400000000086e-01
1.883186000000000027e-01
1.881587399999999910e-01
1.879992500000000066e-01
1.878401299999999940e-01
1.876814099999999930e-01
1.875230499999999967e-01
1.873650799999999894e-01
1.872074800000000094e-01
1.870502500000000012e-01
1.868933899999999926e-01
1.867369000000000112e-01
1.865807600000000122e-01
1.864250000000000074e-01
1.862696000000000074e-01
1.861145600000000122e-01
1.859598799999999941e-01
1.858055399999999913e-01
1.856515900000000052e-01
1.854979700000000120e-01
1.853447000000000011e-01
1.851917999999999898e-01
1.850392200000000043e-01
1.848870099999999905e-01
1.847351299999999974e-01
1.845836200000000038e-01
1.844324300000000083e-01
1.842815899999999951e-01
1.841310899999999973e-01
1.839809299999999870e-01
1.838310999999999973e-01
1.836815900000000057e-01
1.835324299999999964e-01
1.833836100000000024e-01
1.832351100000000066e-01
1.830869499999999983e-01
1.829391099999999881e-01
1.827915900000000038e-01
1.826444000000000123e-01
1.824975299999999911e-01
1.823509899999999906e-01
1.822047699999999881e-01
1.820588599999999890e-01
1.819132699999999880e-01
1.817680000000000129e-01
1.816230600000000028e-01
1.814784100000000067e-01
1.813340800000000086e-01
1.811900599999999861e-01
1.810463499999999948e-01
1.809029600000000015e-01
1.807598599999999944e-01
1.806170800000000132e-01
1.804745899999999903e-01
1.803324099999999985e-01
1.801905299999999877e-01
1.800489600000000079e-01
1.799076799999999865e-01
1.797667099999999962e-01
1.796260299999999921e-01
1.794856499999999966e-01
1.793455599999999872e-01
1.792057599999999917e-01
1.790662600000000049e-01
1.789270500000000041e-01
1.787881299999999896e-01
1.786494999999999889e-01
1.785111400000000126e-01
1.783731000000000066e-01
1.782353200000000026e-01
1.780978300000000125e-01
1.779606300000000085e-01
1.778237099999999959e-01
1.776870600000000078e-01
1.775507000000000057e-01
1.774146299999999898e-01
1.772788299999999984e-01
1.771433099999999983e-01
1.770080500000000001e-01
1.768730699999999934e-01
1.767383800000000005e-01
1.766039399999999870e-01
1.764697899999999875e-01
1.763358999999999899e-01
1.762023000000000061e-01
1.760689500000000018e-01
1.759358599999999995e-01
1.758030499999999885e-01
1.756705000000000072e-01
1.755382299999999896e-01
1.754062000000000121e-01
1.752744599999999930e-01
1.751429599999999864e-01
1.750117399999999990e-01
1.748807599999999962e-01
1.747500399999999954e-01
1.746196000000000137e-01
1.744894100000000114e-01
1.743594699999999886e-01
1.742297899999999955e-01
1.741003499999999871e-01
1.739711800000000030e-01
1.738422500000000037e-01
1.737135900000000011e-01
1.735851800000000056e-01
1.734570000000000001e-01
1.733290899999999912e-01
1.732014100000000001e-01
1.730739900000000109e-01
1.729468299999999958e-01
1.728198999999999985e-01
1.726932100000000136e-01
1.725667700000000082e-01
1.724405699999999875e-01
1.723146299999999964e-01
1.721889100000000006e-01
1.720634400000000119e-01
1.719382299999999975e-01
1.718132300000000112e-01
1.716884800000000044e-01
1.715639700000000101e-01
1.714397099999999952e-01
1.713156700000000032e-01
1.711918699999999960e-01
1.710683000000000065e-01
1.709449700000000016e-01
1.708218800000000093e-01
1.706989999999999896e-01
1.705763799999999997e-01
1.704539800000000049e-01
1.703318100000000002e-01
1.702098700000000131e-01
1.700881599999999882e-01
1.699666699999999864e-01
1.698454199999999970e-01
1.697243900000000028e-01
1.696035999999999933e-01
1.694830200000000120e-01
1.693626599999999982e-01
1.692425499999999916e-01
1.691226500000000132e-01
1.690029700000000024e-01
1.688835200000000092e-01
1.687642799999999887e-01
1.686452599999999913e-01
1.685264900000000010e-01
1.684078999999999993e-01
1.682895600000000047e-01
1.681714199999999881e-01
1.680535099999999893e-01
1.679357999999999962e-01
1.678183199999999931e-01
1.677010700000000076e-01
1.675840200000000002e-01
1.674671799999999933e-01
1.673505600000000093e-01
1.672341499999999981e-01
1.671179499999999873e-01
1.670019799999999943e-01
1.668862000000000123e-01
1.667706399999999978e-01
1.666552900000000115e-01
1.665401599999999926e-01
1.664252300000000073e-01
1.663105000000000000e-01
1.661959899999999879e-01
1.660816999999999988e-01
1.659675999999999929e-01
1.658537099999999875e-01
1.657400300000000104e-01
1.656265399999999888e-01
1.655132800000000126e-01
1.654002099999999920e-01
1.652873300000000101e-01
1.651746799999999904e-01
1.650622200000000095e-01
1.649499500000000118e-01
1.648379100000000042e-01
1.647260500000000127e-01
1.646143899999999993e-01
1.645029500000000089e-01
1.643917000000000017e-01
1.642806400000000056e-01
1.641697900000000099e-01
1.640591299999999975e-01
1.639486699999999908e-01
1.638384200000000124e-01
1.637283400000000000e-01
1.636184800000000106e-01
1.635088000000000097e-01
1.633993199999999868e-01
1.632900399999999974e-01
1.631809600000000138e-01
1.630720599999999909e-01
1.629633600000000015e-01
1.628548499999999954e-01
1.627465300000000004e-01
1.626384100000000110e-01
1.625304800000000049e-01
1.624227299999999874e-01
1.623151700000000086e-01
1.622078299999999973e-01
1.621006399999999903e-01
1.619936700000000063e-01
1.618868699999999883e-01
1.617802700000000038e-01
1.616738400000000131e-01
1.615676100000000004e-01
1.614615799999999934e-01
1.613557200000000080e-01
1.612500400000000111e-01
1.611445699999999870e-01
1.610392599999999896e-01
1.609341499999999980e-01
1.608292199999999950e-01
1.607244800000000029e-01
1.606199100000000046e-01
1.605155299999999896e-01
1.604113299999999909e-01
1.603073200000000031e-01
1.602034900000000039e-01
1.600998299999999985e-01
1.599963600000000041e-01
1.598930799999999930e-01
1.597899600000000087e-01
1.596870400000000023e-01
1.595843000000000123e-01
1.594817199999999935e-01
1.593793300000000135e-01
1.592771299999999890e-01
1.591751000000000138e-01
1.590732300000000099e-01
1.589715600000000117e-01
1.588700600000000074e-01
1.587687299999999968e-01
1.586675800000000025e-01
1.585666099999999967e-01
1.584658200000000072e-01
1.583651899999999890e-01
1.582647399999999871e-01
1.581644700000000014e-01
1.580643800000000043e-01
1.579644500000000062e-01
1.578646999999999967e-01
1.577651200000000087e-01
1.576657099999999867e-01
1.575664900000000035e-01
1.574674199999999968e-01
1.573685400000000012e-01
1.572698200000000046e-01
1.571712799999999965e-01
1.570728999999999875e-01
1.569746999999999948e-01
1.568766699999999958e-01
1.567787999999999959e-01
1.566811100000000123e-01
1.565835800000000000e-01
1.564862300000000039e-01
1.563890400000000069e-01
1.562920200000000037e-01
1.561951599999999996e-01
1.560984800000000117e-01
1.560019699999999898e-01
1.559056199999999948e-01
1.558094299999999988e-01
1.557134099999999965e-01
1.556175599999999881e-01
1.555218800000000012e-01
1.554263499999999909e-01
1.553309999999999969e-01
1.552358100000000019e-01
1.551407900000000006e-01
1.550459399999999932e-01
1.549512399999999901e-01
1.548567100000000085e-01
1.547623399999999982e-01
1.546681400000000095e-01
1.545740999999999921e-01
1.544802200000000014e-01
1.543864899999999873e-01
1.542929399999999895e-01
1.541995600000000133e-01
1.541063199999999911e-01
1.540132499999999904e-01
1.539203399999999888e-01
1.538275899999999863e-01
1.537350100000000053e-01
1.536425800000000008e-01
1.535503099999999954e-01
1.534582100000000116e-01
1.533662699999999990e-01
1.532744799999999907e-01
1.531828500000000093e-01
1.530913700000000044e-01
1.530000699999999880e-01
1.529089200000000037e-01
1.528179199999999960e-01
1.527270799999999873e-01
1.526364100000000001e-01
1.525458799999999948e-01
1.524555200000000110e-01
1.523653100000000038e-01
1.522752599999999956e-01
1.521853699999999865e-01
1.520956300000000094e-01
1.520060599999999984e-01
1.519166200000000022e-01
1.518273699999999893e-01
1.517382399999999965e-01
1.516492799999999974e-01
1.515604899999999922e-01
1.514718399999999965e-01
1.513833400000000051e-01
1.512949899999999903e-01
1.512068099999999971e-01
1.511187900000000028e-01
1.510308999999999957e-01
1.509431699999999876e-01
1.508556000000000064e-01
1.507681899999999964e-01
1.506809299999999907e-01
1.505938199999999894e-01
1.505068499999999976e-01
1.504200400000000049e-01
1.503333900000000112e-01
1.502468899999999941e-01
1.501605400000000090e-01
1.500743300000000058e-01
1.499882899999999963e-01
1.499023899999999965e-01
1.498166499999999957e-01
1.497310500000000044e-01
1.496456100000000122e-01
1.495603199999999966e-01
1.494751699999999905e-01
1.493901800000000113e-01
1.493053300000000139e-01
1.492206500000000102e-01
1.491360999999999937e-01
1.490517100000000039e-01
1.489674599999999960e-01
1.488833599999999924e-01
1.487994199999999878e-01
1.487156199999999928e-01
1.486319799999999969e-01
1.485484699999999880e-01
1.484651300000000007e-01
1.483819200000000005e-01
1.482988600000000046e-01
1.482159600000000077e-01
1.481331999999999927e-01
1.480505900000000097e-01
1.479681300000000033e-01
1.478858100000000064e-01
1.478036500000000086e-01
1.477216199999999979e-01
1.476397499999999863e-01
1.475580200000000120e-01
1.474764299999999917e-01
1.473950099999999930e-01
1.473137099999999866e-01
1.472325800000000018e-01
1.471515899999999988e-01
1.470707400000000054e-01
1.469900299999999937e-01
1.469094800000000089e-01
1.468290700000000060e-01
1.467488100000000073e-01
1.466686899999999905e-01
1.465887100000000109e-01
1.465088900000000027e-01
1.464292100000000041e-01
1.463496699999999873e-01
1.462702800000000025e-01
1.461910299999999996e-01
1.461119200000000062e-01
1.460329700000000119e-01
1.459541599999999995e-01
1.458754800000000018e-01
1.457969699999999980e-01
1.457185900000000089e-01
1.456403400000000070e-01
1.455622599999999989e-01
1.454843100000000056e-01
1.454065099999999888e-01
1.453288500000000094e-01
1.452513300000000118e-01
1.451739700000000133e-01
1.450967499999999966e-01
1.450196699999999894e-01
1.449427199999999971e-01
1.448659300000000039e-01
1.447892799999999924e-01
1.447127599999999958e-01
1.446364099999999930e-01
1.445601900000000051e-01
1.444841000000000042e-01
1.444081700000000024e-01
1.443323800000000101e-01
1.442567299999999997e-01
1.441812199999999988e-01
1.441058699999999970e-01
1.440306500000000101e-01
1.439555700000000049e-01
1.438806400000000041e-01
1.438058500000000128e-01
1.437311900000000087e-01
1.436566999999999983e-01
1.435823300000000080e-01
1.435081199999999890e-01
1.434340299999999901e-01
1.433601100000000128e-01
1.432863199999999948e-01
1.432126800000000089e-01
1.431391700000000100e-01
1.430658099999999877e-01
1.429925900000000027e-01
1.429195099999999996e-01
1.428465700000000060e-01
1.427737799999999890e-01
1.427011300000000094e-01
1.426286300000000062e-01
1.425562599999999902e-01
1.424840500000000010e-01
1.424119799999999936e-01
1.423400300000000063e-01
1.422682399999999903e-01
1.421966000000000063e-01
1.421251000000000042e-01
1.420537400000000117e-01
1.419825100000000062e-01
1.419114300000000051e-01
1.418405000000000082e-01
1.417697099999999932e-01
1.416990599999999878e-01
1.416285599999999867e-01
1.415581999999999951e-01
1.414879900000000079e-01
1.414179100000000078e-01
1.413479699999999895e-01
1.412781899999999979e-01
1.412085399999999935e-01
1.411390499999999881e-01
1.410696800000000029e-01
1.410004800000000114e-01
1.409314000000000122e-01
1.408624800000000121e-01
1.407936999999999939e-01
1.407250600000000129e-01
1.406565600000000138e-01
1.405882200000000137e-01
1.405200199999999955e-01
1.404519499999999921e-01
1.403840299999999930e-01
1.403162599999999982e-01
1.402486400000000077e-01
1.401811500000000044e-01
1.401138299999999948e-01
1.400466400000000000e-01
1.399795899999999871e-01
1.399126900000000062e-01
1.398459400000000019e-01
1.397793300000000072e-01
1.397128699999999890e-01
1.396465500000000082e-01
1.395803800000000039e-01
1.395143600000000039e-01
1.394484800000000135e-01
1.393827499999999997e-01
1.393171699999999902e-01
1.392517400000000127e-01
1.391864399999999946e-01
1.391213099999999980e-01
1.390563099999999885e-01
1.389914600000000111e-01
1.389267700000000050e-01
1.388622200000000084e-01
1.387978199999999884e-01
1.387335700000000005e-01
1.386694599999999944e-01
1.386055200000000098e-01
1.385417100000000123e-01
1.384780599999999862e-01
1.384145599999999920e-01
1.383512000000000075e-01
1.382880099999999890e-01
1.382249399999999906e-01
1.381620500000000085e-01
1.380993000000000082e-01
1.380367100000000069e-01
1.379742599999999875e-01
1.379119799999999896e-01
1.378498400000000013e-01
1.377878499999999895e-01
1.377260200000000046e-01
1.376643300000000014e-01
1.376028199999999868e-01
1.375414399999999870e-01
1.374802300000000088e-01
1.374191800000000019e-01
1.373582799999999993e-01
1.372975300000000010e-01
1.372369400000000017e-01
1.371765000000000068e-01
1.371162200000000109e-01
1.370561100000000088e-01
1.369961500000000110e-01
1.369363500000000122e-01
1.368766999999999900e-01
1.368172199999999894e-01
1.367578999999999878e-01
1.366987400000000130e-01
1.366397400000000095e-01
1.365809000000000051e-01
1.365222299999999944e-01
1.364637200000000106e-01
1.364053600000000033e-01
1.363471699999999898e-01
1.362891599999999925e-01
1.362312999999999996e-01
1.361736199999999952e-01
1.361160899999999951e-01
1.360587299999999888e-01
1.360015400000000041e-01
1.359445300000000079e-01
1.358876800000000107e-01
1.358310000000000073e-01
1.357744899999999977e-01
1.357181500000000096e-01
1.356619900000000101e-01
1.356059900000000096e-01
1.355501699999999976e-01
1.354945300000000019e-01
1.354390500000000053e-01
1.353837699999999866e-01
1.353286499999999948e-01
1.352737099999999915e-01
1.352189500000000044e-01
1.351643700000000059e-01
1.351099799999999906e-01
1.350557500000000022e-01
1.350017199999999917e-01
1.349478699999999975e-01
1.348942099999999866e-01
1.348407299999999920e-01
1.347874400000000084e-01
1.347343300000000132e-01
1.346814199999999961e-01
1.346286999999999900e-01
1.345761699999999950e-01
1.345238199999999884e-01
1.344716800000000101e-01
1.344197400000000098e-01
1.343679899999999927e-01
1.343164400000000092e-01
1.342650900000000036e-01
1.342139400000000038e-01
1.341629900000000097e-01
1.341122499999999884e-01
1.340617199999999953e-01
1.340113900000000080e-01
1.339612799999999881e-01
1.339113700000000018e-01
1.338616800000000107e-01
1.338121999999999923e-01
1.337629399999999968e-01
1.337138999999999966e-01
1.336650799999999917e-01
1.336164900000000044e-01
1.335681200000000124e-01
1.335199800000000103e-01
1.334720699999999982e-01
1.334243900000000038e-01
1.333769399999999994e-01
1.333297300000000074e-01
1.332827699999999949e-01
1.332360400000000000e-01
1.331895600000000124e-01
1.331433200000000094e-01
1.330973400000000084e-01
1.330515999999999921e-01
1.330061399999999949e-01
1.329609300000000049e-01
1.329159699999999944e-01
1.328712999999999977e-01
1.328268900000000030e-01
1.327827599999999997e-01
1.327388999999999930e-01
1.326953300000000002e-01
1.326520399999999988e-01
1.326090400000000114e-01
1.325663499999999995e-01
1.325239500000000015e-01
1.324818600000000068e-01
1.324400599999999983e-01
1.323986099999999999e-01
1.323574499999999876e-01
1.323166299999999906e-01
1.322761299999999918e-01
1.322359899999999977e-01
1.321961899999999912e-01
1.321567300000000000e-01
1.321176300000000137e-01
1.320788999999999991e-01
1.320405500000000065e-01
1.320025800000000082e-01
1.319649999999999990e-01
1.319278200000000012e-01
1.318910399999999872e-01
1.318546800000000019e-01
1.318187700000000018e-01
1.317832800000000026e-01
1.317482399999999887e-01
1.317136899999999944e-01
1.316795900000000130e-01
1.316459899999999905e-01
1.316129000000000049e-01
1.315803200000000006e-01
1.315482900000000122e-01
1.315167999999999893e-01
1.314858899999999942e-01
1.314555900000000110e-01
1.314258700000000002e-01
1.313968199999999975e-01
1.313684099999999910e-01
1.313407000000000047e-01
1.313137000000000054e-01
1.312874400000000052e-01
1.312619600000000109e-01
1.312373000000000012e-01
1.312134899999999882e-01
1.311905800000000011e-01
1.311686200000000135e-01
1.311476500000000045e-01
1.311277299999999979e-01
1.311089400000000071e-01
1.310913099999999887e-01
1.310749700000000129e-01
1.310599600000000031e-01
1.310464000000000073e-01
1.310343999999999953e-01
1.310241099999999992e-01
1.310156299999999940e-01
1.310091600000000134e-01
1.310049100000000022e-01
1.310031000000000112e-01
1.310040100000000041e-01
1.310079700000000014e-01
1.310154199999999935e-01
1.310268599999999950e-01
1.310429700000000086e-01
1.310645900000000086e-01
1.310929100000000069e-01
1.311294699999999980e-01
1.311766199999999938e-01
1.312378200000000050e-01
1.313187500000000119e-01
1.314294199999999913e-01
1.315896500000000024e-01
1.318447100000000038e-01
1.323187100000000060e-01
1.334503400000000006e-01
