1.077000000000000000e+03
0.000000000000000000e+00
2.151999999999999957e+01
1.366305499999999895e-01
1.423042700000000105e-01
1.564206200000000102e-01
1.807993699999999870e-01
2.106362999999999985e-01
2.406438100000000135e-01
2.681942299999999779e-01
2.923272599999999777e-01
3.128001999999999727e-01
3.297152500000000153e-01
3.433754700000000160e-01
3.541985200000000167e-01
3.626466099999999804e-01
3.691717999999999944e-01
3.741796900000000092e-01
3.780121499999999912e-01
3.809437500000000254e-01
3.831875599999999826e-01
3.849046199999999751e-01
3.862147000000000219e-01
3.872058400000000233e-01
3.879415399999999736e-01
3.884628399999999759e-01
3.887921599999999978e-01
3.889604799999999973e-01
3.890093600000000262e-01
3.889675699999999847e-01
3.888503300000000218e-01
3.886611799999999950e-01
3.883899499999999838e-01
3.880134499999999820e-01
3.875031800000000026e-01
3.868371199999999788e-01
3.860083200000000159e-01
3.850252599999999803e-01
3.839067800000000030e-01
3.826758299999999946e-01
3.813549900000000048e-01
3.799641699999999900e-01
3.785200400000000021e-01
3.770360600000000062e-01
3.755229700000000115e-01
3.739893400000000034e-01
3.724419500000000216e-01
3.708862399999999782e-01
3.693265299999999862e-01
3.677664399999999723e-01
3.662087299999999823e-01
3.646558500000000036e-01
3.631096799999999902e-01
3.615718199999999882e-01
3.600436200000000087e-01
3.585261399999999932e-01
3.570203800000000260e-01
3.555270700000000006e-01
3.540468500000000240e-01
3.525802499999999839e-01
3.511277099999999818e-01
3.496895999999999893e-01
3.482662100000000205e-01
3.468577299999999752e-01
3.454643800000000153e-01
3.440862299999999929e-01
3.427234000000000114e-01
3.413759499999999836e-01
3.400438700000000258e-01
3.387271800000000166e-01
3.374257999999999980e-01
3.361396799999999963e-01
3.348687900000000273e-01
3.336129800000000034e-01
3.323721299999999879e-01
3.311461800000000122e-01
3.299349200000000204e-01
3.287382699999999991e-01
3.275560100000000086e-01
3.263880299999999957e-01
3.252341400000000049e-01
3.240941800000000095e-01
3.229679200000000194e-01
3.218552499999999816e-01
3.207559300000000224e-01
3.196697800000000145e-01
3.185966299999999918e-01
3.175362600000000146e-01
3.164885299999999901e-01
3.154531999999999892e-01
3.144300899999999954e-01
3.134190099999999979e-01
3.124198000000000253e-01
3.114322400000000268e-01
3.104561599999999810e-01
3.094913400000000037e-01
3.085376300000000072e-01
3.075948399999999805e-01
3.066628000000000132e-01
3.057413399999999726e-01
3.048302500000000248e-01
3.039293599999999818e-01
3.030385400000000229e-01
3.021576100000000209e-01
3.012863700000000255e-01
3.004246999999999890e-01
2.995724399999999954e-01
2.987293899999999836e-01
2.978954300000000166e-01
2.970704100000000070e-01
2.962541899999999728e-01
2.954465700000000195e-01
2.946474600000000277e-01
2.938567100000000210e-01
2.930741900000000122e-01
2.922997199999999851e-01
2.915332299999999766e-01
2.907745199999999808e-01
2.900235400000000241e-01
2.892800899999999897e-01
2.885440899999999753e-01
2.878154199999999885e-01
2.870939399999999919e-01
2.863795499999999827e-01
2.856721300000000241e-01
2.849715700000000074e-01
2.842777400000000010e-01
2.835905799999999810e-01
2.829099299999999761e-01
2.822357400000000127e-01
2.815678699999999979e-01
2.809062299999999790e-01
2.802507599999999877e-01
2.796013099999999918e-01
2.789577799999999885e-01
2.783201299999999989e-01
2.776882600000000201e-01
2.770620599999999989e-01
2.764414299999999880e-01
2.758263300000000084e-01
2.752166400000000124e-01
2.746123100000000261e-01
2.740132200000000018e-01
2.734193200000000212e-01
2.728305200000000208e-01
2.722467800000000215e-01
2.716679599999999861e-01
2.710940499999999753e-01
2.705249499999999863e-01
2.699605800000000055e-01
2.694008900000000040e-01
2.688458300000000079e-01
2.682952900000000196e-01
2.677492200000000100e-01
2.672075600000000106e-01
2.666702599999999923e-01
2.661372399999999971e-01
2.656084599999999907e-01
2.650838500000000098e-01
2.645633499999999749e-01
2.640469100000000235e-01
2.635344600000000259e-01
2.630259699999999978e-01
2.625213599999999814e-01
2.620205899999999977e-01
2.615235699999999830e-01
2.610303199999999824e-01
2.605407499999999876e-01
2.600548300000000146e-01
2.595724500000000101e-01
2.590936400000000139e-01
2.586183200000000126e-01
2.581464399999999770e-01
2.576779699999999784e-01
2.572128499999999929e-01
2.567510599999999754e-01
2.562925200000000236e-01
2.558371999999999868e-01
2.553850699999999918e-01
2.549360999999999988e-01
2.544902299999999840e-01
2.540474200000000238e-01
2.536076600000000125e-01
2.531708799999999870e-01
2.527370500000000186e-01
2.523061300000000173e-01
2.518780800000000042e-01
2.514528899999999845e-01
2.510305299999999740e-01
2.506109200000000148e-01
2.501940400000000064e-01
2.497798900000000044e-01
2.493684100000000126e-01
2.489595699999999912e-01
2.485533500000000062e-01
2.481497099999999956e-01
2.477486100000000080e-01
2.473500399999999932e-01
2.469539500000000054e-01
2.465603199999999995e-01
2.461691199999999913e-01
2.457803299999999913e-01
2.453939199999999876e-01
2.450098500000000012e-01
2.446281200000000045e-01
2.442486600000000063e-01
2.438714800000000016e-01
2.434965400000000113e-01
2.431238099999999958e-01
2.427533000000000052e-01
2.423849299999999984e-01
2.420187099999999980e-01
2.416546199999999867e-01
2.412926300000000079e-01
2.409326900000000049e-01
2.405748199999999948e-01
2.402189700000000039e-01
2.398651199999999872e-01
2.395132600000000056e-01
2.391633699999999862e-01
2.388154100000000057e-01
2.384693800000000086e-01
2.381252500000000105e-01
2.377829999999999944e-01
2.374426000000000037e-01
2.371040399999999881e-01
2.367673100000000086e-01
2.364323899999999923e-01
2.360992299999999933e-01
2.357678599999999958e-01
2.354382100000000089e-01
2.351102999999999943e-01
2.347840999999999956e-01
2.344595899999999955e-01
2.341367599999999993e-01
2.338156000000000123e-01
2.334960600000000053e-01
2.331781500000000007e-01
2.328618600000000038e-01
2.325471500000000080e-01
2.322340300000000080e-01
2.319224599999999969e-01
2.316124400000000028e-01
2.313039500000000082e-01
2.309969699999999959e-01
2.306914899999999990e-01
2.303875099999999898e-01
2.300849899999999892e-01
2.297839200000000026e-01
2.294843000000000022e-01
2.291861199999999932e-01
2.288893499999999914e-01
2.285939800000000022e-01
2.283000099999999977e-01
2.280073900000000042e-01
2.277161500000000061e-01
2.274262599999999912e-01
2.271376999999999979e-01
2.268504600000000038e-01
2.265645599999999982e-01
2.262799299999999902e-01
2.259965999999999919e-01
2.257145500000000138e-01
2.254337700000000055e-01
2.251542199999999883e-01
2.248759300000000017e-01
2.245988700000000060e-01
2.243230300000000066e-01
2.240483899999999862e-01
2.237749500000000002e-01
2.235027099999999933e-01
2.232316299999999865e-01
2.229617200000000021e-01
2.226929800000000126e-01
2.224253700000000111e-01
2.221588899999999978e-01
2.218935499999999950e-01
2.216293199999999908e-01
2.213662100000000077e-01
2.211041699999999888e-01
2.208432399999999962e-01
2.205833799999999956e-01
2.203245899999999868e-01
2.200668600000000030e-01
2.198101699999999992e-01
2.195545399999999925e-01
2.192999300000000040e-01
2.190463500000000008e-01
2.187937799999999933e-01
2.185422200000000093e-01
2.182916699999999932e-01
2.180420899999999940e-01
2.177935099999999957e-01
2.175458999999999865e-01
2.172992499999999993e-01
2.170535600000000065e-01
2.168088300000000079e-01
2.165650299999999917e-01
2.163221700000000081e-01
2.160802300000000120e-01
2.158392399999999878e-01
2.155991299999999999e-01
2.153599399999999997e-01
2.151216400000000029e-01
2.148842499999999989e-01
2.146477300000000088e-01
2.144120899999999996e-01
2.141773299999999991e-01
2.139434199999999953e-01
2.137103700000000106e-01
2.134781799999999896e-01
2.132468200000000036e-01
2.130162999999999918e-01
2.127866300000000044e-01
2.125577600000000122e-01
2.123297299999999943e-01
2.121024999999999994e-01
2.118760799999999944e-01
2.116504499999999900e-01
2.114256200000000085e-01
2.112015799999999999e-01
2.109783299999999917e-01
2.107558399999999998e-01
2.105341400000000085e-01
2.103131900000000110e-01
2.100930099999999967e-01
2.098735700000000093e-01
2.096548799999999879e-01
2.094369500000000106e-01
2.092197399999999874e-01
2.090032699999999910e-01
2.087875299999999990e-01
2.085725099999999888e-01
2.083581999999999934e-01
2.081446100000000077e-01
2.079317099999999918e-01
2.077195300000000133e-01
2.075080400000000047e-01
2.072972499999999885e-01
2.070871300000000081e-01
2.068777099999999924e-01
2.066689600000000127e-01
2.064608800000000133e-01
2.062534500000000048e-01
2.060467199999999888e-01
2.058406200000000019e-01
2.056351899999999955e-01
2.054304000000000130e-01
2.052262599999999937e-01
2.050227500000000036e-01
2.048198999999999992e-01
2.046176600000000068e-01
2.044160700000000053e-01
2.042150799999999933e-01
2.040147300000000052e-01
2.038149800000000067e-01
2.036158600000000096e-01
2.034173300000000073e-01
2.032194099999999892e-01
2.030220899999999884e-01
2.028253700000000048e-01
2.026292399999999883e-01
2.024336899999999995e-01
2.022387200000000107e-01
2.020443500000000114e-01
2.018505499999999897e-01
2.016573299999999958e-01
2.014646499999999951e-01
2.012725599999999893e-01
2.010810399999999887e-01
2.008900600000000092e-01
2.006996400000000125e-01
2.005097899999999933e-01
2.003204700000000005e-01
2.001316999999999957e-01
1.999434700000000120e-01
1.997557699999999992e-01
1.995686100000000074e-01
1.993819900000000089e-01
1.991958899999999866e-01
1.990103300000000131e-01
1.988252699999999984e-01
1.986407500000000048e-01
1.984567299999999979e-01
1.982732299999999948e-01
1.980902400000000008e-01
1.979077599999999881e-01
1.977257699999999951e-01
1.975442900000000113e-01
1.973633200000000087e-01
1.971828200000000086e-01
1.970028299999999899e-01
1.968233299999999908e-01
1.966443099999999888e-01
1.964657599999999893e-01
1.962877100000000041e-01
1.961101299999999936e-01
1.959330300000000080e-01
1.957563900000000023e-01
1.955802299999999938e-01
1.954045399999999877e-01
1.952293099999999892e-01
1.950545499999999932e-01
1.948802299999999876e-01
1.947063800000000122e-01
1.945329899999999890e-01
1.943600500000000064e-01
1.941875499999999866e-01
1.940155000000000074e-01
1.938438899999999909e-01
1.936727299999999874e-01
1.935020100000000021e-01
1.933317200000000124e-01
1.931618599999999908e-01
1.929924500000000098e-01
1.928234500000000073e-01
1.926548899999999953e-01
1.924867500000000120e-01
1.923190399999999967e-01
1.921517600000000048e-01
1.919848799999999966e-01
1.918184199999999895e-01
1.916523699999999886e-01
1.914867500000000111e-01
1.913215199999999949e-01
1.911567200000000022e-01
1.909923000000000037e-01
1.908282900000000115e-01
1.906646899999999978e-01
1.905014999999999903e-01
1.903386900000000048e-01
1.901762800000000031e-01
1.900142599999999904e-01
1.898526399999999892e-01
1.896914100000000047e-01
1.895305499999999921e-01
1.893701000000000134e-01
1.892100100000000118e-01
1.890503199999999939e-01
1.888910099999999981e-01
1.887320700000000018e-01
1.885735099999999997e-01
1.884153199999999972e-01
1.882574999999999943e-01
1.881000499999999909e-01
1.879429800000000095e-01
1.877862799999999999e-01
1.876299399999999951e-01
1.874739699999999898e-01
1.873183399999999998e-01
1.871630800000000094e-01
1.870082000000000133e-01
1.868536600000000047e-01
1.866994600000000115e-01
1.865456400000000126e-01
1.863921600000000012e-01
1.862390299999999999e-01
1.860862500000000086e-01
1.859338299999999944e-01
1.857817300000000060e-01
1.856299899999999947e-01
1.854785999999999935e-01
1.853275299999999903e-01
1.851768199999999920e-01
1.850264399999999865e-01
1.848763800000000068e-01
1.847266700000000095e-01
1.845772999999999997e-01
1.844282399999999933e-01
1.842795299999999969e-01
1.841311499999999934e-01
1.839830899999999880e-01
1.838353600000000032e-01
1.836879399999999940e-01
1.835408500000000054e-01
1.833940900000000096e-01
1.832476600000000067e-01
1.831015199999999898e-01
1.829557099999999936e-01
1.828102299999999902e-01
1.826650499999999955e-01
1.825201999999999936e-01
1.823756400000000055e-01
1.822313999999999878e-01
1.820874799999999960e-01
1.819438499999999903e-01
1.818005400000000105e-01
1.816575400000000062e-01
1.815148299999999881e-01
1.813724300000000011e-01
1.812303399999999898e-01
1.810885399999999923e-01
1.809470400000000034e-01
1.808058499999999902e-01
1.806649399999999961e-01
1.805243300000000106e-01
1.803840200000000060e-01
1.802440100000000101e-01
1.801042900000000002e-01
1.799648600000000043e-01
1.798257099999999997e-01
1.796868600000000038e-01
1.795482899999999993e-01
1.794100100000000086e-01
1.792720299999999989e-01
1.791343099999999910e-01
1.789968899999999918e-01
1.788597399999999893e-01
1.787228899999999954e-01
1.785863000000000034e-01
1.784499999999999975e-01
1.783139900000000055e-01
1.781782399999999877e-01
1.780427699999999891e-01
1.779075699999999871e-01
1.777726400000000095e-01
1.776379899999999956e-01
1.775036299999999956e-01
1.773695200000000027e-01
1.772356800000000066e-01
1.771021200000000018e-01
1.769688100000000042e-01
1.768357899999999927e-01
1.767030199999999884e-01
1.765705200000000086e-01
1.764382899999999976e-01
1.763063199999999886e-01
1.761746100000000093e-01
1.760431500000000093e-01
1.759119600000000061e-01
1.757810399999999995e-01
1.756503700000000001e-01
1.755199600000000026e-01
1.753898000000000124e-01
1.752598999999999962e-01
1.751302600000000098e-01
1.750008600000000081e-01
1.748717300000000030e-01
1.747428500000000051e-01
1.746142099999999919e-01
1.744858300000000084e-01
1.743577000000000043e-01
1.742298200000000075e-01
1.741021700000000005e-01
1.739747799999999955e-01
1.738476499999999925e-01
1.737207500000000071e-01
1.735941000000000012e-01
1.734677000000000024e-01
1.733415299999999937e-01
1.732156099999999921e-01
1.730899200000000082e-01
1.729644800000000038e-01
1.728392800000000118e-01
1.727143200000000045e-01
1.725896100000000044e-01
1.724651299999999943e-01
1.723408800000000018e-01
1.722168799999999889e-01
1.720930900000000041e-01
1.719695599999999935e-01
1.718462600000000007e-01
1.717231899999999978e-01
1.716003399999999901e-01
1.714777399999999896e-01
1.713553499999999896e-01
1.712332099999999968e-01
1.711112999999999940e-01
1.709895999999999916e-01
1.708681599999999912e-01
1.707469199999999965e-01
1.706259099999999918e-01
1.705051399999999995e-01
1.703845900000000024e-01
1.702642600000000006e-01
1.701441599999999887e-01
1.700242799999999999e-01
1.699046200000000062e-01
1.697851900000000025e-01
1.696659799999999940e-01
1.695469900000000085e-01
1.694282099999999958e-01
1.693096600000000007e-01
1.691913300000000009e-01
1.690732199999999963e-01
1.689553299999999869e-01
1.688376500000000058e-01
1.687201899999999921e-01
1.686029400000000067e-01
1.684859099999999887e-01
1.683690999999999938e-01
1.682524999999999993e-01
1.681361000000000105e-01
1.680199400000000065e-01
1.679039700000000135e-01
1.677882199999999879e-01
1.676726799999999906e-01
1.675573599999999885e-01
1.674422299999999975e-01
1.673273299999999963e-01
1.672126399999999957e-01
1.670981300000000114e-01
1.669838600000000117e-01
1.668697700000000006e-01
1.667559100000000072e-01
1.666422499999999918e-01
1.665287900000000099e-01
1.664155400000000007e-01
1.663024899999999973e-01
1.661896399999999996e-01
1.660770000000000024e-01
1.659645700000000057e-01
1.658523399999999870e-01
1.657403000000000071e-01
1.656284799999999946e-01
1.655168399999999984e-01
1.654054100000000027e-01
1.652941900000000075e-01
1.651831599999999955e-01
1.650723199999999946e-01
1.649616799999999994e-01
1.648512500000000047e-01
1.647410099999999933e-01
1.646309599999999929e-01
1.645211299999999877e-01
1.644114899999999935e-01
1.643020199999999931e-01
1.641927699999999879e-01
1.640836999999999990e-01
1.639748400000000106e-01
1.638661600000000107e-01
1.637576799999999888e-01
1.636494000000000004e-01
1.635412900000000058e-01
1.634333900000000117e-01
1.633256700000000061e-01
1.632181600000000010e-01
1.631108199999999897e-01
1.630036699999999894e-01
1.628967199999999949e-01
1.627899600000000113e-01
1.626833799999999886e-01
1.625769900000000046e-01
1.624707999999999986e-01
1.623647799999999863e-01
1.622589500000000129e-01
1.621533199999999897e-01
1.620478599999999880e-01
1.619425999999999921e-01
1.618375200000000125e-01
1.617326299999999883e-01
1.616279200000000082e-01
1.615233899999999889e-01
1.614190500000000084e-01
1.613148899999999886e-01
1.612109100000000128e-01
1.611071199999999926e-01
1.610034999999999938e-01
1.609000700000000061e-01
1.607968200000000070e-01
1.606937599999999911e-01
1.605908699999999967e-01
1.604881700000000133e-01
1.603856399999999960e-01
1.602832999999999897e-01
1.601811200000000102e-01
1.600791400000000086e-01
1.599773300000000009e-01
1.598756899999999870e-01
1.597742400000000118e-01
1.596729600000000027e-01
1.595718600000000098e-01
1.594709500000000002e-01
1.593701800000000002e-01
1.592696200000000006e-01
1.591692299999999949e-01
1.590689999999999882e-01
1.589689599999999925e-01
1.588690899999999906e-01
1.587693799999999877e-01
1.586698699999999906e-01
1.585705099999999979e-01
1.584713500000000108e-01
1.583723400000000003e-01
1.582735200000000009e-01
1.581748600000000005e-01
1.580763599999999991e-01
1.579780600000000035e-01
1.578798999999999897e-01
1.577819400000000094e-01
1.576841300000000057e-01
1.575865100000000130e-01
1.574890499999999915e-01
1.573917599999999917e-01
1.572946299999999908e-01
1.571976800000000063e-01
1.571008999999999878e-01
1.570042799999999961e-01
1.569078399999999929e-01
1.568115700000000112e-01
1.567154500000000061e-01
1.566194999999999948e-01
1.565237299999999998e-01
1.564281299999999986e-01
1.563326899999999964e-01
1.562374099999999932e-01
1.561422899999999891e-01
1.560473599999999961e-01
1.559525700000000126e-01
1.558579700000000123e-01
1.557635199999999887e-01
1.556692299999999918e-01
1.555751099999999887e-01
1.554811600000000071e-01
1.553873699999999969e-01
1.552937299999999909e-01
1.552002700000000013e-01
1.551069800000000054e-01
1.550138299999999913e-01
1.549208599999999936e-01
1.548280400000000001e-01
1.547353999999999952e-01
1.546429099999999945e-01
1.545505799999999930e-01
1.544584200000000129e-01
1.543663999999999870e-01
1.542745699999999998e-01
1.541828799999999944e-01
1.540913600000000105e-01
1.539999999999999980e-01
1.539087899999999898e-01
1.538177599999999978e-01
1.537268599999999930e-01
1.536361400000000044e-01
1.535455699999999923e-01
1.534551700000000019e-01
1.533649300000000104e-01
1.532748300000000008e-01
1.531849100000000075e-01
1.530951299999999959e-01
1.530055300000000007e-01
1.529160599999999925e-01
1.528267600000000059e-01
1.527376199999999906e-01
1.526486300000000074e-01
1.525597999999999954e-01
1.524711300000000103e-01
1.523826100000000017e-01
1.522942499999999921e-01
1.522060500000000094e-01
1.521180000000000032e-01
1.520301099999999961e-01
1.519423699999999933e-01
1.518547799999999948e-01
1.517673599999999901e-01
1.516801000000000121e-01
1.515929699999999936e-01
1.515060099999999965e-01
1.514192099999999985e-01
1.513325399999999876e-01
1.512460399999999983e-01
1.511597000000000079e-01
1.510734999999999995e-01
1.509874599999999900e-01
1.509015700000000126e-01
1.508158400000000066e-01
1.507302699999999995e-01
1.506448400000000021e-01
1.505595600000000089e-01
1.504744399999999871e-01
1.503894600000000026e-01
1.503046500000000119e-01
1.502199800000000030e-01
1.501354699999999931e-01
1.500510999999999928e-01
1.499668999999999863e-01
1.498828399999999894e-01
1.497989299999999968e-01
1.497151700000000085e-01
1.496315599999999968e-01
1.495481100000000119e-01
1.494648000000000088e-01
1.493816500000000047e-01
1.492986500000000050e-01
1.492157899999999870e-01
1.491330899999999959e-01
1.490505299999999866e-01
1.489681300000000042e-01
1.488858899999999930e-01
1.488037899999999913e-01
1.487218299999999993e-01
1.486400200000000116e-01
1.485583600000000004e-01
1.484768700000000108e-01
1.483955100000000082e-01
1.483143000000000100e-01
1.482332299999999936e-01
1.481523399999999935e-01
1.480715700000000135e-01
1.479909600000000047e-01
1.479104900000000056e-01
1.478301900000000002e-01
1.477500200000000097e-01
1.476699999999999957e-01
1.475901300000000138e-01
1.475104100000000085e-01
1.474308400000000074e-01
1.473514099999999882e-01
1.472721200000000064e-01
1.471929999999999905e-01
1.471140200000000120e-01
1.470351799999999876e-01
1.469564999999999899e-01
1.468779600000000019e-01
1.467995599999999956e-01
1.467213199999999884e-01
1.466432199999999908e-01
1.465652699999999975e-01
1.464874700000000085e-01
1.464098100000000013e-01
1.463323099999999932e-01
1.462549399999999999e-01
1.461777400000000005e-01
1.461006699999999880e-01
1.460237500000000077e-01
1.459469800000000039e-01
1.458703399999999872e-01
1.457938699999999921e-01
1.457175300000000118e-01
1.456413400000000080e-01
1.455653000000000086e-01
1.454894100000000134e-01
1.454136699999999949e-01
1.453380700000000136e-01
1.452626099999999865e-01
1.451873200000000086e-01
1.451121599999999900e-01
1.450371400000000088e-01
1.449622799999999989e-01
1.448875500000000038e-01
1.448129900000000025e-01
1.447385499999999936e-01
1.446642700000000115e-01
1.445901400000000059e-01
1.445161600000000046e-01
1.444423200000000129e-01
1.443686299999999978e-01
1.442950799999999922e-01
1.442216799999999910e-01
1.441484399999999888e-01
1.440753300000000015e-01
1.440023599999999959e-01
1.439295600000000119e-01
1.438569000000000098e-01
1.437843699999999947e-01
1.437120000000000064e-01
1.436397699999999999e-01
1.435676999999999925e-01
1.434957699999999947e-01
1.434239900000000012e-01
1.433523600000000120e-01
1.432808600000000099e-01
1.432095300000000015e-01
1.431383300000000081e-01
1.430672900000000136e-01
1.429963999999999957e-01
1.429256499999999874e-01
1.428550500000000112e-01
1.427846000000000115e-01
1.427142799999999989e-01
1.426441200000000131e-01
1.425741199999999986e-01
1.425042599999999937e-01
1.424345399999999984e-01
1.423649800000000021e-01
1.422955700000000101e-01
1.422262900000000052e-01
1.421571799999999941e-01
1.420882199999999873e-01
1.420193899999999954e-01
1.419507299999999972e-01
1.418822100000000086e-01
1.418138300000000018e-01
1.417456099999999941e-01
1.416775399999999907e-01
1.416096199999999916e-01
1.415418499999999968e-01
1.414742300000000064e-01
1.414067599999999925e-01
1.413394500000000054e-01
1.412722800000000001e-01
1.412052699999999938e-01
1.411383999999999972e-01
1.410716899999999996e-01
1.410051300000000063e-01
1.409387300000000121e-01
1.408724600000000049e-01
1.408063599999999915e-01
1.407404100000000102e-01
1.406746200000000002e-01
1.406089699999999998e-01
1.405434899999999931e-01
1.404781499999999961e-01
1.404129699999999981e-01
1.403479400000000044e-01
1.402830599999999872e-01
1.402183499999999916e-01
1.401537800000000056e-01
1.400893800000000133e-01
1.400251200000000029e-01
1.399610299999999863e-01
1.398970900000000017e-01
1.398333200000000109e-01
1.397696900000000020e-01
1.397062199999999921e-01
1.396429200000000037e-01
1.395797699999999919e-01
1.395167900000000016e-01
1.394539499999999932e-01
1.393912900000000010e-01
1.393287599999999959e-01
1.392664200000000019e-01
1.392042300000000121e-01
1.391421999999999937e-01
1.390803300000000020e-01
1.390186300000000041e-01
1.389570800000000106e-01
1.388957100000000056e-01
1.388344900000000048e-01
1.387734399999999979e-01
1.387125600000000125e-01
1.386518300000000037e-01
1.385912900000000059e-01
1.385309000000000124e-01
1.384706800000000126e-01
1.384106099999999895e-01
1.383507300000000051e-01
1.382910199999999867e-01
1.382314699999999952e-01
1.381720899999999974e-01
1.381128899999999882e-01
1.380538500000000057e-01
1.379949900000000118e-01
1.379362899999999892e-01
1.378777800000000053e-01
1.378194199999999980e-01
1.377612699999999912e-01
1.377032699999999887e-01
1.376454500000000025e-01
1.375878199999999996e-01
1.375303599999999904e-01
1.374730600000000080e-01
1.374159600000000037e-01
1.373590399999999878e-01
1.373023100000000107e-01
1.372457400000000050e-01
1.371893700000000049e-01
1.371331799999999934e-01
1.370771799999999929e-01
1.370213600000000087e-01
1.369657400000000025e-01
1.369102899999999901e-01
1.368550400000000111e-01
1.367999799999999877e-01
1.367451100000000030e-01
1.366904399999999964e-01
1.366359400000000113e-01
1.365816599999999936e-01
1.365275800000000095e-01
1.364736900000000086e-01
1.364200000000000135e-01
1.363665000000000016e-01
1.363132099999999902e-01
1.362601400000000018e-01
1.362072699999999914e-01
1.361545899999999920e-01
1.361021299999999878e-01
1.360498800000000119e-01
1.359978500000000035e-01
1.359460200000000007e-01
1.358943999999999985e-01
1.358430099999999863e-01
1.357918399999999970e-01
1.357408900000000029e-01
1.356901500000000094e-01
1.356396500000000005e-01
1.355893800000000093e-01
1.355393400000000081e-01
1.354895200000000022e-01
1.354399299999999862e-01
1.353905900000000051e-01
1.353414799999999862e-01
1.352926200000000023e-01
1.352440000000000031e-01
1.351956300000000111e-01
1.351475099999999985e-01
1.350996299999999983e-01
1.350520299999999896e-01
1.350046699999999933e-01
1.349575699999999989e-01
1.349107499999999960e-01
1.348641800000000002e-01
1.348178999999999905e-01
1.347718800000000106e-01
1.347261499999999890e-01
1.346806899999999918e-01
1.346355399999999980e-01
1.345906600000000009e-01
1.345460900000000071e-01
1.345018099999999994e-01
1.344578399999999951e-01
1.344142000000000114e-01
1.343708499999999861e-01
1.343278300000000092e-01
1.342851399999999973e-01
1.342427700000000113e-01
1.342007500000000075e-01
1.341590699999999914e-01
1.341177500000000078e-01
1.340767900000000012e-01
1.340361800000000048e-01
1.339959500000000026e-01
1.339560999999999946e-01
1.339166499999999982e-01
1.338775899999999908e-01
1.338389399999999896e-01
1.338006999999999946e-01
1.337628999999999901e-01
1.337255199999999866e-01
1.336885999999999908e-01
1.336521499999999973e-01
1.336161600000000116e-01
1.335806499999999952e-01
1.335456700000000052e-01
1.335111900000000018e-01
1.334772300000000023e-01
1.334438199999999908e-01
1.334109900000000071e-01
1.333787399999999956e-01
1.333470900000000015e-01
1.333160700000000087e-01
1.332857199999999964e-01
1.332560200000000028e-01
1.332270399999999910e-01
1.331987799999999889e-01
1.331713099999999872e-01
1.331446199999999913e-01
1.331187600000000026e-01
1.330937899999999896e-01
1.330697399999999919e-01
1.330466600000000110e-01
1.330245899999999981e-01
1.330036199999999891e-01
1.329837899999999906e-01
1.329651900000000109e-01
1.329478900000000130e-01
1.329319899999999999e-01
1.329175999999999969e-01
1.329048100000000121e-01
1.328937900000000116e-01
1.328846800000000050e-01
1.328776600000000085e-01
1.328729499999999897e-01
1.328707899999999886e-01
1.328715099999999982e-01
1.328754699999999955e-01
1.328831199999999935e-01
1.328950200000000026e-01
1.329119500000000009e-01
1.329348399999999986e-01
1.329650300000000118e-01
1.330043499999999934e-01
1.330555499999999947e-01
1.331228299999999976e-01
1.332133299999999909e-01
1.333401499999999906e-01
1.335307799999999878e-01
1.338525399999999921e-01
1.345112900000000056e-01
1.362400800000000134e-01
