1.739500000000000934e+00
1.760471943887777613e+00
1.767443332867596917e+00
1.774413057211524425e+00
1.781380007455546366e+00
1.788343074575464042e+00
1.795301150162746273e+00
1.802253126600218636e+00
1.809197897237715624e+00
1.816134356567504993e+00
1.823061400399588194e+00
1.829977926036731484e+00
1.836882832449316272e+00
1.843775020449897495e+00
1.850653392867471769e+00
1.857516854721421584e+00
1.864364313395131090e+00
1.871194678809224854e+00
1.878006863594352760e+00
1.884799783263640727e+00
1.891572356384588982e+00
1.898323504750550894e+00
1.905052153551666905e+00
1.911757231545281766e+00
1.918437671225759145e+00
1.925092408993768434e+00
1.931720385324881661e+00
1.938320544937565337e+00
1.944891836960495501e+00
1.951433215099153351e+00
1.957943637801742076e+00
1.964422068424274581e+00
1.970867475394971757e+00
1.977278832377777240e+00
1.983655118435107445e+00
1.989995318189700324e+00
1.996298421985594151e+00
2.002563426048214801e+00
2.008789332643522663e+00
2.014975150236176571e+00
2.021119893646768695e+00
2.027222584207989620e+00
2.033282249919809992e+00
2.039297925603580808e+00
2.045268653055046570e+00
2.051193481196301072e+00
2.057071466226522816e+00
2.062901671771653067e+00
2.068683169032830449e+00
2.074415036933664691e+00
2.080096362266243837e+00
2.085726239835946405e+00
2.091303772604940825e+00
2.096828071834403673e+00
2.102298257225436728e+00
2.107713457058623341e+00
2.113072808332239205e+00
2.118375456899074916e+00
2.123620557601870740e+00
2.128807274407282346e+00
2.133934780538464082e+00
2.139002258606121476e+00
2.144008900738131107e+00
2.148953908707596838e+00
2.153836494059433448e+00
2.158655878235338665e+00
2.163411292697270838e+00
2.168101979049262162e+00
2.172727189157666050e+00
2.177286185269790231e+00
2.181778240130840985e+00
2.186202637099231350e+00
2.190558670260208451e+00
2.194845644537768425e+00
2.199062875804857153e+00
2.203209690991829284e+00
2.207285428193170862e+00
2.211289436772438499e+00
2.215221077465405752e+00
2.219079722481434924e+00
2.222864755602981912e+00
2.226575572283318483e+00
2.230211579742371608e+00
2.233772197060699849e+00
2.237256855271611666e+00
2.240664997451354168e+00
2.243996078807424688e+00
2.247249566764933260e+00
2.250424941051047067e+00
2.253521693777473356e+00
2.256539329520991011e+00
2.259477365401987736e+00
2.262335331161018370e+00
2.265112769233372347e+00
2.267809234821606790e+00
2.270424295966077199e+00
2.272957533613411574e+00
2.275408541682950148e+00
2.277776927131144546e+00
2.280062310013859506e+00
2.282264323546606022e+00
2.284382614162693059e+00
2.286416841569308467e+00
2.288366678801438958e+00
2.290231812273723300e+00
2.292011941830181421e+00
2.293706780791772371e+00
2.295316056001874827e+00
2.296839507869578245e+00
2.298276890410853479e+00
2.299627971287532713e+00
2.300892531844166644e+00
2.302070367142670548e+00
2.303161285994840046e+00
2.304165110992639320e+00
2.305081678536347045e+00
2.305910838860478762e+00
2.306652456057544320e+00
2.307306408099587092e+00
2.307872586857542707e+00
2.308350898118354255e+00
2.308741261599950967e+00
2.309043610963935400e+00
2.309257893826136776e+00
2.309384071764883917e+00
2.309422120327120798e+00
2.309372029032275897e+00
2.309233801373916428e+00
2.309007454819206107e+00
2.308693020806131813e+00
2.308290544738510697e+00
2.307800085978807036e+00
2.307221717838705999e+00
2.306555527567498931e+00
2.305801616338253091e+00
2.304960099231762261e+00
2.304031105218302677e+00
2.303014777137192493e+00
2.301911271674138337e+00
2.300720759336402743e+00
2.299443424425756444e+00
2.298079465009268851e+00
2.296629092887906065e+00
2.295092533562938630e+00
2.293470026200214118e+00
2.291761823592208369e+00
2.289968192117966872e+00
2.288089411700866549e+00
2.286125775764235701e+00
2.284077591184826339e+00
2.281945178244169981e+00
2.279728870577796496e+00
2.277429015122334199e+00
2.275045972060500521e+00
2.272580114764015224e+00
2.270031829734383777e+00
2.267401516541623252e+00
2.264689587760928546e+00
2.261896468907238500e+00
2.259022598367782297e+00
2.256068427332587945e+00
2.253034419722919068e+00
2.249921052117751952e+00
2.246728813678198655e+00
2.243458206069962380e+00
2.240109743383785101e+00
2.236683952053967417e+00
2.233181370774878882e+00
2.229602550415563211e+00
2.225948053932402360e+00
2.222218456279857701e+00
2.218414344319318054e+00
2.214536316726046117e+00
2.210584983894279709e+00
2.206560967840426102e+00
2.202464902104483535e+00
2.198297431649566480e+00
2.194059212759661648e+00
2.189750912935572114e+00
2.185373210789101961e+00
2.180926795935444584e+00
2.176412368883862136e+00
2.171830640926618816e+00
2.167182334026214185e+00
2.162468180700909404e+00
2.157688923908602341e+00
2.152845316929020925e+00
2.147938123244306219e+00
2.142968116417954594e+00
2.137936079972196701e+00
2.132842807263739981e+00
2.127689101358015922e+00
2.122475774901830814e+00
2.117203649994552350e+00
2.111873558057749900e+00
2.106486339703390609e+00
2.101042844600540249e+00
2.095543931340688282e+00
2.089990467301591881e+00
2.084383328509770372e+00
2.078723399501611890e+00
2.073011573183145551e+00
2.067248750688451153e+00
2.061435841236820554e+00
2.055573761988578330e+00
2.049663437899677643e+00
2.043705801575070868e+00
2.037701793120817673e+00
2.031652359995067769e+00
2.025558456857820655e+00
2.019421045419584448e+00
2.013241094288896527e+00
2.007019578818753924e+00
2.000757480951978806e+00
1.994455789065532114e+00
1.988115497813817134e+00
1.981737607970979864e+00
1.975323126272230390e+00
1.968873065254251209e+00
1.962388443094645440e+00
1.955870283450517055e+00
1.949319615296179364e+00
1.942737472760011297e+00
1.936124894960490561e+00
1.929482925841474961e+00
1.922812614006661702e+00
1.916115012553350816e+00
1.909391178905476938e+00
1.902642174645960749e+00
1.895869065348407156e+00
1.889072920408149558e+00
1.882254812872712346e+00
1.875415819271686324e+00
1.868557019446043244e+00
1.861679496376934306e+00
1.854784336013993284e+00
1.847872627103158250e+00
1.840945461014057649e+00
1.834003931566982715e+00
1.827049134859466850e+00
1.820082169092499536e+00
1.813104134396412936e+00
1.806116132656474971e+00
1.799119267338168848e+00
1.792114643312257671e+00
1.785103366679609893e+00
1.778086544595836926e+00
1.771065285095750230e+00
1.764040696917692497e+00
1.757013889327746936e+00
1.749985971943888163e+00
1.742958054560026504e+00
1.735931246970084052e+00
1.728906658792026096e+00
1.721885399291938068e+00
1.714868577208163325e+00
1.707857300575518433e+00
1.700852676549606146e+00
1.693855811231299358e+00
1.686867809491358949e+00
1.679889774795276347e+00
1.672922809028309477e+00
1.665968012320791836e+00
1.659026482873718900e+00
1.652099316784617855e+00
1.645187607873780378e+00
1.638292447510839578e+00
1.631414924441729974e+00
1.624556124616086894e+00
1.617717131015060872e+00
1.610899023479625880e+00
1.604102878539368060e+00
1.597329769241813580e+00
1.590580764982299167e+00
1.583856931334424401e+00
1.577159329881111738e+00
1.570489018046299146e+00
1.563847048927282879e+00
1.557234471127765696e+00
1.550652328591596296e+00
1.544101660437258383e+00
1.537583500793130220e+00
1.531098878633525340e+00
1.524648817615543939e+00
1.518234335916796685e+00
1.511856446073956972e+00
1.505516154822242436e+00
1.499214462935796632e+00
1.492952365069021292e+00
1.486730849598880910e+00
1.480550898468191656e+00
1.474413487029956560e+00
1.468319583892708557e+00
1.462270150766955323e+00
1.456266142312705014e+00
1.450308505988096242e+00
1.444398181899198441e+00
1.438536102650954662e+00
1.432723193199324507e+00
1.426960370704631664e+00
1.421248544386163326e+00
1.415588615378006176e+00
1.409981476586183113e+00
1.404428012547086269e+00
1.398929099287233191e+00
1.393485604184385718e+00
1.388098385830022652e+00
1.382768293893223976e+00
1.377496168985944847e+00
1.372282842529761737e+00
1.367129136624034347e+00
1.362035863915578737e+00
1.357003827469819512e+00
1.352033820643471440e+00
1.347126626958754958e+00
1.342283019979171987e+00
1.337503763186865147e+00
1.332789609861561919e+00
1.328141302961154846e+00
1.323559575003914413e+00
1.319045147952332853e+00
1.314598733098672811e+00
1.310221030952200882e+00
1.305912731128114013e+00
1.301674512238208292e+00
1.297507041783291459e+00
1.293410976047348449e+00
1.289386959993496840e+00
1.285435627161726879e+00
1.281557599568456496e+00
1.277753487607915961e+00
1.274023889955374855e+00
1.270369393472213115e+00
1.266790573112899443e+00
1.263287991833809132e+00
1.259862200503989671e+00
1.256513737817814613e+00
1.253243130209575451e+00
1.250050891770023043e+00
1.246937524164856592e+00
1.243903516555188382e+00
1.240949345519991365e+00
1.238075474980538049e+00
1.235282356126848002e+00
1.232570427346151964e+00
1.229940114153392550e+00
1.227391829123759104e+00
1.224925971827274029e+00
1.222542928765444126e+00
1.220243073309980053e+00
1.218026765643605236e+00
1.215894352702949766e+00
1.213846168123540625e+00
1.211882532186907779e+00
1.210003751769808122e+00
1.208210120295567069e+00
1.206501917687561765e+00
1.204879410324835476e+00
1.203342850999871594e+00
1.201892478878507031e+00
1.200528519462018773e+00
1.199251184551372695e+00
1.198060672213635991e+00
1.196957166750583834e+00
1.195940838669475204e+00
1.195011844656015176e+00
1.194170327549521238e+00
1.193416416320275397e+00
1.192750226049071216e+00
1.192171857908970178e+00
1.191681399149264742e+00
1.191278923081643182e+00
1.190964489068568666e+00
1.190738142513859676e+00
1.190599914855500874e+00
1.190549823560654419e+00
1.190587872122893076e+00
1.190714050061639329e+00
1.190928332923839150e+00
1.191230682287824028e+00
1.191621045769420517e+00
1.192099357030233397e+00
1.192665535788185682e+00
1.193319487830229786e+00
1.194061105027297343e+00
1.194890265351429282e+00
1.195806832895135674e+00
1.196810657892935392e+00
1.197901576745104890e+00
1.199079412043609683e+00
1.200343972600242504e+00
1.201695053476922403e+00
1.203132436018195417e+00
1.204655887885901722e+00
1.206265163096003734e+00
1.207960002057594018e+00
1.209740131614050362e+00
1.211605265086337591e+00
1.213555102318468748e+00
1.215589329725081269e+00
1.217707620341171859e+00
1.219909633873915711e+00
1.222195016756628450e+00
1.224563402204827067e+00
1.227014410274368972e+00
1.229547647921699571e+00
1.232162709066168427e+00
1.234859174654405090e+00
1.237636612726758845e+00
1.240494578485790145e+00
1.243432614366787092e+00
1.246450250110303415e+00
1.249547002836731924e+00
1.252722377122842401e+00
1.255975865080350085e+00
1.259306946436419938e+00
1.262715088616164438e+00
1.266199746827075368e+00
1.269760364145406939e+00
1.273396371604458288e+00
1.277107188284793526e+00
1.280892221406340958e+00
1.284750866422367244e+00
1.288682507115338494e+00
1.292686515694603910e+00
1.296762252895946155e+00
1.300909068082920284e+00
1.305126299350005459e+00
1.309413273627566099e+00
1.313769306788544089e+00
1.318193703756935120e+00
1.322685758617982099e+00
1.327244754730107390e+00
1.331869964838514386e+00
1.336560651190501936e+00
1.341316065652432998e+00
1.346135449828344210e+00
1.351018035180177934e+00
1.355963043149644554e+00
1.360969685281655295e+00
1.366037163349313355e+00
1.371164669480494425e+00
1.376351386285905143e+00
1.381596486988697858e+00
1.386899135555536011e+00
1.392258486829150765e+00
1.397673686662335157e+00
1.403143872053368879e+00
1.408668171282834614e+00
1.414245704051828589e+00
1.419875581621532490e+00
1.425556906954113856e+00
1.431288774854943657e+00
1.437070272116124148e+00
1.442900477661252623e+00
1.448778462691474367e+00
1.454703290832726648e+00
1.460674018284199516e+00
1.466689693967965002e+00
1.472749359679783820e+00
1.478852050241005411e+00
1.484996793651599090e+00
1.491182611244255884e+00
1.497408517839561526e+00
1.503673521902185284e+00
1.509976625698079555e+00
1.516316825452670214e+00
1.522693111510000419e+00
1.529104468492805458e+00
1.535549875463503966e+00
1.542028306086035361e+00
1.548538728788624086e+00
1.555080106927284822e+00
1.561651398950211878e+00
1.568251558562892445e+00
1.574879534894003896e+00
1.581534272662014740e+00
1.588214712342497004e+00
1.594919790336110976e+00
1.601648439137223656e+00
1.608399587503187123e+00
1.615172160624137376e+00
1.621965080293420680e+00
1.628777265078554581e+00
1.635607630492644571e+00
1.642455089166359183e+00
1.649318551020306334e+00
1.656196923437880608e+00
1.663089111438457834e+00
1.669994017851043733e+00
1.676910543488184802e+00
1.683837587320273110e+00
1.690774046650062035e+00
1.697718817287557691e+00
1.704670793725030276e+00
1.711628869312308954e+00
1.718591936432229961e+00
1.725558886676255010e+00
1.732528611020181630e+00
1.739500000000000934e+00
