4.333333333333142315e-03
-2.162328995661616775e-03
-4.324615137514483711e-03
-6.486772719634526473e-03
-8.648716041182138298e-03
-1.081035940979527613e-02
-1.297161714497602376e-02
-1.513240358148361733e-02
-1.729263307271605016e-02
-1.945221999410459354e-02
-2.161107874650215754e-02
-2.376912375956125381e-02
-2.592626949512825615e-02
-2.808243045061847507e-02
-3.023752116240413512e-02
-3.239145620919338386e-02
-3.454415021541179520e-02
-3.669551785457302734e-02
-3.884547385265896269e-02
-4.099393299149769326e-02
-4.314081011212314576e-02
-4.528602011815111017e-02
-4.742947797914596336e-02
-4.957109873397930189e-02
-5.171079749419695004e-02
-5.384848944737152115e-02
-5.598408986046082142e-02
-5.811751408315776052e-02
-6.024867755124065083e-02
-6.237749578991549915e-02
-6.450388441716040089e-02
-6.662775914706285663e-02
-6.874903579315494451e-02
-7.086763027173670348e-02
-7.298345860521249229e-02
-7.509643692540898807e-02
-7.720648147688850826e-02
-7.931350862026538551e-02
-8.141743483551734661e-02
-8.351817672528448477e-02
-8.561565101817231183e-02
-8.770977457204277850e-02
-8.980046437730292153e-02
-9.188763756019198425e-02
-9.397121138605665780e-02
-9.605110326262451814e-02
-9.812723074327170392e-02
-1.001995115302838080e-01
-1.022678634781116758e-01
-1.043322045966197653e-01
-1.063924530543318425e-01
-1.084485271816646307e-01
-1.105003454741615154e-01
-1.125478265957175900e-01
-1.145908893817899343e-01
-1.166294528426181226e-01
-1.186634361664201248e-01
-1.206927587225944121e-01
-1.227173400649047702e-01
-1.247370999346662790e-01
-1.267519582639186349e-01
-1.287618351785937698e-01
-1.307666510016744776e-01
-1.327663262563478219e-01
-1.347607816691469562e-01
-1.367499381730899188e-01
-1.387337169108039392e-01
-1.407120392376482454e-01
-1.426848267248210511e-01
-1.446520011624670421e-01
-1.466134845627662942e-01
-1.485691991630199438e-01
-1.505190674287323893e-01
-1.524630120566691505e-01
-1.544009559779208340e-01
-1.563328223609508072e-01
-1.582585346146318794e-01
-1.601780163912807642e-01
-1.620911915896738609e-01
-1.639979843580584851e-01
-1.658983190971542732e-01
-1.677921204631457330e-01
-1.696793133706570589e-01
-1.715598229957278620e-01
-1.734335747787706383e-01
-1.753004944275191601e-01
-1.771605079199692345e-01
-1.790135415073055014e-01
-1.808595217168199043e-01
-1.826983753548168110e-01
-1.845300295095096133e-01
-1.863544115539033930e-01
-1.881714491486695395e-01
-1.899810702450060729e-01
-1.917832030874877525e-01
-1.935777762169069993e-01
-1.953647184730947506e-01
-1.971439589977429241e-01
-1.989154272372011811e-01
-2.006790529452721905e-01
-2.024347661859862979e-01
-2.041824973363716711e-01
-2.059221770892058490e-01
-2.076537364557623222e-01
-2.093771067685280263e-01
-2.110922196839342679e-01
-2.127990071850515419e-01
-2.144974015842781301e-01
-2.161873355260265084e-01
-2.178687419893790000e-01
-2.195415542907432904e-01
-2.212057060864906777e-01
-2.228611313755771706e-01
-2.245077645021580637e-01
-2.261455401581832225e-01
-2.277743933859795455e-01
-2.293942595808234619e-01
-2.310050744934926958e-01
-2.326067742328097321e-01
-2.341992952681728191e-01
-2.357825744320620753e-01
-2.373565489225418490e-01
-2.389211563057467846e-01
-2.404763345183466294e-01
-2.420220218700077086e-01
-2.435581570458274780e-01
-2.450846791087638588e-01
-2.466015275020413955e-01
-2.481086420515527247e-01
-2.496059629682345071e-01
-2.510934308504326751e-01
-2.525709866862526631e-01
-2.540385718558985095e-01
-2.554961281339826473e-01
-2.569435976918363340e-01
-2.583809230997950457e-01
-2.598080473294688275e-01
-2.612249137560016532e-01
-2.626314661603056377e-01
-2.640276487312921416e-01
-2.654134060680730656e-01
-2.667886831821558169e-01
-2.681534254996196243e-01
-2.695075788632692038e-01
-2.708510895347827629e-01
-2.721839041968354134e-01
-2.735059699552062629e-01
-2.748172343408736285e-01
-2.761176453120912089e-01
-2.774071512564429964e-01
-2.786857009928875861e-01
-2.799532437737836110e-01
-2.812097292868938059e-01
-2.824551076573789121e-01
-2.836893294497679907e-01
-2.849123456699149681e-01
-2.861241077669370858e-01
-2.873245676351353639e-01
-2.885136776158968575e-01
-2.896913904995779276e-01
-2.908576595273787979e-01
-2.920124383931839707e-01
-2.931556812454008121e-01
-2.942873426887701038e-01
-2.954073777861638272e-01
-2.965157420603597438e-01
-2.976123914958039296e-01
-2.986972825403504395e-01
-2.997703721069839289e-01
-3.008316175755230693e-01
-3.018809767943108069e-01
-3.029184080818761449e-01
-3.039438702285881533e-01
-3.049573224982799480e-01
-3.059587246298668961e-01
-3.069480368389354563e-01
-3.079252198193155321e-01
-3.088902347446397800e-01
-3.098430432698761616e-01
-3.107836075328443970e-01
-3.117118901557169308e-01
-3.126278542464950294e-01
-3.135314634004672252e-01
-3.144226817016518849e-01
-3.153014737242166299e-01
-3.161678045338814358e-01
-3.170216396892946986e-01
-3.178629452434050817e-01
-3.186916877447956709e-01
-3.195078342390120230e-01
-3.203113522698651794e-01
-3.211022098807135849e-01
-3.218803756157292972e-01
-3.226458185211412699e-01
-3.233985081464602618e-01
-3.241384145456827626e-01
-3.248655082784759340e-01
-3.255797604113438992e-01
-3.262811425187671643e-01
-3.269696266843339361e-01
-3.276451855018389092e-01
-3.283077920763708413e-01
-3.289574200253737590e-01
-3.295940434796922891e-01
-3.302176370845956721e-01
-3.308281760007775740e-01
-3.314256359053429635e-01
-3.320099929927662896e-01
-3.325812239758350053e-01
-3.331393060865725508e-01
-3.336842170771341931e-01
-3.342159352206931500e-01
-3.347344393122934081e-01
-3.352397086696948247e-01
-3.357317231341865327e-01
-3.362104630713877995e-01
-3.366759093720227969e-01
-3.371280434526756631e-01
-3.375668472565284128e-01
-3.379923032540732009e-01
-3.384043944438056561e-01
-3.388031043528981767e-01
-3.391884170378515195e-01
-3.395603170851251851e-01
-3.399187896117480956e-01
-3.402638202659050704e-01
-3.405953952275063146e-01
-3.409135012087344818e-01
-3.412181254545691433e-01
-3.415092557432911069e-01
-3.417868803869679728e-01
-3.420509882319135442e-01
-3.423015686591314721e-01
-3.425386115847340873e-01
-3.427621074603414697e-01
-3.429720472734600900e-01
-3.431684225478366379e-01
-3.433512253437970840e-01
-3.435204482585583752e-01
-3.436760844265203674e-01
-3.438181275195408837e-01
-3.439465717471830164e-01
-3.440614118569444990e-01
-3.441626431344665393e-01
-3.442502614037203368e-01
-3.443242630271717286e-01
-3.443846449059241310e-01
-3.444314044798433838e-01
-3.444645397276570042e-01
-3.444840491670353444e-01
-3.444899318546488787e-01
-3.444821873862082273e-01
-3.444608158964769795e-01
-3.444258180592675300e-01
-3.443771950874157106e-01
-3.443149487327309410e-01
-3.442390812859286719e-01
-3.441495955765375703e-01
-3.440464949727890520e-01
-3.439297833814849437e-01
-3.437994652478410518e-01
-3.436555455553126914e-01
-3.434980298253955677e-01
-3.433269241174105035e-01
-3.431422350282606892e-01
-3.429439696921728897e-01
-3.427321357804133939e-01
-3.425067415009870331e-01
-3.422677955983103870e-01
-3.420153073528655052e-01
-3.417492865808348657e-01
-3.414697436337121861e-01
-3.411766893978923632e-01
-3.408701352942408724e-01
-3.405500932776435175e-01
-3.402165758365301995e-01
-3.398695959923858645e-01
-3.395091672992303078e-01
-3.391353038430853784e-01
-3.387480202414169805e-01
-3.383473316425558708e-01
-3.379332537250993584e-01
-3.375058026972911351e-01
-3.370649952963792884e-01
-3.366108487879559408e-01
-3.361433809652715765e-01
-3.356626101485344349e-01
-3.351685551841823707e-01
-3.346612354441402815e-01
-3.341406708250526658e-01
-3.336068817474952541e-01
-3.330598891551699303e-01
-3.324997145140747290e-01
-3.319263798116526831e-01
-3.313399075559272378e-01
-3.307403207746066331e-01
-3.301276430141755203e-01
-3.295018983389636502e-01
-3.288631113301936360e-01
-3.282113070850074532e-01
-3.275465112154754554e-01
-3.268687498475821296e-01
-3.261780496201923674e-01
-3.254744376839993070e-01
-3.247579417004482494e-01
-3.240285898406439213e-01
-3.232864107842361445e-01
-3.225314337182831337e-01
-3.217636883361003619e-01
-3.209832048360828360e-01
-3.201900139205131612e-01
-3.193841467943453472e-01
-3.185656351639701844e-01
-3.177345112359622470e-01
-3.168908077158056891e-01
-3.160345578065994476e-01
-3.151657952077449032e-01
-3.142845541136125576e-01
-3.133908692121887829e-01
-3.124847756837051960e-01
-3.115663091992449951e-01
-3.106355059193325330e-01
-3.096924024925047370e-01
-3.087370360538582159e-01
-3.077694442235834882e-01
-3.067896651054739521e-01
-3.057977372854215337e-01
-3.047936998298873545e-01
-3.037775922843580223e-01
-3.027494546717818813e-01
-3.017093274909842804e-01
-3.006572517150667978e-01
-2.995932687897848723e-01
-2.985174206319108903e-01
-2.974297496275730701e-01
-2.963302986305815789e-01
-2.952191109607306130e-01
-2.940962304020876550e-01
-2.929617012012590282e-01
-2.918155680656408513e-01
-2.906578761616504525e-01
-2.894886711129397439e-01
-2.883079989985899982e-01
-2.871159063512889187e-01
-2.859124401554907213e-01
-2.846976478455577331e-01
-2.834715773038827824e-01
-2.822342768589965467e-01
-2.809857952836543049e-01
-2.797261817929075356e-01
-2.784554860421568634e-01
-2.771737581251886295e-01
-2.758810485721918115e-01
-2.745774083477597327e-01
-2.732628888488753405e-01
-2.719375419028759455e-01
-2.706014197654044162e-01
-2.692545751183417768e-01
-2.678970610677234854e-01
-2.665289311416389473e-01
-2.651502392881115444e-01
-2.637610398729691163e-01
-2.623613876776895171e-01
-2.609513378972352915e-01
-2.595309461378706439e-01
-2.581002684149599768e-01
-2.566593611507542172e-01
-2.552082811721575473e-01
-2.537470857084806464e-01
-2.522758323891747811e-01
-2.507945792415550712e-01
-2.493033846885017446e-01
-2.478023075461520675e-01
-2.462914070215721229e-01
-2.447707427104147127e-01
-2.432403745945632134e-01
-2.417003630397566438e-01
-2.401507687932041835e-01
-2.385916529811802078e-01
-2.370230771066077213e-01
-2.354451030466248040e-01
-2.338577930501356539e-01
-2.322612097353519978e-01
-2.306554160873114934e-01
-2.290404754553890254e-01
-2.274164515507899054e-01
-2.257834084440297207e-01
-2.241414105624008057e-01
-2.224905226874209219e-01
-2.208308099522738044e-01
-2.191623378392318355e-01
-2.174851721770638124e-01
-2.157993791384337501e-01
-2.141050252372812823e-01
-2.124021773261910162e-01
-2.106909025937487023e-01
-2.089712685618826116e-01
-2.072433430831927825e-01
-2.055071943382670574e-01
-2.037628908329846278e-01
-2.020105013958046203e-01
-2.002500951750446345e-01
-1.984817416361454590e-01
-1.967055105589216868e-01
-1.949214720348039498e-01
-1.931296964640641656e-01
-1.913302545530314314e-01
-1.895232173112953167e-01
-1.877086560488962219e-01
-1.858866423735054119e-01
-1.840572481875916711e-01
-1.822205456855771899e-01
-1.803766073509825429e-01
-1.785255059535576228e-01
-1.766673145464054129e-01
-1.748021064630900512e-01
-1.729299553147376767e-01
-1.710509349871228157e-01
-1.691651196377476074e-01
-1.672725836929066789e-01
-1.653734018447434173e-01
-1.634676490482971367e-01
-1.615554005185343978e-01
-1.596367317273776620e-01
-1.577117184007165995e-01
-1.557804365154152604e-01
-1.538429622963041199e-01
-1.518993722131671553e-01
-1.499497429777150170e-01
-1.479941515405516494e-01
-1.460326750881294211e-01
-1.440653910396975379e-01
-1.420923770442372447e-01
-1.401137109773920308e-01
-1.381294709383861230e-01
-1.361397352469351785e-01
-1.341445824401491793e-01
-1.321440912694239467e-01
-1.301383406973277423e-01
-1.281274098944762130e-01
-1.261113782364011171e-01
-1.240903253004120299e-01
-1.220643308624454609e-01
-1.200334748939109741e-01
-1.179978375585280514e-01
-1.159574992091543105e-01
-1.139125403846066864e-01
-1.118630418064760629e-01
-1.098090843759344237e-01
-1.077507491705337606e-01
-1.056881174409987911e-01
-1.036212706080146817e-01
-1.015502902590041528e-01
-9.947525814490092155e-02
-9.739625617691601012e-02
-9.531336642329711617e-02
-9.322667110608345853e-02
-9.113625259785061716e-02
-8.904219341845578950e-02
-8.694457623176948813e-02
-8.484348384240937568e-02
-8.273899919246174850e-02
-8.063120535820231249e-02
-7.852018554680952056e-02
-7.640602309307246987e-02
-7.428880145609517704e-02
-7.216860421599519126e-02
-7.004551507059657289e-02
-6.791961783211988846e-02
-6.579099642386558588e-02
-6.365973487689717547e-02
-6.152591732671242736e-02
-5.938962800991966218e-02
-5.725095126090321701e-02
-5.510997150848836318e-02
-5.296677327259971535e-02
-5.082144116092131292e-02
-4.867405986554591835e-02
-4.652471415962767393e-02
-4.437348889402722291e-02
-4.222046899395567876e-02
-4.006573945561554828e-02
-3.790938534283665173e-02
-3.575149178371499897e-02
-3.359214396724101437e-02
-3.143142713993286874e-02
-2.926942660246273364e-02
-2.710622770628274766e-02
-2.494191585024982741e-02
-2.277657647724571147e-02
-2.061029507079845460e-02
-1.844315715170018882e-02
-1.627524827462518975e-02
-1.410665402474368078e-02
-1.193746001433844059e-02
-9.767751879416768437e-03
-7.597615276322531100e-03
-5.427135878350092778e-03
-3.256399372353480613e-03
-1.085491455356424285e-03
1.085502168835590382e-03
3.256495793027727997e-03
5.427403710024309227e-03
7.598140216021257061e-03
9.768619613993575687e-03
1.193875621708763955e-02
1.410846435200963436e-02
1.627765836241475833e-02
1.844625261229609556e-02
2.061416148937119178e-02
2.278129940846968307e-02
2.494758081491683238e-02
2.711292018792087546e-02
2.927723204395366735e-02
3.144043094013371231e-02
3.360243147760393762e-02
3.576314830491221508e-02
3.792249612138615805e-02
4.008038968050795653e-02
4.223674379328676287e-02
4.439147333162654641e-02
4.654449323169846525e-02
4.869571849729877056e-02
5.084506420321683456e-02
5.299244549859238873e-02
5.513777761027100627e-02
5.728097584615939736e-02
5.942195559857433446e-02
6.156063234759068248e-02
6.369692166438367664e-02
6.583073921456819577e-02
6.796200076153682823e-02
7.009062216979068671e-02
7.221651940826742666e-02
7.433960855366614218e-02
7.645980579376654429e-02
7.857702743074322649e-02
8.069118988448008289e-02
8.280220969587320790e-02
8.491000353013265778e-02
8.701448818008011843e-02
8.911558056944068884e-02
9.121319775612699021e-02
9.330725693552197053e-02
9.539767544375439556e-02
9.748437076096866383e-02
9.956726051458686388e-02
1.016462624825725664e-01
1.037212945966754368e-01
1.057922749456859796e-01
1.078591217786697698e-01
1.099217535082046560e-01
1.119800887136053053e-01
1.140340461441471109e-01
1.160835447222779704e-01
1.181285035468254141e-01
1.201688418961991967e-01
1.222044792315822026e-01
1.242353352001166061e-01
1.262613296380832029e-01
1.282823825740720680e-01
1.302984142321465810e-01
1.323093450349989708e-01
1.343150956070946755e-01
1.363155867778206853e-01
1.383107395846057408e-01
1.403004752760570184e-01
1.422847153150630373e-01
1.442633813819086397e-01
1.462363953773687941e-01
1.482036794258004553e-01
1.501651558782225448e-01
1.521207473153861067e-01
1.540703765508384948e-01
1.560139666339752373e-01
1.579514408530861835e-01
1.598827227383877170e-01
1.618077360650481966e-01
1.637264048562051266e-01
1.656386533859681709e-01
1.675444061824148401e-01
1.694435880305772690e-01
1.713361239754183640e-01
1.732219393247934336e-01
1.751009596524087941e-01
1.769731108007611686e-01
1.788383188840761140e-01
1.806965102912284904e-01
1.825476116886529110e-01
1.843915500232486127e-01
1.862282525252625109e-01
1.880576467111764460e-01
1.898796603865675059e-01
1.916942216489663509e-01
1.935012588907024378e-01
1.953007008017353663e-01
1.970924763724748174e-01
1.988765148965930540e-01
2.006527459738162156e-01
2.024210995127160850e-01
2.041815057334762373e-01
2.059338951706558285e-01
2.076781986759388410e-01
2.094143474208637057e-01
2.111422728995534237e-01
2.128619069314200973e-01
2.145731816638624112e-01
2.162760295749518724e-01
2.179703834761048120e-01
2.196561765147354295e-01
2.213333421769030362e-01
2.230018142899447553e-01
2.246615270250910124e-01
2.263124149000720897e-01
2.279544127817015042e-01
2.295874558884614391e-01
2.312114797930608645e-01
2.328264204249823610e-01
2.344322140730231152e-01
2.360287973878065770e-01
2.376161073842957550e-01
2.391940814442791163e-01
2.407626573188510477e-01
2.423217731308748568e-01
2.438713673774271784e-01
2.454113789322338035e-01
2.469417470480856913e-01
2.484624113592434069e-01
2.499733118838234069e-01
2.514743890261728065e-01
2.529655835792262164e-01
2.544468367268459819e-01
2.559180900461514030e-01
2.573792855098288035e-01
2.588303654884247518e-01
2.602712727526307890e-01
2.617019504755414561e-01
2.631223422349062147e-01
2.645323920153603292e-01
2.659320442106400395e-01
2.673212436257825231e-01
2.686999354793099259e-01
2.700680654053947971e-01
2.714255794560134216e-01
2.727724241030747843e-01
2.741085462405459805e-01
2.754338931865466522e-01
2.767484126854311000e-01
2.780520529098629012e-01
2.793447624628599968e-01
2.806264903798280641e-01
2.818971861305786808e-01
2.831567996213253946e-01
2.844052811966675809e-01
2.856425816415538166e-01
2.868686521832289338e-01
2.880834444931613114e-01
2.892869106889595088e-01
2.904790033362606994e-01
2.916596754506111111e-01
2.928288804993215422e-01
2.939865724033122740e-01
2.951327055389296183e-01
2.962672347397592443e-01
2.973901152984012031e-01
2.985013029682526686e-01
2.996007539652438822e-01
3.006884249695815914e-01
3.017642731274556289e-01
3.028282560527376654e-01
3.038803318286549260e-01
3.049204590094528600e-01
3.059485966220285014e-01
3.069647041675583887e-01
3.079687416230925678e-01
3.089606694431451528e-01
3.099404485612540228e-01
3.109080403915293611e-01
3.118634068301752160e-01
3.128065102570036227e-01
3.137373135369161403e-01
3.146557800213763967e-01
3.155618735498600391e-01
3.164555584512842579e-01
3.173367995454157708e-01
3.182055621442699822e-01
3.190618120534764457e-01
3.199055155736330591e-01
3.207366395016414407e-01
3.215551511320158262e-01
3.223610182581840844e-01
3.231542091737537037e-01
3.239346926737712296e-01
3.247024380559543344e-01
3.254574151219069567e-01
3.261995941783152331e-01
3.269289460381193391e-01
3.276454420216702301e-01
3.283490539578631240e-01
3.290397541852526087e-01
3.297175155531461010e-01
3.303823114226785429e-01
3.310341156678643371e-01
3.316729026766351840e-01
3.322986473518464434e-01
3.329113251122768902e-01
3.335109118935981609e-01
3.340973841493237728e-01
3.346707188517454856e-01
3.352308934928414086e-01
3.357778860851664549e-01
3.363116751627232559e-01
3.368322397818115377e-01
3.373395595218532939e-01
3.378336144862061352e-01
3.383143853029421111e-01
3.387818531256265864e-01
3.392359996340502670e-01
3.396768070349620028e-01
3.401042580627702261e-01
3.405183359802267939e-01
3.409190245790880702e-01
3.413063081807571342e-01
3.416801716369007313e-01
3.420406003300567321e-01
3.423875801742009561e-01
3.427210976153142186e-01
3.430411396319115735e-01
3.433476937355633418e-01
3.436407479713837754e-01
3.439202909185061774e-01
3.441863116905364839e-01
3.444387999359808106e-01
3.446777458386580117e-01
3.449031401180840950e-01
3.451149740298434798e-01
3.453132393659312238e-01
3.454979284550819818e-01
3.456690341630668795e-01
3.458265498929843917e-01
3.459704695855118639e-01
3.461007877191564774e-01
3.462174993104599752e-01
3.463205999142083269e-01
3.464100856235990955e-01
3.464859530704018087e-01
3.465481994250869668e-01
3.465968223969381201e-01
3.466318202341480692e-01
3.466531917238790950e-01
3.466609361923196353e-01
3.466550535047058790e-01
3.466355440653283715e-01
3.466024088175149731e-01
3.465556492435953873e-01
3.464952673648426518e-01
3.464212657413914265e-01
3.463336474721374625e-01
3.462324161946152556e-01
3.461175760848539951e-01
3.459891318572119734e-01
3.458470887641912350e-01
3.456914525962292983e-01
3.455222296814682292e-01
3.453394268855076166e-01
3.451430516111303470e-01
3.449331117980121153e-01
3.447096159224051770e-01
3.444725729968022843e-01
3.442219925695849114e-01
3.439578847246386739e-01
3.436802600809622521e-01
3.433891297922406771e-01
3.430845055464058491e-01
3.427663995651774043e-01
3.424348246035757715e-01
3.420897939494191298e-01
3.417313214227961082e-01
3.413594213755222762e-01
3.409741086905684893e-01
3.405753987814760242e-01
3.401633075917444016e-01
3.397378515941990584e-01
3.392990477903464752e-01
3.388469137096937200e-01
3.383814674090587782e-01
3.379027274718575669e-01
3.374107130073656369e-01
3.369054436499644423e-01
3.363869395583640176e-01
3.358552214148055048e-01
3.353103104242433075e-01
3.347522283135063170e-01
3.341809973304365466e-01
3.335966402430141087e-01
3.329991803384491078e-01
3.323886414222660401e-01
3.317650478173633233e-01
3.311284243630439605e-01
3.304787964140414869e-01
3.298161898395099989e-01
3.291406310220048592e-01
3.284521468564381985e-01
3.277507647490146558e-01
3.270365126161469127e-01
3.263094188833533527e-01
3.255695124841307408e-01
3.248168228588117490e-01
3.240513799533999428e-01
3.232732142183845636e-01
3.224823566075360470e-01
3.216788385766830571e-01
3.208626920824663165e-01
3.200339495810756718e-01
3.191926440269657883e-01
3.183388088715521924e-01
3.174724780618884967e-01
3.165936860393230301e-01
3.157024677381375932e-01
3.147988585841661191e-01
3.138828944933881315e-01
3.129546118705152091e-01
3.120140476075468072e-01
3.110612390823105367e-01
3.100962241569867328e-01
3.091190411766058244e-01
3.081297289675377638e-01
3.071283268359509266e-01
3.061148745662584658e-01
3.050894124195464574e-01
3.040519811319815080e-01
3.030026219131939924e-01
3.019413764446545190e-01
3.008682868780217512e-01
2.997833958334751858e-01
2.986867463980307780e-01
2.975783821238347504e-01
2.964583470264406939e-01
2.953266855830718463e-01
2.941834427308543387e-01
2.930286638650499986e-01
2.918623948372492394e-01
2.906846819535671700e-01
2.894955719728068977e-01
2.882951121046083420e-01
2.870833500075863354e-01
2.858603337874390249e-01
2.846261119950493357e-01
2.833807336245646180e-01
2.821242481114548672e-01
2.808567053305586758e-01
2.795781555941140861e-01
2.782886496497621875e-01
2.769882386785449402e-01
2.756769742928767419e-01
2.743549085345063920e-01
2.730220938724541857e-01
2.716785832009400159e-01
2.703244298372904919e-01
2.689596875198269066e-01
2.675844104057437667e-01
2.661986530689628982e-01
2.648024704979765609e-01
2.633959180936721323e-01
2.619790516671403613e-01
2.605519274374660244e-01
2.591146020295073682e-01
2.576671324716535705e-01
2.562095761935692662e-01
2.547419910239240304e-01
2.532644351881029876e-01
2.517769673059054303e-01
2.502796463892241752e-01
2.487725318397127350e-01
2.472556834464349484e-01
2.457291613834989286e-01
2.441930262076788261e-01
2.426473388560173028e-01
2.410921606434170139e-01
2.395275532602129664e-01
2.379535787697328320e-01
2.363702996058440475e-01
2.347777785704813769e-01
2.331760788311628696e-01
2.315652639184940520e-01
2.299453977236508573e-01
2.283165444958541179e-01
2.266787688398289036e-01
2.250321357132478439e-01
2.233767104241613510e-01
2.217125586284144356e-01
2.200397463270496179e-01
2.183583398636973205e-01
2.166684059219493308e-01
2.149700115227224650e-01
2.132632240216059683e-01
2.115481111061991160e-01
2.098247407934326625e-01
2.080931814268774105e-01
2.063535016740424832e-01
2.046057705236571933e-01
2.028500572829432524e-01
2.010864315748724651e-01
1.993149633354137917e-01
1.975357228107660068e-01
1.957487805545779225e-01
1.939542074251591752e-01
1.921520745826771626e-01
1.903424534863405182e-01
1.885254158915745104e-01
1.867010338471804809e-01
1.848693796924874844e-01
1.830305260544904944e-01
1.811845458449759250e-01
1.793315122576399356e-01
1.774714987651900555e-01
1.756045791164417835e-01
1.737308273333991182e-01
1.718503177083280653e-01
1.699631248008163786e-01
1.680693234348255571e-01
1.661689886957290474e-01
1.642621959273445620e-01
1.623490207289518539e-01
1.604295389523033299e-01
1.585038266986212308e-01
1.565719603155917017e-01
1.546340163943396018e-01
1.526900717664028684e-01
1.507402035006911445e-01
1.487844889004366067e-01
1.468230055001381040e-01
1.448558310624922518e-01
1.428830435753191408e-01
1.409047212484753619e-01
1.389209425107605644e-01
1.369317860068181014e-01
1.349373305940185508e-01
1.329376553393454008e-01
1.309328395162650815e-01
1.289229626015897245e-01
1.269081042723376462e-01
1.248883444025756656e-01
1.228637630602653213e-01
1.208344405040914921e-01
1.188004571802887405e-01
1.167618937194610518e-01
1.147188309333876943e-01
1.126713498118334239e-01
1.106195315193351375e-01
1.085634573920024742e-01
1.065032089342906468e-01
1.044388678157822242e-01
1.023705158679546617e-01
1.002982350809424744e-01
9.822210760029509435e-02
9.614221572372680380e-02
9.405864189786204699e-02
9.197146871497369203e-02
8.988077890971311878e-02
8.778665535584351254e-02
8.568918106295517201e-02
8.358843917318790895e-02
8.148451295793561477e-02
7.937748581455900121e-02
7.726744126307964755e-02
7.515446294288381790e-02
7.303863460940678010e-02
7.092004013082450764e-02
6.879876348473423775e-02
6.667488875483061628e-02
6.454850012758603373e-02
6.241968188891120622e-02
6.028851842082891266e-02
5.815509419813223030e-02
5.601949378504274268e-02
5.388180183186743605e-02
5.174210307165024586e-02
4.960048231681636610e-02
4.745702445582198475e-02
4.531181444979406892e-02
4.316493732916874826e-02
4.101647819033017728e-02
3.886652219224214638e-02
3.671515455308181630e-02
3.456246054686461927e-02
3.240852550007485705e-02
3.025343478828898536e-02
2.809727383279855134e-02
2.594012809723268698e-02
2.378208308417326111e-02
2.162322433177641876e-02
1.946363741038675821e-02
1.730340791915349619e-02
1.514262148264710478e-02
1.298136374746626347e-02
1.081972037885298339e-02
8.657777057304777424e-03
6.495619475185341815e-03
4.333333333333138845e-03
