-6.499999999999600542e-02
3.243493493494035984e-02
6.486922706273232087e-02
9.730159079450963200e-02
1.297307406177388156e-01
1.621553911469404696e-01
1.945742571746358895e-01
2.269860537222445351e-01
2.593894960907197067e-01
2.917832999115861359e-01
3.241661811975355412e-01
3.565368563934245283e-01
3.888940424269360929e-01
4.212364567592749021e-01
4.535628174360628040e-01
4.858718431378893921e-01
5.181622532311713769e-01
5.504327678185889638e-01
5.826821077898814982e-01
6.149089948724875132e-01
6.471121516818386654e-01
6.792903017722715653e-01
7.114421696871932044e-01
7.435664810096943578e-01
7.756619624129469370e-01
8.077273417105726994e-01
8.397613479069154785e-01
8.717627112473784745e-01
9.037301632686181030e-01
9.356624368487227450e-01
9.675582662574124804e-01
9.994163872059357301e-01
1.031235536897305405e+00
1.063014454076045556e+00
1.094751879078199375e+00
1.126446553881134127e+00
1.158097222153312789e+00
1.189702629303984072e+00
1.221261522532760102e+00
1.252772650879272032e+00
1.284234765272578960e+00
1.315646618580635918e+00
1.347006965659542477e+00
1.378314563402873505e+00
1.409568170790842290e+00
1.440766548939363512e+00
1.471908461149077141e+00
1.502992672954253095e+00
1.534017952171675470e+00
1.564983068949297840e+00
1.595886795814976722e+00
1.626727907724959454e+00
1.657505182112434916e+00
1.688217398935768498e+00
1.718863340726853650e+00
1.749441792639273796e+00
1.779951542496306383e+00
1.810391380838911157e+00
1.840760100973569680e+00
1.871056499019996711e+00
1.901279373958781882e+00
1.931427527678909239e+00
1.961499765025114694e+00
1.991494893845216829e+00
2.021411725037204565e+00
2.051249072596355916e+00
2.081005753662064972e+00
2.110680588564718185e+00
2.140272400872310854e+00
2.169780017437010766e+00
2.199202268441479369e+00
2.228537987445302182e+00
2.257786011430994666e+00
2.286945180850024517e+00
2.316014339668813982e+00
2.344992335414260776e+00
2.373878019219486823e+00
2.402670245869214849e+00
2.431367873845109440e+00
2.459969765370873418e+00
2.488474786457314014e+00
2.516881806947179445e+00
2.545189700559856494e+00
2.573397344935923758e+00
2.601503621681573897e+00
2.629507416412780518e+00
2.657407618799534799e+00
2.685203122609574500e+00
2.712892825752301285e+00
2.740475630322252609e+00
2.767950442642636233e+00
2.795316173308552088e+00
2.822571737230047617e+00
2.849716053675086957e+00
2.876748046312324281e+00
2.903666643253595581e+00
2.930470777096419788e+00
2.957159384966142390e+00
2.983731408558023102e+00
3.010185794179082830e+00
3.036521492789795662e+00
3.062737460045571680e+00
3.088832656338097671e+00
3.114806046836430919e+00
3.140656601527922032e+00
3.166383295259021402e+00
3.191985107775777042e+00
3.217461023764175199e+00
3.242810032890402372e+00
3.268031129840681892e+00
3.293123314361143805e+00
3.318085591297356363e+00
3.342916970633656781e+00
3.367616467532366986e+00
3.392183102372743786e+00
3.416615900789698568e+00
3.440913893712348237e+00
3.465076117402384970e+00
3.489101613492154197e+00
3.512989429022594479e+00
3.536738616480929576e+00
3.560348233838132259e+00
3.583817344586189169e+00
3.607145017775207130e+00
3.630330328050114908e+00
3.653372355687424466e+00
3.676270186631459325e+00
3.699022912530622875e+00
3.721629630773291009e+00
3.744089444523512444e+00
3.766401462756477247e+00
3.788564800293794832e+00
3.810578577838466874e+00
3.832441922009736768e+00
3.854153965377541624e+00
3.875713846496920745e+00
3.897120709942039518e+00
3.918373706340025020e+00
3.939471992404592005e+00
3.960414730969377572e+00
3.981201091021091099e+00
4.001830247732337753e+00
4.022301382494290145e+00
4.042613682949040665e+00
4.062766343021746884e+00
4.082758562952530923e+00
4.102589549328087948e+00
4.122258515113109922e+00
4.141764679681367411e+00
4.161107268846653717e+00
4.180285514893320453e+00
4.199298656606758939e+00
4.218145939303406422e+00
4.236826614860678575e+00
4.255339941746520083e+00
4.273685185048727853e+00
4.291861616504064614e+00
4.309868514527035899e+00
4.327705164238451196e+00
4.345370857493674244e+00
4.362864892910680581e+00
4.380186575897753620e+00
4.397335218681009295e+00
4.414310140331556553e+00
4.431110666792458908e+00
4.447736130905403762e+00
4.464185872437064440e+00
4.480459238105264141e+00
4.496555581604753549e+00
4.512474263632840987e+00
4.528214651914661992e+00
4.543776121228146891e+00
4.559158053428817858e+00
4.574359837474196055e+00
4.589380869447999167e+00
4.604220552584033399e+00
4.618878297289731094e+00
4.633353521169593314e+00
4.647645649048139482e+00
4.661754112992665178e+00
4.675678352335763677e+00
4.689417813697428272e+00
4.702971951007008045e+00
4.716340225524776386e+00
4.729522105863259718e+00
4.742517068008220704e+00
4.755324595339426530e+00
4.767944178651072562e+00
4.780375316171933342e+00
4.792617513585180511e+00
4.804670284047975137e+00
4.816533148210699444e+00
4.828205634235943400e+00
4.839687277817119160e+00
4.850977622196903205e+00
4.862076218185240606e+00
4.872982624177151223e+00
4.883696406170158433e+00
4.894217137781510019e+00
4.904544400265010040e+00
4.914677782527586025e+00
4.924616881145564840e+00
4.934361300380601278e+00
4.943910652195389055e+00
4.953264556268933028e+00
4.962422640011666886e+00
4.971384538580145396e+00
4.980149894891492401e+00
4.988718359637533517e+00
4.997089591298591316e+00
5.005263256157020280e+00
5.013239028310393586e+00
5.021016589684398568e+00
5.028595630045411546e+00
5.035975847012799100e+00
5.043156946070823210e+00
5.050138640580341232e+00
5.056920651790137278e+00
5.063502708847932077e+00
5.069884548811096181e+00
5.076065916657079846e+00
5.082046565293467211e+00
5.087826255567768463e+00
5.093404756276879830e+00
5.098781844176215827e+00
5.103957303988573280e+00
5.108930928412600103e+00
5.113702518131017172e+00
5.118271881818536428e+00
5.122638836149368657e+00
5.126803205804515429e+00
5.130764823478701331e+00
5.134523529886972248e+00
5.138079173771012087e+00
5.141431611905126431e+00
5.144580709101898464e+00
5.147526338217548236e+00
5.150268380156957093e+00
5.152806723878374129e+00
5.155141266397802013e+00
5.157271912793114588e+00
5.159198576207739251e+00
5.160921177854159048e+00
5.162439647016996425e+00
5.163753921055810103e+00
5.164863945407575763e+00
5.165769673588862076e+00
5.166471067197644373e+00
5.166968095914854509e+00
5.167260737505531054e+00
5.167348977819735012e+00
5.167232810793124465e+00
5.166912238447157080e+00
5.166387270889014616e+00
5.165657926311237880e+00
5.164724230990954901e+00
5.163586219288926138e+00
5.162243933648053229e+00
5.160697424591836224e+00
5.158946750722273933e+00
5.156991978717623049e+00
5.154833183329690094e+00
5.152470447380934182e+00
5.149903861761157664e+00
5.147133525423909894e+00
5.144159545382591681e+00
5.140982036706204461e+00
5.137601122514802832e+00
5.134016933974646868e+00
5.130229610292976972e+00
5.126239298712519599e+00
5.122046154505683901e+00
5.117650340968388001e+00
5.113052029413617916e+00
5.108251399164657869e+00
5.103248637547958211e+00
5.098043939885790188e+00
5.092637509488447733e+00
5.087029557646283173e+00
5.081220303621254430e+00
5.075209974638336341e+00
5.068998805876493208e+00
5.062587040459362697e+00
5.055974929445692823e+00
5.049162731819335725e+00
5.042150714479075369e+00
5.034939152228019132e+00
5.027528327762736282e+00
5.019918531662102446e+00
5.012110062375786157e+00
5.004103226212431643e+00
4.995898337327549399e+00
4.987495717711115439e+00
4.978895697174794854e+00
4.970098613338908677e+00
4.961104811619096999e+00
4.951914645212634802e+00
4.942528475084457362e+00
4.932946669952905872e+00
4.923169606275116017e+00
4.913197668232128557e+00
4.903031247713728114e+00
4.892670744302882291e+00
4.882116565259985386e+00
4.871369125506721076e+00
4.860428847609664871e+00
4.849296161763545499e+00
4.837971505774247838e+00
4.826455325041499655e+00
4.814748072541244817e+00
4.802850208807701193e+00
4.790762201915181429e+00
4.778484527459547770e+00
4.766017668539434204e+00
4.753362115737078675e+00
4.740518367098990105e+00
4.727486928116173992e+00
4.714268311704186587e+00
4.700863038182838238e+00
4.687271635255584101e+00
4.673494637988674150e+00
4.659532588789993213e+00
4.645386037387569722e+00
4.631055540807872184e+00
4.616541663353747715e+00
4.601844976582110114e+00
4.586966059281324171e+00
4.571905497448304878e+00
4.556663884265369724e+00
4.541241820076727720e+00
4.525639912364760598e+00
4.509858775725999358e+00
4.493899031846773084e+00
4.477761309478661467e+00
4.461446244413593831e+00
4.444954479458719021e+00
4.428286664410959972e+00
4.411443456031310717e+00
4.394425518018883814e+00
4.377233520984615822e+00
4.359868142424759618e+00
4.342330066694096935e+00
4.324619984978843590e+00
4.306738595269326453e+00
4.288686602332361986e+00
4.270464717683366551e+00
4.252073659558241125e+00
4.233514152884950477e+00
4.214786929254814574e+00
4.195892726893613478e+00
4.176832290632354727e+00
4.157606371877829332e+00
4.138215728582878228e+00
4.118661125216399377e+00
4.098943332733129274e+00
4.079063128543139349e+00
4.059021296481067687e+00
4.038818626775129594e+00
4.018455916015852836e+00
3.997933967124579269e+00
3.977253589321673832e+00
3.956415598094537245e+00
3.935420815165342034e+00
3.914270068458531426e+00
3.892964192068056661e+00
3.871504026224397155e+00
3.849890417261310649e+00
3.828124217582368427e+00
3.806206285627206309e+00
3.784137485837624215e+00
3.761918688623329121e+00
3.739550770327524809e+00
3.717034613192287562e+00
3.694371105323578597e+00
3.671561140656222744e+00
3.648605618918446591e+00
3.625505445596350018e+00
3.602261531898063751e+00
3.578874794717707086e+00
3.555346156599119567e+00
3.531676545699368397e+00
3.507866895752037362e+00
3.483918146030283491e+00
3.459831241309673011e+00
3.435607131830836103e+00
3.411246773261845000e+00
3.386751126660448641e+00
3.362121158436010226e+00
3.337357840311307555e+00
3.312462149284109536e+00
3.287435067588479587e+00
3.262277582655956909e+00
3.236990687076504614e+00
3.211575378559219374e+00
3.186032659892866992e+00
3.160363538906231007e+00
3.134569028428239257e+00
3.108650146247892376e+00
3.082607915074005778e+00
3.056443362494770888e+00
3.030157520937070803e+00
3.003751427625670711e+00
2.977226124542179164e+00
2.950582658383824164e+00
2.923822080522059164e+00
2.896945446960959902e+00
2.869953818295473358e+00
2.842848259669428668e+00
2.815629840733445466e+00
2.788299635602583759e+00
2.760858722813873900e+00
2.733308185283661818e+00
2.705649110264738422e+00
2.677882589303364647e+00
2.650009718196084219e+00
2.622031596946351684e+00
2.593949329721065400e+00
2.565764024806843402e+00
2.537476794566210003e+00
2.509088755393597214e+00
2.480601027671152092e+00
2.452014735724455274e+00
2.423331007778014801e+00
2.394550975910660018e+00
2.365675776010746745e+00
2.336706547731225214e+00
2.307644434444560577e+00
2.278490583197508634e+00
2.249246144665726366e+00
2.219912273108269218e+00
2.190490126321941844e+00
2.160980865595463207e+00
2.131385655663556644e+00
2.101705664660880046e+00
2.071942064075791290e+00
2.042096028704027511e+00
2.012168736602236496e+00
1.982161369041357979e+00
1.952075110459912333e+00
1.921911148417141835e+00
1.891670673546019810e+00
1.861354879506182503e+00
1.830964962936681983e+00
1.800502123408665112e+00
1.769967563377925712e+00
1.739362488137313756e+00
1.708688105769099908e+00
1.677945627097144898e+00
1.647136265639019603e+00
1.616261237558002994e+00
1.585321761614981950e+00
1.554319059120218061e+00
1.523254353885058698e+00
1.492128872173511533e+00
1.460943842653739333e+00
1.429700496349455952e+00
1.398400066591250601e+00
1.367043788967760465e+00
1.335632901276835538e+00
1.304168643476543821e+00
1.272652257636140094e+00
1.241084987886930557e+00
1.209468080373032661e+00
1.177802783202136716e+00
1.146090346396086090e+00
1.114332021841427878e+00
1.082529063239925815e+00
1.050682726058947525e+00
1.018794267481797577e+00
9.868649463579858283e-01
9.548960231534566745e-01
9.228887599006871945e-01
8.908444201487957237e-01
8.587642689135522867e-01
8.266495726273196398e-01
7.945015990889945368e-01
7.623216174138186529e-01
7.301108979831886225e-01
6.978707123944137836e-01
6.656023334104095301e-01
6.333070349093387064e-01
6.009860918342311287e-01
5.686407801425530373e-01
5.362723767557259213e-01
5.038821595086144800e-01
4.714714070989937111e-01
4.390413990369426145e-01
4.065934155942416695e-01
3.741287377537433345e-01
3.416486471586839824e-01
3.091544260619779605e-01
2.766473572755069332e-01
2.441287241193771662e-01
2.115998103711576594e-01
1.790619002150782568e-01
1.465162781912504320e-01
1.139642291448337424e-01
8.140703817525653252e-02
4.884599058530444959e-02
1.628237183035094807e-02
-1.628253253253590660e-02
-4.884743689541860834e-02
-8.141105565037203007e-02
-1.139721032403157863e-01
-1.465292942099042650e-01
-1.790813432563147511e-01
-2.116269652801436307e-01
-2.441648754362249207e-01
-2.766937891844424291e-01
-3.092124223405711136e-01
-3.417194911270466928e-01
-3.742137122237475522e-01
-4.066938028188157306e-01
-4.391584806593067936e-01
-4.716064641020012438e-01
-5.040364721640591128e-01
-5.364472245736814360e-01
-5.688374418207914340e-01
-6.012058452076163295e-01
-6.335511568992885367e-01
-6.658720999744008884e-01
-6.981673984754743767e-01
-7.304357774594862907e-01
-7.626759630482591312e-01
-7.948866824788826113e-01
-8.270666641540656006e-01
-8.592146376923800455e-01
-8.913293339786168001e-01
-9.234094852138542420e-01
-9.554538249657478222e-01
-9.874610882185246297e-01
-1.019430011423054561e+00
-1.051359332546870418e+00
-1.083247791124016368e+00
-1.115094128304997101e+00
-1.146897086906495611e+00
-1.178655411461154046e+00
-1.210367848267202007e+00
-1.242033145438100838e+00
-1.273650052951991851e+00
-1.305217322701212268e+00
-1.336733708541608001e+00
-1.368197966341901717e+00
-1.399608854032831085e+00
-1.430965131656317446e+00
-1.462265561414521020e+00
-1.493508907718802403e+00
-1.524693937238580377e+00
-1.555819418950122657e+00
-1.586884124185292011e+00
-1.617886826680045242e+00
-1.648826302623067175e+00
-1.679701330704082674e+00
-1.710510692162211077e+00
-1.741253170834176522e+00
-1.771927553202388150e+00
-1.802532628442998774e+00
-1.833067188473728626e+00
-1.863530028001748828e+00
-1.893919944571249570e+00
-1.924235738611090207e+00
-1.954476213482206681e+00
-1.984640175524983396e+00
-2.014726434106425934e+00
-2.044733801667305784e+00
-2.074661093769092357e+00
-2.104507129140851696e+00
-2.134270729725949778e+00
-2.163950720728629484e+00
-2.193545930660528498e+00
-2.223055191387013352e+00
-2.252477338173341170e+00
-2.281811209730796985e+00
-2.311055648262577478e+00
-2.340209499509623203e+00
-2.369271612796289617e+00
-2.398240841075810703e+00
-2.427116040975728417e+00
-2.455896072843082756e+00
-2.484579800789526338e+00
-2.513166092736226709e+00
-2.541653820458665169e+00
-2.570041859631281511e+00
-2.598329089871906916e+00
-2.626514394786135576e+00
-2.654596662011416530e+00
-2.682574783261149953e+00
-2.710447654368437487e+00
-2.738214175329802824e+00
-2.765873250348726664e+00
-2.793423787878941411e+00
-2.820864700667646829e+00
-2.848194905798519194e+00
-2.875413324734492626e+00
-2.902518883360547086e+00
-2.929510512026035407e+00
-2.956387145587120457e+00
-2.983147723448891675e+00
-3.009791189607237794e+00
-3.036316492690729341e+00
-3.062722586002134761e+00
-3.089008427559833958e+00
-3.115172980139073733e+00
-3.141215211312956779e+00
-3.167134093493301439e+00
-3.192928603971282531e+00
-3.218597724957925177e+00
-3.244140443624280667e+00
-3.269555752141584115e+00
-3.294842647721021311e+00
-3.320000132653535108e+00
-3.345027214349175271e+00
-3.369922905376374178e+00
-3.394686223501082623e+00
-3.419316191725513487e+00
-3.443811838326907626e+00
-3.468172196895906279e+00
-3.492396306374731640e+00
-3.516483211095350558e+00
-3.540431960817105317e+00
-3.564241610764435464e+00
-3.587911221664176864e+00
-3.611439859782771045e+00
-3.634826596963130374e+00
-3.658070510661417973e+00
-3.681170683983513214e+00
-3.704126205721285814e+00
-3.726936170388651437e+00
-3.749599678257346635e+00
-3.772115835392597205e+00
-3.794483753688396188e+00
-3.816702550902692170e+00
-3.838771350692276929e+00
-3.860689282647439935e+00
-3.882455482326371499e+00
-3.904069091289462445e+00
-3.925529257133121064e+00
-3.946835133523592276e+00
-3.967985880230405105e+00
-3.988980663159600315e+00
-4.009818654386736902e+00
-4.030499032189641895e+00
-4.051020981080917238e+00
-4.071383691840190444e+00
-4.091586361546134754e+00
-4.111628193608207305e+00
-4.131508397798190124e+00
-4.151226190281462891e+00
-4.170780793647938189e+00
-4.190171436942895511e+00
-4.209397355697418242e+00
-4.228457791958674328e+00
-4.247351994319880752e+00
-4.266079217950015767e+00
-4.284638724623301975e+00
-4.303029782748427401e+00
-4.321251667397425500e+00
-4.339303660334394408e+00
-4.357185050043917762e+00
-4.374895131759166667e+00
-4.392433207489831126e+00
-4.409798586049684666e+00
-4.426990583083947328e+00
-4.444008521096377784e+00
-4.460851729476022598e+00
-4.477519544523781647e+00
-4.494011309478661786e+00
-4.510326374543734751e+00
-4.526464096911843704e+00
-4.542423840791061984e+00
-4.558204977429833882e+00
-4.573806885141796563e+00
-4.589228949330435903e+00
-4.604470562513371945e+00
-4.619531124346379691e+00
-4.634410041647170075e+00
-4.649106728418807677e+00
-4.663620605872937475e+00
-4.677951102452630572e+00
-4.692097653855056727e+00
-4.706059703053742105e+00
-4.719836700320646727e+00
-4.733428103247896424e+00
-4.746833376769264312e+00
-4.760051993181238394e+00
-4.773083432164051843e+00
-4.785927180802148406e+00
-4.798582733604502160e+00
-4.811049592524621055e+00
-4.823327266980248496e+00
-4.835415273872762043e+00
-4.847313137606311884e+00
-4.859020390106575604e+00
-4.870536570839312240e+00
-4.881861226828620559e+00
-4.892993912674728385e+00
-4.903934190571786367e+00
-4.914681630325057782e+00
-4.925235809367949358e+00
-4.935596312778787187e+00
-4.945762733297190294e+00
-4.955734671340174202e+00
-4.965511735017959616e+00
-4.975093540149521765e+00
-4.984479710277700981e+00
-4.993669876684166731e+00
-5.002663678403969527e+00
-5.011460762239852151e+00
-5.020060782776181618e+00
-5.028463402392616466e+00
-5.036668291277488940e+00
-5.044675127440852336e+00
-5.052483596727171289e+00
-5.060093392827795356e+00
-5.067504217293088864e+00
-5.074715779544145100e+00
-5.081727796884405457e+00
-5.088539994510751896e+00
-5.095152105524427100e+00
-5.101563870941551393e+00
-5.107775039703397191e+00
-5.113785368686319721e+00
-5.119594622711353793e+00
-5.125202574553516577e+00
-5.130609004950848373e+00
-5.135813702613014620e+00
-5.140816464229708060e+00
-5.145617094478678766e+00
-5.150215406033458621e+00
-5.154611219570751857e+00
-5.158804363777592883e+00
-5.162794675358038710e+00
-5.166581999039723705e+00
-5.170166187579877892e+00
-5.173547101771263534e+00
-5.176724610447648978e+00
-5.179698590488972521e+00
-5.182468926826220290e+00
-5.185035512446010131e+00
-5.187398248394758049e+00
-5.189557043782695445e+00
-5.191511815787342776e+00
-5.193262489656901515e+00
-5.194808998713116743e+00
-5.196151284353983435e+00
-5.197289296056031738e+00
-5.198222991376304059e+00
-5.198952335954071913e+00
-5.199477303512217041e+00
-5.199797875858189755e+00
-5.199914042884794974e+00
-5.199825802570599897e+00
-5.199533160979920687e+00
-5.199036132262718546e+00
-5.198334738653927367e+00
-5.197429010472642830e+00
-5.196318986120887828e+00
-5.195004712082067044e+00
-5.193486242919226115e+00
-5.191763641272805430e+00
-5.189836977858172773e+00
-5.187706331462873521e+00
-5.185371788943445637e+00
-5.182833445222018831e+00
-5.180091403282608198e+00
-5.177145774166961090e+00
-5.173996676970196162e+00
-5.170644238836075601e+00
-5.167088594952033098e+00
-5.163329888543767510e+00
-5.159368270869578055e+00
-5.155203901214431284e+00
-5.150836946883599055e+00
-5.146267583196076245e+00
-5.141495993477653847e+00
-5.136522369053635906e+00
-5.131346909241287335e+00
-5.125969821341950450e+00
-5.120391320632844412e+00
-5.114611630358528949e+00
-5.108630981722138920e+00
-5.102449613876164136e+00
-5.096067773912991150e+00
-5.089485716855202568e+00
-5.082703705645415404e+00
-5.075722011135879619e+00
-5.068540912077861726e+00
-5.061160695110483942e+00
-5.053581654749462082e+00
-5.045804093375465982e+00
-5.037828321222085570e+00
-5.029654656363657494e+00
-5.021283424702594367e+00
-5.012714959956553251e+00
-5.003949603645196476e+00
-4.994987705076732176e+00
-4.985829621333996542e+00
-4.976475717260447240e+00
-4.966926365445669234e+00
-4.957181946210621248e+00
-4.947242847592646875e+00
-4.937109465330074443e+00
-4.926782202846569092e+00
-4.916261471235216618e+00
-4.905547689242207632e+00
-4.894641283250305008e+00
-4.883542687261967608e+00
-4.872252342882189780e+00
-4.860770699301005138e+00
-4.849098213275771840e+00
-4.837235349113043981e+00
-4.825182578650250242e+00
-4.812940381236989751e+00
-4.800509243716131635e+00
-4.787889660404487380e+00
-4.775082133073280666e+00
-4.762087170928322344e+00
-4.748905290589839900e+00
-4.735537016072071559e+00
-4.721982878762486457e+00
-4.708243417400822750e+00
-4.694319178057734021e+00
-4.680210714113209214e+00
-4.665918586234661269e+00
-4.651443362354794608e+00
-4.636785617649092472e+00
-4.621945934513076892e+00
-4.606924902539252464e+00
-4.591723118493879596e+00
-4.576341186293219288e+00
-4.560779716979726395e+00
-4.545039328697908942e+00
-4.529120646669811734e+00
-4.513024303170324991e+00
-4.496750937502124401e+00
-4.480301195970464612e+00
-4.463675731857526863e+00
-4.446875205396613850e+00
-4.429900283746071032e+00
-4.412751640962820687e+00
-4.395429957975743207e+00
-4.377935922558737758e+00
-4.360270229303507605e+00
-4.342433579592103854e+00
-4.324426681569127240e+00
-4.306250250113789591e+00
-4.287905006811585373e+00
-4.269391679925752747e+00
-4.250711004368477042e+00
-4.231863721671818901e+00
-4.212850579958381303e+00
-4.193672333911707462e+00
-4.174329744746435367e+00
-4.154823580178167219e+00
-4.135154614393149686e+00
-4.115323628017590885e+00
-4.095331408086813063e+00
-4.075178748014103292e+00
-4.054866447559350107e+00
-4.034395312797407485e+00
-4.013766156086157721e+00
-3.992979796034445084e+00
-3.972037057469651966e+00
-3.950938771405087202e+00
-3.929685775007100368e+00
-3.908278911561988256e+00
-3.886719030442610912e+00
-3.865006987074800726e+00
-3.843143642903531720e+00
-3.821129865358859679e+00
-3.798966527821547867e+00
-3.776654509588578179e+00
-3.754194695838358520e+00
-3.731587977595693939e+00
-3.708835251696522839e+00
-3.685937420752485316e+00
-3.662895393115181975e+00
-3.639710082840263983e+00
-3.616382409651255347e+00
-3.592913298903194441e+00
-3.569303681545996199e+00
-3.545554494087661102e+00
-3.521666678557215935e+00
-3.497641182467444931e+00
-3.473478958777411307e+00
-3.449180965854763858e+00
-3.424748167437814850e+00
-3.400181532597436718e+00
-3.375482035698717187e+00
-3.350650656362417656e+00
-3.325688379426214425e+00
-3.300596194905747627e+00
-3.275375097955458781e+00
-3.250026088829241822e+00
-3.224550172840835227e+00
-3.198948360324084028e+00
-3.173221666592984658e+00
-3.147371111901486440e+00
-3.121397721403163850e+00
-3.095302525110637415e+00
-3.069086557854856956e+00
-3.042750859244147232e+00
-3.016296473623085728e+00
-2.989724450031204572e+00
-2.963035842161485522e+00
-2.936231708318665756e+00
-2.909313111377388683e+00
-2.882281118740158021e+00
-2.855136802295105802e+00
-2.827881238373617823e+00
-2.800515507707705076e+00
-2.773040695387315679e+00
-2.745457890817363467e+00
-2.717768187674645564e+00
-2.689972683864602310e+00
-2.662072481477849806e+00
-2.634068686746622756e+00
-2.605962410000984608e+00
-2.577754765624916899e+00
-2.549446872012250509e+00
-2.521039851522381081e+00
-2.492534830435935600e+00
-2.463932938910170289e+00
-2.435235310934280140e+00
-2.406443084284550782e+00
-2.377557400479321181e+00
-2.348579404733871723e+00
-2.319510245915092472e+00
-2.290351076496047078e+00
-2.261103052510368805e+00
-2.231767333506548656e+00
-2.202345082502071616e+00
-2.172837465937385470e+00
-2.143245653629789249e+00
-2.113570818727128486e+00
-2.083814137661412325e+00
-2.053976790102274297e+00
-2.024059958910274570e+00
-1.994064830090189089e+00
-1.963992592743976084e+00
-1.933844439023848727e+00
-1.903621564085057560e+00
-1.873325166038624090e+00
-1.842956445903978668e+00
-1.812516607561375226e+00
-1.782006857704334202e+00
-1.751428405791915610e+00
-1.720782464000824241e+00
-1.690070247177488438e+00
-1.659292972790029408e+00
-1.628451860880031354e+00
-1.597548134014362020e+00
-1.566583017236732767e+00
-1.535557738019320828e+00
-1.504473526214133550e+00
-1.473331614004426582e+00
-1.442133235855907358e+00
-1.410879628467940128e+00
-1.379572030724598442e+00
-1.348211683645688108e+00
-1.316799830337652022e+00
-1.285337715944333770e+00
-1.253826587597821396e+00
-1.222267694369034929e+00
-1.190662287218379412e+00
-1.159011618946202749e+00
-1.127316944143263111e+00
-1.095579519141102187e+00
-1.063800601962361148e+00
-1.031981452271015787e+00
-1.000123331322466003e+00
-9.682275019137895899e-01
-9.362952283336578585e-01
-9.043277763124373259e-01
-8.723264129719775495e-01
-8.402924067756414317e-01
-8.082270274780197772e-01
-7.761315460747554296e-01
-7.440072347522462826e-01
-7.118553668373337473e-01
-6.796772167469008474e-01
-6.474740599375234940e-01
-6.152471728549445684e-01
-5.829978328836541435e-01
-5.507273182962301172e-01
-5.184369082029588460e-01
-4.861278825011149940e-01
-4.538015218243398041e-01
-4.214591074919916136e-01
-3.891019214584980901e-01
-3.567312462626010539e-01
-3.243483649766280008e-01
-2.919545611557919362e-01
-2.595511187872950321e-01
-2.271393222397241340e-01
-1.947204562120000981e-01
-1.622958056827833451e-01
-1.298666558595893694e-01
-9.743429212779539106e-02
-6.499999999999592215e-02
