1.299999999999974093e-02
-6.486986986985762357e-03
-1.297384541254683298e-02
-1.946031815890581287e-02
-2.594614812354500283e-02
-3.243107822938676860e-02
-3.891485143493139676e-02
-4.539721074444835053e-02
-5.187789921814528471e-02
-5.835665998231313878e-02
-6.483323623950859593e-02
-7.130737127868753966e-02
-7.777880848538758218e-02
-8.424729135185293760e-02
-9.071256348721198903e-02
-9.717436862757901361e-02
-1.036324506462323602e-01
-1.100865535637149673e-01
-1.165364215579792473e-01
-1.229817989744925177e-01
-1.294224303363691597e-01
-1.358580603544541632e-01
-1.422884339374379525e-01
-1.487132962019370175e-01
-1.551323924825923628e-01
-1.615454683421151671e-01
-1.679522695813840949e-01
-1.743525422494711374e-01
-1.807460326537204398e-01
-1.871324873697439717e-01
-1.935116532514801480e-01
-1.998832774411885282e-01
-2.062471073794640841e-01
-2.126028908152076402e-01
-2.189503758156380875e-01
-2.252893107762254377e-01
-2.316194444306629296e-01
-2.379405258607939222e-01
-2.442523045065528031e-01
-2.505545301758546062e-01
-2.568469530545169355e-01
-2.631293237161264065e-01
-2.694013931319084176e-01
-2.756629126805749119e-01
-2.819136341581685024e-01
-2.881533097878732352e-01
-2.943816922298145289e-01
-3.005985345908506745e-01
-3.068035904343333065e-01
-3.129966137898573808e-01
-3.191773591629948337e-01
-3.253455815449942112e-01
-3.315010364224864059e-01
-3.376434797871522009e-01
-3.437726681453718847e-01
-3.498883585278568797e-01
-3.559903084992600553e-01
-3.620782761677819317e-01
-3.681520201947163229e-01
-3.742112998040000305e-01
-3.802558747917571536e-01
-3.862855055357820033e-01
-3.922999530050240158e-01
-3.982989787690419115e-01
-4.042823450074442548e-01
-4.102498145192700063e-01
-4.162011507324134274e-01
-4.221361177129459574e-01
-4.280544801744644579e-01
-4.339560034874021532e-01
-4.398404536882972171e-01
-4.457075974890625791e-01
-4.515572022861962798e-01
-4.573890361700054252e-01
-4.632028679337628629e-01
-4.689984670828521440e-01
-4.747756038438972204e-01
-4.805340491738447350e-01
-4.862735747690213883e-01
-4.919939530741744282e-01
-4.976949572914655673e-01
-5.033763613894369771e-01
-5.090379401119721203e-01
-5.146794689871879713e-01
-5.203007243363112488e-01
-5.259014832825572583e-01
-5.314815237599077591e-01
-5.370406245219143671e-01
-5.425785651504598794e-01
-5.480951260644501000e-01
-5.535900885285282014e-01
-5.590632346617098181e-01
-5.645143474460101451e-01
-5.699432107350187460e-01
-5.753496092624648117e-01
-5.807333286507198045e-01
-5.860941554192837799e-01
-5.914318769932301878e-01
-5.967462817116051532e-01
-6.020371588358148784e-01
-6.073042985579578668e-01
-6.125474920091145137e-01
-6.177665312676191567e-01
-6.229612093672861617e-01
-6.281313203055840511e-01
-6.332766590518059679e-01
-6.383970215551539873e-01
-6.434922047528383038e-01
-6.485620065780781651e-01
-6.536062259681367781e-01
-6.586246628722294272e-01
-6.636171182594712281e-01
-6.685833941267305125e-01
-6.735232935064758841e-01
-6.784366204745514439e-01
-6.833231801579400244e-01
-6.881827787424703580e-01
-6.930152234804777267e-01
-6.978203226984314167e-01
-7.025978858045193176e-01
-7.073477232961845607e-01
-7.120696467676256303e-01
-7.167634689172366347e-01
-7.214290035550404712e-01
-7.260660656100234034e-01
-7.306744711374837387e-01
-7.352540373262915763e-01
-7.398045825061236869e-01
-7.443259261546614214e-01
-7.488178889047012454e-01
-7.532802925512964709e-01
-7.577129600587595437e-01
-7.621157155676969719e-01
-7.664883844019482195e-01
-7.708307930755110560e-01
-7.751427692993840823e-01
-7.794241419884077038e-01
-7.836747412680041824e-01
-7.878943984809181345e-01
-7.920829461938754257e-01
-7.962402182042213061e-01
-8.003660495464681723e-01
-8.044602764988590948e-01
-8.085227365898088880e-01
-8.125532686043496211e-01
-8.165517125905068507e-01
-8.205179098656187886e-01
-8.244517030226201637e-01
-8.283529359362751254e-01
-8.322214537693295444e-01
-8.360571029786629804e-01
-8.398597313213519433e-01
-8.436291878606815287e-01
-8.473653229721371805e-01
-8.510679883493030840e-01
-8.547370370097461256e-01
-8.583723233008129228e-01
-8.619737029054078681e-01
-8.655410328476909054e-01
-8.690741714987350042e-01
-8.725729785821365603e-01
-8.760373151795519675e-01
-8.794670437362018811e-01
-8.828620280663120878e-01
-8.862221333584923144e-01
-8.895472261810801751e-01
-8.928371744874117333e-01
-8.960918476210508743e-01
-8.993111163209499548e-01
-9.024948527265692633e-01
-9.056429303829333088e-01
-9.087552242456297114e-01
-9.118316106857631276e-01
-9.148719674948397884e-01
-9.178761738896007438e-01
-9.208441105168051477e-01
-9.237756594579462632e-01
-9.266707042339198397e-01
-9.295291298096270971e-01
-9.323508225985336351e-01
-9.351356704671526243e-01
-9.378835627394855878e-01
-9.405943902014007874e-01
-9.432680451049559878e-01
-9.459044211726510554e-01
-9.485034136016438078e-01
-9.510649190678851506e-01
-9.535888357302148011e-01
-9.560750632343857358e-01
-9.585235027170360134e-01
-9.609340568095958712e-01
-9.633066296421408659e-01
-9.656411268471887244e-01
-9.679374555634235877e-01
-9.701955244393805078e-01
-9.724152436370488983e-01
-9.745965248354289123e-01
-9.767392812340308650e-01
-9.788434275563023812e-01
-9.809088800530015861e-01
-9.829355565055174493e-01
-9.849233762291127459e-01
-9.868722600761204999e-01
-9.887821304390773669e-01
-9.906529112537864057e-01
-9.924845280023339988e-01
-9.942769077160289459e-01
-9.960299789782981472e-01
-9.977436719275067922e-01
-9.994179182597159317e-01
-1.001052651231404633e+00
-1.002647805662077785e+00
-1.004203317936880557e+00
-1.005719126009083864e+00
-1.007195169402559154e+00
-1.008631389214163399e+00
-1.010027728116068779e+00
-1.011384130358027100e+00
-1.012700541769586460e+00
-1.013976909762219325e+00
-1.015213183331415969e+00
-1.016409313058693309e+00
-1.017565251113555780e+00
-1.018680951255376943e+00
-1.019756368835244231e+00
-1.020791460797714878e+00
-1.021786185682519221e+00
-1.022740503626202946e+00
-1.023654376363707152e+00
-1.024527767229874264e+00
-1.025360641160903086e+00
-1.026152964695740577e+00
-1.026904705977395693e+00
-1.027615834754202595e+00
-1.028286322381025686e+00
-1.028916141820380048e+00
-1.029505267643509914e+00
-1.030053676031390530e+00
-1.030561344775674071e+00
-1.031028253279562490e+00
-1.031454382558622429e+00
-1.031839715241549271e+00
-1.032184235570832387e+00
-1.032487929403398397e+00
-1.032750784211161177e+00
-1.032972789081514797e+00
-1.033153934717771394e+00
-1.033294213439529541e+00
-1.033393619182970902e+00
-1.033452147501104701e+00
-1.033469795563947136e+00
-1.033446562158625515e+00
-1.033382447689430661e+00
-1.033277454177801813e+00
-1.033131585262246244e+00
-1.032944846198193156e+00
-1.032717243857785405e+00
-1.032448786729611712e+00
-1.032139484918367378e+00
-1.031789350144454387e+00
-1.031398395743524210e+00
-1.030966636665938241e+00
-1.030494089476186703e+00
-1.029980772352230511e+00
-1.029426705084780957e+00
-1.028831909076516782e+00
-1.028196407341240182e+00
-1.027520224502961099e+00
-1.026803386794930439e+00
-1.026045922058595128e+00
-1.025247859742504764e+00
-1.024409230901136558e+00
-1.023530068193677867e+00
-1.022610405882723672e+00
-1.021650279832930108e+00
-1.020649727509590710e+00
-1.019608787977156705e+00
-1.018527501897690923e+00
-1.017405911529257301e+00
-1.016244060724250886e+00
-1.015041994927667224e+00
-1.013799761175298686e+00
-1.012517408091873294e+00
-1.011194985889138698e+00
-1.009832546363868211e+00
-1.008430142895815340e+00
-1.006987830445603471e+00
-1.005505665552547390e+00
-1.003983706332421511e+00
-1.002422012475158164e+00
-1.000820645242486817e+00
-9.991796674655106791e-01
-9.974991435422233543e-01
-9.957791394349586600e-01
-9.940197226677819353e-01
-9.922209623238195109e-01
-9.903829290425268939e-01
-9.885056950168925605e-01
-9.865893339905797976e-01
-9.846339212550230258e-01
-9.826395336464267549e-01
-9.806062495427452230e-01
-9.785341488605767690e-01
-9.764233130519978099e-01
-9.742738251013447481e-01
-9.720857695219331518e-01
-9.698592323527077674e-01
-9.675943011548499006e-01
-9.652910650083005306e-01
-9.629496145082495628e-01
-9.605700417615409270e-01
-9.581524403830354863e-01
-9.556969054919094431e-01
-9.532035337078853532e-01
-9.506724231474160680e-01
-9.481036734197975102e-01
-9.454973856232347096e-01
-9.428536623408384498e-01
-9.401726076365680695e-01
-9.374543270511161985e-01
-9.346989275977354295e-01
-9.319065177579980430e-01
-9.290772074775134337e-01
-9.262111081615750363e-01
-9.233083326707507421e-01
-9.203689953164229109e-01
-9.173932118562649896e-01
-9.143810994896609534e-01
-9.113327768530735673e-01
-9.082483640153452553e-01
-9.051279824729531187e-01
-9.019717551451993387e-01
-8.987798063693541728e-01
-8.955522618957318937e-01
-8.922892488827190993e-01
-8.889908958917446258e-01
-8.856573328821928381e-01
-8.822886912062632980e-01
-8.788851036037765851e-01
-8.754467041969217211e-01
-8.719736284849516350e-01
-8.684660133388192316e-01
-8.649239969957691621e-01
-8.613477190538652017e-01
-8.577373204664711093e-01
-8.540929435366729772e-01
-8.504147319116477366e-01
-8.467028305769894736e-01
-8.429573858509621376e-01
-8.391785453787224958e-01
-8.353664581264708122e-01
-8.315212743755669988e-01
-8.276431457165761563e-01
-8.237322250432793647e-01
-8.197886665466260769e-01
-8.158126257086276700e-01
-8.118042592962128046e-01
-8.077637253550259411e-01
-8.036911832031716774e-01
-7.995867934249158981e-01
-7.954507178643347443e-01
-7.912831196189066274e-01
-7.870841630330687178e-01
-7.828540136917069292e-01
-7.785928384136112657e-01
-7.743008052448797640e-01
-7.699780834522623740e-01
-7.656248435164738630e-01
-7.612412571254421056e-01
-7.568274971675256202e-01
-7.523837377246651581e-01
-7.479101540655054281e-01
-7.434069226384562024e-01
-7.388742210647166742e-01
-7.343122281312446376e-01
-7.297211237836893627e-01
-7.251010891192695151e-01
-7.204523063796125504e-01
-7.157749589435404847e-01
-7.110692313198226922e-01
-7.063353091398741901e-01
-7.015733791504077388e-01
-6.967836292060564096e-01
-6.919662482619352017e-01
-6.871214263661672428e-01
-6.822493546523697994e-01
-6.773502253320906608e-01
-6.724242316872016678e-01
-6.674715680622615999e-01
-6.624924298568216630e-01
-6.574870135176958952e-01
-6.524555165311912708e-01
-6.473981374153013890e-01
-6.423150757118436527e-01
-6.372065319785726878e-01
-6.320727077812458017e-01
-6.269138056856463637e-01
-6.217300292495782088e-01
-6.165215830148017551e-01
-6.112886724989543552e-01
-6.060315041874139164e-01
-6.007502855251340979e-01
-5.954452249084364324e-01
-5.901165316767650326e-01
-5.847644161044119882e-01
-5.793890893921928020e-01
-5.739907636590945161e-01
-5.685696519338863109e-01
-5.631259681466892486e-01
-5.576599271205165964e-01
-5.521717445627752907e-01
-5.466616370567316530e-01
-5.411298220529474623e-01
-5.355765178606723964e-01
-5.300019436392157113e-01
-5.244063193892708474e-01
-5.187898659442126137e-01
-5.131528049613686138e-01
-5.074953589132430443e-01
-5.018177510787193984e-01
-4.961202055342300854e-01
-4.904029471448906885e-01
-4.846662015556033598e-01
-4.789101951821321812e-01
-4.731351552021499929e-01
-4.673413095462453093e-01
-4.615288868889129148e-01
-4.556981166395011607e-01
-4.498492289331443295e-01
-4.439824546216553092e-01
-4.380980252643885131e-01
-4.321961731190930855e-01
-4.262771311327119284e-01
-4.203411329321765089e-01
-4.143884128151576474e-01
-4.084192057408058130e-01
-4.024337473204470661e-01
-3.964322738082715625e-01
-3.904150220919828107e-01
-3.843822296834283891e-01
-3.783341347092036844e-01
-3.722709759012370889e-01
-3.661929925873363412e-01
-3.601004246817332000e-01
-3.539935126755851535e-01
-3.478724976274630287e-01
-3.417376211538206143e-01
-3.355891254194288131e-01
-3.294272531278031879e-01
-3.232522475116004768e-01
-3.170643523229959571e-01
-3.108638118240438231e-01
-3.046508707770121949e-01
-2.984257744347018626e-01
-2.921887685307475446e-01
-2.859400992698916677e-01
-2.796800133182493764e-01
-2.734087577935526703e-01
-2.671265802553670632e-01
-2.608337286953089085e-01
-2.545304515272276968e-01
-2.482169975773856063e-01
-2.418936160746074093e-01
-2.355605566404280482e-01
-2.292180692792170904e-01
-2.228664043682857532e-01
-2.165058126479859624e-01
-2.101365452117894828e-01
-2.037588534963593601e-01
-1.973729892715968826e-01
-1.909792046306916791e-01
-1.845777519801374555e-01
-1.781688840297594167e-01
-1.717528537827102131e-01
-1.653299145254642499e-01
-1.589003198177996456e-01
-1.524643234827636473e-01
-1.460221795966368807e-01
-1.395741424788829177e-01
-1.331204666820821891e-01
-1.266614069818672306e-01
-1.201972183668459510e-01
-1.137281560285103021e-01
-1.072544753511451288e-01
-1.007764319017217802e-01
-9.429428141979794009e-02
-8.780827980738739602e-02
-8.131868311884943301e-02
-7.482574755074922201e-02
-6.832972943173756808e-02
-6.183088521239450686e-02
-5.532947145510128117e-02
-4.882574482387622844e-02
-4.231996207423201900e-02
-3.581238004301644934e-02
-2.930325563825030705e-02
-2.279284582896764708e-02
-1.628140763505033992e-02
-9.769198117060616179e-03
-3.256474366068863244e-03
3.256506506506271978e-03
9.769487379083105494e-03
1.628221113007325901e-02
2.279442064806406695e-02
2.930585884198095778e-02
3.581626865126402715e-02
4.232539305602985025e-02
4.883297508724494113e-02
5.533875783688877587e-02
6.184248446811345390e-02
6.834389822540927473e-02
7.484274244474999060e-02
8.133876056376362906e-02
8.783169613186093960e-02
9.432129282040002671e-02
1.008072944328107928e-01
1.072894449147362844e-01
1.137674883641576901e-01
1.202411690415233353e-01
1.267102313798595115e-01
1.331744199948815821e-01
1.396334796950958468e-01
1.460871554918957704e-01
1.525351926096515931e-01
1.589773364957771939e-01
1.654133328308128315e-01
1.718429275384774635e-01
1.782658667957233434e-01
1.846818970427724083e-01
1.910907649931506691e-01
1.974922176437038657e-01
2.038860022846107067e-01
2.102718665093719630e-01
2.166495582248027796e-01
2.230188256609980657e-01
2.293794173812993276e-01
2.357310822922298876e-01
2.420735696534421777e-01
2.484066290876203731e-01
2.547300105903978484e-01
2.610434645402411324e-01
2.673467417083227882e-01
2.736395932683804433e-01
2.799217708065651622e-01
2.861930263312636447e-01
2.924531122829042706e-01
2.987017815437608137e-01
3.049387874477157978e-01
3.111638837900252974e-01
3.173768248370578693e-01
3.235773653360099478e-01
3.297652605246138013e-01
3.359402661408161794e-01
3.421021384324419157e-01
3.482506341668341610e-01
3.543855106404762423e-01
3.605065256885978120e-01
3.666134376947449702e-01
3.727060056003486666e-01
3.787839889142501359e-01
3.848471477222188408e-01
3.908952426964425464e-01
3.969280351049957467e-01
4.029452868212864414e-01
4.089467603334606127e-01
4.149322187538181383e-01
4.209014258281718601e-01
4.268541459451886122e-01
4.327901441457243648e-01
4.387091861321041897e-01
4.446110382774026704e-01
4.504954676346679121e-01
4.563622419461579871e-01
4.622111296525144852e-01
4.680418999019244630e-01
4.738543225592584673e-01
4.796481682151634285e-01
4.854232081951453948e-01
4.911792145686142419e-01
4.969159601579039576e-01
5.026332185472450753e-01
5.083307640917331671e-01
5.140083719262555917e-01
5.196658179743819383e-01
5.253028789572271595e-01
5.309193324022827287e-01
5.365149566522273705e-01
5.420895308736856100e-01
5.476428350659596767e-01
5.531746500697455327e-01
5.586847575757889484e-01
5.641729401335286997e-01
5.696389811597004638e-01
5.750826649468995244e-01
5.805037766721075077e-01
5.859021024052049054e-01
5.912774291174252017e-01
5.966295446897776911e-01
6.019582379214486467e-01
6.072632985381468673e-01
6.125445172004254646e-01
6.178016855119670137e-01
6.230345960278141915e-01
6.282430422625923105e-01
6.334268186986616866e-01
6.385857207942583491e-01
6.437195449915878998e-01
6.488280887248553119e-01
6.539111504283167120e-01
6.589685295442040402e-01
6.640000265307093308e-01
6.690054428698339883e-01
6.739845810752737032e-01
6.789372447002151034e-01
6.838632383451033192e-01
6.887623676653833460e-01
6.936344393791811225e-01
6.984792612749470830e-01
7.032966422190699562e-01
7.080863921634200642e-01
7.128483221528865155e-01
7.175822443328355726e-01
7.222879719565538092e-01
7.269653193926257639e-01
7.316141021322830618e-01
7.362341367967035755e-01
7.408252411442590724e-01
7.453872340777291106e-01
7.499199356514701931e-01
7.544231670785193078e-01
7.588967507376771504e-01
7.633405101805375015e-01
7.677542701384560964e-01
7.721378565294868546e-01
7.764910964652761427e-01
7.808138182578938657e-01
7.851058514266232580e-01
7.893670267047192546e-01
7.935971760460829305e-01
7.977961326319203961e-01
8.019637308773461815e-01
8.060998064379298889e-01
8.102041962161833366e-01
8.142767383680389326e-01
8.183172723092245748e-01
8.223256387216389962e-01
8.263016795596382913e-01
8.302452380562926892e-01
8.341561587295892588e-01
8.380342873885761046e-01
8.418794711394842478e-01
8.456915583917335999e-01
8.494703988639765724e-01
8.532158435900019100e-01
8.569277449246629486e-01
8.606059565496845254e-01
8.642503334794837677e-01
8.678607320668775271e-01
8.714370100087830417e-01
8.749790263518307798e-01
8.784866414979660698e-01
8.819597172099356008e-01
8.853981166167923522e-01
8.888017042192764006e-01
8.921703458952076060e-01
8.955039089047578393e-01
8.988022618957310916e-01
9.020652749087431088e-01
9.052928193823678304e-01
9.084847681582114420e-01
9.116409954859650000e-01
9.147613770283574697e-01
9.178457898660877801e-01
9.208941125026729457e-01
9.239062248692768708e-01
9.268820083294347922e-01
9.298213456837646218e-01
9.327241211745890270e-01
9.355902204905252040e-01
9.384195307710100353e-01
9.412119406107465336e-01
9.439673400641290790e-01
9.466856206495802839e-01
9.493666753538514413e-01
9.520103986362469239e-01
9.546166864328117230e-01
9.571854361604291705e-01
9.597165467208992329e-01
9.622099185049242109e-01
9.646654533960492550e-01
9.670830547745539185e-01
9.694626275212616662e-01
9.718040780213149654e-01
9.741073141678626701e-01
9.763722453657215361e-01
9.785987825349449221e-01
9.807868381143579617e-01
9.829363260650120226e-01
9.850471618735913149e-01
9.871192625557571043e-01
9.891525466594378591e-01
9.911469342680351291e-01
9.931023470035937883e-01
9.950187080299042197e-01
9.968959420555389972e-01
9.987339753368326134e-01
1.000532735680793150e+00
1.002292152447972429e+00
1.004012156555237345e+00
1.005692680478524448e+00
1.007333658255497255e+00
1.008935025488169046e+00
1.010496719345433503e+00
1.012018678565562935e+00
1.013500843458614353e+00
1.014943155908827999e+00
1.016345559376880869e+00
1.017707998902151578e+00
1.019030421104886175e+00
1.020312774188309346e+00
1.021555007940681659e+00
1.022757073737263100e+00
1.023918924542271069e+00
1.025040514910704914e+00
1.026121800990167587e+00
1.027162740522603368e+00
1.028163292845941212e+00
1.029123418895734998e+00
1.030043081206691413e+00
1.030922243914150993e+00
1.031760872755517866e+00
1.032558935071608230e+00
1.033316399807943764e+00
1.034033237515975312e+00
1.034709420354254172e+00
1.035344922089529662e+00
1.035939718097796058e+00
1.036493785365242726e+00
1.037007102489199362e+00
1.037479649678950011e+00
1.037911408756537535e+00
1.038302363157468822e+00
1.038652497931381813e+00
1.038961799742626146e+00
1.039230256870797620e+00
1.039457859211205593e+00
1.039644598275259346e+00
1.039790467190816248e+00
1.039895460702441321e+00
1.039959575171636619e+00
1.039982808576960682e+00
1.039965160514116693e+00
1.039906632195985114e+00
1.039807226452543754e+00
1.039666947730783164e+00
1.039485802094527678e+00
1.039263797224177166e+00
1.039000942416415052e+00
1.038697248583847044e+00
1.038352728254559931e+00
1.037967395571634643e+00
1.037541266292573594e+00
1.037074357788686507e+00
1.036566689044405409e+00
1.036018280656523904e+00
1.035429154833391596e+00
1.034799335394039677e+00
1.034128847767216808e+00
1.033417718990407463e+00
1.032665977708755012e+00
1.031873654173916632e+00
1.031040780242886923e+00
1.030167389376717590e+00
1.029253516639216937e+00
1.028299198695531436e+00
1.027304473810727536e+00
1.026269381848259110e+00
1.025193964268390490e+00
1.024078264126566662e+00
1.022922326071706856e+00
1.021726196344428184e+00
1.020489922775235092e+00
1.019213554782598896e+00
1.017897143371040869e+00
1.016540741129081216e+00
1.015144402227176723e+00
1.013708182415572034e+00
1.012232139022097854e+00
1.010716330949892106e+00
1.009160818675091109e+00
1.007565664244416404e+00
1.005930931272731144e+00
1.004256684940519229e+00
1.002542991991310917e+00
1.000789920729040716e+00
9.989975410153457691e-01
9.971659242667993972e-01
9.952951434520904694e-01
9.933852730891323812e-01
9.914363892421247382e-01
9.894485695185279983e-01
9.874218930660139115e-01
9.853564405693134853e-01
9.832522942470434124e-01
9.811095378484417928e-01
9.789282566500614458e-01
9.767085374523931662e-01
9.744504685764371343e-01
9.721541398602009387e-01
9.698196426551534133e-01
9.674470698226069754e-01
9.650365157300487828e-01
9.625880762474002816e-01
9.601018487432277926e-01
9.575779320808969208e-01
9.550164266146563552e-01
9.524174341856654902e-01
9.497810581179676470e-01
9.471074032144146670e-01
9.443965757524984683e-01
9.416486834801639505e-01
9.388638356115475148e-01
9.360421428226404217e-01
9.331837172469317210e-01
9.302886724709596988e-01
9.273571235298182502e-01
9.243891869026134023e-01
9.213849805078524469e-01
9.183446236987767852e-01
9.152682372586424808e-01
9.121559433959447460e-01
9.090078657395826989e-01
9.058241293339611699e-01
9.026048606340637548e-01
8.993501875004246138e-01
8.960602391940928335e-01
8.927351463715033075e-01
8.893750410793240802e-01
8.859800567492143175e-01
8.825503281925639598e-01
8.790859915951494408e-01
8.755871845117479957e-01
8.720540458607033418e-01
8.684867159184213037e-01
8.648853363138254702e-01
8.612500500227585620e-01
8.575810013623175188e-01
8.538783359851502830e-01
8.501422008736949643e-01
8.463727443343628254e-01
8.425701159916773042e-01
8.387344667823419808e-01
8.348659489492863406e-01
8.309647160356335993e-01
8.270309228786304478e-01
8.230647256035181769e-01
8.190662816173630567e-01
8.150357496028209914e-01
8.109732895118708651e-01
8.068790625594811639e-01
8.027532312172313000e-01
7.985959592068885282e-01
7.944074114939307929e-01
7.901877542810167299e-01
7.859371550014206953e-01
7.816557823123986282e-01
7.773438060885221601e-01
7.730013974149614331e-01
7.686287285807076319e-01
7.642259730717720911e-01
7.597933055643086853e-01
7.553309019177161243e-01
7.508389391676721925e-01
7.463175955191378996e-01
7.417670503393047898e-01
7.371874841504968412e-01
7.325790786230371721e-01
7.279420165680530186e-01
7.232764819302515136e-01
7.185826597806380667e-01
7.138607363091985514e-01
7.091108988175320871e-01
7.043333357114431870e-01
6.995282364934890529e-01
6.946957917554829054e-01
6.898361931709525718e-01
6.849496334875629922e-01
6.800363065194872103e-01
6.750964071397435040e-01
6.701301312724842196e-01
6.651376758852428628e-01
6.601192389811491035e-01
6.550750195910914897e-01
6.500052177658476316e-01
6.449100345681660906e-01
6.397896720648176272e-01
6.346443333185977087e-01
6.294742223802980430e-01
6.242795442806331474e-01
6.190605050221279493e-01
6.138173115709718575e-01
6.085501718488286471e-01
6.032592947246173676e-01
5.979448900062410699e-01
5.926071684322978816e-01
5.872463416637335731e-01
5.818626222754779143e-01
5.764562237480309603e-01
5.710273604590212493e-01
5.655762476747232537e-01
5.601031015415408598e-01
5.546081390774632025e-01
5.490915781634718718e-01
5.435536375349292459e-01
5.379945367729208616e-01
5.324144962955704719e-01
5.268137373493244624e-01
5.211924820001977432e-01
5.155509531249841126e-01
5.098893744024499686e-01
5.042079703044766159e-01
4.985069660871864206e-01
4.927865877820333806e-01
4.870470621868560612e-01
4.812886168569094347e-01
4.755114800958642474e-01
4.697158809467750773e-01
4.639020491830184167e-01
4.580702152992088272e-01
4.522206105020736833e-01
4.463534667013097090e-01
4.404690165004155333e-01
4.345674931874774494e-01
4.286491307259579497e-01
4.227141637454255862e-01
4.167628275322812770e-01
4.107953580204536936e-01
4.048119917820562352e-01
3.988129660180370073e-01
3.927985185487942732e-01
3.867688878047697565e-01
3.807243128170128554e-01
3.746650332077270940e-01
3.685912891807961445e-01
3.625033215122747121e-01
3.564013715408678729e-01
3.502856811583834329e-01
3.441564928001636381e-01
3.380140494354983982e-01
3.318585945580069252e-01
3.256903721760062709e-01
3.195096268028697062e-01
3.133166034473475747e-01
3.071115476038638881e-01
3.008947052428277424e-01
2.946663228008845059e-01
2.884266471711808277e-01
2.821759256935871818e-01
2.759144061449196883e-01
2.696423367291390094e-01
2.633599660675304821e-01
2.570675431888664875e-01
2.507653175195632134e-01
2.444535388738071635e-01
2.381324574436743113e-01
2.318023237892385402e-01
2.254633888286506627e-01
2.191159038282229909e-01
2.127601203924744389e-01
2.063962904542027688e-01
2.000246662644921403e-01
1.936455003827567967e-01
1.872590456667305725e-01
1.808655552624877094e-01
1.744652825943955321e-01
1.680584813551284917e-01
1.616454054956017183e-01
1.552263092149509527e-01
1.488014469504490567e-01
1.423710733674668216e-01
1.359354433493809577e-01
1.294948119875069525e-01
1.230494345709887138e-01
1.165995665767285971e-01
1.101454636592443109e-01
1.036873816405939480e-01
9.722557650022295439e-02
9.076030436486892672e-02
8.429182149839840876e-02
7.782038429170103078e-02
7.134624925251784044e-02
6.486967299532694908e-02
5.839091223115758233e-02
5.191022375746386780e-02
4.542786444794304906e-02
3.894409124239645720e-02
3.245916113656087398e-02
2.597333117191742008e-02
1.948685842555700209e-02
1.299999999999997338e-02
