1.181818181818139815e-03
-5.897260897262394030e-04
-1.179440492049531461e-03
-1.769119832627566924e-03
-2.358740738504195526e-03
-2.948279839034997560e-03
-3.537713766811661966e-03
-4.127019158586175442e-03
-4.716172656194949318e-03
-5.305150907483306179e-03
-5.893930567228059143e-03
-6.482488298062433901e-03
-7.070800771398621544e-03
-7.658844668350408592e-03
-8.246596680655709014e-03
-8.834033511598332958e-03
-9.421131876930308874e-03
-1.000786850579226013e-02
-1.059422014163453017e-02
-1.118016354313577411e-02
-1.176567548512444036e-02
-1.235073275949597447e-02
-1.293531217613079140e-02
-1.351939056381251496e-02
-1.410294477114480173e-02
-1.468595166746496962e-02
-1.526838814376212453e-02
-1.585023111358865519e-02
-1.643145751397440818e-02
-1.701204430634045348e-02
-1.759196847740726946e-02
-1.817120704010831769e-02
-1.874973703449651918e-02
-1.932753552865529995e-02
-1.990457961960347480e-02
-2.048084643420226836e-02
-2.105631313006053537e-02
-2.163095689643573447e-02
-2.220475495514091444e-02
-2.277768456144129566e-02
-2.334972300495600367e-02
-2.392084761055695424e-02
-2.449103573926424832e-02
-2.506026478914321828e-02
-2.562851219619705773e-02
-2.619575543526120667e-02
-2.676197202089243207e-02
-2.732713950825913993e-02
-2.789123549403040025e-02
-2.845423761725984421e-02
-2.901612356027215636e-02
-2.957687104954496299e-02
-3.013645785658951304e-02
-3.069486179883208765e-02
-3.125206074048807875e-02
-3.180803259344120587e-02
-3.236275531811474288e-02
-3.291620692434383405e-02
-3.346836547224670694e-02
-3.401920907309117365e-02
-3.456871589015992480e-02
-3.511686413961666309e-02
-3.566363209136545753e-02
-3.620899806991301900e-02
-3.675294045522191355e-02
-3.729543768357015954e-02
-3.783646824840090211e-02
-3.837601070117695884e-02
-3.891404365222420059e-02
-3.945054577158212811e-02
-3.998549578984524761e-02
-4.051887249900552879e-02
-4.105065475329059549e-02
-4.158082147000046608e-02
-4.210935163034191381e-02
-4.263622428025928834e-02
-4.316141853126334582e-02
-4.368491356125844827e-02
-4.420668861536546090e-02
-4.472672300674314372e-02
-4.524499611740571275e-02
-4.576148739903977691e-02
-4.627617637381555710e-02
-4.678904263519859802e-02
-4.730006584875573461e-02
-4.780922575295979554e-02
-4.831650215999158671e-02
-4.882187495653787096e-02
-4.932532410458734251e-02
-4.982682964222279187e-02
-5.032637168441166792e-02
-5.082393042379181047e-02
-5.131948613145532329e-02
-5.181301915772892897e-02
-5.230450993295135409e-02
-5.279393896824731425e-02
-5.328128685629866107e-02
-5.376653427211185166e-02
-5.424966197378231630e-02
-5.473065080325600906e-02
-5.520948168708723208e-02
-5.568613563719222032e-02
-5.616059375160179640e-02
-5.663283721520772501e-02
-5.710284730050763091e-02
-5.757060536834589931e-02
-5.803609286865034356e-02
-5.849929134116690910e-02
-5.896018241618908307e-02
-5.941874781528520139e-02
-5.987496935202096804e-02
-6.032882893267919877e-02
-6.078030855697560270e-02
-6.122939031877042831e-02
-6.167605640677729234e-02
-6.212028910526727621e-02
-6.256207079477008048e-02
-6.300138395277046777e-02
-6.343821115440283209e-02
-6.387253507313807310e-02
-6.430433848147144860e-02
-6.473360425160230858e-02
-6.516031535611249703e-02
-6.558445486864003526e-02
-6.600600596454776758e-02
-6.642495192158938411e-02
-6.684127612057187695e-02
-6.725496204601146000e-02
-6.766599328678717107e-02
-6.807435353679124057e-02
-6.848002659557232696e-02
-6.888299636897812772e-02
-6.928324686979060731e-02
-6.968076221835883821e-02
-7.007552664322803937e-02
-7.046752448176235584e-02
-7.085674018076443259e-02
-7.124315829709129688e-02
-7.162676349826525846e-02
-7.200754056307959172e-02
-7.238547438220160890e-02
-7.276054995876983511e-02
-7.313275240898713114e-02
-7.350206696270976392e-02
-7.386847896403171687e-02
-7.423197387186410146e-02
-7.459253726051064126e-02
-7.495015482023827114e-02
-7.530481235784308724e-02
-7.565649579721173135e-02
-7.600519117987861173e-02
-7.635088466557739262e-02
-7.669356253278933333e-02
-7.703321117928518813e-02
-7.736981712266390032e-02
-7.770336700088588400e-02
-7.803384757280121264e-02
-7.836124571867335298e-02
-7.868554844069906851e-02
-7.900674286352145359e-02
-7.932481623473966459e-02
-7.963975592541384929e-02
-7.995154943056377583e-02
-8.026018436966457503e-02
-8.056564848713564098e-02
-8.086792965282546541e-02
-8.116701586249212841e-02
-8.146289523827732193e-02
-8.175555602917743137e-02
-8.204498661150624872e-02
-8.233117548935743601e-02
-8.261411129505717710e-02
-8.289378278961480329e-02
-8.317017886316710462e-02
-8.344328853541835289e-02
-8.371310095607319146e-02
-8.397960540526795692e-02
-8.424279129399260546e-02
-8.450264816451155681e-02
-8.475916569077572571e-02
-8.501233367883205549e-02
-8.526214206722590450e-02
-8.550858092740018512e-02
-8.575164046408688401e-02
-8.599131101569561231e-02
-8.622758305469491180e-02
-8.646044718798957807e-02
-8.668989415729241865e-02
-8.691591483948972463e-02
-8.713850024700343921e-02
-8.735764152814508299e-02
-8.757332996746738929e-02
-8.778555698610793212e-02
-8.799431414212950664e-02
-8.819959313085264097e-02
-8.840138578518619283e-02
-8.859968407594796813e-02
-8.879448011218471493e-02
-8.898576614148208386e-02
-8.917353455027285380e-02
-8.935777786413792723e-02
-8.953848874810108049e-02
-8.971566000692006437e-02
-8.988928458537071009e-02
-9.005935556852620594e-02
-9.022586618203021214e-02
-9.038880979236628421e-02
-9.054817990711817866e-02
-9.070397017522785488e-02
-9.085617438724723216e-02
-9.100478647558217504e-02
-9.114980051473438316e-02
-9.129121072153456584e-02
-9.142901145537135621e-02
-9.156319721841442438e-02
-9.169376265583305263e-02
-9.182070255600618958e-02
-9.194401185072977045e-02
-9.206368561541690421e-02
-9.217971906929270376e-02
-9.229210757558323208e-02
-9.240084664169941064e-02
-9.250593191941411386e-02
-9.260735920503421204e-02
-9.270512443956763216e-02
-9.279922370888307737e-02
-9.288965324386534717e-02
-9.297640942056388524e-02
-9.305948876033709460e-02
-9.313888792998854804e-02
-9.321460374190033982e-02
-9.328663315415824941e-02
-9.335497327067228401e-02
-9.341962134129126738e-02
-9.348057476191147519e-02
-9.353783107458001067e-02
-9.359138796759179646e-02
-9.364124327558107086e-02
-9.368739497960684726e-02
-9.372984120723291956e-02
-9.376858023260198349e-02
-9.380361047650438711e-02
-9.383493050643945677e-02
-9.386253903667264586e-02
-9.388643492828754877e-02
-9.390661718922861667e-02
-9.392308497434299908e-02
-9.393583758541185214e-02
-9.394487447117913503e-02
-9.395019522737320383e-02
-9.395179959672254888e-02
-9.394968746896582845e-02
-9.394385888085739211e-02
-9.393431401616393617e-02
-9.392105320565889703e-02
-9.390407692710846244e-02
-9.388338580525311394e-02
-9.385898061178291063e-02
-9.383086226530602814e-02
-9.379903183131414746e-02
-9.376349052213864277e-02
-9.372423969690350798e-02
-9.368128086147158029e-02
-9.363461566838468531e-02
-9.358424591679834204e-02
-9.353017355241065311e-02
-9.347240066738543574e-02
-9.341092950026919084e-02
-9.334576243590271549e-02
-9.327690200532685882e-02
-9.320435088568231052e-02
-9.312811190010336637e-02
-9.304818801760705860e-02
-9.296458235297488937e-02
-9.287729816662992910e-02
-9.278633886450819712e-02
-9.269170799792335325e-02
-9.259340926342637945e-02
-9.249144650265976597e-02
-9.238582370220467521e-02
-9.227654499342424765e-02
-9.216361465229985783e-02
-9.204703709926130573e-02
-9.192681689901263664e-02
-9.180295876035164671e-02
-9.167546753598315723e-02
-9.154434822232759839e-02
-9.140960595932243193e-02
-9.127124603022010452e-02
-9.112927386137799346e-02
-9.098369502204421699e-02
-9.083451522413733825e-02
-9.068174032202026835e-02
-9.052537631226896531e-02
-9.036542933343476303e-02
-9.020190566580182923e-02
-9.003481173113875302e-02
-8.986415409244474795e-02
-8.968993945368916587e-02
-8.951217465954748598e-02
-8.933086669512971256e-02
-8.914602268570422094e-02
-8.895764989641606613e-02
-8.876575573199979585e-02
-8.857034773648585213e-02
-8.837143359290297595e-02
-8.816902112297353433e-02
-8.796311828680444811e-02
-8.775373318257280453e-02
-8.754087404620440604e-02
-8.732454925104904397e-02
-8.710476730754870833e-02
-8.688153686290092659e-02
-8.665486670071691211e-02
-8.642476574067424477e-02
-8.619124303816341759e-02
-8.595430778393044202e-02
-8.571396930371244505e-02
-8.547023705786974124e-02
-8.522312064101053575e-02
-8.497262978161222724e-02
-8.471877434163621601e-02
-8.446156431613763282e-02
-8.420100983287048813e-02
-8.393712115188634026e-02
-8.366990866512931391e-02
-8.339938289602406851e-02
-8.312555449906008920e-02
-8.284843425937035710e-02
-8.256803309230412169e-02
-8.228436204299575951e-02
-8.199743228592729083e-02
-8.170725512448673289e-02
-8.141384199052117965e-02
-8.111720444388358098e-02
-8.081735417197670468e-02
-8.051430298929017348e-02
-8.020806283693296401e-02
-7.989864578216163138e-02
-7.958606401790215001e-02
-7.927032986226834055e-02
-7.895145575807452354e-02
-7.862945427234266371e-02
-7.830433809580605864e-02
-7.797612004240647710e-02
-7.764481304878845247e-02
-7.731043017378623483e-02
-7.697298459790814784e-02
-7.663248962281477006e-02
-7.628895867079286963e-02
-7.594240528422459280e-02
-7.559284312505144821e-02
-7.524028597423405851e-02
-7.488474773120727679e-02
-7.452624241332962696e-02
-7.416478415532982982e-02
-7.380038720874661229e-02
-7.343306594136594923e-02
-7.306283483665194922e-02
-7.268970849317414606e-02
-7.231370162403044644e-02
-7.193482905626426283e-02
-7.155310573027888477e-02
-7.116854669924602139e-02
-7.078116712851009740e-02
-7.039098229498899628e-02
-6.999800758656933575e-02
-6.960225850149751037e-02
-6.920375064776738971e-02
-6.880249974250231271e-02
-6.839852161133319619e-02
-6.799183218777322957e-02
-6.758244751258696281e-02
-6.717038373315604993e-02
-6.675565710284038501e-02
-6.633828398033538021e-02
-6.591828082902455310e-02
-6.549566421632845026e-02
-6.507045081304917156e-02
-6.464265739271117528e-02
-6.421230083089762841e-02
-6.377939810458248260e-02
-6.334396629145969126e-02
-6.290602256926680624e-02
-6.246558421510612497e-02
-6.202266860476093185e-02
-6.157729321200817313e-02
-6.112947560792747481e-02
-6.067923346020562270e-02
-6.022658453243832921e-02
-5.977154668342688631e-02
-5.931413786647194569e-02
-5.885437612866376011e-02
-5.839227961016758145e-02
-5.792786654350663006e-02
-5.746115525284054004e-02
-5.699216415324059176e-02
-5.652091174996169698e-02
-5.604741663770924920e-02
-5.557169749990492624e-02
-5.509377310794674742e-02
-5.461366232046675068e-02
-5.413138408258508921e-02
-5.364695742516045057e-02
-5.316040146403743644e-02
-5.267173539929023707e-02
-5.218097851446312774e-02
-5.168815017580786347e-02
-5.119326983151717414e-02
-5.069635701095612929e-02
-5.019743132388859719e-02
-4.969651245970285042e-02
-4.919362018663157865e-02
-4.868877435097027084e-02
-4.818199487629237082e-02
-4.767330176266097036e-02
-4.716271508583747690e-02
-4.665025499648801227e-02
-4.613594171938576599e-02
-4.561979555261089225e-02
-4.510183686674824194e-02
-4.458208610408102845e-02
-4.406056377778214822e-02
-4.353729047110291295e-02
-4.301228683655906188e-02
-4.248557359511317272e-02
-4.195717153535569871e-02
-4.142710151268194640e-02
-4.089538444846773507e-02
-4.036204132924126053e-02
-3.982709320585350182e-02
-3.929056119264476982e-02
-3.875246646661015260e-02
-3.821283026656146359e-02
-3.767167389228711499e-02
-3.712901870370956953e-02
-3.658488612004062723e-02
-3.603929761893380490e-02
-3.549227473563476565e-02
-3.494383906212985419e-02
-3.439401224629130144e-02
-3.384281599102149929e-02
-3.329027205339415985e-02
-3.273640224379387176e-02
-3.218122842505315162e-02
-3.162477251158755942e-02
-3.106705646852911396e-02
-3.050810231085711310e-02
-2.994793210252756632e-02
-2.938656795560011872e-02
-2.882403202936326819e-02
-2.826034652945856596e-02
-2.769553370700109096e-02
-2.712961585770019834e-02
-2.656261532097707947e-02
-2.599455447908105565e-02
-2.542545575620453954e-02
-2.485534161759567900e-02
-2.428423456866973459e-02
-2.371215715411899988e-02
-2.313913195702071296e-02
-2.256518159794411102e-02
-2.199032873405516730e-02
-2.141459605822072093e-02
-2.083800629811071239e-02
-2.026058221529871903e-02
-1.968234660436236905e-02
-1.910332229198086207e-02
-1.852353213603267351e-02
-1.794299902469073324e-02
-1.736174587551740645e-02
-1.677979563455791676e-02
-1.619717127543264523e-02
-1.561389579842816823e-02
-1.502999222958763606e-02
-1.444548361979994949e-02
-1.386039304388762133e-02
-1.327474359969425984e-02
-1.268855840717116219e-02
-1.210186060746196862e-02
-1.151467336198796002e-02
-1.092701985153146649e-02
-1.033892327531918398e-02
-9.750406850104089210e-03
-9.161493809247526349e-03
-8.572207401799879917e-03
-7.982570891580760206e-03
-7.392607556258944113e-03
-6.802340686431775606e-03
-6.211793584703370098e-03
-5.620989564763230820e-03
-5.029951950463748024e-03
-4.438704074897792742e-03
-3.847269279475626618e-03
-3.255670913001495158e-03
-2.663932330750014548e-03
-2.072076893542580591e-03
-1.480127966822814434e-03
-8.881089197328044310e-04
-2.960431241882282888e-04
2.960460460461633060e-04
8.881352162803187074e-04
1.480201011824948138e-03
2.072220058915016146e-03
2.664168985634705975e-03
3.256024422842175494e-03
3.847763005093519494e-03
4.439361371567839172e-03
5.030796166989872156e-03
5.622044042555934124e-03
6.213081656855369214e-03
6.803885676795431298e-03
7.394432778523924409e-03
7.984699648350999240e-03
8.574662983672742475e-03
9.164299493891968004e-03
9.753585901339827807e-03
1.034249894219618944e-02
1.093101536741122350e-02
1.151911194362364305e-02
1.210676545408015739e-02
1.269395269955410528e-02
1.328065049926330579e-02
1.386683569178638609e-02
1.445248513597961922e-02
1.503757571189203932e-02
1.562208432167982650e-02
1.620598789052020428e-02
1.678926336752475587e-02
1.737188772664999964e-02
1.795383796760947545e-02
1.853509111678286816e-02
1.911562422812472517e-02
1.969541438407301087e-02
2.027443869645451091e-02
2.085267430739087130e-02
2.143009839020284385e-02
2.200668815031280381e-02
2.258242082614737509e-02
2.315727369003610023e-02
2.373122404911280278e-02
2.430424924621114174e-02
2.487632666076171339e-02
2.544743370968773066e-02
2.601754784829661202e-02
2.658664657117318017e-02
2.715470741306910338e-02
2.772170794979235062e-02
2.828762579909316691e-02
2.885243862155058986e-02
2.941612412145541006e-02
2.997866004769220508e-02
3.054002419461972553e-02
3.110019440294918558e-02
3.165914856062138072e-02
3.221686460367983312e-02
3.277332051714523103e-02
3.332849433588607607e-02
3.388236414548629477e-02
3.443490808311354401e-02
3.498610433838340861e-02
3.553593115422196136e-02
3.608436682772684506e-02
3.663138971102599534e-02
3.717697821213276910e-02
3.772111079580176690e-02
3.826376598437914583e-02
3.880492235865364015e-02
3.934455855870215568e-02
3.988265328473694638e-02
4.041918529794566450e-02
4.095413342133342322e-02
4.148747654055995326e-02
4.201919360477400500e-02
4.254926362744787527e-02
4.307766568720532846e-02
4.360437892865124537e-02
4.412938256319502706e-02
4.465265586987413743e-02
4.517417819617305930e-02
4.569392895884034911e-02
4.621188764470293003e-02
4.672803381147767887e-02
4.724234708858018883e-02
4.775480717792966734e-02
4.826539385475321631e-02
4.877408696838431146e-02
4.928086644306235720e-02
4.978571227872361643e-02
5.028860455179516575e-02
5.078952341598084314e-02
5.128844910304810462e-02
5.178536192360923274e-02
5.228024226789994983e-02
5.277307060655527654e-02
5.326382749138234424e-02
5.375249355612957136e-02
5.423904951725250917e-02
5.472347617467710618e-02
5.520575441255888560e-02
5.568586520003887541e-02
5.616378959199701953e-02
5.663950872980141882e-02
5.711300384205358210e-02
5.758425624533271975e-02
5.805324734493255701e-02
5.851995863559867478e-02
5.898437170225961923e-02
5.944646822075585341e-02
5.990622995856409450e-02
6.036363877551900042e-02
6.081867662453038087e-02
6.127132555229784089e-02
6.172156770001969994e-02
6.216938530410032887e-02
6.261476069685299739e-02
6.305767630719825989e-02
6.349811466135898974e-02
6.393605838355172211e-02
6.437149019667462446e-02
6.480439292298968701e-02
6.523474948480334490e-02
6.566254290514120240e-02
6.608775630842048110e-02
6.651037292111663946e-02
6.693037607242749432e-02
6.734774919493248524e-02
6.776247582524812241e-02
6.817453960467904917e-02
6.858392427986514939e-02
6.899061370342547683e-02
6.939459183459438518e-02
6.979584273985951770e-02
7.019435059358970774e-02
7.059009967866136659e-02
7.098307438708112427e-02
7.137325922060225314e-02
7.176063879133807999e-02
7.214519782237102663e-02
7.252692114835637693e-02
7.290579371612235238e-02
7.328180058526634344e-02
7.365492692874398006e-02
7.402515803345807721e-02
7.439247930083872640e-02
7.475687624742197168e-02
7.511833450542196311e-02
7.547683982329940477e-02
7.583237806632615874e-02
7.618493521714364558e-02
7.653449737631672078e-02
7.688105076288498374e-02
7.722458171490699519e-02
7.756507669000038685e-02
7.790252226587840445e-02
7.823690514088045556e-02
7.856821213449857733e-02
7.889643018789808948e-02
7.922154636443487496e-02
7.954354785016660989e-02
7.986242195436039915e-02
8.017815610999408371e-02
8.049073787425366222e-02
8.080015492902503649e-02
8.110639508138221820e-02
8.140944626406899920e-02
8.170929653597562570e-02
8.200593408261315498e-02
8.229934721657906904e-02
8.258952437801937718e-02
8.287645413508794301e-02
8.316012518439624968e-02
8.344052635146237407e-02
8.371764659115220331e-02
8.399147498811608548e-02
8.426200075722130312e-02
8.452921324397855152e-02
8.479310192496258836e-02
8.505365640822985795e-02
8.531086643372826073e-02
8.556472187370428584e-02
8.581521273310273312e-02
8.606232914996184147e-02
8.630606139580462854e-02
8.654639987602241735e-02
8.678333513025546231e-02
8.701685783276634500e-02
8.724695879280895683e-02
8.747362895499283253e-02
8.769685939964085020e-02
8.791664134314110257e-02
8.813296613829650628e-02
8.834582527466501578e-02
8.855521037889650671e-02
8.876111321506560681e-02
8.896352568499497904e-02
8.916243982857809114e-02
8.935784782409185445e-02
8.954974198850811085e-02
8.973811477779629342e-02
8.992295878722186830e-02
9.010426675163943355e-02
9.028203154578122447e-02
9.045624618453677879e-02
9.062690382323107530e-02
9.079399775789392946e-02
9.095752142552672448e-02
9.111746840436107941e-02
9.127383241411229919e-02
9.142660731622936909e-02
9.157578711413633110e-02
9.172136595347017696e-02
9.186333812231228801e-02
9.200169805141461543e-02
9.213644031441965698e-02
9.226755962807538236e-02
9.239505085244348326e-02
9.251890899110468136e-02
9.263912919135308677e-02
9.275570674439204133e-02
9.286863708551644503e-02
9.297791579429669218e-02
9.308353859475185232e-02
9.318550135551849356e-02
9.328380009001552287e-02
9.337843095660032511e-02
9.346939025872193219e-02
9.355667444506697572e-02
9.364028010969918658e-02
9.372020399219549436e-02
9.379644297777425810e-02
9.386899409741907008e-02
9.393785452799478797e-02
9.400302159236145760e-02
9.406449275947759148e-02
9.412226564450285049e-02
9.417633800889048390e-02
9.422670776047678554e-02
9.427337295356355562e-02
9.431633178899548331e-02
9.435558261423078463e-02
9.439112392340623381e-02
9.442295435739810061e-02
9.445107270387501086e-02
9.447547789734517254e-02
9.449616901920038226e-02
9.451314529775095563e-02
9.452640610825602252e-02
9.453595097294936744e-02
9.454177956105792868e-02
9.454389168881469074e-02
9.454228731946547060e-02
9.453696656327133241e-02
9.452792967750393849e-02
9.451517706643490502e-02
9.449870928132057812e-02
9.447852702037966288e-02
9.445463112876477385e-02
9.442702259853134883e-02
9.439570256859641795e-02
9.436067232469426413e-02
9.432193329932485326e-02
9.427948707169880871e-02
9.423333536767314333e-02
9.418348005968399383e-02
9.412992316667201376e-02
9.407266685400332562e-02
9.401171343338332598e-02
9.394706536276441200e-02
9.387872524625040516e-02
9.380669583399248168e-02
9.373098002208060664e-02
9.365158085242919483e-02
9.356850151265609650e-02
9.348174533595737801e-02
9.339131580097530250e-02
9.329721653165981565e-02
9.319945129712629839e-02
9.309802401150625573e-02
9.299293873379134434e-02
9.288419966767547109e-02
9.277181116138474848e-02
9.265577770750903219e-02
9.253610394282181517e-02
9.241279464809822042e-02
9.228585474792525001e-02
9.215528931050663564e-02
9.202110354746323440e-02
9.188330281362677709e-02
9.174189260682663605e-02
9.159687856767428915e-02
9.144826647933912422e-02
9.129606226732005225e-02
9.114027199921002909e-02
9.098090188445828730e-02
9.081795827412239563e-02
9.065144766061812576e-02
9.048137667746278257e-02
9.030775209901213685e-02
9.013058084019318072e-02
8.994986995622990256e-02
8.976562664236505118e-02
8.957785823357411470e-02
8.938657220427664862e-02
8.919177616804005448e-02
8.899347787727819592e-02
8.879168522294483834e-02
8.858640623422159299e-02
8.837764907820011562e-02
8.816542205955940625e-02
8.794973362023716934e-02
8.773059233909549781e-02
8.750800693158176935e-02
8.728198624938435235e-02
8.705253928008158115e-02
8.681967514678694264e-02
8.658340310778764315e-02
8.634373255617892873e-02
8.610067301949220209e-02
8.585423415931786595e-02
8.560442577092408634e-02
8.535125778286777043e-02
8.509474025660360152e-02
8.483488338608462243e-02
8.457169749735982123e-02
8.430519304816527781e-02
8.403538062751038373e-02
8.376227095525926036e-02
8.348587488170688964e-02
8.320620338714931896e-02
8.292326758144956400e-02
8.263707870359843222e-02
8.234764812126944833e-02
8.205498733036946379e-02
8.175910795458413149e-02
8.146002174491760728e-02
8.115774057922758855e-02
8.085227646175666139e-02
8.054364152265590382e-02
8.023184801750590789e-02
7.991690832683166767e-02
7.959883495561334565e-02
7.927764053279109935e-02
7.895333781076550872e-02
7.862593966489327124e-02
7.829545909297815076e-02
7.796190921475616709e-02
7.762530327137726061e-02
7.728565462488132254e-02
7.694297675766936795e-02
7.659728327197057318e-02
7.624858788930373443e-02
7.589690444993511809e-02
7.554224691233035749e-02
7.518462935260267210e-02
7.482406596395624332e-02
7.446057105612377547e-02
7.409415905480194742e-02
7.372484450107925913e-02
7.335264205086189371e-02
7.297756647429375076e-02
7.259963265517163644e-02
7.221885559035726154e-02
7.183525038918334160e-02
7.144883227285646343e-02
7.105961657385434505e-02
7.066761873532020899e-02
7.027285431045096620e-02
6.987533896188252713e-02
6.947508846107013081e-02
6.907211868766449658e-02
6.866644562888325753e-02
6.825808537887925742e-02
6.784705413810346308e-02
6.743336821266400494e-02
6.701704401368152597e-02
6.659809805663968740e-02
6.617654696073207998e-02
6.575240744820459726e-02
6.532569634369442269e-02
6.489643057356347944e-02
6.446462716523015946e-02
6.403030324649489069e-02
6.359347604486279004e-02
6.315416288686213908e-02
6.271238119735929317e-02
6.226814849886933706e-02
6.182148241086252161e-02
6.137240064906765435e-02
6.092092102477134757e-02
6.046706144411294337e-02
6.001083990737721835e-02
5.955227450828109309e-02
5.909138343325889137e-02
5.862818496074243685e-02
5.816269746043791627e-02
5.769493939259977972e-02
5.722492930729981830e-02
5.675268584369388275e-02
5.627822772928429973e-02
5.580157377917923517e-02
5.532274289534806766e-02
5.484175406587429163e-02
5.435862636420372984e-02
5.387337894839077518e-02
5.338603106033933121e-02
5.289660202504336411e-02
5.240511124982096675e-02
5.191157822354737494e-02
5.141602251588395234e-02
5.091846377650371264e-02
5.041892173431487129e-02
4.991741619667931090e-02
4.941396704862989486e-02
4.890859425208364530e-02
4.840131784505184720e-02
4.789215794084771688e-02
4.738113472729060111e-02
4.686826846590762263e-02
4.635357949113185633e-02
4.583708820949787544e-02
4.531881509883521619e-02
4.479878070745763746e-02
4.427700565335054850e-02
4.375351062335543911e-02
4.322831637235132612e-02
4.270144372243406261e-02
4.217291356209269815e-02
4.164274684538272348e-02
4.111096459109762902e-02
4.057758788193714661e-02
4.004263786367402017e-02
3.950613574431612041e-02
3.896810279326883703e-02
3.842856034049323133e-02
3.788752977566198915e-02
3.734503254731390970e-02
3.680109016200506372e-02
3.625572418345794634e-02
3.570895623170855515e-02
3.516080798225178911e-02
3.461130116518295469e-02
3.406045756433882105e-02
3.350829901643598285e-02
3.295484741020669045e-02
3.240012468553336855e-02
3.184415283258033857e-02
3.128695389092408380e-02
3.072854994868175552e-02
3.016896314163688975e-02
2.960821565236421843e-02
2.904632970935198955e-02
2.848332758612243457e-02
2.791923160035140669e-02
2.735406411298440393e-02
2.678784752735332425e-02
2.622060428828923428e-02
2.565235688123522831e-02
2.508312783135641794e-02
2.451293970264901284e-02
2.394181509704812472e-02
2.336977665353333691e-02
2.279684704723308752e-02
2.222304898852791449e-02
2.164840522215231294e-02
2.107293852629454206e-02
2.049667171169551952e-02
1.991962762074735854e-02
1.934182912658844594e-02
1.876329913220011608e-02
1.818406056949931071e-02
1.760413639843242881e-02
1.702354960606672699e-02
1.644232320568069991e-02
1.586048023585411026e-02
1.527804375955694148e-02
1.469503686323663134e-02
1.411148265590463254e-02
1.352740426822267306e-02
1.294282485158788042e-02
1.235776757721641916e-02
1.177225563522787781e-02
1.118631223372619152e-02
1.059996059788439506e-02
1.001322396902239002e-02
9.426125603690469618e-03
8.838688772747542097e-03
8.250936760442337953e-03
7.662892863490941217e-03
7.074580390154620001e-03
6.486022659320224426e-03
5.897242999575176559e-03
5.308264748286951537e-03
4.719111250678252253e-03
4.129805858903864979e-03
3.540371931127120776e-03
2.950832830596263230e-03
2.361211924719578900e-03
1.771532584141819692e-03
1.181818181818158247e-03
