1.444444444444383880e-03
-7.207763318876363092e-04
-1.441538379171777981e-03
-2.162257573211560577e-03
-2.882905347060751074e-03
-3.603453136598452552e-03
-4.323872381659077911e-03
-5.044134527161076541e-03
-5.764211024238270233e-03
-6.484073331368138578e-03
-7.203692915500917518e-03
-7.923041253187372568e-03
-8.642089831709696274e-03
-9.360810150205813723e-03
-1.007917372080138763e-02
-1.079715206973130663e-02
-1.151471673847035207e-02
-1.223183928485759193e-02
-1.294849128421970627e-02
-1.366464433049918194e-02
-1.438027003737443570e-02
-1.509534003938373461e-02
-1.580982599304843472e-02
-1.652369957799329492e-02
-1.723693249806564770e-02
-1.794949648245728474e-02
-1.866136328682051204e-02
-1.937250469438628678e-02
-2.008289251708016143e-02
-2.079249859663827651e-02
-2.150129480572010934e-02
-2.220925304902096956e-02
-2.291634526438455707e-02
-2.362254342391230388e-02
-2.432781953507071049e-02
-2.503214564180302609e-02
-2.573549382562910492e-02
-2.643783620675504986e-02
-2.713914494517212159e-02
-2.783939224176169847e-02
-2.853855033939097993e-02
-2.923659152401411956e-02
-2.993348812576776888e-02
-3.062921252006376230e-02
-3.132373712868535137e-02
-3.201703442087461965e-02
-3.270907691442385967e-02
-3.339983717676140579e-02
-3.408928782603731777e-02
-3.477740153220661851e-02
-3.546415101811031811e-02
-3.614950906055449525e-02
-3.683344849138748406e-02
-3.751594219857273815e-02
-3.819696312726340165e-02
-3.887648428087291108e-02
-3.955447872214028215e-02
-4.023091957419811654e-02
-4.090578002163467591e-02
-4.157903331155547721e-02
-4.225065275463951719e-02
-4.292061172619796722e-02
-4.358888366722477731e-02
-4.425544208544905656e-02
-4.492026055638229792e-02
-4.558331272436322301e-02
-4.624457230360105864e-02
-4.690401307921611418e-02
-4.756160890827367677e-02
-4.821733372082249308e-02
-4.887116152092185056e-02
-4.952306638767310643e-02
-5.017302247624388922e-02
-5.082100401888942076e-02
-5.146698532597347026e-02
-5.211094078698342430e-02
-5.275284487154383029e-02
-5.339267213042684507e-02
-5.403039719655793049e-02
-5.466599478601925216e-02
-5.529943969905141282e-02
-5.593070682104848979e-02
-5.655977112355232983e-02
-5.718660766524274325e-02
-5.781119159292357618e-02
-5.843349814250654167e-02
-5.905350263998966620e-02
-5.967118050243493121e-02
-6.028650723893985014e-02
-6.089945845160574245e-02
-6.151000983650296849e-02
-6.211813718463436024e-02
-6.272381638288987427e-02
-6.332702341500197341e-02
-6.392773436249619967e-02
-6.452592540563541201e-02
-6.512157282436464856e-02
-6.571465299924766912e-02
-6.630514241240037521e-02
-6.689301764842392473e-02
-6.747825539532852079e-02
-6.806083244545714506e-02
-6.864072569640218557e-02
-6.921791215192044100e-02
-6.979236892284282345e-02
-7.036407322797834374e-02
-7.093300239501688920e-02
-7.149913386142618676e-02
-7.206244517534227123e-02
-7.262291399645957879e-02
-7.318051809691435150e-02
-7.373523536216355923e-02
-7.428704379185901985e-02
-7.483592150071942395e-02
-7.538184671939431036e-02
-7.592479779532669559e-02
-7.646475319360789002e-02
-7.700169149783087086e-02
-7.753559141093657736e-02
-7.806643175605776364e-02
-7.859419147735396960e-02
-7.911884964084719973e-02
-7.964038543524863678e-02
-8.015877817278224682e-02
-8.067400729000258341e-02
-8.118605234860933051e-02
-8.169489303625469823e-02
-8.220050916734732149e-02
-8.270288068385114877e-02
-8.320198765607815516e-02
-8.369781028347733631e-02
-8.419032889541765152e-02
-8.467952395196605420e-02
-8.516537604466069278e-02
-8.564786589727881039e-02
-8.612697436659821904e-02
-8.660268244315637298e-02
-8.707497125200021337e-02
-8.754382205343519407e-02
-8.800921624376396857e-02
-8.847113535602424417e-02
-8.892956106071886468e-02
-8.938447516653964808e-02
-8.983585962108982248e-02
-9.028369651159451337e-02
-9.072796806561173044e-02
-9.116865665173534694e-02
-9.160574478029141765e-02
-9.203921510403033357e-02
-9.246905041881431364e-02
-9.289523366429593143e-02
-9.331774792459447687e-02
-9.373657642896465747e-02
-9.415170255245977615e-02
-9.456310981658938575e-02
-9.497078188997164216e-02
-9.537470258897917663e-02
-9.577485587837865355e-02
-9.617122587196560990e-02
-9.656379683319279983e-02
-9.695255317579280774e-02
-9.733747946439459675e-02
-9.771856041513360402e-02
-9.809578089625685393e-02
-9.846912592872125725e-02
-9.883858068678663678e-02
-9.920413049860125898e-02
-9.956576084678354921e-02
-9.992345736899439779e-02
-1.002772058585077175e-01
-1.006269922647701626e-01
-1.009728026939589185e-01
-1.013146234095292225e-01
-1.016524408327599133e-01
-1.019862415432890163e-01
-1.023160122796450133e-01
-1.026417399397717978e-01
-1.029634115815466350e-01
-1.032810144232919475e-01
-1.035945358442815212e-01
-1.039039633852390093e-01
-1.042092847488316903e-01
-1.045104878001555243e-01
-1.048075605672172950e-01
-1.051004912414058301e-01
-1.053892681779602936e-01
-1.056738798964314552e-01
-1.059543150811349393e-01
-1.062305625815982563e-01
-1.065026114130041140e-01
-1.067704507566216571e-01
-1.070340699602379125e-01
-1.072934585385764833e-01
-1.075486061737137705e-01
-1.077995027154867030e-01
-1.080461381818941802e-01
-1.082885027594920058e-01
-1.085265868037811748e-01
-1.087603808395888744e-01
-1.089898755614446824e-01
-1.092150618339464141e-01
-1.094359306921236508e-01
-1.096524733417912068e-01
-1.098646811598975453e-01
-1.100725456948650899e-01
-1.102760586669258303e-01
-1.104752119684476036e-01
-1.106699976642552541e-01
-1.108604079919450480e-01
-1.110464353621909844e-01
-1.112280723590449716e-01
-1.114053117402311194e-01
-1.115781464374310944e-01
-1.117465695565648537e-01
-1.119105743780622053e-01
-1.120701543571293868e-01
-1.122253031240074972e-01
-1.123760144842253783e-01
-1.125222824188428783e-01
-1.126641010846910623e-01
-1.128014648146016402e-01
-1.129343681176327580e-01
-1.130628056792838676e-01
-1.131867723617084875e-01
-1.133062632039159995e-01
-1.134212734219683938e-01
-1.135317984091687715e-01
-1.136378337362447533e-01
-1.137393751515230617e-01
-1.138364185810970958e-01
-1.139289601289893983e-01
-1.140169960773045194e-01
-1.141005228863772869e-01
-1.141795371949115012e-01
-1.142540358201138834e-01
-1.143240157578200300e-01
-1.143894741826122913e-01
-1.144504084479323613e-01
-1.145068160861860140e-01
-1.145586948088402890e-01
-1.146060425065136834e-01
-1.146488572490608898e-01
-1.146871372856480553e-01
-1.147208810448221150e-01
-1.147500871345735890e-01
-1.147747543423906086e-01
-1.147948816353079604e-01
-1.148104681599477483e-01
-1.148215132425521590e-01
-1.148280163890117722e-01
-1.148299772848830336e-01
-1.148273957954027702e-01
-1.148202719654922710e-01
-1.148086060197557184e-01
-1.147923983624717370e-01
-1.147716495775770312e-01
-1.147463604286428074e-01
-1.147165318588457134e-01
-1.146821649909296470e-01
-1.146432611271617497e-01
-1.145998217492804616e-01
-1.145518485184376517e-01
-1.144993432751318235e-01
-1.144423080391367697e-01
-1.143807450094202066e-01
-1.143146565640575374e-01
-1.142440452601378165e-01
-1.141689138336623999e-01
-1.140892651994366708e-01
-1.140051024509550204e-01
-1.139164288602783348e-01
-1.138232478779041268e-01
-1.137255631326307692e-01
-1.136233784314137629e-01
-1.135166977592143994e-01
-1.134055252788433860e-01
-1.132898653307953113e-01
-1.131697224330766999e-01
-1.130451012810286121e-01
-1.129160067471389195e-01
-1.127824438808520402e-01
-1.126444179083663927e-01
-1.125019342324302257e-01
-1.123549984321265960e-01
-1.122036162626519756e-01
-1.120477936550904885e-01
-1.118875367161781959e-01
-1.117228517280606515e-01
-1.115537451480469039e-01
-1.113802236083508562e-01
-1.112022939158318208e-01
-1.110199630517233887e-01
-1.108332381713581505e-01
-1.106421266038842832e-01
-1.104466358519758107e-01
-1.102467735915354935e-01
-1.100425476713918771e-01
-1.098339661129879713e-01
-1.096210371100645592e-01
-1.094037690283358455e-01
-1.091821704051584990e-01
-1.089562499491940201e-01
-1.087260165400641410e-01
-1.084914792279997181e-01
-1.082526472334827405e-01
-1.080095299468813858e-01
-1.077621369280786223e-01
-1.075104779060944427e-01
-1.072545627787001576e-01
-1.069944016120276814e-01
-1.067300046401710584e-01
-1.064613822647816621e-01
-1.061885450546566356e-01
-1.059115037453206842e-01
-1.056302692386017483e-01
-1.053448526021996678e-01
-1.050552650692482964e-01
-1.047615180378708433e-01
-1.044636230707298441e-01
-1.041615918945684033e-01
-1.038554363997483965e-01
-1.035451686397775156e-01
-1.032308008308348984e-01
-1.029123453512860581e-01
-1.025898147411945377e-01
-1.022632217018248080e-01
-1.019325790951405575e-01
-1.015978999432956137e-01
-1.012591974281194379e-01
-1.009164848905939327e-01
-1.005697758303280842e-01
-1.002190839050221965e-01
-9.986442292992821212e-02
-9.950580687730355145e-02
-9.914324987585763915e-02
-9.877676621019390590e-02
-9.840637032024356079e-02
-9.803207680069579710e-02
-9.765390040041958819e-02
-9.727185602188032076e-02
-9.688595872055025260e-02
-9.649622370431333584e-02
-9.610266633286332350e-02
-9.570530211709619983e-02
-9.530414671849675445e-02
-9.489921594851914721e-02
-9.449052576796097835e-02
-9.407809228633222387e-02
-9.366193176121809238e-02
-9.324206059763580356e-02
-9.281849534738570440e-02
-9.239125270839616821e-02
-9.196034952406392793e-02
-9.152580278258672097e-02
-9.108762961629170152e-02
-9.064584730095863463e-02
-9.020047325513465275e-02
-8.975152503944734683e-02
-8.929902035590796261e-02
-8.884297704721293154e-02
-8.838341309603714446e-02
-8.792034662432289538e-02
-8.745379589256313535e-02
-8.698377929907849526e-02
-8.651031537929015913e-02
-8.603342280498656180e-02
-8.555312038358466042e-02
-8.506942705738590460e-02
-8.458236190282686362e-02
-8.409194412972509358e-02
-8.359819308051835707e-02
-8.310112822950065092e-02
-8.260076918205071228e-02
-8.209713567385734656e-02
-8.159024757013826068e-02
-8.108012486485446924e-02
-8.056678767991888590e-02
-8.005025626440134823e-02
-7.953055099372673131e-02
-7.900769236886923119e-02
-7.848170101554149958e-02
-7.795259768337861606e-02
-7.742040324511741123e-02
-7.688513869577051629e-02
-7.634682515179633255e-02
-7.580548385026325553e-02
-7.526113614800994389e-02
-7.471380352080016218e-02
-7.416350756247358511e-02
-7.361026998409131439e-02
-7.305411261307727389e-02
-7.249505739235463653e-02
-7.193312637947792132e-02
-7.136834174576037193e-02
-7.080072577539696377e-02
-7.023030086458285914e-02
-6.965708952062749093e-02
-6.908111436106424696e-02
-6.850239811275574131e-02
-6.792096361099492219e-02
-6.733683379860162799e-02
-6.675003172501492443e-02
-6.616058054538177802e-02
-6.556850351964053913e-02
-6.497382401160131660e-02
-6.437656548802137002e-02
-6.377675151767718542e-02
-6.317440577043186012e-02
-6.256955201629879615e-02
-6.196221412450184790e-02
-6.135241606253054314e-02
-6.074018189519247296e-02
-6.012553578366083146e-02
-5.950850198451927003e-02
-5.888910484880173490e-02
-5.826736882103002169e-02
-5.764331843824586216e-02
-5.701697832904101260e-02
-5.638837321258248492e-02
-5.575752789763555040e-02
-5.512446728158117842e-02
-5.448921634943228870e-02
-5.385180017284482007e-02
-5.321224390912588503e-02
-5.257057280023881563e-02
-5.192681217180500353e-02
-5.128098743210137561e-02
-5.063312407105573926e-02
-4.998324765923824881e-02
-4.933138384685054750e-02
-4.867755836270986486e-02
-4.802179701323255195e-02
-4.736412568141241258e-02
-4.670457032579732742e-02
-4.604315697946197855e-02
-4.537991174897836044e-02
-4.471486081338302970e-02
-4.404803042314125311e-02
-4.337944689910917112e-02
-4.270913663149200623e-02
-4.203712607880047414e-02
-4.136344176680408630e-02
-4.068811028748170466e-02
-4.001115829797030621e-02
-3.933261251950937593e-02
-3.865249973638480024e-02
-3.797084679486895098e-02
-3.728768060215867375e-02
-3.660302812531147226e-02
-3.591691639017786930e-02
-3.522937248033288643e-02
-3.454042353600491472e-02
-3.385009675300133108e-02
-3.315841938163353875e-02
-3.246541872563857289e-02
-3.177112214109911736e-02
-3.107555703536115863e-02
-3.037875086595021035e-02
-2.968073113948520997e-02
-2.898152541058986870e-02
-2.828116128080306393e-02
-2.757966639748726106e-02
-2.687706845273409723e-02
-2.617339518226984366e-02
-2.546867436435744370e-02
-2.476293381869827670e-02
-2.405620140533175355e-02
-2.334850502353223028e-02
-2.263987261070660520e-02
-2.193033214128856448e-02
-2.121991162563231781e-02
-2.050863910890414477e-02
-1.979654266997319528e-02
-1.908365042030111050e-02
-1.836999050282928786e-02
-1.765559109086653131e-02
-1.694048038697363451e-02
-1.622468662184859203e-02
-1.550823805320923447e-02
-1.479116296467570396e-02
-1.407348966465195653e-02
-1.335524648520518103e-02
-1.263646178094562748e-02
-1.191716392790493316e-02
-1.119738132241368533e-02
-1.047714237997755642e-02
-9.756475534154186724e-03
-9.035409235427593541e-03
-8.313971950083293150e-03
-7.592192159081746251e-03
-6.870098356932878916e-03
-6.147719050566807092e-03
-5.425082758208475513e-03
-4.702218008247921639e-03
-3.979153338112872799e-03
-3.255917293138921222e-03
-2.532538425440900368e-03
-1.809045292783459814e-03
-1.085466457451160927e-03
-3.618304851188926447e-04
3.618340562785500765e-04
1.085498597675862856e-03
1.809134570008247202e-03
2.532713405340503588e-03
3.256206537997962357e-03
3.979585405695948951e-03
4.702821450669853257e-03
5.425886120805000976e-03
6.148750870765513216e-03
6.871387163123901173e-03
7.593766469489792587e-03
8.315860271638962631e-03
9.037640062640319577e-03
9.759077347984548845e-03
1.048014364671112121e-02
1.120081049253467652e-02
1.192104943497067186e-02
1.264083204046205326e-02
1.336012989350262095e-02
1.407891459776208429e-02
1.479715777720894479e-02
1.551483107723283447e-02
1.623190616576621753e-02
1.694835473440548315e-02
1.766414849953073379e-02
1.837925920342351610e-02
1.909365861538639061e-02
1.980731853285803631e-02
2.052021078253017661e-02
2.123230722146108446e-02
2.194357973818931648e-02
2.265400025384568111e-02
2.336354072326358305e-02
2.407217313608914569e-02
2.477986951788867589e-02
2.548660193125549395e-02
2.619234247691450829e-02
2.689706329482685968e-02
2.760073656529108202e-02
2.830333451004423545e-02
2.900482939336021526e-02
2.970519352314690206e-02
3.040439925204228497e-02
3.110241897850722290e-02
3.179922514791800464e-02
3.249479025365613338e-02
3.318908683819564442e-02
3.388208749419069354e-02
3.457376486555824996e-02
3.526409164856199319e-02
3.595304059288998572e-02
3.664058450273480899e-02
3.732669623786863400e-02
3.801134871471582161e-02
3.869451490742596006e-02
3.937616784894173300e-02
4.005628063206646827e-02
4.073482641052740549e-02
4.141177840003873456e-02
4.208710987936108844e-02
4.276079419135743465e-02
4.343280474404908470e-02
4.410311501166623571e-02
4.477169853569835933e-02
4.543852892593998327e-02
4.610357986153552218e-02
4.676682509201899457e-02
4.742823843835439201e-02
4.808779379396940779e-02
4.874546512578973451e-02
4.940122647526691557e-02
5.005505195940753577e-02
5.070691577179533421e-02
5.135679218361278997e-02
5.200465554465848184e-02
5.265048028436197791e-02
5.329424091279590797e-02
5.393591202168291493e-02
5.457546828540184303e-02
5.521288446198937411e-02
5.584813539413813199e-02
5.648119601019239294e-02
5.711204132513948012e-02
5.774064644159792453e-02
5.836698655080294756e-02
5.899103693358725281e-02
5.961277296135885501e-02
6.023217009707629993e-02
6.084920389621783360e-02
6.146385000774978041e-02
6.207608417508773263e-02
6.268588223705864881e-02
6.329322012885565951e-02
6.389807388298879287e-02
6.450041963023424307e-02
6.510023360057849706e-02
6.569749212415813833e-02
6.629217163219754128e-02
6.688424865793861362e-02
6.747369983757213474e-02
6.806050191115856074e-02
6.864463172355236842e-02
6.922606622531263243e-02
6.980478247362122135e-02
7.038075763318447919e-02
7.095396897714005557e-02
7.152439388795402142e-02
7.209200985831734632e-02
7.265679449203535367e-02
7.321872550491148601e-02
7.377778072563423439e-02
7.433393809664828877e-02
7.488717567503062889e-02
7.543747163335713657e-02
7.598480426056687664e-02
7.652915196282028543e-02
7.707049326435327918e-02
7.760880680832767109e-02
7.814407135767451051e-02
7.867626579593549330e-02
7.920536912809846009e-02
7.973136048142634436e-02
8.025421910628365019e-02
8.077392437695840588e-02
8.129045579247576314e-02
8.180379297741133260e-02
8.231391568269520731e-02
8.282080378641432095e-02
8.332443729460779769e-02
8.382479634205762531e-02
8.432186119307537309e-02
8.481561224228205409e-02
8.530603001538385188e-02
8.579309516994274021e-02
8.627678849614164869e-02
8.675709091754348068e-02
8.723398349184703637e-02
8.770744741163560843e-02
8.817746400512013749e-02
8.864401473687992528e-02
8.910708120859399395e-02
8.956664515976991980e-02
9.002268846846499251e-02
9.047519315200437673e-02
9.092414136769189081e-02
9.136951541351590045e-02
9.181129772884870366e-02
9.224947089514343168e-02
9.268401763662093007e-02
9.311492082095339240e-02
9.354216345994265103e-02
9.396572871019256978e-02
9.438559987377488636e-02
9.480176039888933703e-02
9.521419388051800825e-02
9.562288406107631589e-02
9.602781483105389537e-02
9.642897022965311871e-02
9.682633444542021461e-02
9.721989181687024084e-02
9.760962683310744903e-02
9.799552413443710086e-02
9.837756851297654870e-02
9.875574491325296578e-02
9.913003843280057681e-02
9.950043432275061661e-02
9.986691798841461354e-02
1.002294749898602622e-01
1.005880910424852975e-01
1.009427520175792126e-01
1.012934439428852390e-01
1.016401530031510320e-01
1.019828655406765094e-01
1.023215680558524909e-01
1.026562472076977400e-01
1.029868898143815881e-01
1.033134828537513455e-01
1.036360134638432129e-01
1.039544689433918728e-01
1.042688367523346010e-01
1.045791045123055096e-01
1.048852600071254193e-01
1.051872911832866103e-01
1.054851861504280675e-01
1.057789331818053263e-01
1.060685207147567949e-01
1.063539373511588615e-01
1.066351718578773672e-01
1.069122131672136100e-01
1.071850503773386643e-01
1.074536727527279217e-01
1.077180697245845448e-01
1.079782308912571043e-01
1.082341460186514587e-01
1.084858050406359159e-01
1.087331980594382075e-01
1.089763153460399647e-01
1.092151473405566231e-01
1.094496846526211431e-01
1.096799180617509251e-01
1.099058385177155289e-01
1.101274371408929448e-01
1.103447052226216585e-01
1.105576342255449318e-01
1.107662157839485878e-01
1.109704417040926483e-01
1.111703039645328683e-01
1.113657947164412715e-01
1.115569062839155412e-01
1.117436311642801827e-01
1.119259620283887535e-01
1.121038917209075531e-01
1.122774132606037673e-01
1.124465198406178201e-01
1.126112048287350592e-01
1.127714617676476710e-01
1.129272843752088668e-01
1.130786665446836675e-01
1.132256023449873666e-01
1.133680860209235891e-01
1.135061119934090146e-01
1.136396748596957273e-01
1.137687693935853783e-01
1.138933905456335216e-01
1.140135334433524245e-01
1.141291933914004714e-01
1.142403658717711379e-01
1.143470465439709455e-01
1.144492312451877436e-01
1.145469159904608653e-01
1.146400969728352398e-01
1.147287705635118699e-01
1.148129333119936729e-01
1.148925819462193465e-01
1.149677133726948047e-01
1.150383246766144840e-01
1.151044131219773475e-01
1.151659761516939107e-01
1.152230113876887702e-01
1.152755166309947232e-01
1.153234898618372695e-01
1.153669292397187657e-01
1.154058331034867046e-01
1.154401999714027155e-01
1.154700285412001148e-01
1.154953176901337975e-01
1.155160664750288502e-01
1.155322741323128732e-01
1.155439400780491482e-01
1.155510639079598695e-01
1.155536453974399386e-01
1.155516845015687466e-01
1.155451813551092305e-01
1.155341362725046672e-01
1.155185497478650042e-01
1.154984224549476246e-01
1.154737552471305356e-01
1.154445491573791310e-01
1.154108053982052517e-01
1.153725253616179197e-01
1.153297106190706023e-01
1.152823629213970968e-01
1.152304841987430578e-01
1.151740765604895994e-01
1.151131422951693212e-01
1.150476838703770738e-01
1.149777039326709410e-01
1.149032053074684756e-01
1.148241909989342058e-01
1.147406641898615631e-01
1.146526282415461645e-01
1.145600866936540979e-01
1.144630432640799805e-01
1.143615018488017832e-01
1.142554665217258292e-01
1.141449415345252988e-01
1.140299313164730710e-01
1.139104404742655730e-01
1.137864737918407448e-01
1.136580362301896907e-01
1.135251329271586562e-01
1.133877691972479812e-01
1.132459505313999082e-01
1.130996825967820751e-01
1.129489712365644299e-01
1.127938224696863473e-01
1.126342424906193740e-01
1.124702376691218558e-01
1.123018145499881243e-01
1.121289798527879827e-01
1.119517404716017794e-01
1.117701034747476535e-01
1.115840761045022445e-01
1.113936657768123395e-01
1.111988800810045364e-01
1.109997267794827075e-01
1.107962138074222447e-01
1.105883492724545752e-01
1.103761414543480562e-01
1.101595988046805141e-01
1.099387299465033330e-01
1.097135436740014069e-01
1.094840489521459043e-01
1.092502549163381492e-01
1.090121708720489940e-01
1.087698062944512378e-01
1.085231708280437329e-01
1.082722742862708698e-01
1.080171266511332773e-01
1.077577380727948453e-01
1.074941188691788396e-01
1.072262795255608386e-01
1.069542306941555360e-01
1.066779831936916917e-01
1.063975480089886239e-01
1.061129362905175455e-01
1.058241593539627906e-01
1.055312286797741445e-01
1.052341559127126652e-01
1.049329528613886925e-01
1.046276314977961086e-01
1.043182039568383568e-01
1.040046825358489219e-01
1.036870796941034290e-01
1.033654080523287166e-01
1.030396803922021265e-01
1.027099096558459768e-01
1.023761089453169570e-01
1.020382915220863079e-01
1.016964708065158374e-01
1.013506603773272063e-01
1.010008739710646364e-01
1.006471254815513999e-01
1.002894289593404126e-01
9.992779861115838602e-02
9.956224879934372218e-02
9.919279404127835653e-02
9.881944900881380056e-02
9.844222852769046739e-02
9.806114757695172379e-02
9.767622128834979600e-02
9.728746494574974646e-02
9.689489398452252877e-02
9.649852399093557243e-02
9.609837070153610938e-02
9.569445000252872757e-02
9.528677792914626299e-02
9.487537066501670890e-02
9.446024454152153471e-02
9.404141603715139575e-02
9.361890177685296133e-02
9.319271853137121864e-02
9.276288321658733571e-02
9.232941289284828101e-02
9.189232476429225194e-02
9.145163617816881585e-02
9.100736462415141836e-02
9.055952773364674135e-02
9.010814327909674737e-02
8.965322917327568641e-02
8.919480346858130182e-02
8.873288435632088744e-02
8.826749016599212683e-02
8.779863936455745144e-02
8.732635055571338900e-02
8.685064247915523505e-02
8.637153400983582641e-02
8.588904415721769492e-02
8.540319206452308409e-02
8.491399700797462591e-02
8.442147839603438009e-02
8.392565576863503241e-02
8.342654879640803989e-02
8.292417727990424037e-02
8.241856114881154771e-02
8.190972046116633265e-02
8.139767540255962719e-02
8.088244628533924896e-02
8.036405354780572219e-02
7.984251775340418800e-02
7.931785958991091623e-02
7.879009986861468251e-02
7.825925952349369052e-02
7.772535961038763708e-02
7.718842130616480890e-02
7.664846590788354508e-02
7.610551483195142353e-02
7.555958961327648160e-02
7.501071190441592484e-02
7.445890347472046422e-02
7.390418620947140915e-02
7.334658210901655317e-02
7.278611328789910684e-02
7.222280197398309176e-02
7.165667050757405787e-02
7.108774134053526261e-02
7.051603703539974233e-02
6.994158026447755416e-02
6.936439380895925710e-02
6.878450055801416108e-02
6.820192350788566171e-02
6.761668576098101013e-02
6.702881052495743286e-02
6.643832111180460187e-02
6.584524093692198377e-02
6.524959351819260844e-02
6.465140247505299365e-02
6.405069152755894779e-02
6.344748449544673763e-02
6.284180529719138319e-02
6.223367794906023431e-02
6.162312656416256418e-02
6.101017535149686616e-02
6.039484861499205132e-02
5.977717075254668916e-02
5.915716625506339810e-02
5.853485970548050199e-02
5.791027577779966212e-02
5.728343923610929728e-02
5.665437493360558213e-02
5.602310781160844966e-02
5.538966289857640002e-02
5.475406530911491876e-02
5.411634024298405538e-02
5.347651298410109610e-02
5.283460889954039869e-02
5.219065343853048627e-02
5.154467213144661025e-02
5.089669058880101626e-02
5.024673450023025428e-02
4.959482963347881801e-02
4.894100183337934257e-02
4.828527702083067197e-02
4.762768119177316489e-02
4.696824041615829670e-02
4.630698083692034311e-02
4.564392866893933476e-02
4.497911019800614890e-02
4.431255177978200149e-02
4.364427983875494854e-02
4.297432086719659566e-02
4.230270142411246548e-02
4.162944813419191398e-02
4.095458768675513256e-02
4.027814683469710388e-02
3.960015239342962873e-02
3.892063123982026501e-02
3.823961031112939335e-02
3.755711660394446538e-02
3.687317717311184434e-02
3.618781913066738271e-02
3.550106964476353044e-02
3.481295593859402154e-02
3.412350528931841487e-02
3.343274502698100059e-02
3.274070253343171200e-02
3.204740524124240209e-02
3.135288063262083036e-02
3.065715623832433040e-02
2.996025963657098640e-02
2.926221845194779472e-02
2.856306035431838142e-02
2.786281305772924516e-02
2.716150431931183690e-02
2.645916193818615564e-02
2.575581375435977843e-02
2.505148764762815325e-02
2.434621153646875091e-02
2.364001337694167371e-02
2.293292116157802721e-02
2.222496291827710108e-02
2.151616670919528559e-02
2.080656062963726419e-02
2.009617280694307381e-02
1.938503139937730602e-02
1.867316459501427994e-02
1.796060061062270535e-02
1.724736769054991195e-02
1.653349410560544380e-02
1.581900815194069859e-02
1.510393814993129732e-02
1.438831244305608346e-02
1.367215939677692352e-02
1.295550739741428703e-02
1.223838485102744095e-02
1.152082018228826020e-02
1.080284183335798211e-02
1.008447826276323393e-02
9.365757944266415655e-03
8.646709365744468384e-03
7.927361028057638634e-03
7.207741443925093881e-03
6.487879136795429366e-03
5.767802639718085621e-03
5.047540494215751322e-03
4.327121249155377498e-03
3.606573459617747578e-03
2.885925685768640347e-03
2.165206491728955979e-03
1.444444444444401444e-03
