-2.499999999999949832e-02
1.247497497497261805e-02
2.494970271643621312e-02
3.742368876712656028e-02
4.989643869912499530e-02
6.236745813343607531e-02
7.483625275948344036e-02
8.730232835470835839e-02
9.976519080412553364e-02
1.122243461198329378e-01
1.246793004605934452e-01
1.371295601513221607e-01
1.495746317026684091e-01
1.620140218304864099e-01
1.744472374754076349e-01
1.868737858222672965e-01
1.992931743196775796e-01
2.117049106994518259e-01
2.241085029961139008e-01
2.365034595663317307e-01
2.488892891084021897e-01
2.612655006816425596e-01
2.736316037258421652e-01
2.859871080806480892e-01
2.983315240049853045e-01
3.106643621963752211e-01
3.229851338103539860e-01
3.352933504797521169e-01
3.475885243340777198e-01
3.598701680187383345e-01
3.721377947143847953e-01
3.843909181561316890e-01
3.966290526528155058e-01
4.088517131061684684e-01
4.210584150300731854e-01
4.332486745696642050e-01
4.454220085205055635e-01
4.575779343476805150e-01
4.697159702049091834e-01
4.818356349535664607e-01
4.939364481817632435e-01
5.060179302233198673e-01
5.180796021767468673e-01
5.301209859241824418e-01
5.421416041503239747e-01
5.541409803612945550e-01
5.661186389034893462e-01
5.780741049824050792e-01
5.900069046814100382e-01
6.019165649804948393e-01
6.138026137749900135e-01
6.256645798942195302e-01
6.375019931201660883e-01
6.493143842060618010e-01
6.611012848949459064e-01
6.728622279381862858e-01
6.845967471139614569e-01
6.963043772457343517e-01
7.079846542206083004e-01
7.196371150076922296e-01
7.312612976764559791e-01
7.428567414149652715e-01
7.544229865481230091e-01
7.659595745558497315e-01
7.774660480912388705e-01
7.889419509985960977e-01
8.003868283315641596e-01
8.118002263710497601e-01
8.231816926432007353e-01
8.345307759373117307e-01
8.458470263236482767e-01
8.571299951712740839e-01
8.683792351657618758e-01
8.795943003269333094e-01
8.907747460264668904e-01
9.019201290054846831e-01
9.130300073921099324e-01
9.241039407189320931e-01
9.351414899404256742e-01
9.461422174503353322e-01
9.571056870989720355e-01
9.680314642104554945e-01
9.789191155999461547e-01
9.897682095907459621e-01
1.000578316031367487e+00
1.011349006312609822e+00
1.022079853384437964e+00
1.032770431772912056e+00
1.043420317597038238e+00
1.054029088585480833e+00
1.064596324093323387e+00
1.075121605118672496e+00
1.085604514319250091e+00
1.096044636028882024e+00
1.106441556273970450e+00
1.116794862789845633e+00
1.127104145037084004e+00
1.137368994217750062e+00
1.147589003291548115e+00
1.157763766991951604e+00
1.167892881842226505e+00
1.177975946171373911e+00
1.188012560130036643e+00
1.198002325706319482e+00
1.207944846741507483e+00
1.217839728945780520e+00
1.227686579913757514e+00
1.237485009140073533e+00
1.247234628034765480e+00
1.256935049938724180e+00
1.266585890138902659e+00
1.276186765883598362e+00
1.285737296397558405e+00
1.295237102897068837e+00
1.304685808604906239e+00
1.314083038765269107e+00
1.323428420658596671e+00
1.332721583616303107e+00
1.341962159035444913e+00
1.351149780393306354e+00
1.360284083261893207e+00
1.369364705322356768e+00
1.378391286379300862e+00
1.387363468375077735e+00
1.396280895403890998e+00
1.405143213725930096e+00
1.413950071781329809e+00
1.422701120204083791e+00
1.431396011835887272e+00
1.440034401739809899e+00
1.448615947214031419e+00
1.457140307805306678e+00
1.465607145322493921e+00
1.474016123849900328e+00
1.482366909760598039e+00
1.490659171729584509e+00
1.498892580746937542e+00
1.507066810130777146e+00
1.515181535540226943e+00
1.523236434988221699e+00
1.531231188854271341e+00
1.539165479897053990e+00
1.547038993267036533e+00
1.554851416518862939e+00
1.562602439623749007e+00
1.570291754981743670e+00
1.577919057433881944e+00
1.585484044274269255e+00
1.592986415262067190e+00
1.600425872633325808e+00
1.607802121112813065e+00
1.615114867925676601e+00
1.622363822809002709e+00
1.629548698023340458e+00
1.636669208364044170e+00
1.643725071172588592e+00
1.650716006347716869e+00
1.657641736356553208e+00
1.664501986245559229e+00
1.671296483651413256e+00
1.678024958811800804e+00
1.684687144576061169e+00
1.691282776415772515e+00
1.697811592435215289e+00
1.704273333381715716e+00
1.710667742655923140e+00
1.716994566321945470e+00
1.723253553117405357e+00
1.729444454463364922e+00
1.735567024474171216e+00
1.741621019967179329e+00
1.747606200472364701e+00
1.753522328241851946e+00
1.759369168259306893e+00
1.765146488249231815e+00
1.770854058686163413e+00
1.776491652803742660e+00
1.782059046603691854e+00
1.787556018864667307e+00
1.792982351151025888e+00
1.798337827821447021e+00
1.803622236037472071e+00
1.808835365771924497e+00
1.813977009817222763e+00
1.819046963793559346e+00
1.824045026157006921e+00
1.828970998207471332e+00
1.833824684096566626e+00
1.838605890835356860e+00
1.843314428301992214e+00
1.847950109249222539e+00
1.852512749311808982e+00
1.857002167013824145e+00
1.861418183775814361e+00
1.865760623921885131e+00
1.870029314686632249e+00
1.874224086221978336e+00
1.878344771603905228e+00
1.882391206839042930e+00
1.886363230871156427e+00
1.890260685587533240e+00
1.894083415825216443e+00
1.897831269377154628e+00
1.901504096998225535e+00
1.905101752411127336e+00
1.908624092312180442e+00
1.912070976376978537e+00
1.915442267265957677e+00
1.918737830629820396e+00
1.921957535114838134e+00
1.925101252368085492e+00
1.928168857042456885e+00
1.931160226801693192e+00
1.934075242325160815e+00
1.936913787312613655e+00
1.939675748488775442e+00
1.942361015607824148e+00
1.944969481457744065e+00
1.947501041864588833e+00
1.949955595696575283e+00
1.952333044868107326e+00
1.954633294343640637e+00
1.956856252141453201e+00
1.959001829337263079e+00
1.961069940067777129e+00
1.963060501534066526e+00
1.964973434004844366e+00
1.966808660819620691e+00
1.968566108391744285e+00
1.970245706211296133e+00
1.971847386847890293e+00
1.973371085953346871e+00
1.974816742264222214e+00
1.976184297604235640e+00
1.977473696886587362e+00
1.978684888116114982e+00
1.979817822391364723e+00
1.980872453906520114e+00
1.981848739953219196e+00
1.982746640922235182e+00
1.983566120305042757e+00
1.984307144695286906e+00
1.984969683790061890e+00
1.985553710391150251e+00
1.986059200406079084e+00
1.986486132849066610e+00
1.986834489841867946e+00
1.987104256614479869e+00
1.987295421505712811e+00
1.987407975963662476e+00
1.987441914546051791e+00
1.987397234920433187e+00
1.987273937864289408e+00
1.987072027265003094e+00
1.986791510119704007e+00
1.986432396534986822e+00
1.985994699726510104e+00
1.985478436018483617e+00
1.984883624843013950e+00
1.984210288739335137e+00
1.983458453352931139e+00
1.982628147434496224e+00
1.981719402838820088e+00
1.980732254523519753e+00
1.979666740547655568e+00
1.978522902070224188e+00
1.977300783348538316e+00
1.976000431736463447e+00
1.974621897682558025e+00
1.973165234728067485e+00
1.971630499504816836e+00
1.970017751732954459e+00
1.968327054218610872e+00
1.966558472851391404e+00
1.964712076601788260e+00
1.962787937518443160e+00
1.960786130725300946e+00
1.958706734418635964e+00
1.956549829863956091e+00
1.954315501392789756e+00
1.952003836399359704e+00
1.949614925337112448e+00
1.947148861715140455e+00
1.944605742094497325e+00
1.941985666084361739e+00
1.939288736338106167e+00
1.936515058549237223e+00
1.933664741447206126e+00
1.930737896793117914e+00
1.927734639375303871e+00
1.924655087004781828e+00
1.921499360510596999e+00
1.918267583735044468e+00
1.914959883528766449e+00
1.911576389745734073e+00
1.908117235238114162e+00
1.904582555851012993e+00
1.900972490417100813e+00
1.897287180751114688e+00
1.893526771644274742e+00
1.889691410858512777e+00
1.885781249120663805e+00
1.881796440116493496e+00
1.877737140484610823e+00
1.873603509810278123e+00
1.869395710619101925e+00
1.865113908370591655e+00
1.860758271451634194e+00
1.856328971169808328e+00
1.851826181746633493e+00
1.847250080310655518e+00
1.842600846890452670e+00
1.837878664407518015e+00
1.833083718669010098e+00
1.828216198360415268e+00
1.823276295038071870e+00
1.818264203121604750e+00
1.813180119886227626e+00
1.808024245454938228e+00
1.802796782790607732e+00
1.797497937687952518e+00
1.792127918765380468e+00
1.786686937456756219e+00
1.781175208003028754e+00
1.775592947443751290e+00
1.769940375608505478e+00
1.764217715108201689e+00
1.758425191326270731e+00
1.752563032409756749e+00
1.746631469260279124e+00
1.740630735524909545e+00
1.734561067586921412e+00
1.728422704556450196e+00
1.722215888261022565e+00
1.715940863235998037e+00
1.709597876714893161e+00
1.703187178619601339e+00
1.696709021550506069e+00
1.690163660776493160e+00
1.683551354224849250e+00
1.676872362471060640e+00
1.670126948728498206e+00
1.663315378838017500e+00
1.656437921257432944e+00
1.649494847050905655e+00
1.642486429878217136e+00
1.635412945983937716e+00
1.628274674186517945e+00
1.621071895867234547e+00
1.613804894959081526e+00
1.606473957935520502e+00
1.599079373799167092e+00
1.591621434070338514e+00
1.584100432775537026e+00
1.576516666435819003e+00
1.568870434055052998e+00
1.561162037108101197e+00
1.553391779528895844e+00
1.545559967698406867e+00
1.537666910432530232e+00
1.529712918969874380e+00
1.521698306959435643e+00
1.513623390448208816e+00
1.505488487868666958e+00
1.497293920026175451e+00
1.489040010086307042e+00
1.480727083562042745e+00
1.472355468300911241e+00
1.463925494472003930e+00
1.455437494552933586e+00
1.446891803316663561e+00
1.438288757818279473e+00
1.429628697381646329e+00
1.420911963585993254e+00
1.412138900252393192e+00
1.403309853430171783e+00
1.394425171383210316e+00
1.385485204576177631e+00
1.376490305660654556e+00
1.367440829461197271e+00
1.358337132961296323e+00
1.349179575289245481e+00
1.339968517703954420e+00
1.330704323580644388e+00
1.321387358396475253e+00
1.312017989716095512e+00
1.302596587177097254e+00
1.293123522475387643e+00
1.283599169350502667e+00
1.274023903570810745e+00
1.264398102918645739e+00
1.254722147175367564e+00
1.244996418106348646e+00
1.235221299445853127e+00
1.225397176881870331e+00
1.215524438040856969e+00
1.205603472472396520e+00
1.195634671633803991e+00
1.185618428874618768e+00
1.175555139421065931e+00
1.165445200360411215e+00
1.155289010625257795e+00
1.145086970977762020e+00
1.134839483993778764e+00
1.124546954046945935e+00
1.114209787292678167e+00
1.103828391652104557e+00
1.093403176795934906e+00
1.082934554128248239e+00
1.072422936770224045e+00
1.061868739543798457e+00
1.051272378955253162e+00
1.040634273178744795e+00
1.029954842039754404e+00
1.019234506998491607e+00
1.008473691133212835e+00
9.976728191234855991e-01
9.868323172334010351e-01
9.759526132946979571e-01
9.650341366898448348e-01
9.540773183350577114e-01
9.430825906632511746e-01
9.320503876069293758e-01
9.209811445810233144e-01
9.098752984656729437e-01
8.987332875889331163e-01
8.875555517094477764e-01
8.763425319990405526e-01
8.650946710252773730e-01
8.538124127339523639e-01
8.424962024315162390e-01
8.311464867674865920e-01
8.197637137167536059e-01
8.083483325618777693e-01
7.969007938753029929e-01
7.854215495015495208e-01
7.739110525393211315e-01
7.623697573235990177e-01
7.507981194076591702e-01
7.391965955450545689e-01
7.275656436715454145e-01
7.159057228869942779e-01
7.042172934371851989e-01
6.925008166956406752e-01
6.807567551453560517e-01
6.689855723605057092e-01
6.571877329881165020e-01
6.453637027296706963e-01
6.335139483226983614e-01
6.216389375223085878e-01
6.097391390826845115e-01
5.978150227385456983e-01
5.858670591865617894e-01
5.738957200667341718e-01
5.619014779437452312e-01
5.498848062882532028e-01
5.378461794581718136e-01
5.257860726799088447e-01
5.137049620295519592e-01
5.016033244140555292e-01
4.894816375523609042e-01
4.773403799565107408e-01
4.651800309127064881e-01
4.530010704623615991e-01
4.408039793831097231e-01
4.285892391697802006e-01
4.163573320153575730e-01
4.041087407919027874e-01
3.918439490314602480e-01
3.795634409069170156e-01
3.672677012128685581e-01
3.549572153464181090e-01
3.426324692879988421e-01
3.302939495821349269e-01
3.179421433182004209e-01
3.055775381111531241e-01
2.932006220822377385e-01
2.808118838396862493e-01
2.684118124593902199e-01
2.560008974655426095e-01
2.435796288112831165e-01
2.311484968593190970e-01
2.187079923625197819e-01
2.062586064445098288e-01
1.938008305802341458e-01
1.813351565765344842e-01
1.688620765526680501e-01
1.563820829208642793e-01
1.438956683668254077e-01
1.314033258302645391e-01
1.189055484853740324e-01
1.064028297213486102e-01
9.389566312283888216e-02
8.138454245044618451e-02
6.886996162118547149e-02
5.635241468894288536e-02
4.383239582493777403e-02
3.131039929817372447e-02
1.878691945588579701e-02
6.262450703978582160e-03
-6.262512512512060162e-03
-1.878747572900596810e-02
-3.131194448091010468e-02
-4.383542432320011728e-02
-5.635742084996337581e-02
-6.887743971396927123e-02
-8.139498664621122592e-02
-9.390956747547102301e-02
-1.064206881478630129e-01
-1.189278547463720054e-01
-1.314305735104024375e-01
-1.439283508552884339e-01
-1.564206933918531051e-01
-1.689071079458863978e-01
-1.813871015776923334e-01
-1.938601816015591839e-01
-2.063258556052620374e-01
-2.187836314695340012e-01
-2.312330173875448425e-01
-2.436735218843451567e-01
-2.561046538363107028e-01
-2.685259224905688913e-01
-2.809368374844148919e-01
-2.933369088647145850e-01
-3.057256471072637427e-01
-3.181025631361784622e-01
-3.304671683432258145e-01
-3.428189746071602095e-01
-3.551574943130237916e-01
-3.674822403714435581e-01
-3.797927262378919533e-01
-3.920884659319435750e-01
-4.043689740564844759e-01
-4.166337658169283475e-01
-4.288823570403808016e-01
-4.411142641948063159e-01
-4.533290044081343395e-01
-4.655260954873887136e-01
-4.777050559377314376e-01
-4.898654049815342471e-01
-5.020066625773866864e-01
-5.141283494390821440e-01
-5.262299870545776859e-01
-5.383110977049329060e-01
-5.503712044831992056e-01
-5.624098313132773752e-01
-5.744265029687706248e-01
-5.864207450917610087e-01
-5.983920842115870720e-01
-6.103400477635727572e-01
-6.222641641077113484e-01
-6.341639625473340924e-01
-6.460389733477234220e-01
-6.578887277546958678e-01
-6.697127580131425617e-01
-6.815105973855311028e-01
-6.932817801703803351e-01
-7.050258417206632933e-01
-7.167423184622089272e-01
-7.284307479120193385e-01
-7.400906686965745829e-01
-7.517216205700817389e-01
-7.633231444326840087e-01
-7.748947823486276310e-01
-7.864360775643473023e-01
-7.979465745265732490e-01
-8.094258189003303849e-01
-8.208733575869010535e-01
-8.322887387417775562e-01
-8.436715117925079888e-01
-8.550212274565435200e-01
-8.663374377589766473e-01
-8.776196960503036548e-01
-8.888675570240661683e-01
-9.000805767344699504e-01
-9.112583126139583989e-01
-9.224003234906987814e-01
-9.335061696060487080e-01
-9.445754126319503285e-01
-9.556076156882766792e-01
-9.666023433600865467e-01
-9.775591617148712276e-01
-9.884776383197220184e-01
-9.993573422584267618e-01
-1.010197844148513768e+00
-1.020998716158235897e+00
-1.031759532023514003e+00
-1.042479867064779908e+00
-1.053159298203768524e+00
-1.063797403980279555e+00
-1.074393764568824627e+00
-1.084947961795247329e+00
-1.095459579153269969e+00
-1.105928201820960632e+00
-1.116353416677129617e+00
-1.126734812317701451e+00
-1.137071979071971439e+00
-1.147364509018803158e+00
-1.157611996002785748e+00
-1.167814035650282189e+00
-1.177970225385433611e+00
-1.188080164446090325e+00
-1.198143453899642497e+00
-1.208159696658831050e+00
-1.218128497497426244e+00
-1.228049463065881142e+00
-1.237922201906899611e+00
-1.247746324470875301e+00
-1.257521443131378147e+00
-1.267247172200392180e+00
-1.276923127943671687e+00
-1.286548928595834473e+00
-1.296124194375526173e+00
-1.305648547500413592e+00
-1.315121612202121648e+00
-1.324543014741121683e+00
-1.333912383421501868e+00
-1.343229348605667228e+00
-1.352493542728980591e+00
-1.361704600314269209e+00
-1.370862157986319829e+00
-1.379965854486222110e+00
-1.389015330685680061e+00
-1.398010229601203136e+00
-1.406950196408236486e+00
-1.415834878455199064e+00
-1.424663925277421139e+00
-1.433436988611017204e+00
-1.442153722406673388e+00
-1.450813782843306088e+00
-1.459416828341686623e+00
-1.467962519577956426e+00
-1.476450519497030767e+00
-1.484880493325936079e+00
-1.493252108587069360e+00
-1.501565035111334323e+00
-1.509818945051198291e+00
-1.518013512893690686e+00
-1.526148415473236097e+00
-1.534223331984462035e+00
-1.542237943994896332e+00
-1.550191935457557291e+00
-1.558084992723429263e+00
-1.565916804553920683e+00
-1.573687062133124037e+00
-1.581395459080074728e+00
-1.589041691460842731e+00
-1.596625457800562531e+00
-1.604146459095363797e+00
-1.611604398824184603e+00
-1.618998982960546451e+00
-1.626329919984102812e+00
-1.633596920892262494e+00
-1.640799699211541895e+00
-1.647937971008966773e+00
-1.655011454903239310e+00
-1.662019872075930049e+00
-1.668962946282456450e+00
-1.675840403863044115e+00
-1.682651973753520380e+00
-1.689397387496088365e+00
-1.696076379249875865e+00
-1.702688685801523327e+00
-1.709234046575531352e+00
-1.715712203644629730e+00
-1.722122901739918666e+00
-1.728465888261021099e+00
-1.734740913286044295e+00
-1.740947729581476144e+00
-1.747086092611944697e+00
-1.753155760549932607e+00
-1.759156494285302408e+00
-1.765088057434783808e+00
-1.770950216351293793e+00
-1.776742740133224308e+00
-1.782465400633528096e+00
-1.788117972468777905e+00
-1.793700233028055591e+00
-1.799211962481779059e+00
-1.804652943790403530e+00
-1.810022962712973804e+00
-1.815321807815632571e+00
-1.820549270479961734e+00
-1.825705144911252686e+00
-1.830789228146628478e+00
-1.835801320063099151e+00
-1.840741223385440550e+00
-1.845608743694036713e+00
-1.850403689432546406e+00
-1.855125871915479063e+00
-1.859775105335680356e+00
-1.864351206771656777e+00
-1.868853996194836053e+00
-1.873283296476658588e+00
-1.877638933395618048e+00
-1.881920735644124543e+00
-1.886128534835303405e+00
-1.890262165509638104e+00
-1.894321465141521443e+00
-1.898306274145686423e+00
-1.902216435883534063e+00
-1.906051796669298026e+00
-1.909812205776141525e+00
-1.913497515442123209e+00
-1.917107580876036277e+00
-1.920642260263139445e+00
-1.924101414770755802e+00
-1.927484908553792842e+00
-1.930792608760071527e+00
-1.934024385535623392e+00
-1.937180112029802004e+00
-1.940259664400324935e+00
-1.943262921818140976e+00
-1.946189766472236293e+00
-1.949040083574258064e+00
-1.951813761363130562e+00
-1.954510691109386133e+00
-1.957130767119522163e+00
-1.959673886740165516e+00
-1.962139950362132845e+00
-1.964528861424387207e+00
-1.966840526417813262e+00
-1.969074854888982706e+00
-1.971231759443662801e+00
-1.973311155750322010e+00
-1.975312962543467776e+00
-1.977237101626809768e+00
-1.979083497876413134e+00
-1.980852079243636821e+00
-1.982542776757982406e+00
-1.984155524529841674e+00
-1.985690259753092324e+00
-1.987146922707583974e+00
-1.988525456761490506e+00
-1.989825808373565597e+00
-1.991047927095249026e+00
-1.992191765572684403e+00
-1.993257279548543481e+00
-1.994244427863844926e+00
-1.995153172459518842e+00
-1.995983478377956644e+00
-1.996735313764363084e+00
-1.997408649868041453e+00
-1.998003461043511342e+00
-1.998519724751533611e+00
-1.998957421560010328e+00
-1.999316535144729068e+00
-1.999597052290031041e+00
-1.999798962889310028e+00
-1.999922259945454917e+00
-1.999966939571077740e+00
-1.999933000988685539e+00
-1.999820446530740314e+00
-1.999629281639506928e+00
-1.999359514866890342e+00
-1.999011157874091227e+00
-1.998584225431109473e+00
-1.998078735416182417e+00
-1.997494708815090281e+00
-1.996832169720307304e+00
-1.996091145330066263e+00
-1.995271665947256690e+00
-1.994373764978243146e+00
-1.993397478931548727e+00
-1.992342847416392004e+00
-1.991209913141137156e+00
-1.989998721911614421e+00
-1.988709322629262921e+00
-1.987341767289244610e+00
-1.985896110978374596e+00
-1.984372411872916464e+00
-1.982770731236320749e+00
-1.981091133416764460e+00
-1.979333685844647750e+00
-1.977498459029867650e+00
-1.975585526559090921e+00
-1.973594965092805520e+00
-1.971526854362289027e+00
-1.969381277166474264e+00
-1.967158319368666586e+00
-1.964858069893130610e+00
-1.962480620721605673e+00
-1.960026066889612784e+00
-1.957494506482770680e+00
-1.954886040632848099e+00
-1.952200773513800947e+00
-1.949438812337638049e+00
-1.946600267350188096e+00
-1.943685251826715366e+00
-1.940693882067482612e+00
-1.937626277393108110e+00
-1.934482560139867413e+00
-1.931262855654844346e+00
-1.927967292290982071e+00
-1.924596001402000933e+00
-1.921149117337203061e+00
-1.917626777436152397e+00
-1.914029122023250595e+00
-1.910356294402177246e+00
-1.906608440850239505e+00
-1.902785710612553638e+00
-1.898888255896180377e+00
-1.894916231864064216e+00
-1.890869796628929400e+00
-1.886749111247003174e+00
-1.882554339711656421e+00
-1.878285648946909525e+00
-1.873943208800840310e+00
-1.869527192038847652e+00
-1.865037774336833154e+00
-1.860475134274243825e+00
-1.855839453327016608e+00
-1.851130915860385029e+00
-1.846349709121591687e+00
-1.841496023232493728e+00
-1.836570051182031094e+00
-1.831571988818587071e+00
-1.826502034842245159e+00
-1.821360390796951112e+00
-1.816147261062496909e+00
-1.810862852846468973e+00
-1.805507376176052503e+00
-1.800081043889692811e+00
-1.794584071628714472e+00
-1.789016677828768387e+00
-1.783379083711188695e+00
-1.777671513274256432e+00
-1.771894193284331509e+00
-1.766047353266878117e+00
-1.760131225497389096e+00
-1.754146044992201059e+00
-1.748092049499197165e+00
-1.741969479488386652e+00
-1.735778578142429973e+00
-1.729519591346970087e+00
-1.723192767680947535e+00
-1.716798358406736780e+00
-1.710336617460238351e+00
-1.703807801440796466e+00
-1.697212169601084231e+00
-1.690549983836825643e+00
-1.683821508676438095e+00
-1.677027011270583179e+00
-1.670166761381579157e+00
-1.663241031372741041e+00
-1.656250096197612320e+00
-1.649194233389071895e+00
-1.642073723048365741e+00
-1.634888847834028658e+00
-1.627639892950697442e+00
-1.620327146137840568e+00
-1.612950897658349758e+00
-1.605511440287088920e+00
-1.598009069299295204e+00
-1.590444082458904562e+00
-1.582816780006765400e+00
-1.575127464648774733e+00
-1.567376441543886223e+00
-1.559564018292058929e+00
-1.551690504922079050e+00
-1.543756213879290851e+00
-1.535761460013246982e+00
-1.527706560565251337e+00
-1.519591835155801318e+00
-1.511417605771962602e+00
-1.503184196754612456e+00
-1.494891934785619325e+00
-1.486541148874925611e+00
-1.478132170347514540e+00
-1.469665332830330851e+00
-1.461140972239054925e+00
-1.452559426764838513e+00
-1.443921036860907670e+00
-1.435226145229111294e+00
-1.426475096806355092e+00
-1.417668238750955378e+00
-1.408805920428917391e+00
-1.399888493400101686e+00
-1.390916311404329475e+00
-1.381889730347380496e+00
-1.372809108286920043e+00
-1.363674805418330749e+00
-1.354487184060467309e+00
-1.345246608641325059e+00
-1.335953445683620844e+00
-1.326608063790293279e+00
-1.317210833629928635e+00
-1.307762127922090567e+00
-1.298262321422583465e+00
-1.288711790908623200e+00
-1.279110915163928386e+00
-1.269460074963748131e+00
-1.259759653059791207e+00
-1.250010034165091488e+00
-1.240211604938780798e+00
-1.230364753970802916e+00
-1.220469871766533876e+00
-1.210527350731342100e+00
-1.200537585155063480e+00
-1.190500971196399638e+00
-1.180417906867253341e+00
-1.170288792016977997e+00
-1.160114028316571622e+00
-1.149894019242771126e+00
-1.139629170062111063e+00
-1.129319887814872247e+00
-1.118966581298995733e+00
-1.108569661053905531e+00
-1.098129539344271599e+00
-1.087646630143698445e+00
-1.077121349118347560e+00
-1.066554113610505894e+00
-1.055945342622061078e+00
-1.045295456797940670e+00
-1.034604878409463025e+00
-1.023874031337635326e+00
-1.013103341056392992e+00
-1.002293234615764694e+00
-9.914441406249693278e-01
-9.805564892354804440e-01
-9.696307121239932103e-01
-9.586672424753582833e-01
-9.476665149654486253e-01
-9.366289657439538230e-01
-9.255550324171333276e-01
-9.144451540305079673e-01
-9.032997710514903966e-01
-8.921193253519583699e-01
-8.809042601907860481e-01
-8.696550201962953697e-01
-8.583720513486723380e-01
-8.470558009623373463e-01
-8.357067176682257958e-01
-8.243252513960728223e-01
-8.129118533565875548e-01
-8.014669760236177165e-01
-7.899910731162570476e-01
-7.784845995808772345e-01
-7.669480115731479586e-01
-7.553817664399888887e-01
-7.437863227014802625e-01
-7.321621400327169571e-01
-7.205096792456289201e-01
-7.088294022707617437e-01
-6.971217721389897370e-01
-6.853872529632073496e-01
-6.736263099199680804e-01
-6.618394092310838639e-01
-6.500270181451891505e-01
-6.381896049192439246e-01
-6.263276388000119654e-01
-6.144415900055185675e-01
-6.025319297064375412e-01
-5.905991300074304728e-01
-5.786436639285148509e-01
-5.666660053863161739e-01
-5.546666291753477029e-01
-5.426460109492059480e-01
-5.306046272017685972e-01
-5.185429552483441507e-01
-5.064614732067893588e-01
-4.943606599785893008e-01
-4.822409952299291924e-01
-4.701029593727060196e-01
-4.579470335455274599e-01
-4.457736995946894321e-01
-4.335834400550973577e-01
-4.213767381311980253e-01
-4.091540776778354038e-01
-3.969159431811591365e-01
-3.846628197394079129e-01
-3.723951930437630065e-01
-3.601135493590971737e-01
-3.478183755047840053e-01
-3.355101588353759934e-01
-3.231893872214008923e-01
-3.108565490300032597e-01
-2.985121331056748706e-01
-2.861566287508635620e-01
-2.737905257066668985e-01
-2.614143141334248632e-01
-2.490284845913595113e-01
-2.366335280211321057e-01
-2.242299357244780522e-01
-2.118181993447005584e-01
-1.993988108472960208e-01
-1.869722625004287264e-01
-1.745390468555171326e-01
-1.620996567276892231e-01
-1.496545851763481094e-01
-1.372043254856112060e-01
-1.247493711448594972e-01
-1.122902158291491787e-01
-9.982735337973819290e-02
-8.736127778450585024e-02
-7.489248315845470350e-02
-6.242146372415552369e-02
-4.994871379214887996e-02
-3.747472774145577112e-02
-2.499999999999994241e-02
