5.577777777777542800e-03
-2.783305527750718367e-03
-5.566555894955633847e-03
-8.349640782709255235e-03
-1.113244987864997482e-02
-1.391487288132632963e-02
-1.669679950456043685e-02
-1.947811948180661404e-02
-2.225872257052008418e-02
-2.503849855651388637e-02
-2.781733725831892282e-02
-3.059512853153893014e-02
-3.337176227321750344e-02
-3.614712842617937016e-02
-3.892111698340227494e-02
-4.169361799234704014e-02
-4.446452155932396899e-02
-4.723371785383469884e-02
-5.000109711290993270e-02
-5.276654964546606541e-02
-5.552996583663050156e-02
-5.829123615208180176e-02
-6.105025114238702560e-02
-6.380690144732795166e-02
-6.656107780022273157e-02
-6.931267103225811910e-02
-7.206157207679919630e-02
-7.480767197370703780e-02
-7.755086187364798600e-02
-8.029103304240317596e-02
-8.302807686516533447e-02
-8.576188485083480195e-02
-8.849234863631574854e-02
-9.121935999079980317e-02
-9.394281082004227179e-02
-9.666259317065474532e-02
-9.937859923435238274e-02
-1.020907213522387197e-01
-1.047988520190492601e-01
-1.075028838874182435e-01
-1.102027097721097609e-01
-1.128982226542700334e-01
-1.155893156856570569e-01
-1.182758821928615867e-01
-1.209578156815387801e-01
-1.236350098406081288e-01
-1.263073585464674908e-01
-1.289747558671863192e-01
-1.316370960666979339e-01
-1.342942736089824673e-01
-1.369461831622413583e-01
-1.395927196030642692e-01
-1.422337780205885638e-01
-1.448692537206424102e-01
-1.474990422298940174e-01
-1.501230392999861329e-01
-1.527411409116493646e-01
-1.553532432788265472e-01
-1.579592428527738790e-01
-1.605590363261603370e-01
-1.631525206371464420e-01
-1.657395929734721274e-01
-1.683201507765141047e-01
-1.708940917453493913e-01
-1.734613138407992972e-01
-1.760217152894640313e-01
-1.785751945877517288e-01
-1.811216505058960424e-01
-1.836609820919490876e-01
-1.861930886757914294e-01
-1.887178698730981874e-01
-1.912352255893222663e-01
-1.937450560236494423e-01
-1.962472616729421804e-01
-1.987417433356821472e-01
-2.012284021158897984e-01
-2.037071394270384417e-01
-2.061778569959559493e-01
-2.086404568667082904e-01
-2.110948414044743204e-01
-2.135409132994138814e-01
-2.159785755705102839e-01
-2.184077315694097354e-01
-2.208282849842450046e-01
-2.232401398434433193e-01
-2.256432005195252166e-01
-2.280373717328831318e-01
-2.304225585555564060e-01
-2.327986664149830909e-01
-2.351656010977390687e-01
-2.375232687532652653e-01
-2.398715758975880352e-01
-2.422104294170054628e-01
-2.445397365717768001e-01
-2.468594049997929751e-01
-2.491693427202228417e-01
-2.514694581371619275e-01
-2.537596600432486249e-01
-2.560398576232691403e-01
-2.583099604577600017e-01
-2.605698785265762596e-01
-2.628195222124575237e-01
-2.650588023045684083e-01
-2.672876300020312068e-01
-2.695059169174391922e-01
-2.717135750803471028e-01
-2.739105169407574647e-01
-2.760966553725841544e-01
-2.782719036770908705e-01
-2.804361755863284955e-01
-2.825893852665461448e-01
-2.847314473215853958e-01
-2.868622767962555331e-01
-2.889817891797011318e-01
-2.910899004087380004e-01
-2.931865268711845718e-01
-2.952715854091627068e-01
-2.973449933223930031e-01
-2.994066683714627364e-01
-3.014565287810845873e-01
-3.034944932433206177e-01
-3.055204809208099115e-01
-3.075344114499600767e-01
-3.095362049441283681e-01
-3.115257819967791608e-01
-3.135030636846298235e-01
-3.154679715707681131e-01
-3.174204277077565250e-01
-3.193603546407174920e-01
-3.212876754103941024e-01
-3.232023135561970517e-01
-3.251041931192281131e-01
-3.269932386452842343e-01
-3.288693751878435934e-01
-3.307325283110304492e-01
-3.325826240925561228e-01
-3.344195891266499299e-01
-3.362433505269546430e-01
-3.380538359294188999e-01
-3.398509734951500327e-01
-3.416346919132627891e-01
-3.434049204036989655e-01
-3.451615887200222832e-01
-3.469046271522083225e-01
-3.486339665293879952e-01
-3.503495382225929045e-01
-3.520512741474702834e-01
-3.537391067669714007e-01
-3.554129690940248110e-01
-3.570727946941906206e-01
-3.587185176882811688e-01
-3.603500727549724947e-01
-3.619673951333865491e-01
-3.635704206256523130e-01
-3.651590855994450990e-01
-3.667333269905058146e-01
-3.682930823051349112e-01
-3.698382896226621308e-01
-3.713688875978979342e-01
-3.728848154635598378e-01
-3.743860130326767677e-01
-3.758724207009698781e-01
-3.773439794492081667e-01
-3.788006308455456050e-01
-3.802423170478312353e-01
-3.816689808058991162e-01
-3.830805654638294033e-01
-3.844770149621948852e-01
-3.858582738402706047e-01
-3.872242872382374301e-01
-3.885750008993431592e-01
-3.899103611720566853e-01
-3.912303150121820283e-01
-3.925348099849650940e-01
-3.938237942671621306e-01
-3.950972166490906434e-01
-3.963550265366571623e-01
-3.975971739533569194e-01
-3.988236095422503791e-01
-4.000342845679178416e-01
-4.012291509183844029e-01
-4.024081611070269293e-01
-4.035712682744466706e-01
-4.047184261903313263e-01
-4.058495892552747564e-01
-4.069647125025850354e-01
-4.080637516000659715e-01
-4.091466628517671511e-01
-4.102134031997101138e-01
-4.112639302256004270e-01
-4.122982021524927987e-01
-4.133161778464571334e-01
-4.143178168181952947e-01
-4.153030792246484859e-01
-4.162719258705716574e-01
-4.172243182100836001e-01
-4.181602183481921142e-01
-4.190795890422933656e-01
-4.199823937036431531e-01
-4.208685963988094136e-01
-4.217381618510853136e-01
-4.225910554418927934e-01
-4.234272432121475305e-01
-4.242466918636043083e-01
-4.250493687601712978e-01
-4.258352419292057989e-01
-4.266042800627745102e-01
-4.273564525188933150e-01
-4.280917293227415876e-01
-4.288100811678451363e-01
-4.295114794172351091e-01
-4.301958961045846963e-01
-4.308633039353108041e-01
-4.315136762876580212e-01
-4.321469872137478352e-01
-4.327632114406072539e-01
-4.333623243711673401e-01
-4.339443020852394306e-01
-4.345091213404547181e-01
-4.350567595731915649e-01
-4.355871948994616272e-01
-4.361004061157818246e-01
-4.365963727000037875e-01
-4.370750748121358109e-01
-4.375364932951217312e-01
-4.379806096756009848e-01
-4.384074061646362486e-01
-4.388168656584219840e-01
-4.392089717389581760e-01
-4.395837086746979816e-01
-4.399410614211743953e-01
-4.402810156215912207e-01
-4.406035576073952797e-01
-4.409086743988120394e-01
-4.411963537053627538e-01
-4.414665839263511304e-01
-4.417193541513181332e-01
-4.419546541604772449e-01
-4.421724744251182004e-01
-4.423728061079831853e-01
-4.425556410636142801e-01
-4.427209718386811987e-01
-4.428687916722716111e-01
-4.429990944961591515e-01
-4.431118749350456132e-01
-4.432071283067698375e-01
-4.432848506224968399e-01
-4.433450385868750732e-01
-4.433876895981628818e-01
-4.434128017483376927e-01
-4.434203738231636271e-01
-4.434104053022475678e-01
-4.433828963590547012e-01
-4.433378478609027451e-01
-4.432752613689292520e-01
-4.431951391380281602e-01
-4.430974841167590883e-01
-4.429822999472348699e-01
-4.428495909649744489e-01
-4.426993621987322380e-01
-4.425316193702983347e-01
-4.423463688942745331e-01
-4.421436178778166415e-01
-4.419233741203588695e-01
-4.416856461132995237e-01
-4.414304430396682188e-01
-4.411577747737628341e-01
-4.408676518807577716e-01
-4.405600856162861234e-01
-4.402350879259954719e-01
-4.398926714450747677e-01
-4.395328494977527867e-01
-4.391556360967741046e-01
-4.387610459428438192e-01
-4.383490944240432396e-01
-4.379197976152259253e-01
-4.374731722773787523e-01
-4.370092358569576674e-01
-4.365280064852027353e-01
-4.360295029774133302e-01
-4.355137448322131677e-01
-4.349807522307685970e-01
-4.344305460359997317e-01
-4.338631477917503365e-01
-4.332785797219329549e-01
-4.326768647296570514e-01
-4.320580263963187950e-01
-4.314220889806648640e-01
-4.307690774178425941e-01
-4.300990173184008891e-01
-4.294119349672889663e-01
-4.287078573228086942e-01
-4.279868120155521649e-01
-4.272488273473069031e-01
-4.264939322899372609e-01
-4.257221564842370021e-01
-4.249335302387592939e-01
-4.241280845286150014e-01
-4.233058509942492220e-01
-4.224668619401891201e-01
-4.216111503337658384e-01
-4.207387498038107077e-01
-4.198496946393245333e-01
-4.189440197881219574e-01
-4.180217608554486763e-01
-4.170829541025726783e-01
-4.161276364453496690e-01
-4.151558454527646269e-01
-4.141676193454421062e-01
-4.131629969941375546e-01
-4.121420179181989329e-01
-4.111047222840029658e-01
-4.100511509033663016e-01
-4.089813452319305820e-01
-4.078953473675236419e-01
-4.067932000484940636e-01
-4.056749466520202518e-01
-4.045406311923934739e-01
-4.033902983192798053e-01
-4.022239933159487135e-01
-4.010417620974899289e-01
-3.998436512089869610e-01
-3.986297078236854530e-01
-3.973999797411199575e-01
-3.961545153852280565e-01
-3.948933638024311188e-01
-3.936165746596965165e-01
-3.923241982425721974e-01
-3.910162854531996079e-01
-3.896928878082934200e-01
-3.883540574371130427e-01
-3.869998470793933887e-01
-3.856303100832612074e-01
-3.842455004031259946e-01
-3.828454725975424799e-01
-3.814302818270564055e-01
-3.799999838520173867e-01
-3.785546350303791163e-01
-3.770942923154663728e-01
-3.756190132537224335e-01
-3.741288559824324511e-01
-3.726238792274252920e-01
-3.711041423007490625e-01
-3.695697050983252629e-01
-3.680206280975797384e-01
-3.664569723550507585e-01
-3.648787995039723397e-01
-3.632861717518366951e-01
-3.616791518779344239e-01
-3.600578032308704990e-01
-3.584221897260585488e-01
-3.567723758431912695e-01
-3.551084266236929632e-01
-3.534304076681424878e-01
-3.517383851336802203e-01
-3.500324257313940368e-01
-3.483125967236737619e-01
-3.465789659215581242e-01
-3.448316016820445196e-01
-3.430705729053913910e-01
-3.412959490323895229e-01
-3.395078000416160702e-01
-3.377061964466668287e-01
-3.358912092933645788e-01
-3.340629101569511650e-01
-3.322213711392557611e-01
-3.303666648658422633e-01
-3.284988644831363103e-01
-3.266180436555313760e-01
-3.247242765624768213e-01
-3.228176378955400772e-01
-3.208982028554563382e-01
-3.189660471491496119e-01
-3.170212469867413896e-01
-3.150638790785338372e-01
-3.130940206319764441e-01
-3.111117493486098007e-01
-3.091171434209959434e-01
-3.071102815296216093e-01
-3.050912428397872800e-01
-3.030601069984755758e-01
-3.010169541312004982e-01
-2.989618648388379651e-01
-2.968949201944368621e-01
-2.948162017400134949e-01
-2.927257914833242269e-01
-2.906237718946229620e-01
-2.885102259033974770e-01
-2.863852368950902672e-01
-2.842488887077986859e-01
-2.821012656289598741e-01
-2.799424523920155949e-01
-2.777725341730608588e-01
-2.755915965874746187e-01
-2.733997256865328129e-01
-2.711970079540045320e-01
-2.689835303027307001e-01
-2.667593800711865470e-01
-2.645246450200259836e-01
-2.622794133286110996e-01
-2.600237735915231774e-01
-2.577578148150576065e-01
-2.554816264137049764e-01
-2.531952982066119073e-01
-2.508989204140296136e-01
-2.485925836537440092e-01
-2.462763789374918522e-01
-2.439503976673599028e-01
-2.416147316321691774e-01
-2.392694730038455453e-01
-2.369147143337717309e-01
-2.345505485491277964e-01
-2.321770689492133333e-01
-2.297943692017589967e-01
-2.274025433392189710e-01
-2.250016857550543592e-01
-2.225918911999955341e-01
-2.201732547782968008e-01
-2.177458719439723522e-01
-2.153098384970233981e-01
-2.128652505796441996e-01
-2.104122046724231088e-01
-2.079507975905238171e-01
-2.054811264798553083e-01
-2.030032888132298485e-01
-2.005173823865085136e-01
-1.980235053147298974e-01
-1.955217560282306033e-01
-1.930122332687507491e-01
-1.904950360855305613e-01
-1.879702638313872909e-01
-1.854380161587902975e-01
-1.828983930159155946e-01
-1.803514946426942600e-01
-1.777974215668454427e-01
-1.752362745999010429e-01
-1.726681548332175131e-01
-1.700931636339761965e-01
-1.675114026411753942e-01
-1.649229737616075830e-01
-1.623279791658295002e-01
-1.597265212841203763e-01
-1.571187028024293442e-01
-1.545046266583160743e-01
-1.518843960368746471e-01
-1.492581143666551202e-01
-1.466258853155708586e-01
-1.439878127867973145e-01
-1.413440009146642862e-01
-1.386945540605329652e-01
-1.360395768086700430e-01
-1.333791739621112693e-01
-1.307134505385127987e-01
-1.280425117660002610e-01
-1.253664630790043144e-01
-1.226854101140904124e-01
-1.199994587057792161e-01
-1.173087148823615672e-01
-1.146132848617044120e-01
-1.119132750470470117e-01
-1.092087920227933495e-01
-1.064999425502969332e-01
-1.037868335636347311e-01
-1.010695721653804696e-01
-9.834826562236488601e-02
-9.562302136143487064e-02
-9.289394696520414385e-02
-9.016115016779367719e-02
-8.742473885057472360e-02
-8.468482103789889970e-02
-8.194150489282632510e-02
-7.919489871284522697e-02
-7.644511092558878285e-02
-7.369225008454734216e-02
-7.093642486477154396e-02
-6.817774405857690567e-02
-6.541631657123662957e-02
-6.265225141667685183e-02
-5.988565771316180231e-02
-5.711664467897847874e-02
-5.434532162811754608e-02
-5.157179796594615201e-02
-4.879618318488233852e-02
-4.601858686006365246e-02
-4.323911864501283481e-02
-4.045788826729794507e-02
-3.767500552419539295e-02
-3.489058027834347070e-02
-3.210472245339855701e-02
-2.931754202968489195e-02
-2.652914903984849790e-02
-2.373965356449643516e-02
-2.094916572785118780e-02
-1.815779569338812210e-02
-1.536565365948201409e-02
-1.257284985504414018e-02
-9.779494535164091548e-03
-6.985697976748436386e-03
-4.191570474157559067e-03
-1.397222334843723759e-03
1.397236125014093095e-03
4.191694584871408398e-03
6.986042724185691916e-03
9.780170226776404435e-03
1.257396678519212899e-02
1.536732210507204752e-02
1.816012590950973754e-02
2.095226794341623414e-02
2.374363797787913330e-02
2.653412581452459923e-02
2.932362128987596461e-02
3.211201427971353134e-02
3.489919470342645741e-02
3.768505252837110048e-02
4.046947777422293946e-02
4.325236051732620629e-02
4.603359089504058255e-02
4.881305911009192061e-02
5.159065543491010708e-02
5.436627021597357362e-02
5.713979387814530075e-02
5.991111692900678160e-02
6.268012996318952923e-02
6.544672366670424568e-02
6.821078882126482834e-02
7.097221630860464647e-02
7.373089711479974273e-02
7.648672233457487479e-02
7.923958317561652365e-02
8.198937096287278736e-02
8.473597714285412141e-02
8.747929328792715398e-02
9.021921110060243665e-02
9.295562241782115431e-02
9.568841921523163485e-02
9.841749361146349961e-02
1.011427378723929321e-01
1.038640444154083214e-01
1.065813058136624719e-01
1.092944148003246463e-01
1.120032642728217426e-01
1.147077472970749468e-01
1.174077571117324997e-01
1.201031871323894051e-01
1.227939309558064296e-01
1.254798823641182781e-01
1.281609353290323883e-01
1.308369840160286679e-01
1.335079227885402897e-01
1.361736462121393709e-01
1.388340490586982279e-01
1.414890263105605395e-01
1.441384731646926931e-01
1.467822850368256937e-01
1.494203575655986826e-01
1.520525866166826667e-01
1.546788682869028042e-01
1.572990989083442592e-01
1.599131750524572237e-01
1.625209935341481726e-01
1.651224514158571577e-01
1.677174460116356569e-01
1.703058748912034404e-01
1.728876358840044092e-01
1.754626270832451429e-01
1.780307468499294499e-01
1.805918938168733223e-01
1.831459668927223339e-01
1.856928652659433632e-01
1.882324884088187877e-01
1.907647360814152815e-01
1.932895083355583021e-01
1.958067055187788785e-01
1.983162282782585939e-01
2.008179775647581100e-01
2.033118546365362267e-01
2.057977610632580057e-01
2.082755987298832157e-01
2.107452698405516966e-01
2.132066769224512381e-01
2.156597228296718294e-01
2.181043107470505837e-01
2.205403441940001208e-01
2.229677270283242640e-01
2.253863634500236635e-01
2.277961580050830437e-01
2.301970155892472392e-01
2.325888414517869041e-01
2.349715411992411296e-01
2.373450207991568139e-01
2.397091865838002767e-01
2.420639452538725922e-01
2.444092038821964186e-01
2.467448699173874771e-01
2.490708511875198983e-01
2.513870559037723051e-01
2.536933926640567716e-01
2.559897704566397314e-01
2.582760986637321343e-01
2.605522870650862077e-01
2.628182458415507239e-01
2.650738855786406445e-01
2.673191172700533635e-01
2.695538523212142046e-01
2.717780025527584686e-01
2.739914802040330777e-01
2.761941979365608590e-01
2.783860688375023318e-01
2.805670064230903482e-01
2.827369246420428084e-01
2.848957378789875317e-01
2.870433609578264544e-01
2.891797091451182578e-01
2.913046981534251900e-01
2.934182441446505085e-01
2.955202637333521065e-01
2.976106739900410969e-01
2.996893924444652968e-01
3.017563370888661223e-01
3.038114263812277671e-01
3.058545792485032333e-01
3.078857150898155481e-01
3.099047537796491558e-01
3.119116156710239340e-01
3.139062215986371807e-01
3.158884928820037130e-01
3.178583513285614393e-01
3.198157192367691026e-01
3.217605193991777135e-01
3.236926751054839957e-01
3.256121101455679012e-01
3.275187488125044788e-01
3.294125159055591445e-01
3.312933367331634127e-01
3.331611371158700319e-01
3.350158433892832521e-01
3.368573824069784894e-01
3.386856815433928469e-01
3.405006686966946527e-01
3.423022722916440053e-01
3.440904212824167363e-01
3.458650451554191596e-01
3.476260739320724547e-01
3.493734381715860593e-01
3.511070689737024741e-01
3.528268979814228601e-01
3.545328573837079889e-01
3.562248799181692016e-01
3.579028988737207873e-01
3.595668480932199818e-01
3.612166619760862063e-01
3.628522754808974349e-01
3.644736241279614708e-01
3.660806440018649077e-01
3.676732717540002193e-01
3.692514446050792487e-01
3.708151003476080620e-01
3.723641773483527539e-01
3.738986145507764980e-01
3.754183514774527275e-01
3.769233282324609968e-01
3.784134855037493694e-01
3.798887645654939749e-01
3.813491072804075510e-01
3.827944561020452108e-01
3.842247540770830638e-01
3.856399448475701930e-01
3.870399726531526530e-01
3.884247823332893090e-01
3.897943193294212127e-01
3.911485296871414219e-01
3.924873600583216326e-01
3.938107577032277096e-01
3.951186704925995774e-01
3.964110469097250622e-01
3.976878360524580547e-01
3.989489876352551589e-01
4.001944519911483367e-01
4.014241800737131660e-01
4.026381234590151181e-01
4.038362343475180860e-01
4.050184655659765376e-01
4.061847705693066857e-01
4.073351034424221861e-01
4.084694189020481869e-01
4.095876722985223317e-01
4.106898196175518545e-01
4.117758174819571848e-01
4.128456231533940146e-01
4.138991945340307899e-01
4.149364901682262574e-01
4.159574692441648791e-01
4.169620915954696527e-01
4.179503177027925065e-01
4.189221086953786588e-01
4.198774263525997807e-01
4.208162331054773331e-01
4.217384920381493374e-01
4.226441668893523018e-01
4.235332220538381431e-01
4.244056225837937735e-01
4.252613341902172772e-01
4.261003232442774347e-01
4.269225567786426589e-01
4.277280024887860632e-01
4.285166287342654368e-01
4.292884045399653625e-01
4.300432995973346717e-01
4.307812842655814878e-01
4.315023295728356856e-01
4.322064072173164573e-01
4.328934895684275475e-01
4.335635496678698630e-01
4.342165612306933542e-01
4.348524986463460640e-01
4.354713369796855416e-01
4.360730519719603349e-01
4.366576200417783826e-01
4.372250182860281109e-01
4.377752244807971427e-01
4.383082170822408807e-01
4.388239752274403771e-01
4.393224787352296157e-01
4.398037081069847698e-01
4.402676445274069650e-01
4.407142698652540269e-01
4.411435666740700090e-01
4.415555181928723649e-01
4.419501083468018177e-01
4.423273217477795560e-01
4.426871436951021477e-01
4.430295601760226853e-01
4.433545578663140030e-01
4.436621241307854291e-01
4.439522470237906582e-01
4.442249152896958764e-01
4.444801183633278474e-01
4.447178463703871931e-01
4.449380901278442990e-01
4.451408411443025792e-01
4.453260916203253816e-01
4.454938344487600621e-01
4.456440632150024395e-01
4.457767721972627495e-01
4.458919563667880781e-01
4.459896113880550961e-01
4.460697336189575202e-01
4.461323201109311798e-01
4.461773686090820257e-01
4.462048775522757249e-01
4.462148460731910626e-01
4.462072739983654057e-01
4.461821618481909280e-01
4.461395108369025642e-01
4.460793228725248305e-01
4.460016005567976616e-01
4.459063471850732707e-01
4.457935667461870310e-01
4.456632639223001568e-01
4.455154440887091338e-01
4.453501133136417711e-01
4.451672783580102877e-01
4.449669466751461910e-01
4.447491264105059017e-01
4.445138264013460683e-01
4.442610561763790655e-01
4.439908259553907999e-01
4.437031466488397524e-01
4.433980298574227707e-01
4.430754878716192113e-01
4.427355336712012757e-01
4.423781809247257502e-01
4.420034439889856670e-01
4.416113379084498636e-01
4.412018784146642392e-01
4.407750819256284203e-01
4.403309655451497773e-01
4.398695470621639125e-01
4.393908449500311120e-01
4.388948783658093711e-01
4.383816671494895068e-01
4.378512318232191114e-01
4.373035935904826532e-01
4.367387743352660889e-01
4.361567966211948866e-01
4.355576836906348559e-01
4.349414594637762699e-01
4.343081485376859008e-01
4.336577761853386836e-01
4.329903683546119653e-01
4.323059516672622116e-01
4.316045534178716281e-01
4.308862015727701333e-01
4.301509247689214166e-01
4.293987523128020567e-01
4.286297141792331789e-01
4.278438410101996769e-01
4.270411641136322434e-01
4.262217154621747439e-01
4.253855276919200623e-01
4.245326341011128046e-01
4.236630686488361275e-01
4.227768659536710882e-01
4.218740612923210787e-01
4.209546905982198828e-01
4.200187904601116462e-01
4.190663981205995925e-01
4.180975514746766986e-01
4.171122890682222861e-01
4.161106500964846799e-01
4.150926744025212889e-01
4.140584024756271408e-01
4.130078754497390481e-01
4.119411351017940315e-01
4.108582238500944617e-01
4.097591847526138031e-01
4.086440615053023584e-01
4.075128984403585397e-01
4.063657405244749943e-01
4.052026333570547534e-01
4.040236231684126156e-01
4.028287568179449996e-01
4.016180817922780921e-01
4.003916462033839663e-01
3.991494987866847088e-01
3.978916888991189116e-01
3.966182665171897881e-01
3.953292822349930846e-01
3.940247872622101299e-01
3.927048334220841763e-01
3.913694731493711498e-01
3.900187594882649211e-01
3.886527460902984288e-01
3.872714872122221541e-01
3.858750377138577270e-01
3.844634530559272734e-01
3.830367892978594480e-01
3.815951030955732626e-01
3.801384516992354357e-01
3.786668929509981463e-01
3.771804852827045362e-01
3.756792877135874398e-01
3.741633598479254252e-01
3.726327618726896218e-01
3.710875545551624577e-01
3.695277992405339718e-01
3.679535578494724790e-01
3.663648928756798595e-01
3.647618673834138181e-01
3.631445450049999857e-01
3.615129899383090484e-01
3.598672669442180561e-01
3.582074413440525795e-01
3.565335790169986696e-01
3.548457463974977188e-01
3.531440104726210616e-01
3.514284387794154307e-01
3.496990994022358135e-01
3.479560609700504403e-01
3.461993926537260124e-01
3.444291641632908352e-01
3.426454457451775237e-01
3.408483081794465019e-01
3.390378227769832997e-01
3.372140613766777539e-01
3.353770963425840024e-01
3.335270005610582733e-01
3.316638474378713619e-01
3.297877108953121139e-01
3.278986653692558262e-01
3.259967858062250423e-01
3.240821476604213713e-01
3.221548268907448165e-01
3.202148999577840160e-01
3.182624438207953266e-01
3.162975359346576476e-01
3.143202542468071514e-01
3.123306771941561366e-01
3.103288836999881783e-01
3.083149531708376800e-01
3.062889654933482753e-01
3.042510010311120228e-01
3.022011406214909490e-01
3.001394655724198834e-01
2.980660576591902533e-01
2.959809991212117852e-01
2.938843726587662131e-01
2.917762614297291779e-01
2.896567490462829686e-01
2.875259195716128313e-01
2.853838575165741354e-01
2.832306478363562086e-01
2.810663759271180284e-01
2.788911276226115898e-01
2.767049891907859549e-01
2.745080473303745938e-01
2.723003891674666277e-01
2.700821022520594195e-01
2.678532745545964544e-01
2.656139944624854032e-01
2.633643507766045833e-01
2.611044327077882143e-01
2.588343298732971309e-01
2.565541322932762269e-01
2.542639303871910283e-01
2.519638149702513874e-01
2.496538772498199665e-01
2.473342088218045409e-01
2.450049016670327318e-01
2.426660481476159426e-01
2.403177410032940886e-01
2.379600733477661711e-01
2.355931386650109427e-01
2.332170308055846464e-01
2.308318439829110114e-01
2.284376727695524578e-01
2.260346120934708103e-01
2.236227572342724956e-01
2.212022038194374207e-01
2.187730478205384410e-01
2.163353855494418443e-01
2.138893136545026719e-01
2.114349291167360312e-01
2.089723292459845505e-01
2.065016116770672649e-01
2.040228743659175115e-01
2.015362155857099991e-01
1.990417339229707261e-01
1.965395282736777383e-01
1.940296978393506455e-01
1.915123421231258449e-01
1.889875609258186429e-01
1.864554543419768562e-01
1.839161227559240330e-01
1.813696668377804688e-01
1.788161875394923550e-01
1.762557860908272600e-01
1.736885639953775484e-01
1.711146230265427892e-01
1.685340652234998682e-01
1.659469928871745159e-01
1.633535085761881056e-01
1.607537151028025912e-01
1.581477155288544267e-01
1.555356131616764948e-01
1.529175115500128468e-01
1.502935144799212863e-01
1.476637259706688743e-01
1.450282502706163046e-01
1.423871918530934255e-01
1.397406554122694045e-01
1.370887458590099306e-01
1.344315683167245923e-01
1.317692281172141711e-01
1.291018307964958423e-01
1.264294820906362860e-01
1.237522879315667984e-01
1.210703544428896467e-01
1.183837879356831602e-01
1.156926949042971775e-01
1.129971820221368495e-01
1.102973561374448047e-01
1.075933242690775421e-01
1.048851936022656833e-01
1.021730714843803595e-01
9.945706542068158407e-02
9.673728307007177507e-02
9.401383224082547618e-02
9.128682088634398895e-02
8.855635710086282031e-02
8.582254911519310303e-02
8.308550529243101390e-02
8.034533412367619865e-02
7.760214422373401533e-02
7.485604432682620157e-02
7.210714328228590153e-02
6.935555005025074993e-02
6.660137369735426305e-02
6.384472339241485661e-02
6.108570840210945235e-02
5.832443808665777052e-02
5.556102189549348008e-02
5.279556936293857555e-02
5.002819010386131554e-02
4.725899380935211225e-02
4.448809024237465604e-02
4.171558923342851000e-02
3.894160067620879018e-02
3.616623452324415483e-02
3.338960078156709421e-02
3.061180950834564707e-02
2.783297080654151268e-02
2.505319482054849806e-02
2.227259173183445198e-02
1.949127175458697722e-02
1.670934513135383798e-02
1.392692212867776246e-02
1.114411303273736206e-02
8.361028144984121446e-03
5.577777777777610455e-03
