1.673333333333259024e-02
-8.349916583247164736e-03
-1.669966768486361858e-02
-2.504892234812716723e-02
-3.339734963594948730e-02
-4.174461864397867317e-02
-5.009039851367663720e-02
-5.843435844542134439e-02
-6.677616771156504039e-02
-7.511549566954234258e-02
-8.345201177495448208e-02
-9.178538559461343893e-02
-1.001152868196490964e-01
-1.084413852785420934e-01
-1.167633509502067207e-01
-1.250808539770390526e-01
-1.333935646779747519e-01
-1.417011535615050610e-01
-1.500032913387292222e-01
-1.582996489363987513e-01
-1.665898975098908941e-01
-1.748737084562450306e-01
-1.831507534271636095e-01
-1.914207043419815790e-01
-1.996832334006681808e-01
-2.079380130967730944e-01
-2.161847162303948411e-01
-2.244230159211168529e-01
-2.326525856209446241e-01
-2.408730991272121091e-01
-2.490842305954962810e-01
-2.572856545525042393e-01
-2.654770459089521029e-01
-2.736580799723986046e-01
-2.818284324601281754e-01
-2.899877795119639168e-01
-2.981357977030617001e-01
-3.062721640567170334e-01
-3.143965560571514994e-01
-3.225086516622523436e-01
-3.306081293163268819e-01
-3.386946679628112800e-01
-3.467679470569697275e-01
-3.548276465785874523e-01
-3.628734470446187133e-01
-3.709050295218269122e-01
-3.789220756394029999e-01
-3.869242676015574034e-01
-3.949112882000926916e-01
-4.028828208269469857e-01
-4.108385494867274890e-01
-4.187781588091972207e-01
-4.267013340617621386e-01
-4.346077611619247882e-01
-4.424971266896810529e-01
-4.503691178999560951e-01
-4.582234227349453182e-01
-4.660597298364799190e-01
-4.738777285583244958e-01
-4.816771089784804838e-01
-4.894575619114396314e-01
-4.972187789204159380e-01
-5.049604523295428971e-01
-5.126822752360508106e-01
-5.203839415223981968e-01
-5.280651458683932598e-01
-5.357255837632581841e-01
-5.433649515176877109e-01
-5.509829462758473184e-01
-5.585792660273726229e-01
-5.661536096192975043e-01
-5.737056767679691305e-01
-5.812351680709511026e-01
-5.887417850188300106e-01
-5.962252300070480793e-01
-6.036852063476714214e-01
-6.111214182811168794e-01
-6.185335709878686528e-01
-6.259213706001250932e-01
-6.332845242134257369e-01
-6.406227398982416998e-01
-6.479357267115318786e-01
-6.552231947082294283e-01
-6.624848549527336816e-01
-6.697204195303295693e-01
-6.769296015585738457e-01
-6.841121151986503390e-01
-6.912676756666719102e-01
-6.983959992449505494e-01
-7.054968032932156241e-01
-7.125698062597985993e-01
-7.196147276927653547e-01
-7.266312882510161941e-01
-7.336192097153310110e-01
-7.405782149993755947e-01
-7.475080281606715227e-01
-7.544083744114888912e-01
-7.612789801297457082e-01
-7.681195728698075875e-01
-7.749298813732817814e-01
-7.817096355797316098e-01
-7.884585666373735702e-01
-7.951764069137025048e-01
-8.018628900060974507e-01
-8.085177507523156892e-01
-8.151407252410384219e-01
-8.217315508222758913e-01
-8.282899661177508532e-01
-8.348157110312715012e-01
-8.413085267589864857e-01
-8.477681557996393780e-01
-8.541943419647561875e-01
-8.605868303887671544e-01
-8.669453675391025627e-01
-8.732697012262151670e-01
-8.795595806135516614e-01
-8.858147562274873987e-01
-8.920349799671793978e-01
-8.982200051143882646e-01
-9.043695863432518189e-01
-9.104834797299626858e-01
-9.165614427624306781e-01
-9.226032343498835608e-01
-9.286086148323845491e-01
-9.345773459903373714e-01
-9.405091910538875277e-01
-9.464039147123033402e-01
-9.522612831232672992e-01
-9.580810639221496450e-01
-9.638630262311823627e-01
-9.696069406685936531e-01
-9.753125793576832292e-01
-9.809797159358540908e-01
-9.866081255635327230e-01
-9.921975849330909591e-01
-9.977478722776700337e-01
-1.003258767379948679e+00
-1.008730051580867704e+00
-1.014161507788256866e+00
-1.019552920485451208e+00
-1.024904075739789588e+00
-1.030214761211093899e+00
-1.035484766160069459e+00
-1.040713881456623913e+00
-1.045901899588161044e+00
-1.051048614667779546e+00
-1.056153822442411627e+00
-1.061217320300911870e+00
-1.066238907282075044e+00
-1.071218384082571973e+00
-1.076155553064842563e+00
-1.081050218264917984e+00
-1.085902185400159148e+00
-1.090711261876955218e+00
-1.095477256798334631e+00
-1.100199980971517499e+00
-1.104879246915402957e+00
-1.109514868867984116e+00
-1.114106662793693747e+00
-1.118654446390677792e+00
-1.123158039098031802e+00
-1.127617262102910134e+00
-1.132031938347624500e+00
-1.136401892536635261e+00
-1.140726951143493872e+00
-1.145006942417696516e+00
-1.149241696391488654e+00
-1.153431044886583878e+00
-1.157574821520814590e+00
-1.161672861714711846e+00
-1.165725002698030810e+00
-1.169731083516167613e+00
-1.173690945036547806e+00
-1.177604429954896226e+00
-1.181471382801485781e+00
-1.185291649947273651e+00
-1.189065079609972209e+00
-1.192791521860070203e+00
-1.196470828626752470e+00
-1.200102853703752803e+00
-1.203687452755152876e+00
-1.207224483321080788e+00
-1.210713804823342565e+00
-1.214155278570994145e+00
-1.217548767765820994e+00
-1.220894137507757327e+00
-1.224191254800199191e+00
-1.227439988555302453e+00
-1.230640209599133783e+00
-1.233791790676800115e+00
-1.236894606457479062e+00
-1.239948533539370734e+00
-1.242953450454585163e+00
-1.245909237673945347e+00
-1.248815777611715472e+00
-1.251672954630251633e+00
-1.254480655044576176e+00
-1.257238767126881651e+00
-1.259947181110931513e+00
-1.262605789196427741e+00
-1.265214485553254775e+00
-1.267773166325677936e+00
-1.270281729636443036e+00
-1.272740075590811593e+00
-1.275148106280515226e+00
-1.277505725787617674e+00
-1.279812840188324197e+00
-1.282069357556681943e+00
-1.284275187968224152e+00
-1.286430243503533966e+00
-1.288534438251702552e+00
-1.290587688313753256e+00
-1.292589911805932967e+00
-1.294541028862975285e+00
-1.296440961641243117e+00
-1.298289634321820429e+00
-1.300086973113503186e+00
-1.301832906255716571e+00
-1.303527364021363377e+00
-1.305170278719574695e+00
-1.306761584698387768e+00
-1.308301218347345030e+00
-1.309789118100011196e+00
-1.311225224436406211e+00
-1.312609479885365582e+00
-1.313941829026802344e+00
-1.315222218493908635e+00
-1.316450596975266674e+00
-1.317626915216874472e+00
-1.318751126024093168e+00
-1.319823184263522187e+00
-1.320843046864773607e+00
-1.321810672822184340e+00
-1.322726023196434619e+00
-1.323589061116087651e+00
-1.324399751779053336e+00
-1.325158062453953400e+00
-1.325863962481431457e+00
-1.326517423275355823e+00
-1.327118418323947724e+00
-1.327666923190842230e+00
-1.328162915516045040e+00
-1.328606375016816221e+00
-1.328997283488478232e+00
-1.329335624805135341e+00
-1.329621384920309124e+00
-1.329854551867491574e+00
-1.330035115760625830e+00
-1.330163068794490755e+00
-1.330238405245013356e+00
-1.330261121469490160e+00
-1.330231215906742204e+00
-1.330148689077164770e+00
-1.330013543582709623e+00
-1.329825784106789754e+00
-1.329585417414083981e+00
-1.329292452350278042e+00
-1.328946899841706442e+00
-1.328548772894923680e+00
-1.328098086596195326e+00
-1.327594858110893838e+00
-1.327039106682822656e+00
-1.326430853633450369e+00
-1.325770122361077386e+00
-1.325056938339898682e+00
-1.324291329119005711e+00
-1.323473324321288613e+00
-1.322602955642272704e+00
-1.321680256848859925e+00
-1.320705263777987915e+00
-1.319678014335223803e+00
-1.318598548493257638e+00
-1.317466908290322536e+00
-1.316283137828529792e+00
-1.315047283272130940e+00
-1.313759392845677887e+00
-1.312419516832135979e+00
-1.311027707570873835e+00
-1.309584019455606541e+00
-1.308088508932240712e+00
-1.306541234496638504e+00
-1.304942256692306568e+00
-1.303291638108001083e+00
-1.301589443375249067e+00
-1.299835739165798865e+00
-1.298030594188971598e+00
-1.296174079188955774e+00
-1.294266266941996424e+00
-1.292307232253526283e+00
-1.290297051955203056e+00
-1.288235804901866066e+00
-1.286123571968425194e+00
-1.283960436046657660e+00
-1.281746482041920210e+00
-1.279481796869811117e+00
-1.277166469452711617e+00
-1.274800590716277382e+00
-1.272384253585844061e+00
-1.269917552982747555e+00
-1.267400585820567027e+00
-1.264833451001297293e+00
-1.262216249411432401e+00
-1.259549083917973267e+00
-1.256832059364366483e+00
-1.254065282566346085e+00
-1.251248862307716925e+00
-1.248382909336050117e+00
-1.245467536358293215e+00
-1.242502858036325764e+00
-1.239488990982412053e+00
-1.236426053754596799e+00
-1.233314166852010230e+00
-1.230153452710100126e+00
-1.226944035695792579e+00
-1.223686042102572369e+00
-1.220379600145483856e+00
-1.217024839956061033e+00
-1.213621893577180533e+00
-1.210170894957836474e+00
-1.206671979947846030e+00
-1.203125286292468843e+00
-1.199530953626960716e+00
-1.195889123471056470e+00
-1.192199939223359983e+00
-1.188463546155683614e+00
-1.184680091407291469e+00
-1.180849723979089161e+00
-1.176972594727718757e+00
-1.173048856359597769e+00
-1.169078663424880649e+00
-1.165062172311339239e+00
-1.160999541238180832e+00
-1.156890930249784510e+00
-1.152736501209378650e+00
-1.148536417792628272e+00
-1.144290845481168661e+00
-1.139999951556051938e+00
-1.135663905091138348e+00
-1.131282876946400062e+00
-1.126857039761166801e+00
-1.122386567947296188e+00
-1.117871637682274821e+00
-1.113312426902247187e+00
-1.108709115294977066e+00
-1.104061884292740991e+00
-1.099370917065153552e+00
-1.094636398511916298e+00
-1.089858515255509586e+00
-1.085037455633803383e+00
-1.080173409692612108e+00
-1.075266569178174869e+00
-1.070317127529574419e+00
-1.065325279871079056e+00
-1.060291223004425909e+00
-1.055215155401041605e+00
-1.050097277194182332e+00
-1.044937790171023062e+00
-1.039736897764673484e+00
-1.034494805046132004e+00
-1.029211718716174895e+00
-1.023887847097169068e+00
-1.018523400124849987e+00
-1.013118589340000986e+00
-1.007673627880093070e+00
-1.002188730470854106e+00
-9.966641134177682826e-01
-9.910999945975277337e-01
-9.854965934494082092e-01
-9.798541309665943499e-01
-9.741728296874286874e-01
-9.684529136866202315e-01
-9.626946085663681263e-01
-9.568981414474486691e-01
-9.510637409602245018e-01
-9.451916372356012896e-01
-9.392820618959285550e-01
-9.333352480458293465e-01
-9.273514302629883854e-01
-9.213308445888649389e-01
-9.152737285193620620e-01
-9.091803209954278930e-01
-9.030508623936006618e-01
-8.968855945165129517e-01
-8.906847605833104753e-01
-8.844486052200405402e-01
-8.781773744499732359e-01
-8.718713156838684419e-01
-8.655306777101937632e-01
-8.591557106852714121e-01
-8.527466661233956691e-01
-8.463037968868797334e-01
-8.398273571760462852e-01
-8.333176025191825209e-01
-8.267747897624244668e-01
-8.201991770595989939e-01
-8.135910238620140955e-01
-8.069505909081927664e-01
-8.002781402135596966e-01
-7.935739350600772291e-01
-7.868382399858327991e-01
-7.800713207745684219e-01
-7.732734444451723199e-01
-7.664448792411153732e-01
-7.595858946198359440e-01
-7.526967612420889520e-01
-7.457777509612323330e-01
-7.388291368124750846e-01
-7.318511930020786815e-01
-7.248441948965068660e-01
-7.178084190115361363e-01
-7.107441430013154982e-01
-7.036516456473825842e-01
-6.965312068476401386e-01
-6.893831076052762130e-01
-6.822076300176577179e-01
-6.750050572651630221e-01
-6.677756735999869075e-01
-6.605197643348895697e-01
-6.532376158319176396e-01
-6.459295154910702497e-01
-6.385957517389321270e-01
-6.312366140172703810e-01
-6.238523927715711181e-01
-6.164433794395659527e-01
-6.090098664396901285e-01
-6.015521471595265401e-01
-5.940705159441895811e-01
-5.865652680846914491e-01
-5.790366998062532744e-01
-5.714851082565916007e-01
-5.639107914941612343e-01
-5.563140484763704485e-01
-5.486951790477467839e-01
-5.410544839280829743e-01
-5.333922647005370221e-01
-5.257088237997035174e-01
-5.180044644996528724e-01
-5.102794909019293668e-01
-5.025342079235270987e-01
-4.947689212848234708e-01
-4.869839374974873625e-01
-4.791795638523602130e-01
-4.713561084072893648e-01
-4.635138799749484728e-01
-4.556531881106236637e-01
-4.477743430999650553e-01
-4.398776559467119096e-01
-4.319634383603921379e-01
-4.240320027439928308e-01
-4.160836621815995340e-01
-4.081187304260106008e-01
-4.001375218863335581e-01
-3.921403516155390623e-01
-3.841275352980019764e-01
-3.760993892370140257e-01
-3.680562303422703629e-01
-3.599983761173376484e-01
-3.519261446470846044e-01
-3.438398545851138466e-01
-3.357398251411405909e-01
-3.276263760683807424e-01
-3.194998276508906887e-01
-3.113605006909042627e-01
-3.032087164961413395e-01
-2.950447968670952270e-01
-2.868690640843059581e-01
-2.786818408956121540e-01
-2.704834505033805736e-01
-2.622742165517244484e-01
-2.540544631136962828e-01
-2.458245146784798218e-01
-2.375846961385356393e-01
-2.293353327767666539e-01
-2.210767502536416240e-01
-2.128092745943165609e-01
-2.045332321757311889e-01
-1.962489497137114847e-01
-1.879567542500311383e-01
-1.796569731394852820e-01
-1.713499340369358526e-01
-1.630359648843519027e-01
-1.547153938978384768e-01
-1.463885495546461135e-01
-1.380557605801917553e-01
-1.297173559350383587e-01
-1.213736648018946124e-01
-1.130250165725868589e-01
-1.046717408350302803e-01
-9.631416736019546287e-02
-8.795262608905650425e-02
-7.958744711954478246e-02
-7.121896069348841729e-02
-6.284749718355264747e-02
-5.447338708016405406e-02
-4.609696097844535184e-02
-3.771854956513243790e-02
-2.933848360549161718e-02
-2.095709393024420414e-02
-1.257471142247267026e-02
-4.191667004530191809e-03
4.191708375042048351e-03
1.257508375461476209e-02
2.095812817255540694e-02
2.934051068032823492e-02
3.772190035557519000e-02
4.610196631521534111e-02
5.448037772852949712e-02
6.285680383024774831e-02
7.123091393363568946e-02
7.960237744357182010e-02
8.797086386962907345e-02
9.633604283914036504e-02
1.046975841102790461e-01
1.130551575851133778e-01
1.214084333226701506e-01
1.297570815519782650e-01
1.381007726851225248e-01
1.464391773302757549e-01
1.547719663047306959e-01
1.630988106479226984e-01
1.714193816344347920e-01
1.797333507870201852e-01
1.880403898895690595e-01
1.963401710001142220e-01
2.046323664637952067e-01
2.129166489258156880e-01
2.211926913444000886e-01
2.294601670037254570e-01
2.377187495268501261e-01
2.459681128886199997e-01
2.542079314285632941e-01
2.624378798637806431e-01
2.706576333018070324e-01
2.788668672534633797e-01
2.870652576456953486e-01
2.952524808343907625e-01
3.034282136171776445e-01
3.115921332462230353e-01
3.197439174409872908e-01
3.278832444009737723e-01
3.360097928184631599e-01
3.441232418912247848e-01
3.522232713351979849e-01
3.603095613971694089e-01
3.683817928674207320e-01
3.764396470923558335e-01
3.844828059870968873e-01
3.925109520480878356e-01
4.005237683656235892e-01
4.085209386364181405e-01
4.165021471760939620e-01
4.244670789316825066e-01
4.324154194940758034e-01
4.403468551104757212e-01
4.482610726967963810e-01
4.561577598500488606e-01
4.640366048607075800e-01
4.718972967250327777e-01
4.797395251573732811e-01
4.875629806024442958e-01
4.953673542475705016e-01
5.031523380349044450e-01
5.109176246736113480e-01
5.186629076520116177e-01
5.263878812497382320e-01
5.340922405497852132e-01
5.417756814506200502e-01
5.494379006781664465e-01
5.570785957978318104e-01
5.646974652264548089e-01
5.722942082442447065e-01
5.798685250066746288e-01
5.874201165563370797e-01
5.949486848347762535e-01
6.024539326942734974e-01
6.099355639096096793e-01
6.173932831897739337e-01
6.248267961896475375e-01
6.322358095216534801e-01
6.396200307673539642e-01
6.469791684890172645e-01
6.543129322411521676e-01
6.616210325820000016e-01
6.689031810849713766e-01
6.761590903500707128e-01
6.833884740152468273e-01
6.905910467677399689e-01
6.977665243553591301e-01
7.049146235977211683e-01
7.120350623974676108e-01
7.191275597513981932e-01
7.261918357616197195e-01
7.332276116465913374e-01
7.402346097521622648e-01
7.472125535625585568e-01
7.541611677113163603e-01
7.610801779921718691e-01
7.679693113699207485e-01
7.748282959911978462e-01
7.816568611952573464e-01
7.884547375246542256e-01
7.952216567359170485e-01
8.019573518101636989e-01
8.086615569636427248e-01
8.153340076582753504e-01
8.219744406120990110e-01
8.285825938096839094e-01
8.351582065125063847e-01
8.417010192692661041e-01
8.482107739261320889e-01
8.546872136369639827e-01
8.611300828734789192e-01
8.675391274353513316e-01
8.739140944602782346e-01
8.802547324339549117e-01
8.865607912000587065e-01
8.928320219701271210e-01
8.990681773333932814e-01
9.052690112665967570e-01
9.114342791436838009e-01
9.175637377455111432e-01
9.236571452694469775e-01
9.297142613389477450e-01
9.357348470130705254e-01
9.417186647959109314e-01
9.476654786460103619e-01
9.535750539856845398e-01
9.594471577103089732e-01
9.652815581975332515e-01
9.710780253164518205e-01
9.768363304367041478e-01
9.825562464375128258e-01
9.882375477166768230e-01
9.938800101994925695e-01
9.994834113476093185e-01
1.005047530167850978e+00
1.010572147220936801e+00
1.016057044630176209e+00
1.021502006090083681e+00
1.026906816874932904e+00
1.032271263847252207e+00
1.037595135466258034e+00
1.042878221796216698e+00
1.048120314514759288e+00
1.053321206921103981e+00
1.058480693944261919e+00
1.063598572151126298e+00
1.068674639754510602e+00
1.073708696621162639e+00
1.078700544279659113e+00
1.083649985928258896e+00
1.088556826442695913e+00
1.093420872383887188e+00
1.098241932005593169e+00
1.103019815261999881e+00
1.107754333815237580e+00
1.112445301042822798e+00
1.117092532045058872e+00
1.121695843652329661e+00
1.126255054432359515e+00
1.130769984697379993e+00
1.135240456511251717e+00
1.139666293696481869e+00
1.144047321841223930e+00
1.148383368306133745e+00
1.152674262231252467e+00
1.156919834542710745e+00
1.161119917959460901e+00
1.165274346999866983e+00
1.169382957988263749e+00
1.173445589061421046e+00
1.177462080174963788e+00
1.181432273109679132e+00
1.185356011477802340e+00
1.189233140729172522e+00
1.193063508157375718e+00
1.196846962905765421e+00
1.200583355973444011e+00
1.204272540221138055e+00
1.207914370377044522e+00
1.211508703042552870e+00
1.215055396697930279e+00
1.218554311707920945e+00
1.222005310327266780e+00
1.225408256706143728e+00
1.228763016895565441e+00
1.232069458852655064e+00
1.235327452445875274e+00
1.238536869460184375e+00
1.241697583602091592e+00
1.244809470504679938e+00
1.247872407732494970e+00
1.250886274786408681e+00
1.253850953108377242e+00
1.256766326086132812e+00
1.259632279057801840e+00
1.262448699316429668e+00
1.265215476114449400e+00
1.267932500668055740e+00
1.270599666161513763e+00
1.273216867751379322e+00
1.275784002570650610e+00
1.278300969732829806e+00
1.280767670335929642e+00
1.283184007466360521e+00
1.285549886202792091e+00
1.287865213619894256e+00
1.290129898792004015e+00
1.292343852796740133e+00
1.294506988718510554e+00
1.296619221651950316e+00
1.298680468705285085e+00
1.300690649003610533e+00
1.302649683692079563e+00
1.304557495939042022e+00
1.306414010939053183e+00
1.308219155915880894e+00
1.309972860125332428e+00
1.311675054858083778e+00
1.313325673442389485e+00
1.314924651246721643e+00
1.316471925682324517e+00
1.317967436205692788e+00
1.319411124320954976e+00
1.320802933582218897e+00
1.322142809595760582e+00
1.323430700022213191e+00
1.324666554578612043e+00
1.325850325040405897e+00
1.326981965243343220e+00
1.328061431085308275e+00
1.329088680528071498e+00
1.330063673598941065e+00
1.330986372392356065e+00
1.331856741071370864e+00
1.332674745869087740e+00
1.333440355089980489e+00
1.334153539111162523e+00
1.334814270383535062e+00
1.335422523432908681e+00
1.335978274860976311e+00
1.336481503346281130e+00
1.336932189645006819e+00
1.337330316591788915e+00
1.337675869100359183e+00
1.337968834164166898e+00
1.338209200856874004e+00
1.338396960332791652e+00
1.338532105827248353e+00
1.338614632656825121e+00
1.338644538219572411e+00
1.338621821995094718e+00
1.338546485544575670e+00
1.338418532510711412e+00
1.338237968617575824e+00
1.338004801670392263e+00
1.337719041555218924e+00
1.337380700238561371e+00
1.336989791766898694e+00
1.336546332266128401e+00
1.336050339940926035e+00
1.335501835074030641e+00
1.334900840025438962e+00
1.334247379231515485e+00
1.333541479204036984e+00
1.332783168529134032e+00
1.331972477866169458e+00
1.331109439946518203e+00
1.330194089572267035e+00
1.329226463614858522e+00
1.328206601013604438e+00
1.327134542774177195e+00
1.326010331966959832e+00
1.324834013725351589e+00
1.323605635243992662e+00
1.322325245776884595e+00
1.320992896635448943e+00
1.319608641186489351e+00
1.318172534850093447e+00
1.316684635097425948e+00
1.315145001448468687e+00
1.313553695469658944e+00
1.311910780771445406e+00
1.310216323005799266e+00
1.308470389863586325e+00
1.306673051071903791e+00
1.304824378391326700e+00
1.302924445613057758e+00
1.300973328556016329e+00
1.298971105063836173e+00
1.296917855001787245e+00
1.294813660253616217e+00
1.292658604718308624e+00
1.290452774306762418e+00
1.288196256938408002e+00
1.285889142537703256e+00
1.283531523030596366e+00
1.281123492340894954e+00
1.278665146386523288e+00
1.276156583075759965e+00
1.273597902303338358e+00
1.270989205946510880e+00
1.268330597861014875e+00
1.265622183876964124e+00
1.262864071794659315e+00
1.260056371380333440e+00
1.257199194361797057e+00
1.254292654424026709e+00
1.251336867204667413e+00
1.248331950289454095e+00
1.245278023207561979e+00
1.242175207426883476e+00
1.239023626349215812e+00
1.235823405305384259e+00
1.232574671550282996e+00
1.229277554257839800e+00
1.225932184515907686e+00
1.222538695321077951e+00
1.219097221573423484e+00
1.215607900071164149e+00
1.212070869505236903e+00
1.208486270453835498e+00
1.204854245376834498e+00
1.201174938610152898e+00
1.197448496360056458e+00
1.193675066697354792e+00
1.189854799551568698e+00
1.185987846704979587e+00
1.182074361786628502e+00
1.178114500266248310e+00
1.174108419448113061e+00
1.170056278464794985e+00
1.165958238270896397e+00
1.161814461636668350e+00
1.157625113141573348e+00
1.153390359167780099e+00
1.149110367893577234e+00
1.144785309286717068e+00
1.140415355097708083e+00
1.136000678852991053e+00
1.131541455848116051e+00
1.127037863140762264e+00
1.122490079543774666e+00
1.117898285618069698e+00
1.113262663665487429e+00
1.108583397721602415e+00
1.103860673548418214e+00
1.099094678627036581e+00
1.094285602150241843e+00
1.089433635015002455e+00
1.084538969814926368e+00
1.079601800832655778e+00
1.074622324032158405e+00
1.069600737050996342e+00
1.064537239192493212e+00
1.059432031417863129e+00
1.054285316338245959e+00
1.049097298206706608e+00
1.043868182910152376e+00
1.038598177961177704e+00
1.033287492489871839e+00
1.027936337235533459e+00
1.022544924538340227e+00
1.017113468330949289e+00
1.011642184130034261e+00
1.006131289027753395e+00
1.000581001683174431e+00
9.949915423136159731e-01
9.893631326859366748e-01
9.836959961077679226e-01
9.779903574186745718e-01
9.722464429812655018e-01
9.664644806722346715e-01
9.606446998733521037e-01
9.547873314623871455e-01
9.488926078039725542e-01
9.429607627404211767e-01
9.369920315824666890e-01
9.309866510999640354e-01
9.249448595125144834e-01
9.188668964800450478e-01
9.127530030933361793e-01
9.066034218644741793e-01
9.004183967172595393e-01
8.941981729775692056e-01
8.879429973636362439e-01
8.816531179762980841e-01
8.753287842891852577e-01
8.689702471388492944e-01
8.625777587148383274e-01
8.561515725497232943e-01
8.496919435090684036e-01
8.431991277813541963e-01
8.366733828678348805e-01
8.301149675723590304e-01
8.235241419911244476e-01
8.169011675023996055e-01
8.102463067561783694e-01
8.035598236637879754e-01
7.968419833874562652e-01
7.900930523298146380e-01
7.833132981233653647e-01
7.765029896198920589e-01
7.696623968798285143e-01
7.627917911615732516e-01
7.558914449107545508e-01
7.489616317494607323e-01
7.420026264654147052e-01
7.350147050010994443e-01
7.279981444428491599e-01
7.209532230098814054e-01
7.138802200432977640e-01
7.067794159950324673e-01
6.996510924167530510e-01
6.924955319487325900e-01
6.853130183086568739e-01
6.781038362804134856e-01
6.708682717028180420e-01
6.636066114583127895e-01
6.563191434616139075e-01
6.490061566483262823e-01
6.416679409635074327e-01
6.343047873502073442e-01
6.269169877379524580e-01
6.195048350312020169e-01
6.120686230977525621e-01
6.046086467571308853e-01
5.971252017689113734e-01
5.896185848210324654e-01
5.820890935180533798e-01
5.745370263693782009e-01
5.669626827774563171e-01
5.593663630259315678e-01
5.517483682677707391e-01
5.441090005133432106e-01
5.364485626184752887e-01
5.287673582724821131e-01
5.210656919861330616e-01
5.133438690796260362e-01
5.056021956705004650e-01
4.978409786615232702e-01
4.900605257285652883e-01
4.822611453084074684e-01
4.744431465865629471e-01
4.666068394850301226e-01
4.587525346500380130e-01
4.508805434397649137e-01
4.429911779120047077e-01
4.350847508118489970e-01
4.271615755592786945e-01
4.192219662368095179e-01
4.112662375770299583e-01
4.032947049501743320e-01
3.953076843516402095e-01
3.873054923894854729e-01
3.792884462719086636e-01
3.712568637946987993e-01
3.632110633286672607e-01
3.551513638070522005e-01
3.470780847128921431e-01
3.389915460664110203e-01
3.308920684123345390e-01
3.227799728072332508e-01
3.146555808067974525e-01
3.065192144531431739e-01
2.983711962620460012e-01
2.902118492102128688e-01
2.820414967224784686e-01
2.738604626590299684e-01
2.656690713025890993e-01
2.574676473455766446e-01
2.492565158772937217e-01
2.410360023710262922e-01
2.328064326712008525e-01
2.245681329804798121e-01
2.163214298468573160e-01
2.080666501507496269e-01
1.998041210920647737e-01
1.915341701772446947e-01
1.832571252063279477e-01
1.749733142599740054e-01
1.666830656864823623e-01
1.583867080888134438e-01
1.500845703115812058e-01
1.417769814280543939e-01
1.334642707271233575e-01
1.251467677002890411e-01
1.168248020286235950e-01
1.084987035697297791e-01
1.001688023446985071e-01
9.183542852503827347e-02
8.349891241962893729e-02
7.515958446164731910e-02
6.681777519550041733e-02
5.847381526376034533e-02
5.012803539406202047e-02
4.178076638603227949e-02
3.343233909820766958e-02
2.508308443494646975e-02
1.673333333333257983e-02
