5.577777777777429176e-03
-2.783305527751356312e-03
-5.566555894956069263e-03
-8.349640782709569220e-03
-1.113244987865075197e-02
-1.391487288132681015e-02
-1.669679950456066930e-02
-1.947811948180704078e-02
-2.225872257052027500e-02
-2.503849855651433393e-02
-2.781733725831956813e-02
-3.059512853153929096e-02
-3.337176227321785038e-02
-3.614712842618009181e-02
-3.892111698340256637e-02
-4.169361799234781035e-02
-4.446452155932426736e-02
-4.723371785383511517e-02
-5.000109711291043924e-02
-5.276654964546682869e-02
-5.552996583663088320e-02
-5.829123615208247483e-02
-6.105025114238748357e-02
-6.380690144732834024e-02
-6.656107780022309239e-02
-6.931267103225860482e-02
-7.206157207679984855e-02
-7.480767197370745414e-02
-7.755086187364879091e-02
-8.029103304240374495e-02
-8.302807686516611163e-02
-8.576188485083538482e-02
-8.849234863631617876e-02
-9.121935999080019175e-02
-9.394281082004253547e-02
-9.666259317065550860e-02
-9.937859923435288234e-02
-1.020907213522397050e-01
-1.047988520190497735e-01
-1.075028838874188541e-01
-1.102027097721102328e-01
-1.128982226542706718e-01
-1.155893156856578202e-01
-1.182758821928619891e-01
-1.209578156815395433e-01
-1.236350098406083370e-01
-1.263073585464681847e-01
-1.289747558671871241e-01
-1.316370960666984891e-01
-1.342942736089830502e-01
-1.369461831622420522e-01
-1.395927196030651296e-01
-1.422337780205890079e-01
-1.448692537206428266e-01
-1.474990422298946280e-01
-1.501230392999867713e-01
-1.527411409116501972e-01
-1.553532432788270190e-01
-1.579592428527746562e-01
-1.605590363261611142e-01
-1.631525206371471359e-01
-1.657395929734724327e-01
-1.683201507765146043e-01
-1.708940917453500574e-01
-1.734613138408003796e-01
-1.760217152894646975e-01
-1.785751945877523394e-01
-1.811216505058966808e-01
-1.836609820919498370e-01
-1.861930886757922066e-01
-1.887178698730990201e-01
-1.912352255893229880e-01
-1.937450560236502195e-01
-1.962472616729429020e-01
-1.987417433356832575e-01
-2.012284021158903813e-01
-2.037071394270393576e-01
-2.061778569959568097e-01
-2.086404568667092341e-01
-2.110948414044753196e-01
-2.135409132994144921e-01
-2.159785755705108945e-01
-2.184077315694105403e-01
-2.208282849842457540e-01
-2.232401398434438744e-01
-2.256432005195260215e-01
-2.280373717328840755e-01
-2.304225585555570999e-01
-2.327986664149840623e-01
-2.351656010977397904e-01
-2.375232687532658482e-01
-2.398715758975888124e-01
-2.422104294170061289e-01
-2.445397365717772997e-01
-2.468594049997938078e-01
-2.491693427202235356e-01
-2.514694581371628712e-01
-2.537596600432492910e-01
-2.560398576232700285e-01
-2.583099604577610009e-01
-2.605698785265769812e-01
-2.628195222124579677e-01
-2.650588023045695740e-01
-2.672876300020320395e-01
-2.695059169174399138e-01
-2.717135750803477690e-01
-2.739105169407582974e-01
-2.760966553725849870e-01
-2.782719036770917587e-01
-2.804361755863295502e-01
-2.825893852665469219e-01
-2.847314473215861175e-01
-2.868622767962561437e-01
-2.889817891797017979e-01
-2.910899004087388331e-01
-2.931865268711854600e-01
-2.952715854091632619e-01
-2.973449933223936692e-01
-2.994066683714633470e-01
-3.014565287810851424e-01
-3.034944932433215059e-01
-3.055204809208104111e-01
-3.075344114499609094e-01
-3.095362049441293117e-01
-3.115257819967798270e-01
-3.135030636846308227e-01
-3.154679715707687238e-01
-3.174204277077571357e-01
-3.193603546407181581e-01
-3.212876754103947130e-01
-3.232023135561978844e-01
-3.251041931192291123e-01
-3.269932386452847894e-01
-3.288693751878444260e-01
-3.307325283110311154e-01
-3.325826240925571220e-01
-3.344195891266505405e-01
-3.362433505269554757e-01
-3.380538359294197881e-01
-3.398509734951506434e-01
-3.416346919132633997e-01
-3.434049204036991876e-01
-3.451615887200231714e-01
-3.469046271522091551e-01
-3.486339665293885504e-01
-3.503495382225938481e-01
-3.520512741474710605e-01
-3.537391067669721778e-01
-3.554129690940254771e-01
-3.570727946941912312e-01
-3.587185176882818349e-01
-3.603500727549734384e-01
-3.619673951333872153e-01
-3.635704206256531457e-01
-3.651590855994456541e-01
-3.667333269905067028e-01
-3.682930823051356883e-01
-3.698382896226627414e-01
-3.713688875978985449e-01
-3.728848154635602818e-01
-3.743860130326774893e-01
-3.758724207009704332e-01
-3.773439794492087218e-01
-3.788006308455461602e-01
-3.802423170478319570e-01
-3.816689808058996713e-01
-3.830805654638301805e-01
-3.844770149621956068e-01
-3.858582738402712153e-01
-3.872242872382385404e-01
-3.885750008993438809e-01
-3.899103611720572959e-01
-3.912303150121826389e-01
-3.925348099849658157e-01
-3.938237942671628522e-01
-3.950972166490914206e-01
-3.963550265366576619e-01
-3.975971739533579186e-01
-3.988236095422509897e-01
-4.000342845679186743e-01
-4.012291509183851801e-01
-4.024081611070278175e-01
-4.035712682744472257e-01
-4.047184261903319369e-01
-4.058495892552755890e-01
-4.069647125025857570e-01
-4.080637516000670262e-01
-4.091466628517678727e-01
-4.102134031997108354e-01
-4.112639302256009266e-01
-4.122982021524936869e-01
-4.133161778464577996e-01
-4.143178168181961274e-01
-4.153030792246489855e-01
-4.162719258705724901e-01
-4.172243182100842662e-01
-4.181602183481928359e-01
-4.190795890422936432e-01
-4.199823937036436527e-01
-4.208685963988100798e-01
-4.217381618510860353e-01
-4.225910554418933485e-01
-4.234272432121482521e-01
-4.242466918636048079e-01
-4.250493687601719084e-01
-4.258352419292064650e-01
-4.266042800627750653e-01
-4.273564525188939811e-01
-4.280917293227420872e-01
-4.288100811678455249e-01
-4.295114794172356643e-01
-4.301958961045849739e-01
-4.308633039353114147e-01
-4.315136762876587428e-01
-4.321469872137483903e-01
-4.327632114406078090e-01
-4.333623243711679507e-01
-4.339443020852398747e-01
-4.345091213404554398e-01
-4.350567595731920090e-01
-4.355871948994625154e-01
-4.361004061157823242e-01
-4.365963727000043426e-01
-4.370750748121366436e-01
-4.375364932951223418e-01
-4.379806096756015399e-01
-4.384074061646369702e-01
-4.388168656584225391e-01
-4.392089717389586201e-01
-4.395837086746984812e-01
-4.399410614211748949e-01
-4.402810156215914983e-01
-4.406035576073958349e-01
-4.409086743988124835e-01
-4.411963537053633644e-01
-4.414665839263517966e-01
-4.417193541513186328e-01
-4.419546541604775780e-01
-4.421724744251185890e-01
-4.423728061079839069e-01
-4.425556410636147797e-01
-4.427209718386819759e-01
-4.428687916722719997e-01
-4.429990944961595956e-01
-4.431118749350461128e-01
-4.432071283067703371e-01
-4.432848506224972285e-01
-4.433450385868753507e-01
-4.433876895981634370e-01
-4.434128017483381923e-01
-4.434203738231640712e-01
-4.434104053022480119e-01
-4.433828963590552563e-01
-4.433378478609035223e-01
-4.432752613689297516e-01
-4.431951391380284377e-01
-4.430974841167595879e-01
-4.429822999472355916e-01
-4.428495909649751150e-01
-4.426993621987325711e-01
-4.425316193702987233e-01
-4.423463688942749217e-01
-4.421436178778172521e-01
-4.419233741203594801e-01
-4.416856461132998013e-01
-4.414304430396686074e-01
-4.411577747737632782e-01
-4.408676518807582156e-01
-4.405600856162868451e-01
-4.402350879259958605e-01
-4.398926714450749342e-01
-4.395328494977533418e-01
-4.391556360967743267e-01
-4.387610459428440413e-01
-4.383490944240439058e-01
-4.379197976152262584e-01
-4.374731722773792519e-01
-4.370092358569579449e-01
-4.365280064852029018e-01
-4.360295029774137743e-01
-4.355137448322135008e-01
-4.349807522307690411e-01
-4.344305460360001203e-01
-4.338631477917508361e-01
-4.332785797219332324e-01
-4.326768647296574954e-01
-4.320580263963190171e-01
-4.314220889806652526e-01
-4.307690774178429272e-01
-4.300990173184011667e-01
-4.294119349672894104e-01
-4.287078573228089717e-01
-4.279868120155525535e-01
-4.272488273473073472e-01
-4.264939322899375385e-01
-4.257221564842371686e-01
-4.249335302387596824e-01
-4.241280845286150569e-01
-4.233058509942494996e-01
-4.224668619401892866e-01
-4.216111503337663380e-01
-4.207387498038109852e-01
-4.198496946393247553e-01
-4.189440197881222905e-01
-4.180217608554489539e-01
-4.170829541025728449e-01
-4.161276364453500021e-01
-4.151558454527646269e-01
-4.141676193454424393e-01
-4.131629969941379987e-01
-4.121420179181993215e-01
-4.111047222840030213e-01
-4.100511509033665791e-01
-4.089813452319308040e-01
-4.078953473675238639e-01
-4.067932000484942856e-01
-4.056749466520205849e-01
-4.045406311923936404e-01
-4.033902983192801384e-01
-4.022239933159489356e-01
-4.010417620974900399e-01
-3.998436512089872941e-01
-3.986297078236855640e-01
-3.973999797411202350e-01
-3.961545153852281120e-01
-3.948933638024312298e-01
-3.936165746596967385e-01
-3.923241982425723640e-01
-3.910162854531997190e-01
-3.896928878082934755e-01
-3.883540574371133203e-01
-3.869998470793937217e-01
-3.856303100832612074e-01
-3.842455004031261612e-01
-3.828454725975427575e-01
-3.814302818270565720e-01
-3.799999838520176088e-01
-3.785546350303791163e-01
-3.770942923154664284e-01
-3.756190132537224891e-01
-3.741288559824326732e-01
-3.726238792274254585e-01
-3.711041423007490070e-01
-3.695697050983254850e-01
-3.680206280975798494e-01
-3.664569723550508695e-01
-3.648787995039723953e-01
-3.632861717518368616e-01
-3.616791518779346459e-01
-3.600578032308705545e-01
-3.584221897260585488e-01
-3.567723758431913250e-01
-3.551084266236929632e-01
-3.534304076681424323e-01
-3.517383851336801648e-01
-3.500324257313940368e-01
-3.483125967236737619e-01
-3.465789659215581242e-01
-3.448316016820445196e-01
-3.430705729053914466e-01
-3.412959490323896894e-01
-3.395078000416160702e-01
-3.377061964466668287e-01
-3.358912092933645788e-01
-3.340629101569512205e-01
-3.322213711392556501e-01
-3.303666648658422633e-01
-3.284988644831363658e-01
-3.266180436555313760e-01
-3.247242765624768213e-01
-3.228176378955399106e-01
-3.208982028554563382e-01
-3.189660471491495564e-01
-3.170212469867415006e-01
-3.150638790785338372e-01
-3.130940206319763330e-01
-3.111117493486098562e-01
-3.091171434209959989e-01
-3.071102815296217203e-01
-3.050912428397871135e-01
-3.030601069984756313e-01
-3.010169541312003316e-01
-2.989618648388378541e-01
-2.968949201944367511e-01
-2.948162017400134394e-01
-2.927257914833240604e-01
-2.906237718946230175e-01
-2.885102259033973104e-01
-2.863852368950901006e-01
-2.842488887077986304e-01
-2.821012656289598186e-01
-2.799424523920153174e-01
-2.777725341730607478e-01
-2.755915965874746187e-01
-2.733997256865327574e-01
-2.711970079540043654e-01
-2.689835303027306446e-01
-2.667593800711863250e-01
-2.645246450200258170e-01
-2.622794133286109330e-01
-2.600237735915229553e-01
-2.577578148150573845e-01
-2.554816264137049209e-01
-2.531952982066116298e-01
-2.508989204140293916e-01
-2.485925836537438705e-01
-2.462763789374917689e-01
-2.439503976673595698e-01
-2.416147316321689276e-01
-2.392694730038452400e-01
-2.369147143337715367e-01
-2.345505485491275743e-01
-2.321770689492131945e-01
-2.297943692017588857e-01
-2.274025433392188045e-01
-2.250016857550541094e-01
-2.225918911999953398e-01
-2.201732547782964955e-01
-2.177458719439721579e-01
-2.153098384970232315e-01
-2.128652505796438665e-01
-2.104122046724229422e-01
-2.079507975905235950e-01
-2.054811264798550308e-01
-2.030032888132296820e-01
-2.005173823865082638e-01
-1.980235053147298141e-01
-1.955217560282303257e-01
-1.930122332687505271e-01
-1.904950360855302283e-01
-1.879702638313869023e-01
-1.854380161587900477e-01
-1.828983930159153726e-01
-1.803514946426939547e-01
-1.777974215668452207e-01
-1.752362745999008209e-01
-1.726681548332172911e-01
-1.700931636339760300e-01
-1.675114026411750889e-01
-1.649229737616073888e-01
-1.623279791658291393e-01
-1.597265212841200155e-01
-1.571187028024290666e-01
-1.545046266583158245e-01
-1.518843960368744528e-01
-1.492581143666549814e-01
-1.466258853155705533e-01
-1.439878127867970092e-01
-1.413440009146640086e-01
-1.386945540605324934e-01
-1.360395768086695989e-01
-1.333791739621109362e-01
-1.307134505385124101e-01
-1.280425117660000112e-01
-1.253664630790041201e-01
-1.226854101140898712e-01
-1.199994587057789941e-01
-1.173087148823613035e-01
-1.146132848617041067e-01
-1.119132750470466231e-01
-1.092087920227930303e-01
-1.064999425502965030e-01
-1.037868335636342593e-01
-1.010695721653799978e-01
-9.834826562236462233e-02
-9.562302136143452369e-02
-9.289394696520378303e-02
-9.016115016779319147e-02
-8.742473885057448768e-02
-8.468482103789853888e-02
-8.194150489282597816e-02
-7.919489871284476901e-02
-7.644511092558843590e-02
-7.369225008454675929e-02
-7.093642486477121090e-02
-6.817774405857653097e-02
-6.541631657123626875e-02
-6.265225141667643549e-02
-5.988565771316135822e-02
-5.711664467897823588e-02
-5.434532162811710199e-02
-5.157179796594561771e-02
-4.879618318488194301e-02
-4.601858686006324306e-02
-4.323911864501230051e-02
-4.045788826729759813e-02
-3.767500552419506682e-02
-3.489058027834308906e-02
-3.210472245339794639e-02
-2.931754202968459011e-02
-2.652914903984795320e-02
-2.373965356449588004e-02
-2.094916572785065004e-02
-1.815779569338766761e-02
-1.536565365948145724e-02
-1.257284985504370824e-02
-9.779494535163588478e-03
-6.985697976748117197e-03
-4.191570474157143601e-03
-1.397222334843506268e-03
1.397236125014630426e-03
4.191694584872033766e-03
6.986042724186261772e-03
9.780170226776798217e-03
1.257396678519240481e-02
1.536732210507235109e-02
1.816012590951024755e-02
2.095226794341689333e-02
2.374363797787945943e-02
2.653412581452500169e-02
2.932362128987654748e-02
3.211201427971384359e-02
3.489919470342693619e-02
3.768505252837180824e-02
4.046947777422328640e-02
4.325236051732678222e-02
4.603359089504115154e-02
4.881305911009255205e-02
5.159065543491052341e-02
5.436627021597406628e-02
5.713979387814597383e-02
5.991111692900727426e-02
6.268012996318993169e-02
6.544672366670462038e-02
6.821078882126527243e-02
7.097221630860535424e-02
7.373089711480042274e-02
7.648672233457529113e-02
7.923958317561709264e-02
8.198937096287332860e-02
8.473597714285469040e-02
8.747929328792768133e-02
9.021921110060293625e-02
9.295562241782177881e-02
9.568841921523203731e-02
9.841749361146422126e-02
1.011427378723932929e-01
1.038640444154088488e-01
1.065813058136628327e-01
1.092944148003249655e-01
1.120032642728222977e-01
1.147077472970755435e-01
1.174077571117330132e-01
1.201031871323898770e-01
1.227939309558069014e-01
1.254798823641188610e-01
1.281609353290332765e-01
1.308369840160291397e-01
1.335079227885409281e-01
1.361736462121401758e-01
1.388340490586986720e-01
1.414890263105611778e-01
1.441384731646931094e-01
1.467822850368262488e-01
1.494203575655991822e-01
1.520525866166833329e-01
1.546788682869032205e-01
1.572990989083446756e-01
1.599131750524575568e-01
1.625209935341487555e-01
1.651224514158579348e-01
1.677174460116362953e-01
1.703058748912041065e-01
1.728876358840049365e-01
1.754626270832457535e-01
1.780307468499299772e-01
1.805918938168737109e-01
1.831459668927230278e-01
1.856928652659438073e-01
1.882324884088193151e-01
1.907647360814156701e-01
1.932895083355589960e-01
1.958067055187794059e-01
1.983162282782590102e-01
2.008179775647588317e-01
2.033118546365367540e-01
2.057977610632586718e-01
2.082755987298837153e-01
2.107452698405522240e-01
2.132066769224516545e-01
2.156597228296723290e-01
2.181043107470511111e-01
2.205403441940005371e-01
2.229677270283249024e-01
2.253863634500241353e-01
2.277961580050837931e-01
2.301970155892477388e-01
2.325888414517874869e-01
2.349715411992416014e-01
2.373450207991573413e-01
2.397091865838006375e-01
2.420639452538731473e-01
2.444092038821970847e-01
2.467448699173884208e-01
2.490708511875202591e-01
2.513870559037728047e-01
2.536933926640571602e-01
2.559897704566402865e-01
2.582760986637329670e-01
2.605522870650867628e-01
2.628182458415513900e-01
2.650738855786412551e-01
2.673191172700540297e-01
2.695538523212147597e-01
2.717780025527590793e-01
2.739914802040336328e-01
2.761941979365615252e-01
2.783860688375028869e-01
2.805670064230907923e-01
2.827369246420431970e-01
2.848957378789879757e-01
2.870433609578272316e-01
2.891797091451187574e-01
2.913046981534257451e-01
2.934182441446507861e-01
2.955202637333531057e-01
2.976106739900417075e-01
2.996893924444659629e-01
3.017563370888664553e-01
3.038114263812283222e-01
3.058545792485040105e-01
3.078857150898160477e-01
3.099047537796495999e-01
3.119116156710243226e-01
3.139062215986379023e-01
3.158884928820043236e-01
3.178583513285621054e-01
3.198157192367693802e-01
3.217605193991784351e-01
3.236926751054844398e-01
3.256121101455684563e-01
3.275187488125052004e-01
3.294125159055598662e-01
3.312933367331643009e-01
3.331611371158706980e-01
3.350158433892840293e-01
3.368573824069790446e-01
3.386856815433933465e-01
3.405006686966952079e-01
3.423022722916446159e-01
3.440904212824174579e-01
3.458650451554196037e-01
3.476260739320730653e-01
3.493734381715866144e-01
3.511070689737030848e-01
3.528268979814236928e-01
3.545328573837088770e-01
3.562248799181701453e-01
3.579028988737215089e-01
3.595668480932207589e-01
3.612166619760867059e-01
3.628522754808981010e-01
3.644736241279619149e-01
3.660806440018651853e-01
3.676732717540008855e-01
3.692514446050796928e-01
3.708151003476085061e-01
3.723641773483534756e-01
3.738986145507768866e-01
3.754183514774535046e-01
3.769233282324615519e-01
3.784134855037501466e-01
3.798887645654946410e-01
3.813491072804080506e-01
3.827944561020457104e-01
3.842247540770835634e-01
3.856399448475709701e-01
3.870399726531534856e-01
3.884247823332899752e-01
3.897943193294216568e-01
3.911485296871419770e-01
3.924873600583220212e-01
3.938107577032279871e-01
3.951186704926001880e-01
3.964110469097253397e-01
3.976878360524589984e-01
3.989489876352561026e-01
4.001944519911490028e-01
4.014241800737137766e-01
4.026381234590158398e-01
4.038362343475184746e-01
4.050184655659775923e-01
4.061847705693070743e-01
4.073351034424229078e-01
4.084694189020485755e-01
4.095876722985225538e-01
4.106898196175525761e-01
4.117758174819575734e-01
4.128456231533945142e-01
4.138991945340315670e-01
4.149364901682269791e-01
4.159574692441654342e-01
4.169620915954699303e-01
4.179503177027928396e-01
4.189221086953789364e-01
4.198774263526008910e-01
4.208162331054780547e-01
4.217384920381499480e-01
4.226441668893529680e-01
4.235332220538386983e-01
4.244056225837941621e-01
4.252613341902175548e-01
4.261003232442779898e-01
4.269225567786433251e-01
4.277280024887866183e-01
4.285166287342657698e-01
4.292884045399656956e-01
4.300432995973348937e-01
4.307812842655822649e-01
4.315023295728360742e-01
4.322064072173172344e-01
4.328934895684280471e-01
4.335635496678701961e-01
4.342165612306936318e-01
4.348524986463465081e-01
4.354713369796859301e-01
4.360730519719606679e-01
4.366576200417789377e-01
4.372250182860288326e-01
4.377752244807978088e-01
4.383082170822416024e-01
4.388239752274409322e-01
4.393224787352302263e-01
4.398037081069853804e-01
4.402676445274074646e-01
4.407142698652546375e-01
4.411435666740706196e-01
4.415555181928728090e-01
4.419501083468025393e-01
4.423273217477802777e-01
4.426871436951028693e-01
4.430295601760234070e-01
4.433545578663141695e-01
4.436621241307859842e-01
4.439522470237910468e-01
4.442249152896964870e-01
4.444801183633285691e-01
4.447178463703877482e-01
4.449380901278446876e-01
4.451408411443030233e-01
4.453260916203258812e-01
4.454938344487607282e-01
4.456440632150027170e-01
4.457767721972630270e-01
4.458919563667884112e-01
4.459896113880557067e-01
4.460697336189580198e-01
4.461323201109315129e-01
4.461773686090828028e-01
4.462048775522762245e-01
4.462148460731915067e-01
4.462072739983662384e-01
4.461821618481916496e-01
4.461395108369026197e-01
4.460793228725251081e-01
4.460016005567984387e-01
4.459063471850738258e-01
4.457935667461873641e-01
4.456632639223008230e-01
4.455154440887096334e-01
4.453501133136422707e-01
4.451672783580106763e-01
4.449669466751463021e-01
4.447491264105063458e-01
4.445138264013464013e-01
4.442610561763792321e-01
4.439908259553914660e-01
4.437031466488400855e-01
4.433980298574231038e-01
4.430754878716192668e-01
4.427355336712016642e-01
4.423781809247260277e-01
4.420034439889863331e-01
4.416113379084502522e-01
4.412018784146647388e-01
4.407750819256290864e-01
4.403309655451504434e-01
4.398695470621643566e-01
4.393908449500315561e-01
4.388948783658095376e-01
4.383816671494895623e-01
4.378512318232201106e-01
4.373035935904830418e-01
4.367387743352668661e-01
4.361567966211952196e-01
4.355576836906354665e-01
4.349414594637766585e-01
4.343081485376864559e-01
4.336577761853392943e-01
4.329903683546123538e-01
4.323059516672622671e-01
4.316045534178720722e-01
4.308862015727701889e-01
4.301509247689218607e-01
4.293987523128023343e-01
4.286297141792337340e-01
4.278438410102001210e-01
4.270411641136325764e-01
4.262217154621754100e-01
4.253855276919205619e-01
4.245326341011133042e-01
4.236630686488365716e-01
4.227768659536716989e-01
4.218740612923216893e-01
4.209546905982202714e-01
4.200187904601120348e-01
4.190663981206001476e-01
4.180975514746768096e-01
4.171122890682229523e-01
4.161106500964849575e-01
4.150926744025213999e-01
4.140584024756274739e-01
4.130078754497392146e-01
4.119411351017944201e-01
4.108582238500947947e-01
4.097591847526143027e-01
4.086440615053027470e-01
4.075128984403588728e-01
4.063657405244751608e-01
4.052026333570547534e-01
4.040236231684130597e-01
4.028287568179455547e-01
4.016180817922781476e-01
4.003916462033844104e-01
3.991494987866851529e-01
3.978916888991193002e-01
3.966182665171900101e-01
3.953292822349935842e-01
3.940247872622103520e-01
3.927048334220845094e-01
3.913694731493713164e-01
3.900187594882653652e-01
3.886527460902983733e-01
3.872714872122224872e-01
3.858750377138577270e-01
3.844634530559276064e-01
3.830367892978595590e-01
3.815951030955737622e-01
3.801384516992357687e-01
3.786668929509982018e-01
3.771804852827049803e-01
3.756792877135878839e-01
3.741633598479256473e-01
3.726327618726898439e-01
3.710875545551627908e-01
3.695277992405342493e-01
3.679535578494724790e-01
3.663648928756799705e-01
3.647618673834144287e-01
3.631445450050005408e-01
3.615129899383094370e-01
3.598672669442180561e-01
3.582074413440528571e-01
3.565335790169987806e-01
3.548457463974979964e-01
3.531440104726212836e-01
3.514284387794157638e-01
3.496990994022360355e-01
3.479560609700506069e-01
3.461993926537262900e-01
3.444291641632910017e-01
3.426454457451778568e-01
3.408483081794467240e-01
3.390378227769837438e-01
3.372140613766781425e-01
3.353770963425842799e-01
3.335270005610585509e-01
3.316638474378716395e-01
3.297877108953122249e-01
3.278986653692558817e-01
3.259967858062250423e-01
3.240821476604214824e-01
3.221548268907450940e-01
3.202148999577840160e-01
3.182624438207954376e-01
3.162975359346579807e-01
3.143202542468072624e-01
3.123306771941562476e-01
3.103288836999881228e-01
3.083149531708379021e-01
3.062889654933484973e-01
3.042510010311119673e-01
3.022011406214907270e-01
3.001394655724199945e-01
2.980660576591900313e-01
2.959809991212120073e-01
2.938843726587662131e-01
2.917762614297289558e-01
2.896567490462832462e-01
2.875259195716127203e-01
2.853838575165740243e-01
2.832306478363561530e-01
2.810663759271180284e-01
2.788911276226115343e-01
2.767049891907860659e-01
2.745080473303747048e-01
2.723003891674664612e-01
2.700821022520594195e-01
2.678532745545962879e-01
2.656139944624854587e-01
2.633643507766045833e-01
2.611044327077881033e-01
2.588343298732970199e-01
2.565541322932761159e-01
2.542639303871908618e-01
2.519638149702514984e-01
2.496538772498200498e-01
2.473342088218043189e-01
2.450049016670325652e-01
2.426660481476161646e-01
2.403177410032939221e-01
2.379600733477661434e-01
2.355931386650111370e-01
2.332170308055846186e-01
2.308318439829109836e-01
2.284376727695523468e-01
2.260346120934707825e-01
2.236227572342725511e-01
2.212022038194373652e-01
2.187730478205382467e-01
2.163353855494418998e-01
2.138893136545023665e-01
2.114349291167359479e-01
2.089723292459843840e-01
2.065016116770672372e-01
2.040228743659175392e-01
2.015362155857099158e-01
1.990417339229703930e-01
1.965395282736775440e-01
1.940296978393506455e-01
1.915123421231259282e-01
1.889875609258185596e-01
1.864554543419767174e-01
1.839161227559236167e-01
1.813696668377804966e-01
1.788161875394920497e-01
1.762557860908270380e-01
1.736885639953772431e-01
1.711146230265425672e-01
1.685340652234994796e-01
1.659469928871744049e-01
1.633535085761880223e-01
1.607537151028022582e-01
1.581477155288541492e-01
1.555356131616763837e-01
1.529175115500125692e-01
1.502935144799213418e-01
1.476637259706687633e-01
1.450282502706160548e-01
1.423871918530930925e-01
1.397406554122694600e-01
1.370887458590097085e-01
1.344315683167242315e-01
1.317692281172138380e-01
1.291018307964953982e-01
1.264294820906361194e-01
1.237522879315665625e-01
1.210703544428894385e-01
1.183837879356829242e-01
1.156926949042968722e-01
1.129971820221364887e-01
1.102973561374445965e-01
1.075933242690773062e-01
1.048851936022655168e-01
1.021730714843799154e-01
9.945706542068147304e-02
9.673728307007155303e-02
9.401383224082500434e-02
9.128682088634383629e-02
8.855635710086252887e-02
8.582254911519290874e-02
8.308550529243045879e-02
8.034533412367582395e-02
7.760214422373377940e-02
7.485604432682588238e-02
7.210714328228567949e-02
6.935555005025015318e-02
6.660137369735383284e-02
6.384472339241450967e-02
6.108570840210916092e-02
5.832443808665747215e-02
5.556102189549291803e-02
5.279556936293836739e-02
5.002819010386119064e-02
4.725899380935204980e-02
4.448809024237453114e-02
4.171558923342809366e-02
3.894160067620838078e-02
3.616623452324391197e-02
3.338960078156694850e-02
3.061180950834509543e-02
2.783297080654082920e-02
2.505319482054829683e-02
2.227259173183380667e-02
1.949127175458662681e-02
1.670934513135367144e-02
1.392692212867726285e-02
1.114411303273707757e-02
8.361028144983583682e-03
5.577777777777463003e-03
