1.752310569002197421e-02
-8.744012198679523146e-03
-1.748785110539094467e-02
-2.623117014307411315e-02
-3.497362275522578751e-02
-4.371486241961215075e-02
-5.245454266198949778e-02
-6.119231706978923990e-02
-6.992783930583981733e-02
-7.866076312206407573e-02
-8.739074237316639404e-02
-9.611743103031931967e-02
-1.048404831948862165e-01
-1.135595531120541651e-01
-1.222742951845664505e-01
-1.309843639863391140e-01
-1.396894142761581081e-01
-1.483891010113414510e-01
-1.570830793613492704e-01
-1.657710047214797089e-01
-1.744525327264517811e-01
-1.831273192640500702e-01
-1.917950204887364229e-01
-2.004552928352546781e-01
-2.091077930321995626e-01
-2.177521781156297465e-01
-2.263881054426057915e-01
-2.350152327047544398e-01
-2.436332179418118637e-01
-2.522417195551509561e-01
-2.608403963212945764e-01
-2.694289074053982658e-01
-2.780069123747576643e-01
-2.865740712122605838e-01
-2.951300443298213727e-01
-3.036744925818702923e-01
-3.122070772786872950e-01
-3.207274601998789110e-01
-3.292353036076906547e-01
-3.377302702604316198e-01
-3.462120234257496376e-01
-3.546802268940015268e-01
-3.631345449915340806e-01
-3.715746425939471242e-01
-3.800001851393929320e-01
-3.884108386417569614e-01
-3.968062697039164699e-01
-4.051861455308921611e-01
-4.135501339430339152e-01
-4.218979033891588903e-01
-4.302291229596619249e-01
-4.385434623996093406e-01
-4.468405921218038812e-01
-4.551201832198074060e-01
-4.633819074809676364e-01
-4.716254373994102633e-01
-4.798504461889637196e-01
-4.880566077961109306e-01
-4.962435969128829449e-01
-5.044110889897245320e-01
-5.125587602483185901e-01
-5.206862876944235996e-01
-5.287933491306245903e-01
-5.368796231690918797e-01
-5.449447892442920161e-01
-5.529885276256565341e-01
-5.610105194302505982e-01
-5.690104466353831381e-01
-5.769879920911561433e-01
-5.849428395330618091e-01
-5.928746735944424584e-01
-6.007831798190039763e-01
-6.086680446732424254e-01
-6.165289555588312487e-01
-6.243656008250108025e-01
-6.321776697808940693e-01
-6.399648527077785864e-01
-6.477268408713848791e-01
-6.554633265340719106e-01
-6.631740029670022407e-01
-6.708585644622955257e-01
-6.785167063451050806e-01
-6.861481249856717923e-01
-6.937525178113397306e-01
-7.013295833185214656e-01
-7.088790210846316331e-01
-7.164005317799534422e-01
-7.238938171795021859e-01
-7.313585801748149207e-01
-7.387945247856871900e-01
-7.462013561718942034e-01
-7.535787806448714932e-01
-7.609265056792956505e-01
-7.682442399246789400e-01
-7.755316932168997424e-01
-7.827885765896517301e-01
-7.900146022859170225e-01
-7.972094837693154412e-01
-8.043729357354417742e-01
-8.115046741231719540e-01
-8.186044161258790863e-01
-8.256718802026375981e-01
-8.327067860893451190e-01
-8.397088548098107230e-01
-8.466778086868105291e-01
-8.536133713530392741e-01
-8.605152677620689916e-01
-8.673832241992259773e-01
-8.742169682923980334e-01
-8.810162290228302773e-01
-8.877807367358395707e-01
-8.945102231514840962e-01
-9.012044213751602140e-01
-9.078630659081856624e-01
-9.144858926582786207e-01
-9.210726389500228928e-01
-9.276230435352385006e-01
-9.341368466033381779e-01
-9.406137897915849422e-01
-9.470536161953371224e-01
-9.534560703781760349e-01
-9.598208983820386564e-01
-9.661478477372579254e-01
-9.724366674725413162e-01
-9.786871081248990079e-01
-9.848989217495294213e-01
-9.910718619296008391e-01
-9.972056837860199252e-01
-1.003300143987111426e+00
-1.009355000758238141e+00
-1.015370013891376155e+00
-1.021344944754607686e+00
-1.027279556301560870e+00
-1.033173613080797582e+00
-1.039026881245113776e+00
-1.044839128560793196e+00
-1.050610124416802682e+00
-1.056339639833901112e+00
-1.062027447473714581e+00
-1.067673321647704787e+00
-1.073277038326120758e+00
-1.078838375146849105e+00
-1.084357111424206543e+00
-1.089833028157686678e+00
-1.095265908040597091e+00
-1.100655535468677337e+00
-1.106001696548621460e+00
-1.111304179106535450e+00
-1.116562772696326755e+00
-1.121777268608047828e+00
-1.126947459876126656e+00
-1.132073141287572193e+00
-1.137154109390083212e+00
-1.142190162500102968e+00
-1.147181100710785051e+00
-1.152126725899919268e+00
-1.157026841737755385e+00
-1.161881253694771576e+00
-1.166689769049371828e+00
-1.171452196895506948e+00
-1.176168348150232301e+00
-1.180838035561180943e+00
-1.185461073713972135e+00
-1.190037279039547258e+00
-1.194566469821429999e+00
-1.199048466202918384e+00
-1.203483090194192862e+00
-1.207870165679366892e+00
-1.212209518423434940e+00
-1.216500976079194274e+00
-1.220744368194026208e+00
-1.224939526216678232e+00
-1.229086283503893595e+00
-1.233184475327034013e+00
-1.237233938878577133e+00
-1.241234513278560714e+00
-1.245186039580951309e+00
-1.249088360779932350e+00
-1.252941321816100073e+00
-1.256744769582622157e+00
-1.260498552931269556e+00
-1.264202522678416596e+00
-1.267856531610919157e+00
-1.271460434491969993e+00
-1.275014088066809048e+00
-1.278517351068405805e+00
-1.281970084223061024e+00
-1.285372150255893908e+00
-1.288723413896279535e+00
-1.292023741883213228e+00
-1.295273002970553700e+00
-1.298471067932244427e+00
-1.301617809567406692e+00
-1.304713102705377326e+00
-1.307756824210665636e+00
-1.310748852987811075e+00
-1.313689069986186508e+00
-1.316577358204699344e+00
-1.319413602696423160e+00
-1.322197690573149398e+00
-1.324929511009835137e+00
-1.327608955249009348e+00
-1.330235916605063684e+00
-1.332810290468473546e+00
-1.335331974309934999e+00
-1.337800867684427297e+00
-1.340216872235177048e+00
-1.342579891697552874e+00
-1.344889831902876809e+00
-1.347146600782146653e+00
-1.349350108369671508e+00
-1.351500266806642259e+00
-1.353596990344600792e+00
-1.355640195348832844e+00
-1.357629800301674461e+00
-1.359565725805739866e+00
-1.361447894587058283e+00
-1.363276231498139701e+00
-1.365050663520930962e+00
-1.366771119769720988e+00
-1.368437531493936987e+00
-1.370049832080867169e+00
-1.371607957058285088e+00
-1.373111844097017809e+00
-1.374561433013396172e+00
-1.375956665771648657e+00
-1.377297486486180222e+00
-1.378583841423799639e+00
-1.379815679005839568e+00
-1.380992949810188719e+00
-1.382115606573259159e+00
-1.383183604191845051e+00
-1.384196899724922103e+00
-1.385155452395323561e+00
-1.386059223591373568e+00
-1.386908176868408837e+00
-1.387702277950210838e+00
-1.388441494730374259e+00
-1.389125797273573326e+00
-1.389755157816744413e+00
-1.390329550770173839e+00
-1.390848952718537257e+00
-1.391313342421798271e+00
-1.391722700816065750e+00
-1.392077011014340115e+00
-1.392376258307178594e+00
-1.392620430163286294e+00
-1.392809516230011146e+00
-1.392943508333742031e+00
-1.393022400480246725e+00
-1.393046188854892176e+00
-1.393014871822815248e+00
-1.392928449928972690e+00
-1.392786925898124029e+00
-1.392590304634725218e+00
-1.392338593222736343e+00
-1.392031800925332075e+00
-1.391669939184545735e+00
-1.391253021620810770e+00
-1.390781064032425407e+00
-1.390254084394925149e+00
-1.389672102860374681e+00
-1.389035141756563618e+00
-1.388343225586135210e+00
-1.387596381025604009e+00
-1.386794636924310709e+00
-1.385938024303275506e+00
-1.385026576353972416e+00
-1.384060328437017207e+00
-1.383039318080765412e+00
-1.381963584979836179e+00
-1.380833170993530201e+00
-1.379648120144179035e+00
-1.378408478615412713e+00
-1.377114294750314993e+00
-1.375765619049523991e+00
-1.374362504169236665e+00
-1.372905004919108496e+00
-1.371393178260111201e+00
-1.369827083302252113e+00
-1.368206781302261810e+00
-1.366532335661146069e+00
-1.364803811921700527e+00
-1.363021277765907202e+00
-1.361184803012245093e+00
-1.359294459612956807e+00
-1.357350321651180858e+00
-1.355352465338020007e+00
-1.353300969009548327e+00
-1.351195913123678594e+00
-1.349037380257014584e+00
-1.346825455101558155e+00
-1.344560224461375908e+00
-1.342241777249154833e+00
-1.339870204482690674e+00
-1.337445599281283926e+00
-1.334968056862063657e+00
-1.332437674536208094e+00
-1.329854551705110133e+00
-1.327218789856432268e+00
-1.324530492560102246e+00
-1.321789765464206790e+00
-1.318996716290820714e+00
-1.316151454831742118e+00
-1.313254092944147855e+00
-1.310304744546171740e+00
-1.307303525612395934e+00
-1.304250554169265053e+00
-1.301145950290415909e+00
-1.297989836091925753e+00
-1.294782335727487910e+00
-1.291523575383496159e+00
-1.288213683274056276e+00
-1.284852789635904990e+00
-1.281441026723269871e+00
-1.277978528802632852e+00
-1.274465432147419364e+00
-1.270901875032601769e+00
-1.267287997729245719e+00
-1.263623942498935282e+00
-1.259909853588180528e+00
-1.256145877222674345e+00
-1.252332161601536376e+00
-1.248468856891435941e+00
-1.244556115220657455e+00
-1.240594090673079464e+00
-1.236582939282081739e+00
-1.232522819024371108e+00
-1.228413889813741999e+00
-1.224256313494726411e+00
-1.220050253836223897e+00
-1.215795876524996766e+00
-1.211493349159127542e+00
-1.207142841241395148e+00
-1.202744524172552953e+00
-1.198298571244565514e+00
-1.193805157633738512e+00
-1.189264460393804512e+00
-1.184676658448911457e+00
-1.180041932586541886e+00
-1.175360465450364211e+00
-1.170632441533010271e+00
-1.165858047168774281e+00
-1.161037470526245841e+00
-1.156170901600858558e+00
-1.151258532207385832e+00
-1.146300555972342927e+00
-1.141297168326330658e+00
-1.136248566496306678e+00
-1.131154949497782392e+00
-1.126016518126952803e+00
-1.120833474952746656e+00
-1.115606024308823940e+00
-1.110334372285481930e+00
-1.105018726721507027e+00
-1.099659297195962449e+00
-1.094256295019877756e+00
-1.088809933227914417e+00
-1.083320426569913009e+00
-1.077787991502419551e+00
-1.072212846180111923e+00
-1.066595210447173647e+00
-1.060935305828599962e+00
-1.055233355521425942e+00
-1.049489584385905117e+00
-1.043704218936613914e+00
-1.037877487333491278e+00
-1.032009619372810327e+00
-1.026100846478087858e+00
-1.020151401690937654e+00
-1.014161519661838318e+00
-1.008131436640868905e+00
-1.002061390468343971e+00
-9.959516205654225240e-01
-9.898023679246249484e-01
-9.836138751003080660e-01
-9.773863861990619295e-01
-9.711201468700635386e-01
-9.648154042953528409e-01
-9.584724071800547751e-01
-9.520914057425478028e-01
-9.456726517045548341e-01
-9.392163982811977396e-01
-9.327229001709705924e-01
-9.261924135456726104e-01
-9.196251960402685999e-01
-9.130215067427035480e-01
-9.063816061836448279e-01
-8.997057563261876556e-01
-8.929942205554830537e-01
-8.862472636683230709e-01
-8.794651518626658282e-01
-8.726481527271076066e-01
-8.657965352302923190e-01
-8.589105697102760173e-01
-8.519905278638327806e-01
-8.450366827357062016e-01
-8.380493087078064729e-01
-8.310286814883610651e-01
-8.239750781010050096e-01
-8.168887768738243293e-01
-8.097700574283427377e-01
-8.026192006684674807e-01
-7.954364887693681219e-01
-7.882222051663250184e-01
-7.809766345435079637e-01
-7.737000628227203025e-01
-7.663927771520855359e-01
-7.590550658946914053e-01
-7.516872186171815740e-01
-7.442895260783011224e-01
-7.368622802173953046e-01
-7.294057741428591202e-01
-7.219203021205464754e-01
-7.144061595621243876e-01
-7.068636430133973247e-01
-6.992930501425640433e-01
-6.916946797284501125e-01
-6.840688316486868148e-01
-6.764158068678530755e-01
-6.687359074255596614e-01
-6.610294364245159482e-01
-6.532966980185270778e-01
-6.455379974004676891e-01
-6.377536407902094640e-01
-6.299439354225098153e-01
-6.221091895348546119e-01
-6.142497123552642657e-01
-6.063658140900661797e-01
-5.984578059116244519e-01
-5.905259999460203968e-01
-5.825707092607201876e-01
-5.745922478521785504e-01
-5.665909306334263595e-01
-5.585670734216083844e-01
-5.505209929254921697e-01
-5.424530067329405014e-01
-5.343634332983456803e-01
-5.262525919300375943e-01
-5.181208027776480485e-01
-5.099683868194458958e-01
-5.017956658496453004e-01
-4.936029624656692594e-01
-4.853906000553986910e-01
-4.771589027843675113e-01
-4.689081955829484949e-01
-4.606388041334960048e-01
-4.523510548574640189e-01
-4.440452749024974555e-01
-4.357217921294813112e-01
-4.273809350995808054e-01
-4.190230330612427223e-01
-4.106484159371634468e-01
-4.022574143112503386e-01
-3.938503594155354226e-01
-3.854275831170757005e-01
-3.769894179048270955e-01
-3.685361968764859220e-01
-3.600682537253239168e-01
-3.515859227269756415e-01
-3.430895387262222207e-01
-3.345794371237465481e-01
-3.260559538628599596e-01
-3.175194254162212459e-01
-3.089701887725183060e-01
-3.004085814231425844e-01
-2.918349413488440791e-01
-2.832496070063452165e-01
-2.746529173149710457e-01
-2.660452116432284186e-01
-2.574268297953942186e-01
-2.487981119980609279e-01
-2.401593988866854990e-01
-2.315110314921139389e-01
-2.228533512270896022e-01
-2.141866998727492144e-01
-2.055114195651001341e-01
-1.968278527814913970e-01
-1.881363423270606683e-01
-1.794372313211766157e-01
-1.707308631838671820e-01
-1.620175816222318155e-01
-1.532977306168469278e-01
-1.445716544081584731e-01
-1.358396974828681159e-01
-1.271022045602988315e-01
-1.183595205787661142e-01
-1.096119906819275763e-01
-1.008599602051342831e-01
-9.210377466176711270e-02
-8.334377972957505987e-02
-7.458032123698700444e-02
-6.581374514945068088e-02
-5.704439755573108284e-02
-4.827262465423207138e-02
-3.949877273929281590e-02
-3.072318818749146183e-02
-2.194621744394896837e-02
-1.316820700861596853e-02
-4.389503422575937244e-03
4.389546745676232813e-03
1.316859691392610089e-02
2.194730049996798660e-02
3.072531093529961427e-02
3.950228167884253100e-02
4.827786623064334037e-02
5.705171814558306076e-02
6.582349104708344611e-02
7.459283864080172577e-02
8.335941472833903465e-02
9.212287322092542474e-02
1.008828681531195454e-01
1.096390536964858831e-01
1.183910841732783437e-01
1.271386140701153133e-01
1.358812980516510560e-01
1.446187909742192856e-01
1.533507478995110862e-01
1.620768241081972372e-01
1.707966751135817085e-01
1.795099566752184628e-01
1.882163248125283683e-01
1.969154358184110054e-01
2.056069462728404851e-01
2.142905130564517757e-01
2.229657933641003287e-01
2.316324447184419100e-01
2.402901249834641373e-01
2.489384923780360859e-01
2.575772054894112095e-01
2.662059232867449721e-01
2.748243051345805044e-01
2.834320108063209109e-01
2.920287004976956369e-01
3.006140348401933893e-01
3.091876749144964465e-01
3.177492822638689485e-01
3.262985189075724435e-01
3.348350473542103245e-01
3.433585306150964689e-01
3.518686322175746950e-01
3.603650162183270056e-01
3.688473472166752254e-01
3.773152903678362868e-01
3.857685113961752954e-01
3.942066766084272866e-01
4.026294529068875083e-01
4.110365078026023689e-01
4.194275094285135341e-01
4.278021265525951411e-01
4.361600285909327246e-01
4.445008856208319536e-01
4.528243683938494857e-01
4.611301483488164377e-01
4.694178976248464807e-01
4.776872890742981381e-01
4.859379962757184868e-01
4.941696935467499441e-01
5.023820559570192357e-01
5.105747593409960539e-01
5.187474803107968713e-01
5.268998962689993570e-01
5.350316854213892359e-01
5.431425267896969888e-01
5.512321002242903667e-01
5.593000864168442554e-01
5.673461669129584717e-01
5.753700241247782232e-01
5.833713413435284156e-01
5.913498027520727174e-01
5.993050934373712613e-01
6.072368994029753164e-01
6.151449075814173773e-01
6.230288058466149081e-01
6.308882830262062535e-01
6.387230289138597916e-01
6.465327342815611056e-01
6.543170908918183315e-01
6.620757915098774982e-01
6.698085299158667016e-01
6.775150009169096377e-01
6.851949003592011644e-01
6.928479251400365690e-01
7.004737732197998668e-01
7.080721436339150188e-01
7.156427365047510758e-01
7.231852530534758072e-01
7.306993956118967848e-01
7.381848676342088744e-01
7.456413737087493887e-01
7.530686195696530971e-01
7.604663121085298849e-01
7.678341593860403824e-01
7.751718706434367334e-01
7.824791563140702788e-01
7.897557280348593833e-01
7.970012986576727743e-01
8.042155822607187643e-01
8.113982941598161247e-01
8.185491509196954896e-01
8.256678703651741946e-01
8.327541715923608701e-01
8.398077749797102642e-01
8.468284021991563382e-01
8.538157762270560669e-01
8.607696213551853104e-01
8.676896632016269928e-01
8.745756287216416291e-01
8.814272462184624679e-01
8.882442453540139171e-01
8.950263571596720480e-01
9.017733140468333630e-01
9.084848498175381870e-01
9.151606996749945822e-01
9.218006002340513039e-01
9.284042895316203525e-01
9.349715070370219205e-01
9.415019936623229002e-01
9.479954917725481600e-01
9.544517451959032561e-01
9.608704992338975570e-01
9.672515006714063057e-01
9.735944977867009298e-01
9.798992403614131819e-01
9.861654796904105735e-01
9.923929685916565990e-01
9.985814614159742586e-01
1.004730714056770724e+00
1.010840483959695169e+00
1.016910530132217660e+00
1.022940613153188627e+00
1.028930495182287075e+00
1.034879939969437723e+00
1.040788712864158638e+00
1.046656580824841365e+00
1.052483312427963336e+00
1.058268677877253205e+00
1.064012449012776917e+00
1.069714399319949827e+00
1.075374303938523957e+00
1.080991939671459789e+00
1.086567084993768306e+00
1.092099520061263096e+00
1.097589026719264504e+00
1.103035388511230508e+00
1.108438390687316311e+00
1.113797820212857781e+00
1.119113465776829575e+00
1.124385117800174250e+00
1.129612568444099407e+00
1.134795611618301558e+00
1.139934042989129370e+00
1.145027659987652990e+00
1.150076261817680079e+00
1.155079649463692792e+00
1.160037625698736807e+00
1.164949995092208868e+00
1.169816564017594152e+00
1.174637140660122592e+00
1.179411535024358804e+00
1.184139558941715631e+00
1.188821026077889087e+00
1.193455751940260656e+00
1.198043553885155932e+00
1.202584251125087489e+00
1.207077664735910716e+00
1.211523617663902153e+00
1.215921934732741461e+00
1.220272442650478295e+00
1.224574970016345077e+00
1.228829347327574428e+00
1.233035406986076721e+00
1.237192983305091198e+00
1.241301912515718975e+00
1.245362032773432270e+00
1.249373184164427331e+00
1.253335208712005988e+00
1.257247950382786916e+00
1.261111255092885575e+00
1.264924970714024433e+00
1.268688947079530172e+00
1.272403035990286035e+00
1.276067091220590921e+00
1.279680968523954521e+00
1.283244525638767675e+00
1.286757622293982051e+00
1.290220120214620625e+00
1.293631883127249527e+00
1.296992776765404587e+00
1.300302668874846468e+00
1.303561429218835555e+00
1.306768929583272509e+00
1.309925043781762888e+00
1.313029647660614252e+00
1.316082619103747353e+00
1.319083838037520495e+00
1.322033186435499941e+00
1.324930548323089319e+00
1.327775809782169913e+00
1.330568858955554212e+00
1.333309586051450335e+00
1.335997883347781690e+00
1.338633645196459998e+00
1.341216768027557293e+00
1.343747150353408859e+00
1.346224692772634235e+00
1.348649297974039429e+00
1.351020870740501811e+00
1.353339317952729548e+00
1.355604548592903580e+00
1.357816473748362451e+00
1.359975006615023352e+00
1.362080062500894639e+00
1.364131558829369872e+00
1.366129415142527836e+00
1.368073553104306672e+00
1.369963896503591849e+00
1.371800371257256179e+00
1.373582905413051281e+00
1.375311429152497045e+00
1.376985874793610565e+00
1.378606176793597982e+00
1.380172271751457513e+00
1.381684098410455253e+00
1.383141597660585864e+00
1.384544712540873634e+00
1.385893388241659530e+00
1.387187572106763467e+00
1.388427213635528013e+00
1.389612264484875404e+00
1.390742678471184490e+00
1.391818411572112391e+00
1.392839421928363741e+00
1.393805669845320283e+00
1.394717117794623151e+00
1.395573730415658797e+00
1.396375474516954762e+00
1.397122319077484631e+00
1.397814235247910375e+00
1.398451196351723658e+00
1.399033177886271018e+00
1.399560157523774384e+00
1.400032115112157971e+00
1.400449032675892491e+00
1.400810894416683272e+00
1.401117686714082655e+00
1.401369398126074639e+00
1.401566019389472562e+00
1.401707543420319890e+00
1.401793965314164225e+00
1.401825282346238932e+00
1.401801493971595480e+00
1.401722601825091008e+00
1.401588609721357459e+00
1.401399523654634383e+00
1.401155351798527571e+00
1.400856104505687760e+00
1.400501794307413395e+00
1.400092435913149469e+00
1.399628046209884458e+00
1.399108644261520595e+00
1.398534251308088949e+00
1.397904890764920971e+00
1.397220588221725013e+00
1.396481371441558705e+00
1.395687270359755594e+00
1.394838317082722323e+00
1.393934545886670762e+00
1.392975993216268416e+00
1.391962697683192696e+00
1.390894700064603695e+00
1.389772043301535698e+00
1.388594772497187213e+00
1.387362934915147061e+00
1.386076579977528089e+00
1.384735759262995636e+00
1.383340526504745149e+00
1.381890937588365453e+00
1.380387050549631178e+00
1.378828925572213260e+00
1.377216624985282412e+00
1.375550213261069965e+00
1.373829757012278163e+00
1.372055324989485126e+00
1.370226988078404595e+00
1.368344819297087289e+00
1.366408893793023660e+00
1.364419288840180489e+00
1.362376083835948659e+00
1.360279360297988793e+00
1.358129201861015378e+00
1.355925694273490523e+00
1.353668925394225786e+00
1.351358985188900741e+00
1.348995965726523139e+00
1.346579961175773610e+00
1.344111067801284198e+00
1.341589383959821413e+00
1.339015010096409553e+00
1.336388048740355439e+00
1.333708604501181449e+00
1.330976784064493268e+00
1.328192696187771915e+00
1.325356451696048099e+00
1.322468163477533265e+00
1.319527946479158942e+00
1.316535917702013059e+00
1.313492196196725192e+00
1.310396903058751450e+00
1.307250161423590296e+00
1.304052096461901344e+00
1.300802835374557098e+00
1.297502507387629178e+00
1.294151243747238000e+00
1.290749177714408669e+00
1.287296444559756115e+00
1.283793181558154695e+00
1.280239527983314973e+00
1.276635625102267468e+00
1.272981616169761798e+00
1.269277646422617423e+00
1.265523863073967137e+00
1.261720415307445720e+00
1.257867454271276220e+00
1.253965133072298288e+00
1.250013606769908803e+00
1.246013032369922779e+00
1.241963568818381880e+00
1.237865376995241240e+00
1.233718619708024322e+00
1.229523461685372743e+00
1.225280069570539032e+00
1.220988611914780586e+00
1.216649259170711872e+00
1.212262183685539840e+00
1.207827559694266695e+00
1.203345563312777200e+00
1.198816372530894236e+00
1.194240167205317560e+00
1.189617129052528588e+00
1.184947441641579058e+00
1.180231290386853926e+00
1.175468862540717474e+00
1.170660347186117223e+00
1.165805935229101253e+00
1.160905819391266469e+00
1.155960194202129809e+00
1.150969255991447948e+00
1.145933202881429080e+00
1.140852234778917840e+00
1.135726553367473857e+00
1.130556362099392587e+00
1.125341866187673290e+00
1.120083272597879542e+00
1.114780790039966663e+00
1.109434628960024094e+00
1.104045001531942960e+00
1.098612121649031659e+00
1.093136204915553300e+00
1.087617468638194973e+00
1.082056131817467959e+00
1.076452415139050878e+00
1.070806540965059561e+00
1.065118733325250533e+00
1.059389217908149661e+00
1.053618222052139064e+00
1.047805974736460533e+00
1.041952706572143450e+00
1.036058649792907627e+00
1.030124038245952445e+00
1.024149107382722024e+00
1.018134094249582899e+00
1.012079237478456406e+00
1.005984777277364906e+00
9.998509554209453754e-01
9.936780152408751787e-01
9.874662016162458755e-01
9.812157609638865186e-01
9.749269412286041270e-01
9.685999918733855241e-01
9.622351638695214593e-01
9.558327096866819916e-01
9.493928832829313658e-01
9.429159400946813818e-01
9.364021370265831479e-01
9.298517324413667628e-01
9.232649861496251553e-01
9.166421593995314199e-01
9.099835148665059714e-01
9.032893166428284104e-01
8.965598302271853282e-01
8.897953225141744804e-01
8.829960617837412373e-01
8.761623176905698474e-01
8.692943612534166364e-01
8.623924648443843655e-01
8.554569021781542881e-01
8.484879483011572576e-01
8.414858795806896552e-01
8.344509736939844657e-01
8.273835096172262871e-01
8.202837676145177115e-01
8.131520292267871985e-01
8.059885772606603105e-01
7.987936957772655555e-01
7.915676700810000410e-01
7.843107867082427243e-01
7.770233334160243643e-01
7.697055991706391875e-01
7.623578741362180278e-01
7.549804496632428474e-01
7.475736182770305049e-01
7.401376736661605671e-01
7.326729106708491646e-01
7.251796252712985336e-01
7.176581145759748370e-01
7.101086768098664459e-01
7.025316113026844889e-01
6.949272184770166616e-01
6.872957998364515042e-01
6.796376579536422824e-01
6.719530964583476651e-01
6.642424200254164468e-01
6.565059343627320798e-01
6.487439461991267864e-01
6.409567632722399377e-01
6.331446943163551166e-01
6.253080490501781163e-01
6.174471381645888490e-01
6.095622733103513990e-01
6.016537670857875497e-01
5.937219330244050131e-01
5.857670855825012346e-01
5.777895401267282294e-01
5.697896129215995753e-01
5.617676211170029577e-01
5.537238827356363302e-01
5.456587166604378591e-01
5.375724426219730123e-01
5.294653811857690240e-01
5.213378537396647916e-01
5.131901824810696233e-01
5.050226904042302012e-01
4.968357012874566880e-01
4.886295396803065350e-01
4.804045308907519130e-01
4.721610009723121171e-01
4.638992767111493332e-01
4.556196856131493611e-01
4.473225558909577071e-01
4.390082164510085150e-01
4.306769968805031490e-01
4.223292274343752317e-01
4.139652390222366418e-01
4.055853631952624494e-01
3.971899321331047727e-01
3.887792786307383563e-01
3.803537360852938809e-01
3.719136384828735098e-01
3.634593203853443977e-01
3.549911169170926750e-01
3.465093637517730474e-01
3.380143970990376889e-01
3.295065536912205606e-01
3.209861707700327194e-01
3.124535860732123860e-01
3.039091378211730698e-01
2.953531647035990693e-01
2.867860058661050870e-01
2.782080008967440787e-01
2.696194898126392792e-01
2.610208130464954368e-01
2.524123114331573436e-01
2.437943261960976715e-01
2.351671989339481350e-01
2.265312716069753096e-01
2.178868865235450980e-01
2.092343863265953008e-01
2.005741139800818473e-01
1.919064127553944676e-01
1.832316262177958732e-01
1.745500982128222189e-01
1.658621728526975259e-01
1.571681945026839333e-01
1.484685077675059195e-01
1.397634574776836225e-01
1.310533886759071842e-01
1.223386466034035863e-01
1.136195766862286294e-01
1.048965245216667425e-01
9.616983586450714161e-02
8.743985661340786253e-02
7.870693279718839197e-02
6.997141056113385937e-02
6.123363615333159149e-02
5.249395591095707553e-02
4.375271624656961594e-02
3.501026363442107797e-02
2.626694459673792337e-02
1.752310569002208177e-02
