0.000000000000000000e+00 4.336808689942016966e-18
9.775171065493624446e-04 -3.417968749999746297e-03
1.955034213098724889e-03 -6.835937436980779082e-03
2.932551319648087334e-03 -1.025384146675982315e-02
3.910068426197449779e-03 -1.367155177944485295e-02
4.887585532746811789e-03 -1.708893932244974490e-02
5.865102639296174668e-03 -2.050587505536605529e-02
6.842619745845537546e-03 -2.392222995482844519e-02
7.820136852394899557e-03 -2.733787501938286790e-02
8.797653958944261568e-03 -3.075268127435068152e-02
9.775171065493623579e-03 -3.416651977669760143e-02
1.075268817204298732e-02 -3.757926161989533220e-02
1.173020527859234934e-02 -4.099077793878543041e-02
1.270772238514171135e-02 -4.440093991443826160e-02
1.368523949169107509e-02 -4.780961877901602347e-02
1.466275659824043710e-02 -5.121668582062782749e-02
1.564027370478979911e-02 -5.462201238818702176e-02
1.661779081133916286e-02 -5.802546989625880641e-02
1.759530791788852314e-02 -6.142692982991935363e-02
1.857282502443788688e-02 -6.482626374959804538e-02
1.955034213098724716e-02 -6.822334329592458224e-02
2.052785923753661090e-02 -7.161804019456874393e-02
2.150537634408597465e-02 -7.501022626108312663e-02
2.248289345063533493e-02 -7.839977340573581199e-02
2.346041055718469867e-02 -8.178655363834380632e-02
2.443792766373406242e-02 -8.517043907309873596e-02
2.541544477028342269e-02 -8.855130193339480482e-02
2.639296187683278644e-02 -9.192901455664631571e-02
2.737047898338215018e-02 -9.530344939910478930e-02
2.834799608993151046e-02 -9.867447904066800612e-02
2.932551319648087421e-02 -1.020419761896901312e-01
3.030303030303023448e-02 -1.054058136877813329e-01
3.128054740957959823e-02 -1.087658645146062780e-01
3.225806451612896197e-02 -1.121220017926704560e-01
3.323558162267832572e-02 -1.154740987921147183e-01
3.421309872922768253e-02 -1.188220289354901399e-01
3.519061583577704627e-02 -1.221656658025349479e-01
3.616813294232641002e-02 -1.255048831349413474e-01
3.714565004887577376e-02 -1.288395548411217506e-01
3.812316715542513751e-02 -1.321695550009628073e-01
3.910068426197449432e-02 -1.354947578705770483e-01
4.007820136852385806e-02 -1.388150378870437740e-01
4.105571847507322181e-02 -1.421302696731490678e-01
4.203323558162258555e-02 -1.454403280421133760e-01
4.301075268817194930e-02 -1.487450880023147848e-01
4.398826979472131304e-02 -1.520444247620020006e-01
4.496578690127066985e-02 -1.553382137340052760e-01
4.594330400782003360e-02 -1.586263305404339019e-01
4.692082111436939734e-02 -1.619086510173698978e-01
4.789833822091876109e-02 -1.651850512195470189e-01
4.887585532746812483e-02 -1.684554074250337319e-01
4.985337243401748164e-02 -1.717195961398952642e-01
5.083088954056684539e-02 -1.749774941028543196e-01
5.180840664711620913e-02 -1.782289782899381392e-01
5.278592375366557288e-02 -1.814739259191235354e-01
5.376344086021493662e-02 -1.847122144549650791e-01
5.474095796676430037e-02 -1.879437216132202604e-01
5.571847507331365718e-02 -1.911683253654584413e-01
5.669599217986302092e-02 -1.943859039436691416e-01
5.767350928641238467e-02 -1.975963358448519502e-01
5.865102639296174841e-02 -2.007994998356019689e-01
5.962854349951111216e-02 -2.039952749566803225e-01
6.060606060606046896e-02 -2.071835405275809783e-01
6.158357771260983271e-02 -2.103641761510805785e-01
6.256109481915919646e-02 -2.135370617177826669e-01
6.353861192570856020e-02 -2.167020774106410141e-01
6.451612903225792395e-02 -2.198591037094912159e-01
6.549364613880728769e-02 -2.230080213955513146e-01
6.647116324535665144e-02 -2.261487115559216443e-01
6.744868035190601518e-02 -2.292810555880685774e-01
6.842619745845536505e-02 -2.324049352043019434e-01
6.940371456500472880e-02 -2.355202324362344057e-01
7.038123167155409254e-02 -2.386268296392334565e-01
7.135874877810345629e-02 -2.417246094968567294e-01
7.233626588465282004e-02 -2.448134550252807906e-01
7.331378299120218378e-02 -2.478932495777122491e-01
7.429130009775154753e-02 -2.509638768487886806e-01
7.526881720430091127e-02 -2.540252208789641197e-01
7.624633431085027502e-02 -2.570771660588868079e-01
7.722385141739963876e-02 -2.601195971337579294e-01
7.820136852394898863e-02 -2.631523992076811314e-01
7.917888563049835238e-02 -2.661754577479919504e-01
8.015640273704771612e-02 -2.691886585895855721e-01
8.113391984359707987e-02 -2.721918879392188906e-01
8.211143695014644361e-02 -2.751850323798046838e-01
8.308895405669580736e-02 -2.781679788746875270e-01
8.406647116324517111e-02 -2.811406147719121007e-01
8.504398826979453485e-02 -2.841028278084693492e-01
8.602150537634389860e-02 -2.870545061145337584e-01
8.699902248289326234e-02 -2.899955382176800378e-01
8.797653958944262609e-02 -2.929258130470928090e-01
8.895405669599197596e-02 -2.958452199377525904e-01
8.993157380254133970e-02 -2.987536486346135667e-01
9.090909090909070345e-02 -3.016509892967588757e-01
9.188660801564006719e-02 -3.045371325015482356e-01
9.286412512218943094e-02 -3.074119692487433109e-01
9.384164222873879468e-02 -3.102753909646215336e-01
9.481915933528815843e-02 -3.131272895060666084e-01
9.579667644183752218e-02 -3.159675571646556325e-01
9.677419354838688592e-02 -3.187960866707170160e-01
9.775171065493624967e-02 -3.216127711973789660e-01
9.872922776148561341e-02 -3.244175043645971535e-01
9.970674486803496328e-02 -3.272101802431710560e-01
1.006842619745843270e-01 -3.299906933587372082e-01
1.016617790811336908e-01 -3.327589386957500728e-01
1.026392961876830545e-01 -3.355148117014406517e-01
1.036168132942324183e-01 -3.382582082897636067e-01
1.045943304007817820e-01 -3.409890248453224526e-01
1.055718475073311458e-01 -3.437071582272783754e-01
1.065493646138805095e-01 -3.464125057732396207e-01
1.075268817204298732e-01 -3.491049653031366717e-01
1.085043988269792370e-01 -3.517844351230755007e-01
1.094819159335286007e-01 -3.544508140291746101e-01
1.104594330400779506e-01 -3.571040013113793710e-01
1.114369501466273144e-01 -3.597438967572665902e-01
1.124144672531766781e-01 -3.623704006558208790e-01
1.133919843597260418e-01 -3.649834138011979201e-01
1.143695014662754056e-01 -3.675828374964644762e-01
1.153470185728247693e-01 -3.701685735573251868e-01
1.163245356793741331e-01 -3.727405243158227743e-01
1.173020527859234968e-01 -3.752985926240258174e-01
1.182795698924728606e-01 -3.778426818576889334e-01
1.192570869990222243e-01 -3.803726959199028590e-01
1.202346041055715742e-01 -3.828885392447159419e-01
1.212121212121209379e-01 -3.853901168007413114e-01
1.221896383186703017e-01 -3.878773340947388459e-01
1.231671554252196654e-01 -3.903500971751836524e-01
1.241446725317690292e-01 -3.928083126358073995e-01
1.251221896383183929e-01 -3.952518876191243313e-01
1.260997067448677567e-01 -3.976807298199279694e-01
1.270772238514171204e-01 -4.000947474887825983e-01
1.280547409579664841e-01 -4.024938494354772245e-01
1.290322580645158479e-01 -4.048779450324689333e-01
1.300097751710652116e-01 -4.072469442182987120e-01
1.309872922776145754e-01 -4.096007575009925072e-01
1.319648093841639391e-01 -4.119392959614335825e-01
1.329423264907133029e-01 -4.142624712567206657e-01
1.339198435972626666e-01 -4.165701956234955650e-01
1.348973607038120304e-01 -4.188623818812587385e-01
1.358748778103613664e-01 -4.211389434356551664e-01
1.368523949169107301e-01 -4.233997942817422921e-01
1.378299120234600939e-01 -4.256448490072323732e-01
1.388074291300094576e-01 -4.278740227957173459e-01
1.397849462365588213e-01 -4.300872314298664345e-01
1.407624633431081851e-01 -4.322843912946046085e-01
1.417399804496575488e-01 -4.344654193802630071e-01
1.427174975562069126e-01 -4.366302332857158741e-01
1.436950146627562763e-01 -4.387787512214850749e-01
1.446725317693056401e-01 -4.409108920128274600e-01
1.456500488758550038e-01 -4.430265751027943066e-01
1.466275659824043676e-01 -4.451257205552742180e-01
1.476050830889537313e-01 -4.472082490580044367e-01
1.485826001955030951e-01 -4.492740819255666151e-01
1.495601173020524588e-01 -4.513231411023509998e-01
1.505376344086018225e-01 -4.533553491655047396e-01
1.515151515151511863e-01 -4.553706293278499406e-01
1.524926686217005500e-01 -4.573689054407820143e-01
1.534701857282499138e-01 -4.593501019971401589e-01
1.544477028347992775e-01 -4.613141441340581905e-01
1.554252199413486413e-01 -4.632609576357866188e-01
1.564027370478979773e-01 -4.651904689364945167e-01
1.573802541544473410e-01 -4.671026051230403597e-01
1.583577712609967048e-01 -4.689972939377280992e-01
1.593352883675460685e-01 -4.708744637810290401e-01
1.603128054740954322e-01 -4.727340437142845131e-01
1.612903225806447960e-01 -4.745759634623804013e-01
1.622678396871941597e-01 -4.764001534164003515e-01
1.632453567937435235e-01 -4.782065446362492867e-01
1.642228739002928872e-01 -4.799950688532563792e-01
1.652003910068422510e-01 -4.817656584727477154e-01
1.661779081133916147e-01 -4.835182465765982540e-01
1.671554252199409785e-01 -4.852527669257558074e-01
1.681329423264903422e-01 -4.869691539627392651e-01
1.691104594330397060e-01 -4.886673428141112274e-01
1.700879765395890697e-01 -4.903472692929266574e-01
1.710654936461384334e-01 -4.920088699011530564e-01
1.720430107526877972e-01 -4.936520818320667692e-01
1.730205278592371609e-01 -4.952768429726196464e-01
1.739980449657865247e-01 -4.968830919057866669e-01
1.749755620723358884e-01 -4.984707679128784208e-01
1.759530791788852522e-01 -5.000398109758346088e-01
1.769305962854346159e-01 -5.015901617794855660e-01
1.779081133919839519e-01 -5.031217617137928588e-01
1.788856304985333157e-01 -5.046345528760565191e-01
1.798631476050826794e-01 -5.061284780731035715e-01
1.808406647116320431e-01 -5.076034808234413109e-01
1.818181818181814069e-01 -5.090595053593910402e-01
1.827956989247307706e-01 -5.104964966291900552e-01
1.837732160312801344e-01 -5.119144002990703157e-01
1.847507331378294981e-01 -5.133131627553046972e-01
1.857282502443788619e-01 -5.146927311062331478e-01
1.867057673509282256e-01 -5.160530531842557611e-01
1.876832844574775894e-01 -5.173940775478022003e-01
1.886608015640269531e-01 -5.187157534832685934e-01
1.896383186705763169e-01 -5.200180310069365541e-01
1.906158357771256806e-01 -5.213008608668532329e-01
1.915933528836750444e-01 -5.225641945446928283e-01
1.925708699902244081e-01 -5.238079842575844580e-01
1.935483870967737718e-01 -5.250321829599170487e-01
1.945259042033231356e-01 -5.262367443451108073e-01
1.955034213098724993e-01 -5.274216228473680435e-01
1.964809384164218631e-01 -5.285867736433881303e-01
1.974584555229712268e-01 -5.297321526540615944e-01
1.984359726295205628e-01 -5.308577165461308978e-01
1.994134897360699266e-01 -5.319634227338260191e-01
2.003910068426192903e-01 -5.330492293804700576e-01
2.013685239491686541e-01 -5.341150954000584150e-01
2.023460410557180178e-01 -5.351609804588083330e-01
2.033235581622673815e-01 -5.361868449766810096e-01
2.043010752688167453e-01 -5.371926501288721845e-01
2.052785923753661090e-01 -5.381783578472805196e-01
2.062561094819154728e-01 -5.391439308219405646e-01
2.072336265884648365e-01 -5.400893325024320735e-01
2.082111436950142003e-01 -5.410145270992573474e-01
2.091886608015635640e-01 -5.419194795851929314e-01
2.101661779081129278e-01 -5.428041556966087811e-01
2.111436950146622915e-01 -5.436685219347637821e-01
2.121212121212116553e-01 -5.445125455670658532e-01
2.130987292277610190e-01 -5.453361946283102890e-01
2.140762463343103827e-01 -5.461394379218825756e-01
2.150537634408597465e-01 -5.469222450209376696e-01
2.160312805474091102e-01 -5.476845862695456368e-01
2.170087976539584740e-01 -5.484264327838117570e-01
2.179863147605078377e-01 -5.491477564529659849e-01
2.189638318670572015e-01 -5.498485299404232141e-01
2.199413489736065375e-01 -5.505287266848136740e-01
2.209188660801559012e-01 -5.511883209009866835e-01
2.218963831867052650e-01 -5.518272875809809852e-01
2.228739002932546287e-01 -5.524456024949706556e-01
2.238514173998039924e-01 -5.530432421921774866e-01
2.248289345063533562e-01 -5.536201840017562770e-01
2.258064516129027199e-01 -5.541764060336485942e-01
2.267839687194520837e-01 -5.547118871794119999e-01
2.277614858260014474e-01 -5.552266071130124159e-01
2.287390029325508112e-01 -5.557205462915925098e-01
2.297165200391001749e-01 -5.561936859562098823e-01
2.306940371456495387e-01 -5.566460081325436127e-01
2.316715542521989024e-01 -5.570774956315714954e-01
2.326490713587482662e-01 -5.574881320502206306e-01
2.336265884652976299e-01 -5.578779017719844857e-01
2.346041055718469936e-01 -5.582467899675126466e-01
2.355816226783963574e-01 -5.585947825951700363e-01
2.365591397849457211e-01 -5.589218664015667137e-01
2.375366568914950849e-01 -5.592280289220578071e-01
2.385141739980444486e-01 -5.595132584812135823e-01
2.394916911045938124e-01 -5.597775441932600904e-01
2.404692082111431484e-01 -5.600208759624902832e-01
2.414467253176925121e-01 -5.602432444836430436e-01
2.424242424242418759e-01 -5.604446412422569024e-01
2.434017595307912396e-01 -5.606250585149884502e-01
2.443792766373406034e-01 -5.607844893699061029e-01
2.453567937438899671e-01 -5.609229276667498931e-01
2.463343108504393308e-01 -5.610403680571643958e-01
2.473118279569886946e-01 -5.611368059848985679e-01
2.482893450635380583e-01 -5.612122376859802753e-01
2.492668621700874221e-01 -5.612666601888559592e-01
2.502443792766367858e-01 -5.613000713145039899e-01
2.512218963831861496e-01 -5.613124696765162680e-01
2.521994134897355133e-01 -5.613038546811517371e-01
2.531769305962848771e-01 -5.612742265273563680e-01
2.541544477028342408e-01 -5.612235862067580516e-01
2.551319648093836046e-01 -5.611519355036279633e-01
2.561094819159329683e-01 -5.610592769948140601e-01
2.570869990224823320e-01 -5.609456140496419385e-01
2.580645161290316958e-01 -5.608109508297912660e-01
2.590420332355810595e-01 -5.606552922891349100e-01
2.600195503421304233e-01 -5.604786441735547520e-01
2.609970674486797870e-01 -5.602810130207234174e-01
2.619745845552291508e-01 -5.600624061598586945e-01
2.629521016617785145e-01 -5.598228317114466446e-01
2.639296187683278783e-01 -5.595622985869349586e-01
2.649071358748772420e-01 -5.592808164883968924e-01
2.658846529814266058e-01 -5.589783959081662257e-01
2.668621700879759695e-01 -5.586550481284398018e-01
2.678396871945253332e-01 -5.583107852208538668e-01
2.688172043010746970e-01 -5.579456200460259918e-01
2.697947214076240607e-01 -5.575595662530732355e-01
2.707722385141734245e-01 -5.571526382790946696e-01
2.717497556207227327e-01 -5.567248513486284800e-01
2.727272727272720965e-01 -5.562762214730752053e-01
2.737047898338214602e-01 -5.558067654500974397e-01
2.746823069403708240e-01 -5.553165008629828980e-01
2.756598240469201877e-01 -5.548054460799829446e-01
2.766373411534695514e-01 -5.542736202536181489e-01
2.776148582600189152e-01 -5.537210433199578619e-01
2.785923753665682789e-01 -5.531477359978667074e-01
2.795698924731176427e-01 -5.525537197882230966e-01
2.805474095796670064e-01 -5.519390169731083207e-01
2.815249266862163702e-01 -5.513036506149660010e-01
2.825024437927657339e-01 -5.506476445557331179e-01
2.834799608993150977e-01 -5.499710234159385092e-01
2.844574780058644614e-01 -5.492738125937760563e-01
2.854349951124138252e-01 -5.485560382641448962e-01
2.864125122189631889e-01 -5.478177273776643208e-01
2.873900293255125526e-01 -5.470589076596544809e-01
2.883675464320619164e-01 -5.462796076090918884e-01
2.893450635386112801e-01 -5.454798564975348318e-01
2.903225806451606439e-01 -5.446596843680185929e-01
2.913000977517100076e-01 -5.438191220339211318e-01
2.922776148582593714e-01 -5.429582010778025714e-01
2.932551319648087351e-01 -5.420769538502120399e-01
2.942326490713580989e-01 -5.411754134684693129e-01
2.952101661779074626e-01 -5.402536138154135914e-01
2.961876832844568264e-01 -5.393115895381257463e-01
2.971652003910061901e-01 -5.383493760466223632e-01
2.981427174975555539e-01 -5.373670095125194779e-01
2.991202346041049176e-01 -5.363645268676678901e-01
3.000977517106542813e-01 -5.353419658027587236e-01
3.010752688172036451e-01 -5.342993647659041168e-01
3.020527859237530088e-01 -5.332367629611854953e-01
3.030303030303023726e-01 -5.321542003471746440e-01
3.040078201368517363e-01 -5.310517176354258018e-01
3.049853372434011001e-01 -5.299293562889416664e-01
3.059628543499504638e-01 -5.287871585206077585e-01
3.069403714564998276e-01 -5.276251672916002500e-01
3.079178885630491913e-01 -5.264434263097654831e-01
3.088954056695985551e-01 -5.252419800279719553e-01
3.098729227761479188e-01 -5.240208736424317726e-01
3.108504398826972825e-01 -5.227801530909973460e-01
3.118279569892466463e-01 -5.215198650514273337e-01
3.128054740957959545e-01 -5.202400569396253838e-01
3.137829912023453183e-01 -5.189407769078554500e-01
3.147605083088946820e-01 -5.176220738429190282e-01
3.157380254154440458e-01 -5.162839973643151836e-01
3.167155425219934095e-01 -5.149265978223677154e-01
3.176930596285427733e-01 -5.135499262963261202e-01
3.186705767350921370e-01 -5.121540345924385784e-01
3.196480938416415007e-01 -5.107389752419960738e-01
3.206256109481908645e-01 -5.093048014993541983e-01
3.216031280547402282e-01 -5.078515673399212060e-01
3.225806451612895920e-01 -5.063793274581227521e-01
3.235581622678389557e-01 -5.048881372653389876e-01
3.245356793743883195e-01 -5.033780528878142313e-01
3.255131964809376832e-01 -5.018491311645396635e-01
3.264907135874870470e-01 -5.003014296451090415e-01
3.274682306940364107e-01 -4.987350065875472138e-01
3.284457478005857745e-01 -4.971499209561132671e-01
3.294232649071351382e-01 -4.955462324190774703e-01
3.304007820136845019e-01 -4.939240013464671897e-01
3.313782991202338657e-01 -4.922832888077913194e-01
3.323558162267832294e-01 -4.906241565697375129e-01
3.333333333333325932e-01 -4.889466670938403259e-01
3.343108504398819569e-01 -4.872508835341265998e-01
3.352883675464313207e-01 -4.855368697347312579e-01
3.362658846529806844e-01 -4.838046902274906191e-01
3.372434017595300482e-01 -4.820544102295071243e-01
3.382209188660794119e-01 -4.802860956406903581e-01
3.391984359726287757e-01 -4.784998130412682626e-01
3.401759530791781394e-01 -4.766956296892790323e-01
3.411534701857275032e-01 -4.748736135180320339e-01
3.421309872922768669e-01 -4.730338331335448010e-01
3.431085043988262306e-01 -4.711763578119561591e-01
3.440860215053755944e-01 -4.693012574969116502e-01
3.450635386119249581e-01 -4.674086027969276969e-01
3.460410557184743219e-01 -4.654984649827243470e-01
3.470185728250236856e-01 -4.635709159845388672e-01
3.479960899315730494e-01 -4.616260283894116911e-01
3.489736070381224131e-01 -4.596638754384496650e-01
3.499511241446717769e-01 -4.576845310240609810e-01
3.509286412512211406e-01 -4.556880696871681291e-01
3.519061583577705044e-01 -4.536745666143980893e-01
3.528836754643198681e-01 -4.516440976352439907e-01
3.538611925708692318e-01 -4.495967392192046774e-01
3.548387096774185401e-01 -4.475325684729007381e-01
3.558162267839679038e-01 -4.454516631371654434e-01
3.567937438905172676e-01 -4.433541015841130917e-01
3.577712609970666313e-01 -4.412399628141808194e-01
3.587487781036159951e-01 -4.391093264531494844e-01
3.597262952101653588e-01 -4.369622727491397352e-01
3.607038123167147226e-01 -4.347988825695862092e-01
3.616813294232640863e-01 -4.326192373981845307e-01
3.626588465298134500e-01 -4.304234193318181023e-01
3.636363636363628138e-01 -4.282115110774621369e-01
3.646138807429121775e-01 -4.259835959490643198e-01
3.655913978494615413e-01 -4.237397578643998242e-01
3.665689149560109050e-01 -4.214800813419062875e-01
3.675464320625602688e-01 -4.192046514974967497e-01
3.685239491691096325e-01 -4.169135540413480556e-01
3.695014662756589963e-01 -4.146068752746672748e-01
3.704789833822083600e-01 -4.122847020864363610e-01
3.714565004887577238e-01 -4.099471219501344410e-01
3.724340175953070875e-01 -4.075942229204388423e-01
3.734115347018564512e-01 -4.052260936299020289e-01
3.743890518084058150e-01 -4.028428232856087199e-01
3.753665689149551787e-01 -4.004445016658093603e-01
3.763440860215045425e-01 -3.980312191165394364e-01
3.773216031280539062e-01 -3.956030665482026532e-01
3.782991202346032700e-01 -3.931601354321458408e-01
3.792766373411526337e-01 -3.907025177972089369e-01
3.802541544477019975e-01 -3.882303062262531523e-01
3.812316715542513612e-01 -3.857435938526671548e-01
3.822091886608007250e-01 -3.832424743568537129e-01
3.831867057673500887e-01 -3.807270419626978541e-01
3.841642228738994524e-01 -3.781973914340111542e-01
3.851417399804488162e-01 -3.756536180709562078e-01
3.861192570869981799e-01 -3.730958177064524484e-01
3.870967741935475437e-01 -3.705240867025612062e-01
3.880742913000969074e-01 -3.679385219468508939e-01
3.890518084066462712e-01 -3.653392208487407089e-01
3.900293255131956349e-01 -3.627262813358274607e-01
3.910068426197449987e-01 -3.600998018501895825e-01
3.919843597262943624e-01 -3.574598813446782652e-01
3.929618768328437262e-01 -3.548066192791782814e-01
3.939393939393930899e-01 -3.521401156168597613e-01
3.949169110459424537e-01 -3.494604708204065435e-01
3.958944281524918174e-01 -3.467677858482276498e-01
3.968719452590411256e-01 -3.440621621506466665e-01
3.978494623655904894e-01 -3.413437016660750278e-01
3.988269794721398531e-01 -3.386125068171682573e-01
3.998044965786892169e-01 -3.358686805069617254e-01
4.007820136852385806e-01 -3.331123261149874226e-01
4.017595307917879444e-01 -3.303435474933750782e-01
4.027370478983373081e-01 -3.275624489629347935e-01
4.037145650048866719e-01 -3.247691353092226896e-01
4.046920821114360356e-01 -3.219637117785852931e-01
4.056695992179853993e-01 -3.191462840741913776e-01
4.066471163245347631e-01 -3.163169583520434314e-01
4.076246334310841268e-01 -3.134758412169768027e-01
4.086021505376334906e-01 -3.106230397186318659e-01
4.095796676441828543e-01 -3.077586613474201926e-01
4.105571847507322181e-01 -3.048828140304682410e-01
4.115347018572815818e-01 -3.019956061275478887e-01
4.125122189638309456e-01 -2.990971464269858160e-01
4.134897360703803093e-01 -2.961875441415610100e-01
4.144672531769296731e-01 -2.932669089043857813e-01
4.154447702834790368e-01 -2.903353507647697396e-01
4.164222873900284005e-01 -2.873929801840667819e-01
4.173998044965777643e-01 -2.844399080315100359e-01
4.183773216031271280e-01 -2.814762455800282059e-01
4.193548387096764918e-01 -2.785021045020500963e-01
4.203323558162258555e-01 -2.755175968652892604e-01
4.213098729227752193e-01 -2.725228351285177708e-01
4.222873900293245830e-01 -2.695179321373232795e-01
4.232649071358739468e-01 -2.665030011198560311e-01
4.242424242424233105e-01 -2.634781556825507853e-01
4.252199413489726743e-01 -2.604435098058456854e-01
4.261974584555220380e-01 -2.573991778398813657e-01
4.271749755620714017e-01 -2.543452745001888449e-01
4.281524926686207655e-01 -2.512819148633598232e-01
4.291300097751701292e-01 -2.482092143627062097e-01
4.301075268817194930e-01 -2.451272887839062720e-01
4.310850439882688567e-01 -2.420362542606379341e-01
4.320625610948182205e-01 -2.389362272701949785e-01
4.330400782013675842e-01 -2.358273246290949476e-01
4.340175953079169480e-01 -2.327096634886722804e-01
4.349951124144663117e-01 -2.295833613306599852e-01
4.359726295210156755e-01 -2.264485359627556316e-01
4.369501466275650392e-01 -2.233053055141787924e-01
4.379276637341144029e-01 -2.201537884312126936e-01
4.389051808406637112e-01 -2.169941034727436990e-01
4.398826979472130749e-01 -2.138263697057699309e-01
4.408602150537624387e-01 -2.106507065009168844e-01
4.418377321603118024e-01 -2.074672335279325319e-01
4.428152492668611662e-01 -2.042760707511750151e-01
4.437927663734105299e-01 -2.010773384250839624e-01
4.447702834799598937e-01 -1.978711570896456717e-01
4.457478005865092574e-01 -1.946576475658462757e-01
4.467253176930586211e-01 -1.914369309511148587e-01
4.477028347996079849e-01 -1.882091286147525300e-01
4.486803519061573486e-01 -1.849743621933561954e-01
4.496578690127067124e-01 -1.817327535862290622e-01
4.506353861192560761e-01 -1.784844249507842318e-01
4.516129032258054399e-01 -1.752294986979330560e-01
4.525904203323548036e-01 -1.719680974874701618e-01
4.535679374389041674e-01 -1.687003442234440986e-01
4.545454545454535311e-01 -1.654263620495264042e-01
4.555229716520028949e-01 -1.621462743443581322e-01
4.565004887585522586e-01 -1.588602047169011267e-01
4.574780058651016224e-01 -1.555682770017734751e-01
4.584555229716509861e-01 -1.522706152545796054e-01
4.594330400782003498e-01 -1.489673437472280593e-01
4.604105571847497136e-01 -1.456585869632447128e-01
4.613880742912990773e-01 -1.423444695930770609e-01
4.623655913978484411e-01 -1.390251165293916458e-01
4.633431085043978048e-01 -1.357006528623600772e-01
4.643206256109471686e-01 -1.323712038749419173e-01
4.652981427174965323e-01 -1.290368950381580171e-01
4.662756598240458961e-01 -1.256978520063593285e-01
4.672531769305952598e-01 -1.223542006124834630e-01
4.682306940371446236e-01 -1.190060668633101948e-01
4.692082111436939873e-01 -1.156535769347061815e-01
4.701857282502433510e-01 -1.122968571668707949e-01
4.711632453567927148e-01 -1.089360340595617316e-01
4.721407624633420785e-01 -1.055712342673284371e-01
4.731182795698914423e-01 -1.022025845947329148e-01
4.740957966764408060e-01 -9.883021199156821757e-02
4.750733137829901698e-01 -9.545424354806586464e-02
4.760508308895395335e-01 -9.207480649010399421e-02
4.770283479960888973e-01 -8.869202817440743902e-02
4.780058651026382610e-01 -8.530603608374502655e-02
4.789833822091876248e-01 -8.191695782211712296e-02
4.799608993157369330e-01 -7.852492110994482855e-02
4.809384164222862967e-01 -7.513005377925043027e-02
4.819159335288356605e-01 -7.173248376883761823e-02
4.828934506353850242e-01 -6.833233911946159922e-02
4.838709677419343880e-01 -6.492974796900172207e-02
4.848484848484837517e-01 -6.152483854762537396e-02
4.858260019550331155e-01 -5.811773917295622038e-02
4.868035190615824792e-01 -5.470857824522576407e-02
4.877810361681318430e-01 -5.129748424243498611e-02
4.887585532746812067e-01 -4.788458571550567588e-02
4.897360703812305704e-01 -4.447001128343391202e-02
4.907135874877799342e-01 -4.105388962843400241e-02
4.916911045943292979e-01 -3.763634949108692063e-02
4.926686217008786617e-01 -3.421751966548261525e-02
4.936461388074280254e-01 -3.079752899436382502e-02
4.946236559139773892e-01 -2.737650636426213618e-02
4.956011730205267529e-01 -2.395458070063839762e-02
4.965786901270761167e-01 -2.053188096301808430e-02
4.975562072336254804e-01 -1.710853614012897150e-02
4.985337243401748442e-01 -1.368467524503150234e-02
4.995112414467242079e-01 -1.026042731025459190e-02
5.004887585532735716e-01 -6.835921382924909674e-03
5.014662756598229354e-01 -3.411286519909389765e-03
5.024437927663722991e-01 1.334821706928859125e-05
5.034213098729216629e-01 3.437853766290540833e-03
5.043988269794710266e-01 6.862101070907584283e-03
5.053763440860203904e-01 1.028596108381372477e-02
5.063538611925697541e-01 1.370930477251391423e-02
5.073313782991191179e-01 1.713200312398987027e-02
5.083088954056684816e-01 2.055392714956789935e-02
5.092864125122178454e-01 2.397494788978251148e-02
5.102639296187672091e-01 2.739493641924477252e-02
5.112414467253165729e-01 3.081376385150333408e-02
5.122189638318659366e-01 3.423130134390746371e-02
5.131964809384153003e-01 3.764742010246521775e-02
5.141739980449646641e-01 4.106199138670548615e-02
5.151515151515140278e-01 4.447488651453204711e-02
5.161290322580633916e-01 4.788597686707980750e-02
5.171065493646127553e-01 5.129513389356109981e-02
5.180840664711621191e-01 5.470222911612362265e-02
5.190615835777114828e-01 5.810713413469117961e-02
5.200391006842608466e-01 6.150972063180935173e-02
5.210166177908102103e-01 6.490986037748369686e-02
5.219941348973595741e-01 6.830742523402068278e-02
5.229716520039089378e-01 7.170228716085882970e-02
5.239491691104583015e-01 7.509431821940004692e-02
5.249266862170076653e-01 7.848339057783348949e-02
5.259042033235570290e-01 8.186937651596157273e-02
5.268817204301063928e-01 8.525214843001516218e-02
5.278592375366557565e-01 8.863157883746869414e-02
5.288367546432051203e-01 9.200754038184666417e-02
5.298142717497544840e-01 9.537990583753164220e-02
5.307917888563038478e-01 9.874854811456108827e-02
5.317693059628532115e-01 1.021133402634235715e-01
5.327468230694025753e-01 1.054741554798421244e-01
5.337243401759519390e-01 1.088308671095663122e-01
5.347018572825013027e-01 1.121833486531439578e-01
5.356793743890506665e-01 1.155314737706954059e-01
5.366568914956000302e-01 1.188751162866770739e-01
5.376344086021493940e-01 1.222141501946447245e-01
5.386119257086987577e-01 1.255484496620042079e-01
5.395894428152481215e-01 1.288778890347598571e-01
5.405669599217974852e-01 1.322023428422518243e-01
5.415444770283468490e-01 1.355216858018928883e-01
5.425219941348961017e-01 1.388357928238921901e-01
5.434995112414454654e-01 1.421445390159751243e-01
5.444770283479948292e-01 1.454477996880923218e-01
5.454545454545441929e-01 1.487454503571268016e-01
5.464320625610935567e-01 1.520373667515876881e-01
5.474095796676429204e-01 1.553234248162996822e-01
5.483870967741922842e-01 1.586035007170781275e-01
5.493646138807416479e-01 1.618774708454077116e-01
5.503421309872910117e-01 1.651452118231001853e-01
5.513196480938403754e-01 1.684066005069509153e-01
5.522971652003897391e-01 1.716615139933812262e-01
5.532746823069391029e-01 1.749098296230791050e-01
5.542521994134884666e-01 1.781514249856226695e-01
5.552297165200378304e-01 1.813861779241006111e-01
5.562072336265871941e-01 1.846139665397163176e-01
5.571847507331365579e-01 1.878346691963912740e-01
5.581622678396859216e-01 1.910481645253502003e-01
5.591397849462352854e-01 1.942543314297011103e-01
5.601173020527846491e-01 1.974530490890008816e-01
5.610948191593340129e-01 2.006441969638166900e-01
5.620723362658833766e-01 2.038276548002707356e-01
5.630498533724327404e-01 2.070033026345788618e-01
5.640273704789821041e-01 2.101710207975684974e-01
5.650048875855314678e-01 2.133306899192045358e-01
5.659824046920808316e-01 2.164821909330846283e-01
5.669599217986301953e-01 2.196254050809328118e-01
5.679374389051795591e-01 2.227602139170777595e-01
5.689149560117289228e-01 2.258864993129242049e-01
5.698924731182782866e-01 2.290041434614062121e-01
5.708699902248276503e-01 2.321130288814333420e-01
5.718475073313770141e-01 2.352130384223194703e-01
5.728250244379263778e-01 2.383040552682054725e-01
5.738025415444757416e-01 2.413859629424641162e-01
5.747800586510251053e-01 2.444586453120943526e-01
5.757575757575744690e-01 2.475219865921005069e-01
5.767350928641238328e-01 2.505758713498631995e-01
5.777126099706731965e-01 2.536201845094916973e-01
5.786901270772225603e-01 2.566548113561664679e-01
5.796676441837719240e-01 2.596796375404618051e-01
5.806451612903212878e-01 2.626945490826670393e-01
5.816226783968706515e-01 2.656994323770807132e-01
5.826001955034200153e-01 2.686941741962988739e-01
5.835777126099693790e-01 2.716786616954827704e-01
5.845552297165187428e-01 2.746527824166206111e-01
5.855327468230681065e-01 2.776164242927660619e-01
5.865102639296174702e-01 2.805694756522681965e-01
5.874877810361668340e-01 2.835118252229808511e-01
5.884652981427161977e-01 2.864433621364646521e-01
5.894428152492655615e-01 2.893639759321651184e-01
5.904203323558149252e-01 2.922735565615833253e-01
5.913978494623642890e-01 2.951719943924226430e-01
5.923753665689136527e-01 2.980591802127292578e-01
5.933528836754630165e-01 3.009350052350089899e-01
5.943304007820123802e-01 3.037993611003334538e-01
5.953079178885617440e-01 3.066521398824220146e-01
5.962854349951111077e-01 3.094932340917213587e-01
5.972629521016604714e-01 3.123225366794548652e-01
5.982404692082098352e-01 3.151399410416623192e-01
5.992179863147591989e-01 3.179453410232201405e-01
6.001955034213085627e-01 3.207386309218481779e-01
6.011730205278579264e-01 3.235197054920951887e-01
6.021505376344072902e-01 3.262884599493108273e-01
6.031280547409566539e-01 3.290447899735951531e-01
6.041055718475060177e-01 3.317885917137377572e-01
6.050830889540553814e-01 3.345197617911332966e-01
6.060606060606047452e-01 3.372381973036819858e-01
6.070381231671541089e-01 3.399437958296695483e-01
6.080156402737034727e-01 3.426364554316338462e-01
6.089931573802528364e-01 3.453160746602080278e-01
6.099706744868022001e-01 3.479825525579496870e-01
6.109481915933515639e-01 3.506357886631444321e-01
6.119257086999009276e-01 3.532756830136025705e-01
6.129032258064502914e-01 3.559021361504245973e-01
6.138807429129996551e-01 3.585150491217560242e-01
6.148582600195490189e-01 3.611143234865173968e-01
6.158357771260983826e-01 3.636998613181215423e-01
6.168132942326477464e-01 3.662715652081636741e-01
6.177908113391971101e-01 3.688293382700999490e-01
6.187683284457464739e-01 3.713730841428975471e-01
6.197458455522958376e-01 3.739027069946746495e-01
6.207233626588452013e-01 3.764181115263120492e-01
6.217008797653945651e-01 3.789192029750504398e-01
6.226783968719439288e-01 3.814058871180620591e-01
6.236559139784932926e-01 3.838780702760089536e-01
6.246334310850426563e-01 3.863356593165740982e-01
6.256109481915919091e-01 3.887785616579771952e-01
6.265884652981412728e-01 3.912066852724606081e-01
6.275659824046906365e-01 3.936199386897708541e-01
6.285434995112400003e-01 3.960182310006017947e-01
6.295210166177893640e-01 3.984014718600273341e-01
6.304985337243387278e-01 4.007695714909065843e-01
6.314760508308880915e-01 4.031224406872742638e-01
6.324535679374374553e-01 4.054599908177026202e-01
6.334310850439868190e-01 4.077821338286478081e-01
6.344086021505361828e-01 4.100887822477676248e-01
6.353861192570855465e-01 4.123798491872254224e-01
6.363636363636349103e-01 4.146552483469652106e-01
6.373411534701842740e-01 4.169148940179682739e-01
6.383186705767336377e-01 4.191587010854847528e-01
6.392961876832830015e-01 4.213865850322469631e-01
6.402737047898323652e-01 4.235984619416557906e-01
6.412512218963817290e-01 4.257942485009478251e-01
6.422287390029310927e-01 4.279738620043343489e-01
6.432062561094804565e-01 4.301372203561269481e-01
6.441837732160298202e-01 4.322842420738302605e-01
6.451612903225791840e-01 4.344148462912179043e-01
6.461388074291285477e-01 4.365289527613803733e-01
6.471163245356779115e-01 4.386264818597561677e-01
6.480938416422272752e-01 4.407073545871311171e-01
6.490713587487766389e-01 4.427714925726228268e-01
6.500488758553260027e-01 4.448188180766325384e-01
6.510263929618753664e-01 4.468492539937816699e-01
6.520039100684247302e-01 4.488627238558179910e-01
6.529814271749740939e-01 4.508591518345019811e-01
6.539589442815234577e-01 4.528384627444649868e-01
6.549364613880728214e-01 4.548005820460479520e-01
6.559139784946221852e-01 4.567454358481117249e-01
6.568914956011715489e-01 4.586729509108260494e-01
6.578690127077209127e-01 4.605830546484285248e-01
6.588465298142702764e-01 4.624756751319681336e-01
6.598240469208196401e-01 4.643507410920150180e-01
6.608015640273690039e-01 4.662081819213501621e-01
6.617790811339183676e-01 4.680479276776280395e-01
6.627565982404677314e-01 4.698699090860167238e-01
6.637341153470170951e-01 4.716740575418090775e-01
6.647116324535664589e-01 4.734603051130134022e-01
6.656891495601158226e-01 4.752285845429124467e-01
6.666666666666651864e-01 4.769788292526035978e-01
6.676441837732145501e-01 4.787109733435095382e-01
6.686217008797639139e-01 4.804249515998639253e-01
6.695992179863132776e-01 4.821206994911707011e-01
6.705767350928626414e-01 4.837981531746403108e-01
6.715542521994120051e-01 4.854572494975964436e-01
6.725317693059613688e-01 4.870979259998599042e-01
6.735092864125107326e-01 4.887201209161013971e-01
6.744868035190600963e-01 4.903237731781767139e-01
6.754643206256094601e-01 4.919088224174256729e-01
6.764418377321588238e-01 4.934752089669526831e-01
6.774193548387081876e-01 4.950228738638746684e-01
6.783968719452575513e-01 4.965517588515490077e-01
6.793743890518069151e-01 4.980618063817665031e-01
6.803519061583562788e-01 4.995529596169273612e-01
6.813294232649056426e-01 5.010251624321806485e-01
6.823069403714550063e-01 5.024783594175449286e-01
6.832844574780043700e-01 5.039124958799958698e-01
6.842619745845537338e-01 5.053275178455327588e-01
6.852394916911030975e-01 5.067233720612098757e-01
6.862170087976524613e-01 5.081000059971499949e-01
6.871945259042018250e-01 5.094573678485232460e-01
6.881720430107511888e-01 5.107954065375027719e-01
6.891495601173005525e-01 5.121140717151885235e-01
6.901270772238499163e-01 5.134133137635122912e-01
6.911045943303992800e-01 5.146930837971031014e-01
6.920821114369486438e-01 5.159533336651365154e-01
6.930596285434980075e-01 5.171940159531471792e-01
6.940371456500473712e-01 5.184150839848203907e-01
6.950146627565967350e-01 5.196164918237498043e-01
6.959921798631460987e-01 5.207981942751740423e-01
6.969696969696954625e-01 5.219601468876781114e-01
6.979472140762448262e-01 5.231023059548721710e-01
6.989247311827941900e-01 5.242246285170401032e-01
6.999022482893435537e-01 5.253270723627595506e-01
7.008797653958929175e-01 5.264095960304939759e-01
7.018572825024422812e-01 5.274721588101578540e-01
7.028347996089916450e-01 5.285147207446517781e-01
7.038123167155410087e-01 5.295372426313701419e-01
7.047898338220903725e-01 5.305396860236779588e-01
7.057673509286397362e-01 5.315220132323643654e-01
7.067448680351890999e-01 5.324841873270624859e-01
7.077223851417384637e-01 5.334261721376429843e-01
7.086999022482878274e-01 5.343479322555776401e-01
7.096774193548370802e-01 5.352494330352772778e-01
7.106549364613864439e-01 5.361306405953958354e-01
7.116324535679358076e-01 5.369915218201110063e-01
7.126099706744851714e-01 5.378320443603712420e-01
7.135874877810345351e-01 5.386521766351187734e-01
7.145650048875838989e-01 5.394518878324777722e-01
7.155425219941332626e-01 5.402311479109198622e-01
7.165200391006826264e-01 5.409899276003942159e-01
7.174975562072319901e-01 5.417281984034343356e-01
7.184750733137813539e-01 5.424459325962313061e-01
7.194525904203307176e-01 5.431431032296816230e-01
7.204301075268800814e-01 5.438196841304007156e-01
7.214076246334294451e-01 5.444756499017133766e-01
7.223851417399788089e-01 5.451109759246098863e-01
7.233626588465281726e-01 5.457256383586754911e-01
7.243401759530775363e-01 5.463196141429899066e-01
7.253176930596269001e-01 5.468928809969966220e-01
7.262952101661762638e-01 5.474454174213428947e-01
7.272727272727256276e-01 5.479772026986936551e-01
7.282502443792749913e-01 5.484882168945089953e-01
7.292277614858243551e-01 5.489784408577985664e-01
7.302052785923737188e-01 5.494478562218439999e-01
7.311827956989230826e-01 5.498964454048912431e-01
7.321603128054724463e-01 5.503241916108131404e-01
7.331378299120218101e-01 5.507310788297447024e-01
7.341153470185711738e-01 5.511170918386855133e-01
7.350928641251205375e-01 5.514822162020750485e-01
7.360703812316699013e-01 5.518264382723361283e-01
7.370478983382192650e-01 5.521497451903909504e-01
7.380254154447686288e-01 5.524521248861452571e-01
7.390029325513179925e-01 5.527335660789437499e-01
7.399804496578673563e-01 5.529940582779965252e-01
7.409579667644167200e-01 5.532335917827744254e-01
7.419354838709660838e-01 5.534521576833729695e-01
7.429130009775154475e-01 5.536497478608525258e-01
7.438905180840648113e-01 5.538263549875405145e-01
7.448680351906141750e-01 5.539819725273102957e-01
7.458455522971635387e-01 5.541165947358271948e-01
7.468230694037129025e-01 5.542302166607647740e-01
7.478005865102622662e-01 5.543228341419915717e-01
7.487781036168116300e-01 5.543944438117289764e-01
7.497556207233609937e-01 5.544450430946773478e-01
7.507331378299103575e-01 5.544746302081133837e-01
7.517106549364597212e-01 5.544832041619575103e-01
7.526881720430090850e-01 5.544707647588118515e-01
7.536656891495584487e-01 5.544373125939655589e-01
7.546432062561078125e-01 5.543828490553750488e-01
7.556207233626571762e-01 5.543073763236100460e-01
7.565982404692065399e-01 5.542108973717717602e-01
7.575757575757559037e-01 5.540934159653795321e-01
7.585532746823052674e-01 5.539549366622323889e-01
7.595307917888546312e-01 5.537954648122319634e-01
7.605083088954039949e-01 5.536150065571849854e-01
7.614858260019533587e-01 5.534135688305692469e-01
7.624633431085027224e-01 5.531911593572729213e-01
7.634408602150520862e-01 5.529477866533032415e-01
7.644183773216014499e-01 5.526834600254647567e-01
7.653958944281508137e-01 5.523981895710081691e-01
7.663734115347001774e-01 5.520919861772504156e-01
7.673509286412495412e-01 5.517648615211625529e-01
7.683284457477989049e-01 5.514168280689312196e-01
7.693059628543482686e-01 5.510478990754854589e-01
7.702834799608976324e-01 5.506580885840000050e-01
7.712609970674469961e-01 5.502474114253629311e-01
7.722385141739963599e-01 5.498158832176180955e-01
7.732160312805457236e-01 5.493635203653735033e-01
7.741935483870950874e-01 5.488903400591859105e-01
7.751710654936444511e-01 5.483963602749092336e-01
7.761485826001938149e-01 5.478815997730184240e-01
7.771260997067431786e-01 5.473460780979001461e-01
7.781036168132925424e-01 5.467898155771172553e-01
7.790811339198419061e-01 5.462128333206410780e-01
7.800586510263912698e-01 5.456151532200546050e-01
7.810361681329406336e-01 5.449967979477271518e-01
7.820136852394899973e-01 5.443577909559593753e-01
7.829912023460393611e-01 5.436981564760989816e-01
7.839687194525887248e-01 5.430179195176247919e-01
7.849462365591380886e-01 5.423171058672054956e-01
7.859237536656874523e-01 5.415957420877245410e-01
7.869012707722368161e-01 5.408538555172814899e-01
7.878787878787861798e-01 5.400914742681569569e-01
7.888563049853355436e-01 5.393086272257543445e-01
7.898338220918849073e-01 5.385053440475103814e-01
7.908113391984342710e-01 5.376816551617754625e-01
7.917888563049836348e-01 5.368375917666653452e-01
7.927663734115328875e-01 5.359731858288857564e-01
7.937438905180822513e-01 5.350884700825250251e-01
7.947214076246316150e-01 5.341834780278210681e-01
7.956989247311809788e-01 5.332582439298952925e-01
7.966764418377303425e-01 5.323128028174617388e-01
7.976539589442797062e-01 5.313471904815051383e-01
7.986314760508290700e-01 5.303614434739313266e-01
7.996089931573784337e-01 5.293555991061876798e-01
8.005865102639277975e-01 5.283296954478551299e-01
8.015640273704771612e-01 5.272837713252130909e-01
8.025415444770265250e-01 5.262178663197752959e-01
8.035190615835758887e-01 5.251320207667951045e-01
8.044965786901252525e-01 5.240262757537440530e-01
8.054740957966746162e-01 5.229006731187640922e-01
8.064516129032239800e-01 5.217552554490866301e-01
8.074291300097733437e-01 5.205900660794274826e-01
8.084066471163227074e-01 5.194051490903517365e-01
8.093841642228720712e-01 5.182005493066110802e-01
8.103616813294214349e-01 5.169763122954526002e-01
8.113391984359707987e-01 5.157324843649003787e-01
8.123167155425201624e-01 5.144691125620078909e-01
8.132942326490695262e-01 5.131862446710825365e-01
8.142717497556188899e-01 5.118839292118874118e-01
8.152492668621682537e-01 5.105622154378047783e-01
8.162267839687176174e-01 5.092211533339816576e-01
8.172043010752669812e-01 5.078607936154434510e-01
8.181818181818163449e-01 5.064811877251820249e-01
8.191593352883657086e-01 5.050823878322131533e-01
8.201368523949150724e-01 5.036644468296088695e-01
8.211143695014644361e-01 5.022274183325041719e-01
8.220918866080137999e-01 5.007713566760724211e-01
8.230694037145631636e-01 4.992963169134760903e-01
8.240469208211125274e-01 4.978023548137902599e-01
8.250244379276618911e-01 4.962895268598990217e-01
8.260019550342112549e-01 4.947578902463644623e-01
8.269794721407606186e-01 4.932075028772692771e-01
8.279569892473099824e-01 4.916384233640317403e-01
8.289345063538593461e-01 4.900507110231954733e-01
8.299120234604087099e-01 4.884444258741932332e-01
8.308895405669580736e-01 4.868196286370792825e-01
8.318670576735074373e-01 4.851763807302411080e-01
8.328445747800568011e-01 4.835147442680831076e-01
8.338220918866061648e-01 4.818347820586817432e-01
8.347996089931555286e-01 4.801365576014179348e-01
8.357771260997048923e-01 4.784201350845794232e-01
8.367546432062542561e-01 4.766855793829418708e-01
8.377321603128036198e-01 4.749329560553198215e-01
8.387096774193529836e-01 4.731623313420953991e-01
8.396871945259023473e-01 4.713737721627163091e-01
8.406647116324517111e-01 4.695673461131752990e-01
8.416422287390010748e-01 4.677431214634580892e-01
8.426197458455504385e-01 4.659011671549675992e-01
8.435972629520998023e-01 4.640415527979246391e-01
8.445747800586491660e-01 4.621643486687406766e-01
8.455522971651985298e-01 4.602696257073693453e-01
8.465298142717478935e-01 4.583574555146267548e-01
8.475073313782972573e-01 4.564279103494925383e-01
8.484848484848466210e-01 4.544810631263835887e-01
8.494623655913959848e-01 4.525169874124047587e-01
8.504398826979453485e-01 4.505357574245718033e-01
8.514173998044947123e-01 4.485374480270116759e-01
8.523949169110440760e-01 4.465221347281407294e-01
8.533724340175934397e-01 4.444898936778141629e-01
8.543499511241428035e-01 4.424408016644538200e-01
8.553274682306921672e-01 4.403749361121516714e-01
8.563049853372415310e-01 4.382923750777492078e-01
8.572825024437908947e-01 4.361931972478936825e-01
8.582600195503402585e-01 4.340774819360679326e-01
8.592375366568896222e-01 4.319453090795998262e-01
8.602150537634389860e-01 4.297967592366461198e-01
8.611925708699883497e-01 4.276319135831553320e-01
8.621700879765377135e-01 4.254508539098028619e-01
8.631476050830870772e-01 4.232536626189064566e-01
8.641251221896364410e-01 4.210404227213183637e-01
8.651026392961858047e-01 4.188112178332947799e-01
8.660801564027351684e-01 4.165661321733395428e-01
8.670576735092845322e-01 4.143052505590275603e-01
8.680351906158338959e-01 4.120286584038063138e-01
8.690127077223832597e-01 4.097364417137737136e-01
8.699902248289326234e-01 4.074286870844325281e-01
8.709677419354819872e-01 4.051054816974244965e-01
8.719452590420313509e-01 4.027669133172411819e-01
8.729227761485807147e-01 4.004130702879144521e-01
8.739002932551300784e-01 3.980440415296823131e-01
8.748778103616794422e-01 3.956599165356349257e-01
8.758553274682288059e-01 3.932607853683376398e-01
8.768328445747780586e-01 3.908467386564395407e-01
8.778103616813274224e-01 3.884178675912456358e-01
8.787878787878767861e-01 3.859742639232815464e-01
8.797653958944261499e-01 3.835160199588329433e-01
8.807429130009755136e-01 3.810432285564628319e-01
8.817204301075248774e-01 3.785559831235078554e-01
8.826979472140742411e-01 3.760543776125542803e-01
8.836754643206236048e-01 3.735385065178959407e-01
8.846529814271729686e-01 3.710084648719685352e-01
8.856304985337223323e-01 3.684643482417635507e-01
8.866080156402716961e-01 3.659062527252244235e-01
8.875855327468210598e-01 3.633342749476213829e-01
8.885630498533704236e-01 3.607485120579068671e-01
8.895405669599197873e-01 3.581490617250491226e-01
8.905180840664691511e-01 3.555360221343492610e-01
8.914956011730185148e-01 3.529094919837360567e-01
8.924731182795678786e-01 3.502695704800467547e-01
8.934506353861172423e-01 3.476163573352786806e-01
8.944281524926666060e-01 3.449499527628312467e-01
8.954056695992159698e-01 3.422704574737253091e-01
8.963831867057653335e-01 3.395779726728047621e-01
8.973607038123146973e-01 3.368726000549172594e-01
8.983382209188640610e-01 3.341544418010772843e-01
8.993157380254134248e-01 3.314236005746143965e-01
9.002932551319627885e-01 3.286801795172988871e-01
9.012707722385121523e-01 3.259242822454504473e-01
9.022482893450615160e-01 3.231560128460296277e-01
9.032258064516108798e-01 3.203754758727119234e-01
9.042033235581602435e-01 3.175827763419447614e-01
9.051808406647096072e-01 3.147780197289827830e-01
9.061583577712589710e-01 3.119613119639115806e-01
9.071358748778083347e-01 3.091327594276501722e-01
9.081133919843576985e-01 3.062924689479417095e-01
9.090909090909070622e-01 3.034405477953176500e-01
9.100684261974564260e-01 3.005771036790549355e-01
9.110459433040057897e-01 2.977022447431119101e-01
9.120234604105551535e-01 2.948160795620506369e-01
9.130009775171045172e-01 2.919187171369379552e-01
9.139784946236538810e-01 2.890102668912352124e-01
9.149560117302032447e-01 2.860908386666709546e-01
9.159335288367526084e-01 2.831605427190974633e-01
9.169110459433019722e-01 2.802194897143298613e-01
9.178885630498513359e-01 2.772677907239729511e-01
9.188660801564006997e-01 2.743055572212304560e-01
9.198435972629500634e-01 2.713329010767018823e-01
9.208211143694994272e-01 2.683499345541591752e-01
9.217986314760487909e-01 2.653567703063138272e-01
9.227761485825981547e-01 2.623535213705661673e-01
9.237536656891475184e-01 2.593403011647451573e-01
9.247311827956968822e-01 2.563172234828234308e-01
9.257086999022462459e-01 2.532844024906288349e-01
9.266862170087956097e-01 2.502419527215365425e-01
9.276637341153449734e-01 2.471899890721502846e-01
9.286412512218943371e-01 2.441286267979655145e-01
9.296187683284437009e-01 2.410579815090223010e-01
9.305962854349930646e-01 2.379781691655448728e-01
9.315738025415424284e-01 2.348893060735683658e-01
9.325513196480917921e-01 2.317915088805482804e-01
9.335288367546411559e-01 2.286848945709623049e-01
9.345063538611905196e-01 2.255695804618967348e-01
9.354838709677398834e-01 2.224456841986222622e-01
9.364613880742892471e-01 2.193133237501536381e-01
9.374389051808386109e-01 2.161726174048008431e-01
9.384164222873879746e-01 2.130236837657050741e-01
9.393939393939373383e-01 2.098666417463721789e-01
9.403714565004867021e-01 2.067016105661753367e-01
9.413489736070360658e-01 2.035287097458649552e-01
9.423264907135854296e-01 2.003480591030582791e-01
9.433040078201347933e-01 1.971597787477213093e-01
9.442815249266841571e-01 1.939639890776348463e-01
9.452590420332335208e-01 1.907608107738539005e-01
9.462365591397828846e-01 1.875503647961559717e-01
9.472140762463322483e-01 1.843327723784785599e-01
9.481915933528816121e-01 1.811081550243433536e-01
9.491691104594309758e-01 1.778766345022748385e-01
9.501466275659803395e-01 1.746383328412056957e-01
9.511241446725297033e-01 1.713933723258757869e-01
9.521016617790790670e-01 1.681418754922155145e-01
9.530791788856284308e-01 1.648839651227260172e-01
9.540566959921777945e-01 1.616197642418455982e-01
9.550342130987271583e-01 1.583493961113136839e-01
9.560117302052765220e-01 1.550729842255135216e-01
9.569892473118258858e-01 1.517906523068185132e-01
9.579667644183752495e-01 1.485025243009237272e-01
9.589442815249246133e-01 1.452087243721718324e-01
9.599217986314738660e-01 1.419093768988664850e-01
9.608993157380232297e-01 1.386046064685818868e-01
9.618768328445725935e-01 1.352945378734627946e-01
9.628543499511219572e-01 1.319792961055183955e-01
9.638318670576713210e-01 1.286590063519044425e-01
9.648093841642206847e-01 1.253337939902025300e-01
9.657869012707700485e-01 1.220037845836898227e-01
9.667644183773194122e-01 1.186691038766043982e-01
9.677419354838687759e-01 1.153298777893984189e-01
9.687194525904181397e-01 1.119862324139903609e-01
9.696969696969675034e-01 1.086382940090065141e-01
9.706744868035168672e-01 1.052861889950235941e-01
9.716520039100662309e-01 1.019300439497914657e-01
9.726295210166155947e-01 9.856998560346359739e-02
9.736070381231649584e-01 9.520614083381490067e-02
9.745845552297143222e-01 9.183863666145758442e-02
9.755620723362636859e-01 8.846760024504585207e-02
9.765395894428130497e-01 8.509315887648147281e-02
9.775171065493624134e-01 8.171543997611138699e-02
9.784946236559117771e-01 7.833457108792256374e-02
9.794721407624611409e-01 7.495067987472729676e-02
9.804496578690105046e-01 7.156389411335015160e-02
9.814271749755598684e-01 6.817434168980622544e-02
9.824046920821092321e-01 6.478215059447947621e-02
9.833822091886585959e-01 6.138744891729071979e-02
9.843597262952079596e-01 5.799036484286852061e-02
9.853372434017573234e-01 5.459102664571131858e-02
9.863147605083066871e-01 5.118956268535389265e-02
9.872922776148560509e-01 4.778610140151748342e-02
9.882697947214054146e-01 4.438077130926982444e-02
9.892473118279547784e-01 4.097370099417514677e-02
9.902248289345041421e-01 3.756501910744631384e-02
9.912023460410535058e-01 3.415485436108756795e-02
9.921798631476028696e-01 3.074333552304182871e-02
9.931573802541522333e-01 2.733059141233198930e-02
9.941348973607015971e-01 2.391675089420376016e-02
9.951124144672509608e-01 2.050194287526092146e-02
9.960899315738003246e-01 1.708629629860493326e-02
9.970674486803496883e-01 1.366994013896966238e-02
9.980449657868990521e-01 1.025300339785847892e-02
9.990224828934484158e-01 6.835615098674141521e-03
9.999999999999977796e-01 3.417904281854202125e-03
