0.000000000000000000e+00 7.806255641895631925e-18
3.618340292000415872e-03 -6.690215878279039130e-03
7.236680584000831744e-03 -1.338043163320739096e-02
1.085502087600124718e-02 -2.007052083032581646e-02
1.447336116800166349e-02 -2.676023085218751790e-02
1.809170146000207979e-02 -3.344930909564600846e-02
2.171004175200249436e-02 -4.013750298139098782e-02
2.532838204400291240e-02 -4.682455996347177629e-02
2.894672233600332698e-02 -5.351022753882603983e-02
3.256506262800374502e-02 -6.019425325680075739e-02
3.618340292000415959e-02 -6.687638472868252804e-02
3.980174321200457416e-02 -7.355636963721350063e-02
4.342008350400498873e-02 -8.023395574611173753e-02
4.703842379600540330e-02 -8.690889090958202334e-02
5.065676408800582481e-02 -9.358092308183464658e-02
5.427510438000623938e-02 -1.002498003265883120e-01
5.789344467200665395e-02 -1.069152708265780488e-01
6.151178496400706852e-02 -1.135770828930433990e-01
6.513012525600749003e-02 -1.202349849752398919e-01
6.874846554800789766e-02 -1.268887256699166577e-01
7.236680584000831917e-02 -1.335380537308043791e-01
7.598514613200872680e-02 -1.401827180780883253e-01
7.960348642400914831e-02 -1.468224678078870471e-01
8.322182671600956982e-02 -1.534570522017123517e-01
8.684016700800997746e-02 -1.600862207359294853e-01
9.045850730001039897e-02 -1.667097230912029659e-01
9.407684759201080660e-02 -1.733273091619469408e-01
9.769518788401122811e-02 -1.799387290657545602e-01
1.013135281760116496e-01 -1.865437331528269349e-01
1.049318684680120572e-01 -1.931420720153858295e-01
1.085502087600124788e-01 -1.997334964970897686e-01
1.121685490520128864e-01 -2.063177577024275511e-01
1.157868893440133079e-01 -2.128946070061114582e-01
1.194052296360137294e-01 -2.194637960624451767e-01
1.230235699280141370e-01 -2.260250768147093192e-01
1.266419102200145586e-01 -2.325782015045066431e-01
1.302602505120149801e-01 -2.391229226811130981e-01
1.338785908040153738e-01 -2.456589932108074470e-01
1.374969310960157953e-01 -2.521861662862013298e-01
1.411152713880162168e-01 -2.587041954355440154e-01
1.447336116800166383e-01 -2.652128345320233227e-01
1.483519519720170599e-01 -2.717118378030448089e-01
1.519702922640174536e-01 -2.782009598395112082e-01
1.555886325560178751e-01 -2.846799556050743085e-01
1.592069728480182966e-01 -2.911485804453811665e-01
1.628253131400187181e-01 -2.976065900972979517e-01
1.664436534320191396e-01 -3.040537406981331237e-01
1.700619937240195334e-01 -3.104897887948299684e-01
1.736803340160199549e-01 -3.169144913531550256e-01
1.772986743080203764e-01 -3.233276057668555414e-01
1.809170146000207979e-01 -3.297288898668278567e-01
1.845353548920212194e-01 -3.361181019302405537e-01
1.881536951840216132e-01 -3.424950006896580468e-01
1.917720354760220347e-01 -3.488593453421371948e-01
1.953903757680224562e-01 -3.552108955583178629e-01
1.990087160600228777e-01 -3.615494114914838408e-01
2.026270563520232992e-01 -3.678746537866138255e-01
2.062453966440236930e-01 -3.741863835894049251e-01
2.098637369360241145e-01 -3.804843625552912778e-01
2.134820772280245360e-01 -3.867683528584292540e-01
2.171004175200249575e-01 -3.930381172006717772e-01
2.207187578120253790e-01 -3.992934188205151114e-01
2.243370981040257728e-01 -4.055340215020380445e-01
2.279554383960261943e-01 -4.117596895838069315e-01
2.315737786880266158e-01 -4.179701879677710785e-01
2.351921189800270373e-01 -4.241652821281152730e-01
2.388104592720274588e-01 -4.303447381201322419e-01
2.424287995640278526e-01 -4.365083225890289964e-01
2.460471398560282741e-01 -4.426558027787370619e-01
2.496654801480286956e-01 -4.487869465406871816e-01
2.532838204400291171e-01 -4.549015223425748045e-01
2.569021607320295386e-01 -4.609992992770874376e-01
2.605205010240299601e-01 -4.670800470706194529e-01
2.641388413160303816e-01 -4.731435360919526434e-01
2.677571816080307476e-01 -4.791895373609272313e-01
2.713755219000311691e-01 -4.852178225570734638e-01
2.749938621920315907e-01 -4.912281640282274986e-01
2.786122024840320122e-01 -4.972203347991148159e-01
2.822305427760324337e-01 -5.031941085799188640e-01
2.858488830680328552e-01 -5.091492597748130677e-01
2.894672233600332767e-01 -5.150855634904747404e-01
2.930855636520336982e-01 -5.210027955445580838e-01
2.967039039440341197e-01 -5.269007324741674658e-01
3.003222442360345412e-01 -5.327791515442751313e-01
3.039405845280349072e-01 -5.386378307561288103e-01
3.075589248200353287e-01 -5.444765488556210231e-01
3.111772651120357502e-01 -5.502950853416422872e-01
3.147956054040361717e-01 -5.560932204743939122e-01
3.184139456960365933e-01 -5.618707352836810331e-01
3.220322859880370148e-01 -5.676274115771665629e-01
3.256506262800374363e-01 -5.733630319486106020e-01
3.292689665720378578e-01 -5.790773797860656602e-01
3.328873068640382793e-01 -5.847702392800513405e-01
3.365056471560387008e-01 -5.904413954316889424e-01
3.401239874480390668e-01 -5.960906340608222997e-01
3.437423277400394883e-01 -6.017177418140883249e-01
3.473606680320399098e-01 -6.073225061729724539e-01
3.509790083240403313e-01 -6.129047154618133542e-01
3.545973486160407528e-01 -6.184641588558047465e-01
3.582156889080411744e-01 -6.240006263889363858e-01
3.618340292000415959e-01 -6.295139089619200545e-01
3.654523694920420174e-01 -6.350037983500720351e-01
3.690707097840424389e-01 -6.404700872111751542e-01
3.726890500760428604e-01 -6.459125690932948638e-01
3.763073903680432264e-01 -6.513310384425705646e-01
3.799257306600436479e-01 -6.567252906109649624e-01
3.835440709520440694e-01 -6.620951218639909985e-01
3.871624112440444909e-01 -6.674403293883922617e-01
3.907807515360449124e-01 -6.727607112997959771e-01
3.943990918280453339e-01 -6.780560666503250289e-01
3.980174321200457555e-01 -6.833261954361845580e-01
4.016357724120461770e-01 -6.885708986052012648e-01
4.052541127040465985e-01 -6.937899780643377312e-01
4.088724529960470200e-01 -6.989832366871542302e-01
4.124907932880473860e-01 -7.041504783212598761e-01
4.161091335800478075e-01 -7.092915077957018255e-01
4.197274738720482290e-01 -7.144061309283310512e-01
4.233458141640486505e-01 -7.194941545331250410e-01
4.269641544560490720e-01 -7.245553864274806299e-01
4.305824947480494935e-01 -7.295896354394572070e-01
4.342008350400499150e-01 -7.345967114149949406e-01
4.378191753320503365e-01 -7.395764252250796034e-01
4.414375156240507581e-01 -7.445285887728866348e-01
4.450558559160511796e-01 -7.494530150008702485e-01
4.486741962080515456e-01 -7.543495178978230076e-01
4.522925365000519671e-01 -7.592179125058875488e-01
4.559108767920523886e-01 -7.640580149275423283e-01
4.595292170840528101e-01 -7.688696423325315221e-01
4.631475573760532316e-01 -7.736526129647690597e-01
4.667658976680536531e-01 -7.784067461491788187e-01
4.703842379600540746e-01 -7.831318622985345979e-01
4.740025782520544961e-01 -7.878277829202162685e-01
4.776209185440549176e-01 -7.924943306229504936e-01
4.812392588360552836e-01 -7.971313291234981557e-01
4.848575991280557052e-01 -8.017386032533106999e-01
4.884759394200561267e-01 -8.063159789651315190e-01
4.920942797120565482e-01 -8.108632833395662542e-01
4.957126200040569697e-01 -8.153803445916005810e-01
4.993309602960573912e-01 -8.198669920770876862e-01
5.029493005880577572e-01 -8.243230562991796795e-01
5.065676408800582342e-01 -8.287483689147248089e-01
5.101859811720586002e-01 -8.331427627406131631e-01
5.138043214640590772e-01 -8.375060717600907312e-01
5.174226617560594432e-01 -8.418381311290153990e-01
5.210410020480599202e-01 -8.461387771820816361e-01
5.246593423400602862e-01 -8.504078474389833442e-01
5.282776826320607633e-01 -8.546451806105582749e-01
5.318960229240611293e-01 -8.588506166048609503e-01
5.355143632160614953e-01 -8.630239965332073826e-01
5.391327035080619723e-01 -8.671651627161647280e-01
5.427510438000623383e-01 -8.712739586895034138e-01
5.463693840920628153e-01 -8.753502292100975302e-01
5.499877243840631813e-01 -8.793938202617820332e-01
5.536060646760636583e-01 -8.834045790611586568e-01
5.572244049680640243e-01 -8.873823540633666296e-01
5.608427452600645013e-01 -8.913269949677936621e-01
5.644610855520648673e-01 -8.952383527237491867e-01
5.680794258440653444e-01 -8.991162795360815307e-01
5.716977661360657104e-01 -9.029606288707613393e-01
5.753161064280660764e-01 -9.067712554604027142e-01
5.789344467200665534e-01 -9.105480153097479379e-01
5.825527870120669194e-01 -9.142907657010906908e-01
5.861711273040673964e-01 -9.179993651996739557e-01
5.897894675960677624e-01 -9.216736736590122048e-01
5.934078078880682394e-01 -9.253135522261861645e-01
5.970261481800686054e-01 -9.289188633470755185e-01
6.006444884720690824e-01 -9.324894707715534192e-01
6.042628287640694484e-01 -9.360252395586201590e-01
6.078811690560698144e-01 -9.395260360814988720e-01
6.114995093480702915e-01 -9.429917280326719498e-01
6.151178496400706575e-01 -9.464221844288764895e-01
6.187361899320711345e-01 -9.498172756160422336e-01
6.223545302240715005e-01 -9.531768732741837669e-01
6.259728705160719775e-01 -9.565008504222384245e-01
6.295912108080723435e-01 -9.597890814228623446e-01
6.332095511000728205e-01 -9.630414419871635712e-01
6.368278913920731865e-01 -9.662578091793968538e-01
6.404462316840736635e-01 -9.694380614215917236e-01
6.440645719760740295e-01 -9.725820784981499267e-01
6.476829122680743955e-01 -9.756897415603733581e-01
6.513012525600748726e-01 -9.787609331309496952e-01
6.549195928520752386e-01 -9.817955371083818550e-01
6.585379331440757156e-01 -9.847934387713722648e-01
6.621562734360760816e-01 -9.877545247831439612e-01
6.657746137280765586e-01 -9.906786831957237194e-01
6.693929540200769246e-01 -9.935658034541564598e-01
6.730112943120774016e-01 -9.964157764006834617e-01
6.766296346040777676e-01 -9.992284942788556279e-01
6.802479748960781336e-01 -1.002003850737601676e+00
6.838663151880786106e-01 -1.004741740835233044e+00
6.874846554800789766e-01 -1.007442061043413384e+00
6.911029957720794537e-01 -1.010104709251054667e+00
6.947213360640798196e-01 -1.012729584768175872e+00
6.983396763560802967e-01 -1.015316588329690628e+00
7.019580166480806627e-01 -1.017865622099168199e+00
7.055763569400811397e-01 -1.020376589672510104e+00
7.091946972320815057e-01 -1.022849396081593865e+00
7.128130375240818717e-01 -1.025283947797851702e+00
7.164313778160823487e-01 -1.027680152735803043e+00
7.200497181080827147e-01 -1.030037920256523298e+00
7.236680584000831917e-01 -1.032357161171067794e+00
7.272863986920835577e-01 -1.034637787743830639e+00
7.309047389840840347e-01 -1.036879713695861849e+00
7.345230792760844007e-01 -1.039082854208114748e+00
7.381414195680848778e-01 -1.041247125924650963e+00
7.417597598600852438e-01 -1.043372446955780353e+00
7.453781001520857208e-01 -1.045458736881154538e+00
7.489964404440860868e-01 -1.047505916752797361e+00
7.526147807360864528e-01 -1.049513909098086506e+00
7.562331210280869298e-01 -1.051482637922667829e+00
7.598514613200872958e-01 -1.053412028713335058e+00
7.634698016120877728e-01 -1.055302008440828665e+00
7.670881419040881388e-01 -1.057152505562599654e+00
7.707064821960886158e-01 -1.058963450025499853e+00
7.743248224880889818e-01 -1.060734773268433129e+00
7.779431627800894589e-01 -1.062466408224934211e+00
7.815615030720898249e-01 -1.064158289325706219e+00
7.851798433640901909e-01 -1.065810352501085134e+00
7.887981836560906679e-01 -1.067422535183465415e+00
7.924165239480910339e-01 -1.068994776309654560e+00
7.960348642400915109e-01 -1.070527016323179925e+00
7.996532045320918769e-01 -1.072019197176530714e+00
8.032715448240923539e-01 -1.073471262333355547e+00
8.068898851160927199e-01 -1.074883156770586767e+00
8.105082254080931969e-01 -1.076254826980522328e+00
8.141265657000935629e-01 -1.077586220972838182e+00
8.177449059920940400e-01 -1.078877288276558266e+00
8.213632462840944060e-01 -1.080127979941948313e+00
8.249815865760947720e-01 -1.081338248542371039e+00
8.285999268680952490e-01 -1.082508048176069604e+00
8.322182671600956150e-01 -1.083637334467902225e+00
8.358366074520960920e-01 -1.084726064571013060e+00
8.394549477440964580e-01 -1.085774197168452915e+00
8.430732880360969350e-01 -1.086781692474733108e+00
8.466916283280973010e-01 -1.087748512237331155e+00
8.503099686200977780e-01 -1.088674619738128957e+00
8.539283089120981440e-01 -1.089559979794801237e+00
8.575466492040985100e-01 -1.090404558762141152e+00
8.611649894960989871e-01 -1.091208324533331275e+00
8.647833297880993531e-01 -1.091971246541151519e+00
8.684016700800998301e-01 -1.092693295759136429e+00
8.720200103721001961e-01 -1.093374444702664983e+00
8.756383506641006731e-01 -1.094014667430003751e+00
8.792566909561010391e-01 -1.094613939543279235e+00
8.828750312481015161e-01 -1.095172238189403346e+00
8.864933715401018821e-01 -1.095689542060930943e+00
8.901117118321023591e-01 -1.096165831396868962e+00
8.937300521241027251e-01 -1.096601087983414713e+00
8.973483924161030911e-01 -1.096995295154651551e+00
9.009667327081035682e-01 -1.097348437793168596e+00
9.045850730001039341e-01 -1.097660502330639387e+00
9.082034132921044112e-01 -1.097931476748327473e+00
9.118217535841047772e-01 -1.098161350577542938e+00
9.154400938761052542e-01 -1.098350114900035646e+00
9.190584341681056202e-01 -1.098497762348334517e+00
9.226767744601060972e-01 -1.098604287106020871e+00
9.262951147521064632e-01 -1.098669684907953137e+00
9.299134550441068292e-01 -1.098693953040422056e+00
9.335317953361073062e-01 -1.098677090341259266e+00
9.371501356281076722e-01 -1.098619097199874828e+00
9.407684759201081492e-01 -1.098519975557247674e+00
9.443868162121085152e-01 -1.098379728905849451e+00
9.480051565041089923e-01 -1.098198362289514840e+00
9.516234967961093583e-01 -1.097975882303247941e+00
9.552418370881098353e-01 -1.097712297092978018e+00
9.588601773801102013e-01 -1.097407616355247528e+00
9.624785176721105673e-01 -1.097061851336850635e+00
9.660968579641110443e-01 -1.096675014834405992e+00
9.697151982561114103e-01 -1.096247121193875573e+00
9.733335385481118873e-01 -1.095778186310021995e+00
9.769518788401122533e-01 -1.095268227625810331e+00
9.805702191321127303e-01 -1.094717264131749523e+00
9.841885594241130963e-01 -1.094125316365177403e+00
9.878068997161135734e-01 -1.093492406409481088e+00
9.914252400081139394e-01 -1.092818557893272757e+00
9.950435803001144164e-01 -1.092103795989487480e+00
9.986619205921147824e-01 -1.091348147414443526e+00
1.002280260884115259e+00 -1.090551640426828062e+00
1.005898601176115514e+00 -1.089714304826633340e+00
1.009516941468115991e+00 -1.088836171954032928e+00
1.013135281760116468e+00 -1.087917274688199987e+00
1.016753622052116945e+00 -1.086957647446063158e+00
1.020371962344117200e+00 -1.085957326181013816e+00
1.023990302636117677e+00 -1.084916348381546491e+00
1.027608642928118154e+00 -1.083834753069844670e+00
1.031226983220118631e+00 -1.082712580800309077e+00
1.034845323512118886e+00 -1.081549873658029126e+00
1.038463663804119363e+00 -1.080346675257194411e+00
1.042082004096119840e+00 -1.079103030739447799e+00
1.045700344388120095e+00 -1.077818986772185017e+00
1.049318684680120572e+00 -1.076494591546795165e+00
1.052937024972121050e+00 -1.075129894776837292e+00
1.056555365264121527e+00 -1.073724947696171661e+00
1.060173705556121782e+00 -1.072279803057022640e+00
1.063792045848122259e+00 -1.070794515127991842e+00
1.067410386140122736e+00 -1.069269139692006432e+00
1.071028726432122991e+00 -1.067703734044219033e+00
1.074647066724123468e+00 -1.066098356989846119e+00
1.078265407016123945e+00 -1.064453068841947569e+00
1.081883747308124422e+00 -1.062767931419152490e+00
1.085502087600124677e+00 -1.061043008043327740e+00
1.089120427892125154e+00 -1.059278363537187628e+00
1.092738768184125631e+00 -1.057474064221850751e+00
1.096357108476126108e+00 -1.055630177914337331e+00
1.099975448768126363e+00 -1.053746773925009039e+00
1.103593789060126840e+00 -1.051823923054957532e+00
1.107212129352127317e+00 -1.049861697593333254e+00
1.110830469644127572e+00 -1.047860171314613842e+00
1.114448809936128049e+00 -1.045819419475827905e+00
1.118067150228128526e+00 -1.043739518813711964e+00
1.121685490520129003e+00 -1.041620547541816322e+00
1.125303830812129258e+00 -1.039462585347553869e+00
1.128922171104129735e+00 -1.037265713389197153e+00
1.132540511396130212e+00 -1.035030014292813050e+00
1.136158851688130689e+00 -1.032755572149148815e+00
1.139777191980130944e+00 -1.030442472510457064e+00
1.143395532272131421e+00 -1.028090802387272129e+00
1.147013872564131898e+00 -1.025700650245123136e+00
1.150632212856132153e+00 -1.023272106001202442e+00
1.154250553148132630e+00 -1.020805261020967469e+00
1.157868893440133107e+00 -1.018300208114697902e+00
1.161487233732133584e+00 -1.015757041533996707e+00
1.165105574024133839e+00 -1.013175856968229871e+00
1.168723914316134316e+00 -1.010556751540918174e+00
1.172342254608134793e+00 -1.007899823806073680e+00
1.175960594900135048e+00 -1.005205173744483815e+00
1.179578935192135525e+00 -1.002472902759938389e+00
1.183197275484136002e+00 -9.997031136754023217e-01
1.186815615776136479e+00 -9.968959107291393007e-01
1.190433956068136734e+00 -9.940513995707799255e-01
1.194052296360137211e+00 -9.911696872573352302e-01
1.197670636652137688e+00 -9.882508822491571365e-01
1.201288976944138165e+00 -9.852950944058488369e-01
1.204907317236138420e+00 -9.823024349821199985e-01
1.208525657528138897e+00 -9.792730166235896760e-01
1.212143997820139374e+00 -9.762069533625362672e-01
1.215762338112139629e+00 -9.731043606135971746e-01
1.219380678404140106e+00 -9.699653551694153997e-01
1.222999018696140583e+00 -9.667900551962326228e-01
1.226617358988141060e+00 -9.635785802294289937e-01
1.230235699280141315e+00 -9.603310511690202889e-01
1.233854039572141792e+00 -9.570475902750923414e-01
1.237472379864142269e+00 -9.537283211631899515e-01
1.241090720156142746e+00 -9.503733687996535062e-01
1.244709060448143001e+00 -9.469828594969071922e-01
1.248327400740143478e+00 -9.435569209086906994e-01
1.251945741032143955e+00 -9.400956820252466262e-01
1.255564081324144210e+00 -9.365992731684521511e-01
1.259182421616144687e+00 -9.330678259869044089e-01
1.262800761908145164e+00 -9.295014734509543519e-01
1.266419102200145641e+00 -9.259003498476904293e-01
1.270037442492145896e+00 -9.222645907758720840e-01
1.273655782784146373e+00 -9.185943331408141788e-01
1.277274123076146850e+00 -9.148897151492266788e-01
1.280892463368147327e+00 -9.111508763039960490e-01
1.284510803660147582e+00 -9.073779573989231295e-01
1.288129143952148059e+00 -9.035711005134151597e-01
1.291747484244148536e+00 -8.997304490071248440e-01
1.295365824536148791e+00 -8.958561475145420117e-01
1.298984164828149268e+00 -8.919483419395352053e-01
1.302602505120149745e+00 -8.880071794498515247e-01
1.306220845412150222e+00 -8.840328084715642909e-01
1.309839185704150477e+00 -8.800253786834729697e-01
1.313457525996150954e+00 -8.759850410114556896e-01
1.317075866288151431e+00 -8.719119476227776833e-01
1.320694206580151686e+00 -8.678062519203521008e-01
1.324312546872152163e+00 -8.636681085369504185e-01
1.327930887164152640e+00 -8.594976733293694382e-01
1.331549227456153117e+00 -8.552951033725537666e-01
1.335167567748153372e+00 -8.510605569536716652e-01
1.338785908040153849e+00 -8.467941935661400521e-01
1.342404248332154326e+00 -8.424961739036087582e-01
1.346022588624154803e+00 -8.381666598539002644e-01
1.349640928916155058e+00 -8.338058144929042514e-01
1.353259269208155535e+00 -8.294138020784226351e-01
1.356877609500156012e+00 -8.249907880439725227e-01
1.360495949792156267e+00 -8.205369389925498691e-01
1.364114290084156744e+00 -8.160524226903420608e-01
1.367732630376157221e+00 -8.115374080603992013e-01
1.371350970668157698e+00 -8.069920651762614305e-01
1.374969310960157953e+00 -8.024165652555446115e-01
1.378587651252158430e+00 -7.978110806534812749e-01
1.382205991544158907e+00 -7.931757848564180424e-01
1.385824331836159384e+00 -7.885108524752707515e-01
1.389442672128159639e+00 -7.838164592389369467e-01
1.393061012420160116e+00 -7.790927819876743987e-01
1.396679352712160593e+00 -7.743399986664188939e-01
1.400297693004160848e+00 -7.695582883180762668e-01
1.403916033296161325e+00 -7.647478310767704679e-01
1.407534373588161802e+00 -7.599088081610473333e-01
1.411152713880162279e+00 -7.550414018670371652e-01
1.414771054172162534e+00 -7.501457955615776774e-01
1.418389394464163011e+00 -7.452221736752979719e-01
1.422007734756163488e+00 -7.402707216956626590e-01
1.425626075048163743e+00 -7.352916261599721226e-01
1.429244415340164220e+00 -7.302850746483259270e-01
1.432862755632164697e+00 -7.252512557765480317e-01
1.436481095924165174e+00 -7.201903591890721490e-01
1.440099436216165429e+00 -7.151025755517862459e-01
1.443717776508165906e+00 -7.099880965448386316e-01
1.447336116800166383e+00 -7.048471148554102950e-01
1.450954457092166860e+00 -6.996798241704477173e-01
1.454572797384167115e+00 -6.944864191693504996e-01
1.458191137676167592e+00 -6.892670955166300129e-01
1.461809477968168069e+00 -6.840220498545304117e-01
1.465427818260168324e+00 -6.787514797956099022e-01
1.469046158552168801e+00 -6.734555839152840395e-01
1.472664498844169279e+00 -6.681345617443366081e-01
1.476282839136169756e+00 -6.627886137613919759e-01
1.479901179428170011e+00 -6.574179413853540321e-01
1.483519519720170488e+00 -6.520227469678062659e-01
1.487137860012170965e+00 -6.466032337853784284e-01
1.490756200304171442e+00 -6.411596060320787771e-01
1.494374540596171697e+00 -6.356920688115935691e-01
1.497992880888172174e+00 -6.302008281295452541e-01
1.501611221180172651e+00 -6.246860908857245764e-01
1.505229561472172906e+00 -6.191480648662830433e-01
1.508847901764173383e+00 -6.135869587359017441e-01
1.512466242056173860e+00 -6.080029820299104326e-01
1.516084582348174337e+00 -6.023963451463867358e-01
1.519702922640174592e+00 -5.967672593382208346e-01
1.523321262932175069e+00 -5.911159367051475044e-01
1.526939603224175546e+00 -5.854425901857407410e-01
1.530557943516176023e+00 -5.797474335493831843e-01
1.534176283808176278e+00 -5.740306813882015691e-01
1.537794624100176755e+00 -5.682925491089758641e-01
1.541412964392177232e+00 -5.625332529250066660e-01
1.545031304684177487e+00 -5.567530098479624989e-01
1.548649644976177964e+00 -5.509520376796934737e-01
1.552267985268178441e+00 -5.451305550040155268e-01
1.555886325560178918e+00 -5.392887811784637941e-01
1.559504665852179173e+00 -5.334269363260166763e-01
1.563123006144179650e+00 -5.275452413267928131e-01
1.566741346436180127e+00 -5.216439178097250773e-01
1.570359686728180382e+00 -5.157231881441888266e-01
1.573978027020180859e+00 -5.097832754316198312e-01
1.577596367312181336e+00 -5.038244034970977836e-01
1.581214707604181813e+00 -4.978467968809048294e-01
1.584833047896182068e+00 -4.918506808300502908e-01
1.588451388188182545e+00 -4.858362812897763505e-01
1.592069728480183022e+00 -4.798038248950353135e-01
1.595688068772183499e+00 -4.737535389619412229e-01
1.599306409064183754e+00 -4.676856514791907782e-01
1.602924749356184231e+00 -4.616003910994658788e-01
1.606543089648184708e+00 -4.554979871308074690e-01
1.610161429940184963e+00 -4.493786695279670118e-01
1.613779770232185440e+00 -4.432426688837284301e-01
1.617398110524185917e+00 -4.370902164202117302e-01
1.621016450816186394e+00 -4.309215439801467040e-01
1.624634791108186649e+00 -4.247368840181413585e-01
1.628253131400187126e+00 -4.185364695918917799e-01
1.631871471692187603e+00 -4.123205343534036560e-01
1.635489811984188080e+00 -4.060893125401752179e-01
1.639108152276188335e+00 -3.998430389663638063e-01
1.642726492568188812e+00 -3.935819490139232935e-01
1.646344832860189289e+00 -3.873062786237268518e-01
1.649963173152189544e+00 -3.810162642866662397e-01
1.653581513444190021e+00 -3.747121430347338800e-01
1.657199853736190498e+00 -3.683941524320758498e-01
1.660818194028190975e+00 -3.620625305660329363e-01
1.664436534320191230e+00 -3.557175160381589318e-01
1.668054874612191707e+00 -3.493593479552226100e-01
1.671673214904192184e+00 -3.429882659201826112e-01
1.675291555196192439e+00 -3.366045100231518927e-01
1.678909895488192916e+00 -3.302083208323389196e-01
1.682528235780193393e+00 -3.237999393849810281e-01
1.686146576072193870e+00 -3.173796071782381545e-01
1.689764916364194125e+00 -3.109475661600908936e-01
1.693383256656194602e+00 -3.045040587202130222e-01
1.697001596948195079e+00 -2.980493276808284242e-01
1.700619937240195556e+00 -2.915836162875479198e-01
1.704238277532195811e+00 -2.851071682001946606e-01
1.707856617824196288e+00 -2.786202274836133697e-01
1.711474958116196765e+00 -2.721230385984652611e-01
1.715093298408197020e+00 -2.656158463920010870e-01
1.718711638700197497e+00 -2.590988960888284676e-01
1.722329978992197974e+00 -2.525724332816599582e-01
1.725948319284198451e+00 -2.460367039220516250e-01
1.729566659576198706e+00 -2.394919543111197757e-01
1.733184999868199183e+00 -2.329384310902528898e-01
1.736803340160199660e+00 -2.263763812318045632e-01
1.740421680452200137e+00 -2.198060520297873133e-01
1.744040020744200392e+00 -2.132276910905283041e-01
1.747658361036200869e+00 -2.066415463233385041e-01
1.751276701328201346e+00 -2.000478659311582530e-01
1.754895041620201601e+00 -1.934468984011984694e-01
1.758513381912202078e+00 -1.868388924955592389e-01
1.762131722204202555e+00 -1.802240972418511500e-01
1.765750062496203032e+00 -1.736027619237992536e-01
1.769368402788203287e+00 -1.669751360718428057e-01
1.772986743080203764e+00 -1.603414694537163010e-01
1.776605083372204241e+00 -1.537020120650311739e-01
1.780223423664204718e+00 -1.470570141198439817e-01
1.783841763956204973e+00 -1.404067260412211193e-01
1.787460104248205450e+00 -1.337513984517859911e-01
1.791078444540205927e+00 -1.270912821642686541e-01
1.794696784832206182e+00 -1.204266281720414444e-01
1.798315125124206659e+00 -1.137576876396599601e-01
1.801933465416207136e+00 -1.070847118933743042e-01
1.805551805708207613e+00 -1.004079524116572447e-01
1.809170146000207868e+00 -9.372766081571472230e-02
1.812788486292208345e+00 -8.704408885999861956e-02
1.816406826584208822e+00 -8.035748842270243331e-02
1.820025166876209077e+00 -7.366811149626409372e-02
1.823643507168209554e+00 -6.697621017785870823e-02
1.827261847460210031e+00 -6.028203665989223525e-02
1.830880187752210508e+00 -5.358584322048182136e-02
1.834498528044210763e+00 -4.688788221394315364e-02
1.838116868336211240e+00 -4.018840606126895809e-02
1.841735208628211717e+00 -3.348766724061147393e-02
1.845353548920212194e+00 -2.678591827775121323e-02
1.848971889212212449e+00 -2.008341173657509846e-02
1.852590229504212926e+00 -1.338040020954364695e-02
1.856208569796213403e+00 -6.677136308182323593e-03
1.859826910088213658e+00 2.612734647876920752e-05
1.863445250380214135e+00 6.729138133413670696e-03
1.867063590672214612e+00 1.343164344113623870e-02
1.870681930964215089e+00 2.013339067722521789e-02
1.874300271256215344e+00 2.683412727785974838e-02
1.877918611548215821e+00 3.353360071734209913e-02
1.881536951840216298e+00 4.023155851762579699e-02
1.885155292132216776e+00 4.692774825783547349e-02
1.888773632424217030e+00 5.362191758379619699e-02
1.892391972716217508e+00 6.031381421754802158e-02
1.896010313008217985e+00 6.700318596686484496e-02
1.899628653300218240e+00 7.368978073476363522e-02
1.903246993592218717e+00 8.037334652902129728e-02
1.906865333884219194e+00 8.705363147167566318e-02
1.910483674176219671e+00 9.373038380853107587e-02
1.914102014468219926e+00 1.004033519186442319e-01
1.917720354760220403e+00 1.070722843238331723e-01
1.921338695052220880e+00 1.137369296981521616e-01
1.924957035344221135e+00 1.203970368773764760e-01
1.928575375636221612e+00 1.270523548684727999e-01
1.932193715928222089e+00 1.337026328590741886e-01
1.935812056220222566e+00 1.403476202269368089e-01
1.939430396512222821e+00 1.469870665493965833e-01
1.943048736804223298e+00 1.536207216128109843e-01
1.946667077096223775e+00 1.602483354220055611e-01
1.950285417388224252e+00 1.668696582096990955e-01
1.953903757680224507e+00 1.734844404459282841e-01
1.957522097972224984e+00 1.800924328474557690e-01
1.961140438264225461e+00 1.866933863871816923e-01
1.964758778556225716e+00 1.932870523035321864e-01
1.968377118848226193e+00 1.998731821098477801e-01
1.971995459140226670e+00 2.064515276037458269e-01
1.975613799432227147e+00 2.130218408765006677e-01
1.979232139724227402e+00 2.195838743223834377e-01
1.982850480016227879e+00 2.261373806480072024e-01
1.986468820308228356e+00 2.326821128816506379e-01
1.990087160600228833e+00 2.392178243825820172e-01
1.993705500892229088e+00 2.457442688503577166e-01
1.997323841184229565e+00 2.522612003341166420e-01
2.000942181476229820e+00 2.587683732418528115e-01
2.004560521768230519e+00 2.652655423496880216e-01
2.008178862060230774e+00 2.717524628111163132e-01
2.011797202352231029e+00 2.782288901662436920e-01
2.015415542644231728e+00 2.846945803510044781e-01
2.019033882936231983e+00 2.911492897063763796e-01
2.022652223228232682e+00 2.975927749875659223e-01
2.026270563520232937e+00 3.040247933731891616e-01
2.029888903812233192e+00 3.104451024744205312e-01
2.033507244104233891e+00 3.168534603441533481e-01
2.037125584396234146e+00 3.232496254861146334e-01
2.040743924688234401e+00 3.296333568639802647e-01
2.044362264980235100e+00 3.360044139104621519e-01
2.047980605272235355e+00 3.423625565363911383e-01
2.051598945564235610e+00 3.487075451397675940e-01
2.055217285856236309e+00 3.550391406148040718e-01
2.058835626148236564e+00 3.613571043609390410e-01
2.062453966440237263e+00 3.676611982918457366e-01
2.066072306732237518e+00 3.739511848444080910e-01
2.069690647024237773e+00 3.802268269876848406e-01
2.073308987316238472e+00 3.864878882318462661e-01
2.076927327608238727e+00 3.927341326371033836e-01
2.080545667900238982e+00 3.989653248226018301e-01
2.084164008192239681e+00 4.051812299753078106e-01
2.087782348484239936e+00 4.113816138588488602e-01
2.091400688776240191e+00 4.175662428223756995e-01
2.095019029068240890e+00 4.237348838093579206e-01
2.098637369360241145e+00 4.298873043663822835e-01
2.102255709652241400e+00 4.360232726519165936e-01
2.105874049944242099e+00 4.421425574450632001e-01
2.109492390236242354e+00 4.482449281542746911e-01
2.113110730528243053e+00 4.543301548260568756e-01
2.116729070820243308e+00 4.603980081536371838e-01
2.120347411112243563e+00 4.664482594856239062e-01
2.123965751404244262e+00 4.724806808346243558e-01
2.127584091696244517e+00 4.784950448858493188e-01
2.131202431988244772e+00 4.844911250056824770e-01
2.134820772280245471e+00 4.904686952502377850e-01
2.138439112572245726e+00 4.964275303738770462e-01
2.142057452864245981e+00 5.023674058377114449e-01
2.145675793156246680e+00 5.082880978180602805e-01
2.149294133448246935e+00 5.141893832149118104e-01
2.152912473740247634e+00 5.200710396603266394e-01
2.156530814032247889e+00 5.259328455268315050e-01
2.160149154324248144e+00 5.317745799357745939e-01
2.163767494616248843e+00 5.375960227656647605e-01
2.167385834908249098e+00 5.433969546604698886e-01
2.171004175200249353e+00 5.491771570378957135e-01
2.174622515492250052e+00 5.549364120976240100e-01
2.178240855784250307e+00 5.606745028295391231e-01
2.181859196076250562e+00 5.663912130219067587e-01
2.185477536368251261e+00 5.720863272695335677e-01
2.189095876660251516e+00 5.777596309818879838e-01
2.192714216952252215e+00 5.834109103912035188e-01
2.196332557244252470e+00 5.890399525605357622e-01
2.199950897536252725e+00 5.946465453918006183e-01
2.203569237828253424e+00 6.002304776337635817e-01
2.207187578120253679e+00 6.057915388900269038e-01
2.210805918412253934e+00 6.113295196269517007e-01
2.214424258704254633e+00 6.168442111815700679e-01
2.218042598996254888e+00 6.223354057694499009e-01
2.221660939288255143e+00 6.278028964925409516e-01
2.225279279580255842e+00 6.332464773469729247e-01
2.228897619872256097e+00 6.386659432308319229e-01
2.232515960164256796e+00 6.440610899518909305e-01
2.236134300456257051e+00 6.494317142353205341e-01
2.239752640748257306e+00 6.547776137313511269e-01
2.243370981040258005e+00 6.600985870229099106e-01
2.246989321332258260e+00 6.653944336332133780e-01
2.250607661624258515e+00 6.706649540333381454e-01
2.254226001916259214e+00 6.759099496497404935e-01
2.257844342208259469e+00 6.811292228717540365e-01
2.261462682500259724e+00 6.863225770590318797e-01
2.265081022792260423e+00 6.914898165489818949e-01
2.268699363084260678e+00 6.966307466641340485e-01
2.272317703376261377e+00 7.017451737194907446e-01
2.275936043668261632e+00 7.068329050298287619e-01
2.279554383960261887e+00 7.118937489169737676e-01
2.283172724252262586e+00 7.169275147170249829e-01
2.286791064544262841e+00 7.219340127875535362e-01
2.290409404836263096e+00 7.269130545147484135e-01
2.294027745128263795e+00 7.318644523205409813e-01
2.297646085420264050e+00 7.367880196696741102e-01
2.301264425712264305e+00 7.416835710767426537e-01
2.304882766004265005e+00 7.465509221131854112e-01
2.308501106296265259e+00 7.513898894142503337e-01
2.312119446588265959e+00 7.562002906859045526e-01
2.315737786880266214e+00 7.609819447117182056e-01
2.319356127172266469e+00 7.657346713596846488e-01
2.322974467464267168e+00 7.704582915890392236e-01
2.326592807756267423e+00 7.751526274569950914e-01
2.330211148048267678e+00 7.798175021254637462e-01
2.333829488340268377e+00 7.844527398677209051e-01
2.337447828632268632e+00 7.890581660750417559e-01
2.341066168924268887e+00 7.936336072632820260e-01
2.344684509216269586e+00 7.981788910794260783e-01
2.348302849508269841e+00 8.026938463080843800e-01
2.351921189800270096e+00 8.071783028779583313e-01
2.355539530092270795e+00 8.116320918682511376e-01
2.359157870384271050e+00 8.160550455150421545e-01
2.362776210676271749e+00 8.204469972176123838e-01
2.366394550968272004e+00 8.248077815447345529e-01
2.370012891260272259e+00 8.291372342409086826e-01
2.373631231552272958e+00 8.334351922325637929e-01
2.377249571844273213e+00 8.377014936341982132e-01
2.380867912136273468e+00 8.419359777545026846e-01
2.384486252428274167e+00 8.461384851024089659e-01
2.388104592720274422e+00 8.503088573931141259e-01
2.391722933012274677e+00 8.544469375540446610e-01
2.395341273304275376e+00 8.585525697307886395e-01
2.398959613596275631e+00 8.626255992929705574e-01
2.402577953888276330e+00 8.666658728400876699e-01
2.406196294180276585e+00 8.706732382072903675e-01
2.409814634472276840e+00 8.746475444711317992e-01
2.413432974764277539e+00 8.785886419552538795e-01
2.417051315056277794e+00 8.824963822360374355e-01
2.420669655348278049e+00 8.863706181481958435e-01
2.424287995640278748e+00 8.902112037903346931e-01
2.427906335932279003e+00 8.940179945304489451e-01
2.431524676224279258e+00 8.977908470113840078e-01
2.435143016516279957e+00 9.015296191562337524e-01
2.438761356808280212e+00 9.052341701737157686e-01
2.442379697100280911e+00 9.089043605634689049e-01
2.445998037392281166e+00 9.125400521213226090e-01
2.449616377684281421e+00 9.161411079445060945e-01
2.453234717976282120e+00 9.197073924368183162e-01
2.456853058268282375e+00 9.232387713137367724e-01
2.460471398560282630e+00 9.267351116074884487e-01
2.464089738852283329e+00 9.301962816720606986e-01
2.467708079144283584e+00 9.336221511881733770e-01
2.471326419436283839e+00 9.370125911681899122e-01
2.474944759728284538e+00 9.403674739609859667e-01
2.478563100020284793e+00 9.436866732567603666e-01
2.482181440312285492e+00 9.469700640918071732e-01
2.485799780604285747e+00 9.502175228532239171e-01
2.489418120896286002e+00 9.534289272835786422e-01
2.493036461188286701e+00 9.566041564855143342e-01
2.496654801480286956e+00 9.597430909263204857e-01
2.500273141772287211e+00 9.628456124424340512e-01
2.503891482064287910e+00 9.659116042439004346e-01
2.507509822356288165e+00 9.689409509187768554e-01
2.511128162648288420e+00 9.719335384374898634e-01
2.514746502940289119e+00 9.748892541571313464e-01
2.518364843232289374e+00 9.778079868257149032e-01
2.521983183524290073e+00 9.806896265863638273e-01
2.525601523816290328e+00 9.835340649814630076e-01
2.529219864108290583e+00 9.863411949567475467e-01
2.532838204400291282e+00 9.891109108653408644e-01
2.536456544692291537e+00 9.918431084717365120e-01
2.540074884984291792e+00 9.945376849557389098e-01
2.543693225276292491e+00 9.971945389163338058e-01
2.547311565568292746e+00 9.998135703755203219e-01
2.550929905860293001e+00 1.002394680782070058e+00
2.554548246152293700e+00 1.004937773015263325e+00
2.558166586444293955e+00 1.007442751388537339e+00
2.561784926736294654e+00 1.009909521653103770e+00
2.565403267028294909e+00 1.012337991001499127e+00
2.569021607320295164e+00 1.014728068071091505e+00
2.572639947612295863e+00 1.017079662947521390e+00
2.576258287904296118e+00 1.019392687168097389e+00
2.579876628196296373e+00 1.021667053725129559e+00
2.583494968488297072e+00 1.023902677069217892e+00
2.587113308780297327e+00 1.026099473112471960e+00
2.590731649072297582e+00 1.028257359231689261e+00
2.594349989364298281e+00 1.030376254271466729e+00
2.597968329656298536e+00 1.032456078547266953e+00
2.601586669948298791e+00 1.034496753848420880e+00
2.605205010240299490e+00 1.036498203441081012e+00
2.608823350532299745e+00 1.038460352071109538e+00
2.612441690824300444e+00 1.040383125966927391e+00
2.616060031116300699e+00 1.042266452842287805e+00
2.619678371408300954e+00 1.044110261899010350e+00
2.623296711700301653e+00 1.045914483829644581e+00
2.626915051992301908e+00 1.047679050820091051e+00
2.630533392284302163e+00 1.049403896552154380e+00
2.634151732576302862e+00 1.051088956206050584e+00
2.637770072868303117e+00 1.052734166462844456e+00
2.641388413160303372e+00 1.054339465506846762e+00
2.645006753452304071e+00 1.055904793027939714e+00
2.648625093744304326e+00 1.057430090223855590e+00
2.652243434036305025e+00 1.058915299802391186e+00
2.655861774328305280e+00 1.060360365983575193e+00
2.659480114620305535e+00 1.061765234501766519e+00
2.663098454912306234e+00 1.063129852607704429e+00
2.666716795204306489e+00 1.064454169070495171e+00
2.670335135496306744e+00 1.065738134179551766e+00
2.673953475788307443e+00 1.066981699746458956e+00
2.677571816080307698e+00 1.068184819106800854e+00
2.681190156372307953e+00 1.069347447121914652e+00
2.684808496664308652e+00 1.070469540180596368e+00
2.688426836956308907e+00 1.071551056200745089e+00
2.692045177248309606e+00 1.072591954630950806e+00
2.695663517540309861e+00 1.073592196452022751e+00
2.699281857832310116e+00 1.074551744178465107e+00
2.702900198124310815e+00 1.075470561859886542e+00
2.706518538416311070e+00 1.076348615082358240e+00
2.710136878708311325e+00 1.077185870969713077e+00
2.713755219000312024e+00 1.077982298184785304e+00
2.717373559292312279e+00 1.078737866930590261e+00
2.720991899584312534e+00 1.079452548951453483e+00
2.724610239876313234e+00 1.080126317534069402e+00
2.728228580168313488e+00 1.080759147508517870e+00
2.731846920460314188e+00 1.081351015249205405e+00
2.735465260752314443e+00 1.081901898675762252e+00
2.739083601044314698e+00 1.082411777253871055e+00
2.742701941336315397e+00 1.082880631996046672e+00
2.746320281628315652e+00 1.083308445462344283e+00
2.749938621920315907e+00 1.083695201761027960e+00
2.753556962212316606e+00 1.084040886549159755e+00
2.757175302504316861e+00 1.084345487033148148e+00
2.760793642796317116e+00 1.084608991969226999e+00
2.764411983088317815e+00 1.084831391663881428e+00
2.768030323380318070e+00 1.085012677974210860e+00
2.771648663672318769e+00 1.085152844308240550e+00
2.775267003964319024e+00 1.085251885625166279e+00
2.778885344256319279e+00 1.085309798435546202e+00
2.782503684548319978e+00 1.085326580801431628e+00
2.786122024840320233e+00 1.085302232336442962e+00
2.789740365132320488e+00 1.085236754205779031e+00
2.793358705424321187e+00 1.085130149126178667e+00
2.796977045716321442e+00 1.084982421365814353e+00
2.800595386008321697e+00 1.084793576744134125e+00
2.804213726300322396e+00 1.084563622631638191e+00
2.807832066592322651e+00 1.084292567949605379e+00
2.811450406884323350e+00 1.083980423169752738e+00
2.815068747176323605e+00 1.083627200313843852e+00
2.818687087468323860e+00 1.083232912953232763e+00
2.822305427760324559e+00 1.082797576208353041e+00
2.825923768052324814e+00 1.082321206748146913e+00
2.829542108344325069e+00 1.081803822789438430e+00
2.833160448636325768e+00 1.081245444096242458e+00
2.836778788928326023e+00 1.080646091979023504e+00
2.840397129220326278e+00 1.080005789293887464e+00
2.844015469512326977e+00 1.079324560441724756e+00
2.847633809804327232e+00 1.078602431367282843e+00
2.851252150096327487e+00 1.077839429558195006e+00
2.854870490388328186e+00 1.077035584043937622e+00
2.858488830680328441e+00 1.076190925394737929e+00
2.862107170972329140e+00 1.075305485720419618e+00
2.865725511264329395e+00 1.074379298669194016e+00
2.869343851556329650e+00 1.073412399426385777e+00
2.872962191848330349e+00 1.072404824713111493e+00
2.876580532140330604e+00 1.071356612784889473e+00
2.880198872432330859e+00 1.070267803430201781e+00
2.883817212724331558e+00 1.069138437968986111e+00
2.887435553016331813e+00 1.067968559251084804e+00
2.891053893308332068e+00 1.066758211654623922e+00
2.894672233600332767e+00 1.065507441084338591e+00
2.898290573892333022e+00 1.064216294969843934e+00
2.901908914184333721e+00 1.062884822263847395e+00
2.905527254476333976e+00 1.061513073440294885e+00
2.909145594768334231e+00 1.060101100492473414e+00
2.912763935060334930e+00 1.058648956931048879e+00
2.916382275352335185e+00 1.057156697782045907e+00
2.920000615644335440e+00 1.055624379584770178e+00
2.923618955936336139e+00 1.054052060389680356e+00
2.927237296228336394e+00 1.052439799756195171e+00
2.930855636520336649e+00 1.050787658750447218e+00
2.934473976812337348e+00 1.049095699942979243e+00
2.938092317104337603e+00 1.047363987406384256e+00
2.941710657396338302e+00 1.045592586712887906e+00
2.945328997688338557e+00 1.043781564931875794e+00
2.948947337980338812e+00 1.041930990627362164e+00
2.952565678272339511e+00 1.040040933855403971e+00
2.956184018564339766e+00 1.038111466161459662e+00
2.959802358856340021e+00 1.036142660577688002e+00
2.963420699148340720e+00 1.034134591620192944e+00
2.967039039440340975e+00 1.032087335286215657e+00
2.970657379732341230e+00 1.030000969051264370e+00
2.974275720024341929e+00 1.027875571866194493e+00
2.977894060316342184e+00 1.025711224154226109e+00
2.981512400608342883e+00 1.023508007807916176e+00
2.985130740900343138e+00 1.021266006186064779e+00
2.988749081192343393e+00 1.018985304110571644e+00
2.992367421484344092e+00 1.016665987863236476e+00
2.995985761776344347e+00 1.014308145182506227e+00
2.999604102068344602e+00 1.011911865260159971e+00
3.003222442360345301e+00 1.009477238737952032e+00
3.006840782652345556e+00 1.007004357704185171e+00
3.010459122944345811e+00 1.004493315690240252e+00
3.014077463236346510e+00 1.001944207667049946e+00
3.017695803528346765e+00 9.993571300415134973e-01
3.021314143820347464e+00 9.967321806528581796e-01
3.024932484112347719e+00 9.940694587689510309e-01
3.028550824404347974e+00 9.913690650825555117e-01
3.032169164696348673e+00 9.886311017075315455e-01
3.035787504988348928e+00 9.858556721749810459e-01
3.039405845280349183e+00 9.830428814293459272e-01
3.043024185572349882e+00 9.801928358244481609e-01
3.046642525864350137e+00 9.773056431194780957e-01
3.050260866156350392e+00 9.743814124749278216e-01
3.053879206448351091e+00 9.714202544484746848e-01
3.057497546740351346e+00 9.684222809908112906e-01
3.061115887032352045e+00 9.653876054414208818e-01
3.064734227324352300e+00 9.623163425243024260e-01
3.068352567616352555e+00 9.592086083436427435e-01
3.071970907908353254e+00 9.560645203794384539e-01
3.075589248200353509e+00 9.528841974830624117e-01
3.079207588492353764e+00 9.496677598727774061e-01
3.082825928784354463e+00 9.464153291292081160e-01
3.086444269076354718e+00 9.431270281907500053e-01
3.090062609368354973e+00 9.398029813489323647e-01
3.093680949660355672e+00 9.364433142437286195e-01
3.097299289952355927e+00 9.330481538588198953e-01
3.100917630244356182e+00 9.296176285168025188e-01
3.104535970536356881e+00 9.261518678743476674e-01
3.108154310828357136e+00 9.226510029173103922e-01
3.111772651120357835e+00 9.191151659557884601e-01
3.115390991412358090e+00 9.155444906191316790e-01
3.119009331704358345e+00 9.119391118509002636e-01
3.122627671996359044e+00 9.082991659037747967e-01
3.126246012288359299e+00 9.046247903344142305e-01
3.129864352580359554e+00 9.009161239982729219e-01
3.133482692872360253e+00 8.971733070443558278e-01
3.137101033164360508e+00 8.933964809099332882e-01
3.140719373456360763e+00 8.895857883152079593e-01
3.144337713748361463e+00 8.857413732579301202e-01
3.147956054040361717e+00 8.818633810079649082e-01
3.151574394332362417e+00 8.779519581018105923e-01
3.155192734624362672e+00 8.740072523370739921e-01
3.158811074916362927e+00 8.700294127668941613e-01
3.162429415208363626e+00 8.660185896943194406e-01
3.166047755500363881e+00 8.619749346666359946e-01
3.169666095792364136e+00 8.578986004696524947e-01
3.173284436084364835e+00 8.537897411219385058e-01
3.176902776376365090e+00 8.496485118690102478e-01
3.180521116668365345e+00 8.454750691774761684e-01
3.184139456960366044e+00 8.412695707291348857e-01
3.187757797252366299e+00 8.370321754150292781e-01
3.191376137544366998e+00 8.327630433294485046e-01
3.194994477836367253e+00 8.284623357638885022e-01
3.198612818128367508e+00 8.241302152009706283e-01
3.202231158420368207e+00 8.197668453083133411e-01
3.205849498712368462e+00 8.153723909323539187e-01
3.209467839004368717e+00 8.109470180921308780e-01
3.213086179296369416e+00 8.064908939730244253e-01
3.216704519588369671e+00 8.020041869204471707e-01
3.220322859880369926e+00 7.974870664334938741e-01
3.223941200172370625e+00 7.929397031585470046e-01
3.227559540464370880e+00 7.883622688828402225e-01
3.231177880756371579e+00 7.837549365279790070e-01
3.234796221048371834e+00 7.791178801434155421e-01
3.238414561340372089e+00 7.744512748998831908e-01
3.242032901632372788e+00 7.697552970827877816e-01
3.245651241924373043e+00 7.650301240855653662e-01
3.249269582216373298e+00 7.602759344029784705e-01
3.252887922508373997e+00 7.554929076243881436e-01
3.256506262800374252e+00 7.506812244269805978e-01
3.260124603092374507e+00 7.458410665689515495e-01
3.263742943384375206e+00 7.409726168826474835e-01
3.267361283676375461e+00 7.360760592676689473e-01
3.270979623968376160e+00 7.311515786839339892e-01
3.274597964260376415e+00 7.261993611447031816e-01
3.278216304552376670e+00 7.212195937095583487e-01
3.281834644844377369e+00 7.162124644773483206e-01
3.285452985136377624e+00 7.111781625790931649e-01
3.289071325428377879e+00 7.061168781708506703e-01
3.292689665720378578e+00 7.010288024265410867e-01
3.296308006012378833e+00 6.959141275307352270e-01
3.299926346304379088e+00 6.907730466714059325e-01
3.303544686596379787e+00 6.856057540326435662e-01
3.307163026888380042e+00 6.804124447873245440e-01
3.310781367180380741e+00 6.751933150897502234e-01
3.314399707472380996e+00 6.699485620682513742e-01
3.318018047764381251e+00 6.646783838177499071e-01
3.321636388056381950e+00 6.593829793922834082e-01
3.325254728348382205e+00 6.540625487974993657e-01
3.328873068640382460e+00 6.487172929831092061e-01
3.332491408932383159e+00 6.433474138353084681e-01
3.336109749224383414e+00 6.379531141691608953e-01
3.339728089516383669e+00 6.325345977209457793e-01
3.343346429808384368e+00 6.270920691404744396e-01
3.346964770100384623e+00 6.216257339833719531e-01
3.350583110392384878e+00 6.161357987033175831e-01
3.354201450684385577e+00 6.106224706442613392e-01
3.357819790976385832e+00 6.050859580325989029e-01
3.361438131268386531e+00 5.995264699693234611e-01
3.365056471560386786e+00 5.939442164221293563e-01
3.368674811852387041e+00 5.883394082174939754e-01
3.372293152144387740e+00 5.827122570327267770e-01
3.375911492436387995e+00 5.770629753879856771e-01
3.379529832728388250e+00 5.713917766382548002e-01
3.383148173020388949e+00 5.656988749652992476e-01
3.386766513312389204e+00 5.599844853695844504e-01
3.390384853604389459e+00 5.542488236621696540e-01
3.394003193896390158e+00 5.484921064565609905e-01
3.397621534188390413e+00 5.427145511605426798e-01
3.401239874480391112e+00 5.369163759679759229e-01
3.404858214772391367e+00 5.310977998505697073e-01
3.408476555064391622e+00 5.252590425496166393e-01
3.412094895356392321e+00 5.194003245677061287e-01
3.415713235648392576e+00 5.135218671604039331e-01
3.419331575940392831e+00 5.076238923279140502e-01
3.422949916232393530e+00 5.017066228066917599e-01
3.426568256524393785e+00 4.957702820610485617e-01
3.430186596816394040e+00 4.898150942747209746e-01
3.433804937108394739e+00 4.838412843424170218e-01
3.437423277400394994e+00 4.778490778613257994e-01
3.441041617692395693e+00 4.718387011226113925e-01
3.444659957984395948e+00 4.658103811028765362e-01
3.448278298276396203e+00 4.597643454556011866e-01
3.451896638568396902e+00 4.537008225025511154e-01
3.455514978860397157e+00 4.476200412251672422e-01
3.459133319152397412e+00 4.415222312559280438e-01
3.462751659444398111e+00 4.354076228696877604e-01
3.466369999736398366e+00 4.292764469749871803e-01
3.469988340028398621e+00 4.231289351053444947e-01
3.473606680320399320e+00 4.169653194105181759e-01
3.477225020612399575e+00 4.107858326477626942e-01
3.480843360904400274e+00 4.045907081730280574e-01
3.484461701196400529e+00 3.983801799321695647e-01
3.488080041488400784e+00 3.921544824521194239e-01
3.491698381780401483e+00 3.859138508320433258e-01
3.495316722072401738e+00 3.796585207344657653e-01
3.498935062364401993e+00 3.733887283763831499e-01
3.502553402656402692e+00 3.671047105203529837e-01
3.506171742948402947e+00 3.608067044655643985e-01
3.509790083240403202e+00 3.544949480388824292e-01
3.513408423532403901e+00 3.481696795858782445e-01
3.517026763824404156e+00 3.418311379618380608e-01
3.520645104116404855e+00 3.354795625227557920e-01
3.524263444408405110e+00 3.291151931162978883e-01
3.527881784700405365e+00 3.227382700727591813e-01
3.531500124992406064e+00 3.163490341959945829e-01
3.535118465284406319e+00 3.099477267543439551e-01
3.538736805576406574e+00 3.035345894715166248e-01
3.542355145868407273e+00 2.971098645174814479e-01
3.545973486160407528e+00 2.906737944993303402e-01
3.549591826452407783e+00 2.842266224521277640e-01
3.553210166744408482e+00 2.777685918297386758e-01
3.556828507036408737e+00 2.712999464956468154e-01
3.560446847328409437e+00 2.648209307137558977e-01
3.564065187620409692e+00 2.583317891391769261e-01
3.567683527912409946e+00 2.518327668089941351e-01
3.571301868204410646e+00 2.453241091330251034e-01
3.574920208496410901e+00 2.388060618845617156e-01
3.578538548788411155e+00 2.322788711911020765e-01
3.582156889080411855e+00 2.257427835250604975e-01
3.585775229372412110e+00 2.191980456944730427e-01
3.589393569664412365e+00 2.126449048336841730e-01
3.593011909956413064e+00 2.060836083940344177e-01
3.596630250248413319e+00 1.995144041345100483e-01
3.600248590540413574e+00 1.929375401124067413e-01
3.603866930832414273e+00 1.863532646739693988e-01
3.607485271124414528e+00 1.797618264450278891e-01
3.611103611416415227e+00 1.731634743216105554e-01
3.614721951708415482e+00 1.665584574605603885e-01
3.618340292000415737e+00 1.599470252701342132e-01
3.621958632292416436e+00 1.533294274005976010e-01
3.625576972584416691e+00 1.467059137348014630e-01
3.629195312876416946e+00 1.400767343787594765e-01
3.632813653168417645e+00 1.334421396522119108e-01
3.636431993460417900e+00 1.268023800791865940e-01
3.640050333752418155e+00 1.201577063785420757e-01
3.643668674044418854e+00 1.135083694545137301e-01
3.647287014336419109e+00 1.068546203872458994e-01
3.650905354628419808e+00 1.001967104233296990e-01
3.654523694920420063e+00 9.353489096631102673e-02
3.658142035212420318e+00 8.686941356721587792e-02
3.661760375504421017e+00 8.020052991505810525e-02
3.665378715796421272e+00 7.352849182734963462e-02
3.668997056088421527e+00 6.685355124059380594e-02
3.672615396380422226e+00 6.017596020078584684e-02
3.676233736672422481e+00 5.349597085390378481e-02
3.679852076964422736e+00 4.681383543640015715e-02
3.683470417256423435e+00 4.012980626568068976e-02
3.687088757548423690e+00 3.344413573059022010e-02
3.690707097840424389e+00 2.675707628188987719e-02
3.694325438132424644e+00 2.006888042273841100e-02
3.697943778424424899e+00 1.337980069916002226e-02
3.701562118716425598e+00 6.690089690521737638e-03
