0.000000000000000000e+00 2.168404344971008868e-17
3.618340292000415872e-03 5.256598190076418493e-03
7.236680584000831744e-03 1.051319628323441405e-02
1.085502087600124718e-02 1.576969493811317818e-02
1.447336116800166349e-02 2.102589566957594955e-02
1.809170146000207979e-02 2.628160000372189997e-02
2.171004175200249436e-02 3.153660948537868186e-02
2.532838204400291240e-02 3.679072568558500872e-02
2.894672233600332698e-02 4.204375020907762800e-02
3.256506262800374502e-02 4.729548470177206282e-02
3.618340292000415959e-02 5.254573085825060830e-02
3.980174321200457416e-02 5.779429042923922566e-02
4.342008350400498873e-02 6.304096522908783640e-02
4.703842379600540330e-02 6.828555714324305304e-02
5.065676408800582481e-02 7.352786813572727287e-02
5.427510438000623938e-02 7.876770025660516372e-02
5.789344467200665395e-02 8.400485564945422978e-02
6.151178496400706852e-02 8.923913655881986207e-02
6.513012525600749003e-02 9.447034533768854103e-02
6.874846554800789766e-02 9.969828445493458813e-02
7.236680584000831917e-02 1.049227565027749387e-01
7.598514613200872680e-02 1.101435642042123131e-01
7.960348642400914831e-02 1.153605104204827314e-01
8.322182671600956982e-02 1.205733981584883596e-01
8.684016700800997746e-02 1.257820305782303416e-01
9.045850730001039897e-02 1.309862110002309454e-01
9.407684759201080660e-02 1.361857429129584018e-01
9.769518788401122811e-02 1.413804299802358111e-01
1.013135281760116496e-01 1.465700760486497445e-01
1.049318684680120572e-01 1.517544851549460505e-01
1.085502087600124788e-01 1.569334615334277427e-01
1.121685490520128864e-01 1.621068096233360123e-01
1.157868893440133079e-01 1.672743340762304909e-01
1.194052296360137294e-01 1.724358397633498630e-01
1.230235699280141370e-01 1.775911317829859670e-01
1.266419102200145586e-01 1.827400154678266997e-01
1.302602505120149801e-01 1.878822963923032496e-01
1.338785908040153738e-01 1.930177803799202896e-01
1.374969310960157953e-01 1.981462735105868067e-01
1.411152713880162168e-01 2.032675821279275041e-01
1.447336116800166383e-01 2.083815128465897615e-01
1.483519519720170599e-01 2.134878725595352467e-01
1.519702922640174536e-01 2.185864684453303897e-01
1.555886325560178751e-01 2.236771079754156510e-01
1.592069728480182966e-01 2.287595989213709324e-01
1.628253131400187181e-01 2.338337493621627794e-01
1.664436534320191396e-01 2.388993676913904463e-01
1.700619937240195334e-01 2.439562626245093402e-01
1.736803340160199549e-01 2.490042432060503852e-01
1.772986743080203764e-01 2.540431188168152943e-01
1.809170146000207979e-01 2.590726991810791136e-01
1.845353548920212194e-01 2.640927943737604866e-01
1.881536951840216132e-01 2.691032148275885327e-01
1.917720354760220347e-01 2.741037713402507681e-01
1.953903757680224562e-01 2.790942750815355589e-01
1.990087160600228777e-01 2.840745376004517042e-01
2.026270563520232992e-01 2.890443708323394145e-01
2.062453966440236930e-01 2.940035871059610839e-01
2.098637369360241145e-01 2.989519991505861229e-01
2.134820772280245360e-01 3.038894201030516440e-01
2.171004175200249575e-01 3.088156635148135432e-01
2.207187578120253790e-01 3.137305433589762105e-01
2.243370981040257728e-01 3.186338740373157452e-01
2.279554383960261943e-01 3.235254703872769699e-01
2.315737786880266158e-01 3.284051476889629506e-01
2.351921189800270373e-01 3.332727216720907659e-01
2.388104592720274588e-01 3.381280085229612653e-01
2.424287995640278526e-01 3.429708248913799218e-01
2.460471398560282741e-01 3.478009878975791280e-01
2.496654801480286956e-01 3.526183151391115711e-01
2.532838204400291171e-01 3.574226246977375010e-01
2.569021607320295386e-01 3.622137351462831334e-01
2.605205010240299601e-01 3.669914655554867289e-01
2.641388413160303816e-01 3.717556355008199698e-01
2.677571816080307476e-01 3.765060650693002886e-01
2.713755219000311691e-01 3.812425748662721103e-01
2.749938621920315907e-01 3.859649860221789353e-01
2.786122024840320122e-01 3.906731201993046132e-01
2.822305427760324337e-01 3.953667995985078454e-01
2.858488830680328552e-01 4.000458469659247673e-01
2.894672233600332767e-01 4.047100855996588753e-01
2.930855636520336982e-01 4.093593393564387006e-01
2.967039039440341197e-01 4.139934326582746515e-01
3.003222442360345412e-01 4.186121904990733888e-01
3.039405845280349072e-01 4.232154384512442080e-01
3.075589248200353287e-01 4.278030026722737800e-01
3.111772651120357502e-01 4.323747099112904002e-01
3.147956054040361717e-01 4.369303875155953198e-01
3.184139456960365933e-01 4.414698634371779784e-01
3.220322859880370148e-01 4.459929662392023153e-01
3.256506262800374363e-01 4.504995251024799252e-01
3.292689665720378578e-01 4.549893698319088520e-01
3.328873068640382793e-01 4.594623308628974501e-01
3.365056471560387008e-01 4.639182392677558275e-01
3.401239874480390668e-01 4.683569267620748544e-01
3.437423277400394883e-01 4.727782257110696440e-01
3.473606680320399098e-01 4.771819691359071580e-01
3.509790083240403313e-01 4.815679907199963417e-01
3.545973486160407528e-01 4.859361248152753721e-01
3.582156889080411744e-01 4.902862064484501126e-01
3.618340292000415959e-01 4.946180713272231300e-01
3.654523694920420174e-01 4.989315558464854639e-01
3.690707097840424389e-01 5.032264970944948512e-01
3.726890500760428604e-01 5.075027328590174802e-01
3.763073903680432264e-01 5.117601016334483166e-01
3.799257306600436479e-01 5.159984426229010657e-01
3.835440709520440694e-01 5.202175957502788162e-01
3.871624112440444909e-01 5.244174016623084356e-01
3.907807515360449124e-01 5.285977017355542040e-01
3.943990918280453339e-01 5.327583380823983639e-01
3.980174321200457555e-01 5.368991535570023510e-01
4.016357724120461770e-01 5.410199917612298348e-01
4.052541127040465985e-01 5.451206970505511062e-01
4.088724529960470200e-01 5.492011145399070537e-01
4.124907932880473860e-01 5.532610901095614819e-01
4.161091335800478075e-01 5.573004704109085772e-01
4.197274738720482290e-01 5.613191028722602782e-01
4.233458141640486505e-01 5.653168357045985637e-01
4.269641544560490720e-01 5.692935179073064234e-01
4.305824947480494935e-01 5.732489992738595275e-01
4.342008350400499150e-01 5.771831303974960248e-01
4.378191753320503365e-01 5.810957626768481488e-01
4.414375156240507581e-01 5.849867483215541730e-01
4.450558559160511796e-01 5.888559403578268459e-01
4.486741962080515456e-01 5.927031926340037282e-01
4.522925365000519671e-01 5.965283598260546771e-01
4.559108767920523886e-01 6.003312974430693449e-01
4.595292170840528101e-01 6.041118618327037115e-01
4.631475573760532316e-01 6.078699101866041898e-01
4.667658976680536531e-01 6.116053005457836589e-01
4.703842379600540746e-01 6.153178918059918345e-01
4.740025782520544961e-01 6.190075437230271316e-01
4.776209185440549176e-01 6.226741169180326496e-01
4.812392588360552836e-01 6.263174728827489712e-01
4.848575991280557052e-01 6.299374739847444227e-01
4.884759394200561267e-01 6.335339834726033681e-01
4.920942797120565482e-01 6.371068654810877474e-01
4.957126200040569697e-01 6.406559850362576469e-01
4.993309602960573912e-01 6.441812080605692215e-01
5.029493005880577572e-01 6.476824013779270972e-01
5.065676408800582342e-01 6.511594327187125719e-01
5.101859811720586002e-01 6.546121707247677390e-01
5.138043214640590772e-01 6.580404849543572965e-01
5.174226617560594432e-01 6.614442458870839481e-01
5.210410020480599202e-01 6.648233249287786029e-01
5.246593423400602862e-01 6.681775944163441672e-01
5.282776826320607633e-01 6.715069276225816841e-01
5.318960229240611293e-01 6.748111987609622942e-01
5.355143632160614953e-01 6.780902829903774354e-01
5.391327035080619723e-01 6.813440564198438576e-01
5.427510438000623383e-01 6.845723961131814361e-01
5.463693840920628153e-01 6.877751800936482418e-01
5.499877243840631813e-01 6.909522873485429706e-01
5.536060646760636583e-01 6.941035978337674051e-01
5.572244049680640243e-01 6.972289924783597881e-01
5.608427452600645013e-01 7.003283531889810121e-01
5.644610855520648673e-01 7.034015628543742737e-01
5.680794258440653444e-01 7.064485053497783218e-01
5.716977661360657104e-01 7.094690655413128377e-01
5.753161064280660764e-01 7.124631292903166324e-01
5.789344467200665534e-01 7.154305834576590861e-01
5.825527870120669194e-01 7.183713159080001853e-01
5.861711273040673964e-01 7.212852155140299093e-01
5.897894675960677624e-01 7.241721721606525497e-01
5.934078078880682394e-01 7.270320767491466052e-01
5.970261481800686054e-01 7.298648212012741610e-01
6.006444884720690824e-01 7.326702984633636229e-01
6.042628287640694484e-01 7.354484025103444900e-01
6.078811690560698144e-01 7.381990283497492644e-01
6.114995093480702915e-01 7.409220720256708415e-01
6.151178496400706575e-01 7.436174306226891462e-01
6.187361899320711345e-01 7.462850022697475882e-01
6.223545302240715005e-01 7.489246861440016501e-01
6.259728705160719775e-01 7.515363824746160715e-01
6.295912108080723435e-01 7.541199925465349452e-01
6.332095511000728205e-01 7.566754187042005197e-01
6.368278913920731865e-01 7.592025643552405834e-01
6.404462316840736635e-01 7.617013339741078859e-01
6.440645719760740295e-01 7.641716331056894740e-01
6.476829122680743955e-01 7.666133683688648448e-01
6.513012525600748726e-01 7.690264474600321254e-01
6.549195928520752386e-01 7.714107791565861794e-01
6.585379331440757156e-01 7.737662733203639620e-01
6.621562734360760816e-01 7.760928409010420248e-01
6.657746137280765586e-01 7.783903939394972715e-01
6.693929540200769246e-01 7.806588455711228614e-01
6.730112943120774016e-01 7.828981100291086959e-01
6.766296346040777676e-01 7.851081026476725011e-01
6.802479748960781336e-01 7.872887398652583801e-01
6.838663151880786106e-01 7.894399392276832961e-01
6.874846554800789766e-01 7.915616193912539122e-01
6.911029957720794537e-01 7.936537001258290314e-01
6.947213360640798196e-01 7.957161023178523918e-01
6.983396763560802967e-01 7.977487479733287312e-01
7.019580166480806627e-01 7.997515602207752039e-01
7.055763569400811397e-01 8.017244633141151766e-01
7.091946972320815057e-01 8.036673826355382744e-01
7.128130375240818717e-01 8.055802446983126863e-01
7.164313778160823487e-01 8.074629771495598352e-01
7.200497181080827147e-01 8.093155087729828612e-01
7.236680584000831917e-01 8.111377694915532510e-01
7.272863986920835577e-01 8.129296903701527244e-01
7.309047389840840347e-01 8.146912036181774841e-01
7.345230792760844007e-01 8.164222425920902859e-01
7.381414195680848778e-01 8.181227417979402006e-01
7.417597598600852438e-01 8.197926368938276420e-01
7.453781001520857208e-01 8.214318646923360889e-01
7.489964404440860868e-01 8.230403631629127359e-01
7.526147807360864528e-01 8.246180714342107310e-01
7.562331210280869298e-01 8.261649297963818972e-01
7.598514613200872958e-01 8.276808797033351484e-01
7.634698016120877728e-01 8.291658637749371730e-01
7.670881419040881388e-01 8.306198257991856959e-01
7.707064821960886158e-01 8.320427107343216777e-01
7.743248224880889818e-01 8.334344647109117599e-01
7.779431627800894589e-01 8.347950350338774195e-01
7.815615030720898249e-01 8.361243701844834897e-01
7.851798433640901909e-01 8.374224198222811610e-01
7.887981836560906679e-01 8.386891347870089053e-01
7.924165239480910339e-01 8.399244671004429952e-01
7.960348642400915109e-01 8.411283699682129411e-01
7.996532045320918769e-01 8.423007977815601954e-01
8.032715448240923539e-01 8.434417061190654374e-01
8.068898851160927199e-01 8.445510517483185708e-01
8.105082254080931969e-01 8.456287926275531941e-01
8.141265657000935629e-01 8.466748879072303335e-01
8.177449059920940400e-01 8.476892979315817644e-01
8.213632462840944060e-01 8.486719842401023728e-01
8.249815865760947720e-01 8.496229095690062127e-01
8.285999268680952490e-01 8.505420378526264980e-01
8.322182671600956150e-01 8.514293342247802876e-01
8.358366074520960920e-01 8.522847650200818803e-01
8.394549477440964580e-01 8.531082977752130203e-01
8.430732880360969350e-01 8.538999012301474734e-01
8.466916283280973010e-01 8.546595453293319711e-01
8.503099686200977780e-01 8.553872012228156407e-01
8.539283089120981440e-01 8.560828412673440191e-01
8.575466492040985100e-01 8.567464390273968888e-01
8.611649894960989871e-01 8.573779692761892557e-01
8.647833297880993531e-01 8.579774079966193678e-01
8.684016700800998301e-01 8.585447323821785437e-01
8.720200103721001961e-01 8.590799208378083751e-01
8.756383506641006731e-01 8.595829529807174074e-01
8.792566909561010391e-01 8.600538096411480815e-01
8.828750312481015161e-01 8.604924728631027087e-01
8.864933715401018821e-01 8.608989259050175979e-01
8.901117118321023591e-01 8.612731532403969936e-01
8.937300521241027251e-01 8.616151405583974965e-01
8.973483924161030911e-01 8.619248747643691866e-01
9.009667327081035682e-01 8.622023439803467859e-01
9.045850730001039341e-01 8.624475375455026294e-01
9.082034132921044112e-01 8.626604460165429034e-01
9.118217535841047772e-01 8.628410611680693565e-01
9.154400938761052542e-01 8.629893759928852770e-01
9.190584341681056202e-01 8.631053847022631675e-01
9.226767744601060972e-01 8.631890827261596844e-01
9.262951147521064632e-01 8.632404667133918297e-01
9.299134550441068292e-01 8.632595345317604085e-01
9.335317953361073062e-01 8.632462852681326293e-01
9.371501356281076722e-01 8.632007192284729680e-01
9.407684759201081492e-01 8.631228379378377280e-01
9.443868162121085152e-01 8.630126441403107584e-01
9.480051565041089923e-01 8.628701417989047551e-01
9.516234967961093583e-01 8.626953360954094929e-01
9.552418370881098353e-01 8.624882334301970932e-01
9.588601773801102013e-01 8.622488414219802166e-01
9.624785176721105673e-01 8.619771689075259591e-01
9.660968579641110443e-01 8.616732259413193429e-01
9.697151982561114103e-01 8.613370237951881725e-01
9.733335385481118873e-01 8.609685749578744884e-01
9.769518788401122533e-01 8.605678931345654981e-01
9.805702191321127303e-01 8.601349932463751014e-01
9.841885594241130963e-01 8.596698914297820071e-01
9.878068997161135734e-01 8.591726050360212197e-01
9.914252400081139394e-01 8.586431526304287853e-01
9.950435803001144164e-01 8.580815539917403534e-01
9.986619205921147824e-01 8.574878301113487700e-01
1.002280260884115259e+00 8.568620031925078262e-01
1.005898601176115514e+00 8.562040966494979255e-01
1.009516941468115991e+00 8.555141351067407918e-01
1.013135281760116468e+00 8.547921443978712119e-01
1.016753622052116945e+00 8.540381515647639254e-01
1.020371962344117200e+00 8.532521848565113309e-01
1.023990302636117677e+00 8.524342737283580052e-01
1.027608642928118154e+00 8.515844488405921453e-01
1.031226983220118631e+00 8.507027420573856080e-01
1.034845323512118886e+00 8.497891864455946465e-01
1.038463663804119363e+00 8.488438162735100212e-01
1.042082004096119840e+00 8.478666670095660329e-01
1.045700344388120095e+00 8.468577753210027037e-01
1.049318684680120572e+00 8.458171790724821060e-01
1.052937024972121050e+00 8.447449173246581733e-01
1.056555365264121527e+00 8.436410303327066540e-01
1.060173705556121782e+00 8.425055595448042167e-01
1.063792045848122259e+00 8.413385476005651453e-01
1.067410386140122736e+00 8.401400383294336249e-01
1.071028726432122991e+00 8.389100767490291766e-01
1.074647066724123468e+00 8.376487090634505694e-01
1.078265407016123945e+00 8.363559826615306614e-01
1.081883747308124422e+00 8.350319461150487177e-01
1.085502087600124677e+00 8.336766491769006526e-01
1.089120427892125154e+00 8.322901427792189777e-01
1.092738768184125631e+00 8.308724790314547803e-01
1.096357108476126108e+00 8.294237112184080774e-01
1.099975448768126363e+00 8.279438937982214197e-01
1.103593789060126840e+00 8.264330824003239817e-01
1.107212129352127317e+00 8.248913338233333503e-01
1.110830469644127572e+00 8.233187060329111295e-01
1.114448809936128049e+00 8.217152581595793537e-01
1.118067150228128526e+00 8.200810504964882730e-01
1.121685490520129003e+00 8.184161444971413957e-01
1.125303830812129258e+00 8.167206027730781193e-01
1.128922171104129735e+00 8.149944890915119533e-01
1.132540511396130212e+00 8.132378683729244440e-01
1.136158851688130689e+00 8.114508066886171322e-01
1.139777191980130944e+00 8.096333712582166608e-01
1.143395532272131421e+00 8.077856304471423554e-01
1.147013872564131898e+00 8.059076537640256221e-01
1.150632212856132153e+00 8.039995118580878231e-01
1.154250553148132630e+00 8.020612765164747415e-01
1.157868893440133107e+00 8.000930206615483042e-01
1.161487233732133584e+00 7.980948183481405556e-01
1.165105574024133839e+00 7.960667447607526759e-01
1.168723914316134316e+00 7.940088762107213594e-01
1.172342254608134793e+00 7.919212901333436694e-01
1.175960594900135048e+00 7.898040650849522670e-01
1.179578935192135525e+00 7.876572807399517817e-01
1.183197275484136002e+00 7.854810178878163240e-01
1.186815615776136479e+00 7.832753584300380378e-01
1.190433956068136734e+00 7.810403853770414573e-01
1.194052296360137211e+00 7.787761828450495694e-01
1.197670636652137688e+00 7.764828360529093532e-01
1.201288976944138165e+00 7.741604313188812370e-01
1.204907317236138420e+00 7.718090560573801495e-01
1.208525657528138897e+00 7.694287987756777136e-01
1.212143997820139374e+00 7.670197490705645826e-01
1.215762338112139629e+00 7.645819976249692562e-01
1.219380678404140106e+00 7.621156362045408139e-01
1.222999018696140583e+00 7.596207576541829098e-01
1.226617358988141060e+00 7.570974558945516852e-01
1.230235699280141315e+00 7.545458259185161554e-01
1.233854039572141792e+00 7.519659637875726332e-01
1.237472379864142269e+00 7.493579666282209617e-01
1.241090720156142746e+00 7.467219326282995562e-01
1.244709060448143001e+00 7.440579610332841431e-01
1.248327400740143478e+00 7.413661521425427559e-01
1.251945741032143955e+00 7.386466073055512060e-01
1.255564081324144210e+00 7.358994289180695869e-01
1.259182421616144687e+00 7.331247204182820276e-01
1.262800761908145164e+00 7.303225862828928161e-01
1.266419102200145641e+00 7.274931320231858844e-01
1.270037442492145896e+00 7.246364641810425500e-01
1.273655782784146373e+00 7.217526903249253944e-01
1.277274123076146850e+00 7.188419190458211760e-01
1.280892463368147327e+00 7.159042599531401097e-01
1.284510803660147582e+00 7.129398236705823955e-01
1.288129143952148059e+00 7.099487218319692206e-01
1.291747484244148536e+00 7.069310670770271310e-01
1.295365824536148791e+00 7.038869730471400965e-01
1.298984164828149268e+00 7.008165543810633835e-01
1.302602505120149745e+00 6.977199267105975711e-01
1.306220845412150222e+00 6.945972066562291491e-01
1.309839185704150477e+00 6.914485118227289284e-01
1.313457525996150954e+00 6.882739607947153671e-01
1.317075866288151431e+00 6.850736731321827033e-01
1.320694206580151686e+00 6.818477693659911187e-01
1.324312546872152163e+00 6.785963709933184873e-01
1.327930887164152640e+00 6.753196004730763757e-01
1.331549227456153117e+00 6.720175812212922928e-01
1.335167567748153372e+00 6.686904376064565225e-01
1.338785908040153849e+00 6.653382949448245487e-01
1.342404248332154326e+00 6.619612794956925006e-01
1.346022588624154803e+00 6.585595184566360727e-01
1.349640928916155058e+00 6.551331399587109194e-01
1.353259269208155535e+00 6.516822730616178561e-01
1.356877609500156012e+00 6.482070477488357518e-01
1.360495949792156267e+00 6.447075949227177860e-01
1.364114290084156744e+00 6.411840463995542860e-01
1.367732630376157221e+00 6.376365349045995945e-01
1.371350970668157698e+00 6.340651940670627429e-01
1.374969310960157953e+00 6.304701584150707028e-01
1.378587651252158430e+00 6.268515633705925572e-01
1.382205991544158907e+00 6.232095452443286998e-01
1.385824331836159384e+00 6.195442412305701696e-01
1.389442672128159639e+00 6.158557894020216805e-01
1.393061012420160116e+00 6.121443287046014481e-01
1.396679352712160593e+00 6.084099989521865037e-01
1.400297693004160848e+00 6.046529408213457968e-01
1.403916033296161325e+00 6.008732958460339946e-01
1.407534373588161802e+00 5.970712064122518647e-01
1.411152713880162279e+00 5.932468157526724628e-01
1.414771054172162534e+00 5.894002679412397860e-01
1.418389394464163011e+00 5.855317078877340098e-01
1.422007734756163488e+00 5.816412813323064146e-01
1.425626075048163743e+00 5.777291348399783422e-01
1.429244415340164220e+00 5.737954157951133949e-01
1.432862755632164697e+00 5.698402723958593263e-01
1.436481095924165174e+00 5.658638536485568471e-01
1.440099436216165429e+00 5.618663093621177884e-01
1.443717776508165906e+00 5.578477901423736229e-01
1.447336116800166383e+00 5.538084473863937873e-01
1.450954457092166860e+00 5.497484332767803572e-01
1.454572797384167115e+00 5.456679007759183131e-01
1.458191137676167592e+00 5.415670036202093751e-01
1.461809477968168069e+00 5.374458963142738632e-01
1.465427818260168324e+00 5.333047341251221374e-01
1.469046158552168801e+00 5.291436730762947294e-01
1.472664498844169279e+00 5.249628699419789379e-01
1.476282839136169756e+00 5.207624822410934495e-01
1.479901179428170011e+00 5.165426682313495332e-01
1.483519519720170488e+00 5.123035869032767087e-01
1.487137860012170965e+00 5.080453979742259873e-01
1.490756200304171442e+00 5.037682618823476899e-01
1.494374540596171697e+00 4.994723397805377330e-01
1.497992880888172174e+00 4.951577935303571043e-01
1.501611221180172651e+00 4.908247856959266353e-01
1.505229561472172906e+00 4.864734795377937404e-01
1.508847901764173383e+00 4.821040390067802273e-01
1.512466242056173860e+00 4.777166287377869747e-01
1.516084582348174337e+00 4.733114140435897288e-01
1.519702922640174592e+00 4.688885609086022033e-01
1.523321262932175069e+00 4.644482359826161422e-01
1.526939603224175546e+00 4.599906065745107409e-01
1.530557943516176023e+00 4.555158406459439147e-01
1.534176283808176278e+00 4.510241068050155899e-01
1.537794624100176755e+00 4.465155742999097344e-01
1.541412964392177232e+00 4.419904130125055786e-01
1.545031304684177487e+00 4.374487934519706855e-01
1.548649644976177964e+00 4.328908867483304834e-01
1.552267985268178441e+00 4.283168646460123741e-01
1.555886325560178918e+00 4.237268994973645286e-01
1.559504665852179173e+00 4.191211642561561423e-01
1.563123006144179650e+00 4.144998324710515436e-01
1.566741346436180127e+00 4.098630782790698146e-01
1.570359686728180382e+00 4.052110763990056097e-01
1.573978027020180859e+00 4.005440021248442561e-01
1.577596367312181336e+00 3.958620313191482665e-01
1.581214707604181813e+00 3.911653404064254214e-01
1.584833047896182068e+00 3.864541063664679865e-01
1.588451388188182545e+00 3.817285067276814381e-01
1.592069728480183022e+00 3.769887195603848773e-01
1.595688068772183499e+00 3.722349234700965681e-01
1.599306409064183754e+00 3.674672975907928296e-01
1.602924749356184231e+00 3.626860215781518848e-01
1.606543089648184708e+00 3.578912756027773368e-01
1.610161429940184963e+00 3.530832403434027156e-01
1.613779770232185440e+00 3.482620969800724886e-01
1.617398110524185917e+00 3.434280271873093038e-01
1.621016450816186394e+00 3.385812131272581404e-01
1.624634791108186649e+00 3.337218374428254641e-01
1.628253131400187126e+00 3.288500832507722516e-01
1.631871471692187603e+00 3.239661341348171741e-01
1.635489811984188080e+00 3.190701741387090840e-01
1.639108152276188335e+00 3.141623877592860103e-01
1.642726492568188812e+00 3.092429599395112305e-01
1.646344832860189289e+00 3.043120760614996811e-01
1.649963173152189544e+00 2.993699219395234423e-01
1.653581513444190021e+00 2.944166838130052866e-01
1.657199853736190498e+00 2.894525483394882470e-01
1.660818194028190975e+00 2.844777025875973586e-01
1.664436534320191230e+00 2.794923340299820813e-01
1.668054874612191707e+00 2.744966305362464554e-01
1.671673214904192184e+00 2.694907803658578849e-01
1.675291555196192439e+00 2.644749721610480386e-01
1.678909895488192916e+00 2.594493949396948218e-01
1.682528235780193393e+00 2.544142380881994070e-01
1.686146576072193870e+00 2.493696913543299865e-01
1.689764916364194125e+00 2.443159448400715472e-01
1.693383256656194602e+00 2.392531889944530810e-01
1.697001596948195079e+00 2.341816146063652182e-01
1.700619937240195556e+00 2.291014127973590442e-01
1.704238277532195811e+00 2.240127750144388086e-01
1.707856617824196288e+00 2.189158930228390365e-01
1.711474958116196765e+00 2.138109588987940901e-01
1.715093298408197020e+00 2.086981650222866358e-01
1.718711638700197497e+00 2.035777040697938356e-01
1.722329978992197974e+00 1.984497690070185505e-01
1.725948319284198451e+00 1.933145530816120783e-01
1.729566659576198706e+00 1.881722498158800161e-01
1.733184999868199183e+00 1.830230529994844590e-01
1.736803340160199660e+00 1.778671566821321270e-01
1.740421680452200137e+00 1.727047551662614921e-01
1.744040020744200392e+00 1.675360429997008460e-01
1.747658361036200869e+00 1.623612149683373029e-01
1.751276701328201346e+00 1.571804660887672345e-01
1.754895041620201601e+00 1.519939916009416803e-01
1.758513381912202078e+00 1.468019869607965489e-01
1.762131722204202555e+00 1.416046478328831515e-01
1.765750062496203032e+00 1.364021700829851358e-01
1.769368402788203287e+00 1.311947497707336430e-01
1.772986743080203764e+00 1.259825831422056730e-01
1.776605083372204241e+00 1.207658666225244620e-01
1.780223423664204718e+00 1.155447968084487992e-01
1.783841763956204973e+00 1.103195704609594707e-01
1.787460104248205450e+00 1.050903844978319235e-01
1.791078444540205927e+00 9.985743598621112105e-02
1.794696784832206182e+00 9.462092213517532546e-02
1.798315125124206659e+00 8.938104028830427816e-02
1.801933465416207136e+00 8.413798791622276174e-02
1.805551805708207613e+00 7.889196260915921910e-02
1.809170146000207868e+00 7.364316206949017563e-02
1.812788486292208345e+00 6.839178410428466137e-02
1.816406826584208822e+00 6.313802661783760040e-02
1.820025166876209077e+00 5.788208760420747445e-02
1.823643507168209554e+00 5.262416513974609023e-02
1.827261847460210031e+00 4.736445737562958863e-02
1.830880187752210508e+00 4.210316253037858086e-02
1.834498528044210763e+00 3.684047888238381474e-02
1.838116868336211240e+00 3.157660476242556830e-02
1.841735208628211717e+00 2.631173854619470176e-02
1.845353548920212194e+00 2.104607864680452245e-02
1.848971889212212449e+00 1.577982350730899180e-02
1.852590229504212926e+00 1.051317159321284167e-02
1.856208569796213403e+00 5.246321385000371831e-03
1.859826910088213658e+00 -2.052862937620362344e-05
1.863445250380214135e+00 -5.287179961967911936e-03
1.867063590672214612e+00 -1.055343413232135916e-02
1.870681930964215089e+00 -1.581909267496270366e-02
1.874300271256215344e+00 -2.108395714688983402e-02
1.877918611548215821e+00 -2.634782913505454363e-02
1.881536951840216298e+00 -3.161051026384885387e-02
1.885155292132216776e+00 -3.687180220258504115e-02
1.888773632424217030e+00 -4.213150667298277974e-02
1.892391972716217508e+00 -4.738942545664492217e-02
1.896010313008217985e+00 -5.264536040253669363e-02
1.899628653300218240e+00 -5.789911343445716674e-02
1.903246993592218717e+00 -6.315048655851678017e-02
1.906865333884219194e+00 -6.839928187060236031e-02
1.910483674176219671e+00 -7.364530156384588300e-02
1.914102014468219926e+00 -7.888834793607764351e-02
1.917720354760220403e+00 -8.412822339729753018e-02
1.921338695052220880e+00 -8.936473047711959716e-02
1.924957035344221135e+00 -9.459767183222445031e-02
1.928575375636221612e+00 -9.982685025380011457e-02
1.932193715928222089e+00 -1.050520686749868982e-01
1.935812056220222566e+00 -1.102731301783075601e-01
1.939430396512222821e+00 -1.154898380030973393e-01
1.943048736804223298e+00 -1.207019955529229360e-01
1.946667077096223775e+00 -1.259094064030044369e-01
1.950285417388224252e+00 -1.311118743076207793e-01
1.953903757680224507e+00 -1.363092032075151061e-01
1.957522097972224984e+00 -1.415011972372867133e-01
1.961140438264225461e+00 -1.466876607327856907e-01
1.964758778556225716e+00 -1.518683982384896880e-01
1.968377118848226193e+00 -1.570432145148804581e-01
1.971995459140226670e+00 -1.622119145458003620e-01
1.975613799432227147e+00 -1.673743035458220563e-01
1.979232139724227402e+00 -1.725301869675870403e-01
1.982850480016227879e+00 -1.776793705091486153e-01
1.986468820308228356e+00 -1.828216601212970249e-01
1.990087160600228833e+00 -1.879568620148859281e-01
1.993705500892229088e+00 -1.930847826681382218e-01
1.997323841184229565e+00 -1.982052288339487822e-01
2.000942181476229820e+00 -2.033180075471701376e-01
2.004560521768230519e+00 -2.084229261318978621e-01
2.008178862060230774e+00 -2.135197922087343769e-01
2.011797202352231029e+00 -2.186084137020486984e-01
2.015415542644231728e+00 -2.236885988472179232e-01
2.019033882936231983e+00 -2.287601561978672426e-01
2.022652223228232682e+00 -2.338228946330876135e-01
2.026270563520232937e+00 -2.388766233646485992e-01
2.029888903812233192e+00 -2.439211519441877030e-01
2.033507244104233891e+00 -2.489562902704062775e-01
2.037125584396234146e+00 -2.539818485962330175e-01
2.040743924688234401e+00 -2.589976375359845373e-01
2.044362264980235100e+00 -2.640034680725060756e-01
2.047980605272235355e+00 -2.689991515643073705e-01
2.051598945564235610e+00 -2.739844997526746373e-01
2.055217285856236309e+00 -2.789593247687746635e-01
2.058835626148236564e+00 -2.839234391407378100e-01
2.062453966440237263e+00 -2.888766558007360707e-01
2.066072306732237518e+00 -2.938187880920349881e-01
2.069690647024237773e+00 -2.987496497760380731e-01
2.073308987316238472e+00 -3.036690550393078558e-01
2.076927327608238727e+00 -3.085768185005813291e-01
2.080545667900238982e+00 -3.134727552177587473e-01
2.084164008192239681e+00 -3.183566806948847083e-01
2.087782348484239936e+00 -3.232284108890957075e-01
2.091400688776240191e+00 -3.280877622175810693e-01
2.095019029068240890e+00 -3.329345515644955289e-01
2.098637369360241145e+00 -3.377685962878718695e-01
2.102255709652241400e+00 -3.425897142265061923e-01
2.105874049944242099e+00 -3.473977237068354706e-01
2.109492390236242354e+00 -3.521924435497873485e-01
2.113110730528243053e+00 -3.569736930776161166e-01
2.116729070820243308e+00 -3.617412921207150966e-01
2.120347411112243563e+00 -3.664950610244190332e-01
2.123965751404244262e+00 -3.712348206557763985e-01
2.127584091696244517e+00 -3.759603924103102623e-01
2.131202431988244772e+00 -3.806715982187505731e-01
2.134820772280245471e+00 -3.853682605537583905e-01
2.138439112572245726e+00 -3.900502024366179210e-01
2.142057452864245981e+00 -3.947172474439161749e-01
2.145675793156246680e+00 -3.993692197141903710e-01
2.149294133448246935e+00 -4.040059439545737319e-01
2.152912473740247634e+00 -4.086272454473995897e-01
2.156530814032247889e+00 -4.132329500567962777e-01
2.160149154324248144e+00 -4.178228842352516015e-01
2.163767494616248843e+00 -4.223968750301652642e-01
2.167385834908249098e+00 -4.269547500903694282e-01
2.171004175200249353e+00 -4.314963376726322908e-01
2.174622515492250052e+00 -4.360214666481332380e-01
2.178240855784250307e+00 -4.405299665089238426e-01
2.181859196076250562e+00 -4.450216673743553342e-01
2.185477536368251261e+00 -4.494963999974906921e-01
2.189095876660251516e+00 -4.539539957714835983e-01
2.192714216952252215e+00 -4.583942867359458440e-01
2.196332557244252470e+00 -4.628171055832782654e-01
2.199950897536252725e+00 -4.672222856649861922e-01
2.203569237828253424e+00 -4.716096609979572585e-01
2.207187578120253679e+00 -4.759790662707356068e-01
2.210805918412253934e+00 -4.803303368497477965e-01
2.214424258704254633e+00 -4.846633087855196087e-01
2.218042598996254888e+00 -4.889778188188538821e-01
2.221660939288255143e+00 -4.932737043869965254e-01
2.225279279580255842e+00 -4.975508036297645598e-01
2.228897619872256097e+00 -5.018089553956537330e-01
2.232515960164256796e+00 -5.060479992479145483e-01
2.236134300456257051e+00 -5.102677754706090862e-01
2.239752640748257306e+00 -5.144681250746332424e-01
2.243370981040258005e+00 -5.186488898037151518e-01
2.246989321332258260e+00 -5.228099121403821936e-01
2.250607661624258515e+00 -5.269510353119087886e-01
2.254226001916259214e+00 -5.310721032962250066e-01
2.257844342208259469e+00 -5.351729608278066319e-01
2.261462682500259724e+00 -5.392534534035252625e-01
2.265081022792260423e+00 -5.433134272884859728e-01
2.268699363084260678e+00 -5.473527295218196809e-01
2.272317703376261377e+00 -5.513712079224571960e-01
2.275936043668261632e+00 -5.553687110948657413e-01
2.279554383960261887e+00 -5.593450884347651586e-01
2.283172724252262586e+00 -5.633001901348055895e-01
2.286791064544262841e+00 -5.672338671902207308e-01
2.290409404836263096e+00 -5.711459714044452296e-01
2.294027745128263795e+00 -5.750363553947110962e-01
2.297646085420264050e+00 -5.789048725976012610e-01
2.301264425712264305e+00 -5.827513772745834819e-01
2.304882766004265005e+00 -5.865757245175029500e-01
2.308501106296265259e+00 -5.903777702540542460e-01
2.312119446588265959e+00 -5.941573712532111085e-01
2.315737786880266214e+00 -5.979143851306357726e-01
2.319356127172266469e+00 -6.016486703540381287e-01
2.322974467464267168e+00 -6.053600862485311040e-01
2.326592807756267423e+00 -6.090484930019248733e-01
2.330211148048267678e+00 -6.127137516700074116e-01
2.333829488340268377e+00 -6.163557241817811949e-01
2.337447828632268632e+00 -6.199742733446759191e-01
2.341066168924268887e+00 -6.235692628497216949e-01
2.344684509216269586e+00 -6.271405572766921566e-01
2.348302849508269841e+00 -6.306880220992092667e-01
2.351921189800270096e+00 -6.342115236898248076e-01
2.355539530092270795e+00 -6.377109293250545763e-01
2.359157870384271050e+00 -6.411861071903904863e-01
2.362776210676271749e+00 -6.446369263852670395e-01
2.366394550968272004e+00 -6.480632569280060373e-01
2.370012891260272259e+00 -6.514649697607143297e-01
2.373631231552272958e+00 -6.548419367541572500e-01
2.377249571844273213e+00 -6.581940307125844214e-01
2.380867912136273468e+00 -6.615211253785380219e-01
2.384486252428274167e+00 -6.648230954376073143e-01
2.388104592720274422e+00 -6.680998165231613051e-01
2.391722933012274677e+00 -6.713511652210353287e-01
2.395341273304275376e+00 -6.745770190741912087e-01
2.398959613596275631e+00 -6.777772565873343424e-01
2.402577953888276330e+00 -6.809517572314973677e-01
2.406196294180276585e+00 -6.841004014485853046e-01
2.409814634472276840e+00 -6.872230706558896118e-01
2.413432974764277539e+00 -6.903196472505568337e-01
2.417051315056277794e+00 -6.933900146140293819e-01
2.420669655348278049e+00 -6.964340571164396865e-01
2.424287995640278748e+00 -6.994516601209774809e-01
2.427906335932279003e+00 -7.024427099882101233e-01
2.431524676224279258e+00 -7.054070940803730538e-01
2.435143016516279957e+00 -7.083447007656126226e-01
2.438761356808280212e+00 -7.112554194222057147e-01
2.442379697100280911e+00 -7.141391404427256395e-01
2.445998037392281166e+00 -7.169957552381821531e-01
2.449616377684281421e+00 -7.198251562421122962e-01
2.453234717976282120e+00 -7.226272369146432561e-01
2.456853058268282375e+00 -7.254018917465074878e-01
2.460471398560282630e+00 -7.281490162630266383e-01
2.464089738852283329e+00 -7.308685070280478424e-01
2.467708079144283584e+00 -7.335602616478510418e-01
2.471326419436283839e+00 -7.362241787750065658e-01
2.474944759728284538e+00 -7.388601581122032913e-01
2.478563100020284793e+00 -7.414681004160260658e-01
2.482181440312285492e+00 -7.440479075007060406e-01
2.485799780604285747e+00 -7.465994822418193788e-01
2.489418120896286002e+00 -7.491227285799547664e-01
2.493036461188286701e+00 -7.516175515243328498e-01
2.496654801480286956e+00 -7.540838571563948101e-01
2.500273141772287211e+00 -7.565215526333409768e-01
2.503891482064287910e+00 -7.589305461916362461e-01
2.507509822356288165e+00 -7.613107471504679813e-01
2.511128162648288420e+00 -7.636620659151707180e-01
2.514746502940289119e+00 -7.659844139806034624e-01
2.518364843232289374e+00 -7.682777039344902414e-01
2.521983183524290073e+00 -7.705418494607142454e-01
2.525601523816290328e+00 -7.727767653425783312e-01
2.529219864108290583e+00 -7.749823674660161199e-01
2.532838204400291282e+00 -7.771585728227676793e-01
2.536456544692291537e+00 -7.793052995135073546e-01
2.540074884984291792e+00 -7.814224667509380717e-01
2.543693225276292491e+00 -7.835099948628341249e-01
2.547311565568292746e+00 -7.855678052950515466e-01
2.550929905860293001e+00 -7.875958206144838547e-01
2.554548246152293700e+00 -7.895939645119929295e-01
2.558166586444293955e+00 -7.915621618052794961e-01
2.561784926736294654e+00 -7.935003384417247396e-01
2.565403267028294909e+00 -7.954084215011785197e-01
2.569021607320295164e+00 -7.972863391987150550e-01
2.572639947612295863e+00 -7.991340208873383144e-01
2.576258287904296118e+00 -8.009513970606477740e-01
2.579876628196296373e+00 -8.027383993554589869e-01
2.583494968488297072e+00 -8.044949605543857407e-01
2.587113308780297327e+00 -8.062210145883706991e-01
2.590731649072297582e+00 -8.079164965391845143e-01
2.594349989364298281e+00 -8.095813426418668746e-01
2.597968329656298536e+00 -8.112154902871385742e-01
2.601586669948298791e+00 -8.128188780237596278e-01
2.605205010240299490e+00 -8.143914455608495251e-01
2.608823350532299745e+00 -8.159331337701576370e-01
2.612441690824300444e+00 -8.174438846883003151e-01
2.616060031116300699e+00 -8.189236415189409257e-01
2.619678371408300954e+00 -8.203723486349370209e-01
2.623296711700301653e+00 -8.217899515804351074e-01
2.626915051992301908e+00 -8.231763970729286672e-01
2.630533392284302163e+00 -8.245316330052644416e-01
2.634151732576302862e+00 -8.258556084476110781e-01
2.637770072868303117e+00 -8.271482736493779298e-01
2.641388413160303372e+00 -8.284095800410942179e-01
2.645006753452304071e+00 -8.296394802362384580e-01
2.648625093744304326e+00 -8.308379280330294714e-01
2.652243434036305025e+00 -8.320048784161646616e-01
2.655861774328305280e+00 -8.331402875585238732e-01
2.659480114620305535e+00 -8.342441128228168523e-01
2.663098454912306234e+00 -8.353163127631964002e-01
2.666716795204306489e+00 -8.363568471268180149e-01
2.670335135496306744e+00 -8.373656768553623397e-01
2.673953475788307443e+00 -8.383427640865033226e-01
2.677571816080307698e+00 -8.392880721553437340e-01
2.681190156372307953e+00 -8.402015655957901785e-01
2.684808496664308652e+00 -8.410832101418973528e-01
2.688426836956308907e+00 -8.419329727291570142e-01
2.692045177248309606e+00 -8.427508214957470933e-01
2.695663517540309861e+00 -8.435367257837321775e-01
2.699281857832310116e+00 -8.442906561402230281e-01
2.702900198124310815e+00 -8.450125843184821406e-01
2.706518538416311070e+00 -8.457024832789961089e-01
2.710136878708311325e+00 -8.463603271904891479e-01
2.713755219000312024e+00 -8.469860914309030875e-01
2.717373559292312279e+00 -8.475797525883213002e-01
2.720991899584312534e+00 -8.481412884618563242e-01
2.724610239876313234e+00 -8.486706780624835300e-01
2.728228580168313488e+00 -8.491679016138357072e-01
2.731846920460314188e+00 -8.496329405529472467e-01
2.735465260752314443e+00 -8.500657775309561348e-01
2.739083601044314698e+00 -8.504663964137562093e-01
2.742701941336315397e+00 -8.508347822826078932e-01
2.746320281628315652e+00 -8.511709214346993013e-01
2.749938621920315907e+00 -8.514748013836648255e-01
2.753556962212316606e+00 -8.517464108600538708e-01
2.757175302504316861e+00 -8.519857398117595126e-01
2.760793642796317116e+00 -8.521927794043927529e-01
2.764411983088317815e+00 -8.523675220216210269e-01
2.768030323380318070e+00 -8.525099612654514214e-01
2.771648663672318769e+00 -8.526200919564752567e-01
2.775267003964319024e+00 -8.526979101340596001e-01
2.778885344256319279e+00 -8.527434130565006987e-01
2.782503684548319978e+00 -8.527565992011250096e-01
2.786122024840320233e+00 -8.527374682643482640e-01
2.789740365132320488e+00 -8.526860211616835716e-01
2.793358705424321187e+00 -8.526022600277121111e-01
2.796977045716321442e+00 -8.524861882159975313e-01
2.800595386008321697e+00 -8.523378102989628280e-01
2.804213726300322396e+00 -8.521571320677161498e-01
2.807832066592322651e+00 -8.519441605318329724e-01
2.811450406884323350e+00 -8.516989039190916433e-01
2.815068747176323605e+00 -8.514213716751636296e-01
2.818687087468323860e+00 -8.511115744632544722e-01
2.822305427760324559e+00 -8.507695241637062145e-01
2.825923768052324814e+00 -8.503952338735443206e-01
2.829542108344325069e+00 -8.499887179059875120e-01
2.833160448636325768e+00 -8.495499917899052011e-01
2.836778788928326023e+00 -8.490790722692327375e-01
2.840397129220326278e+00 -8.485759773023403563e-01
2.844015469512326977e+00 -8.480407260613553877e-01
2.847633809804327232e+00 -8.474733389314368370e-01
2.851252150096327487e+00 -8.468738375100108851e-01
2.854870490388328186e+00 -8.462422446059510994e-01
2.858488830680328441e+00 -8.455785842387228968e-01
2.862107170972329140e+00 -8.448828816374731598e-01
2.865725511264329395e+00 -8.441551632400807748e-01
2.869343851556329650e+00 -8.433954566921602058e-01
2.872962191848330349e+00 -8.426037908460164427e-01
2.876580532140330604e+00 -8.417801957595564266e-01
2.880198872432330859e+00 -8.409247026951582882e-01
2.883817212724331558e+00 -8.400373441184889600e-01
2.887435553016331813e+00 -8.391181536972814881e-01
2.891053893308332068e+00 -8.381671663000617167e-01
2.894672233600332767e+00 -8.371844179948372267e-01
2.898290573892333022e+00 -8.361699460477349799e-01
2.901908914184333721e+00 -8.351237889215946675e-01
2.905527254476333976e+00 -8.340459862745172037e-01
2.909145594768334231e+00 -8.329365789583722535e-01
2.912763935060334930e+00 -8.317956090172532457e-01
2.916382275352335185e+00 -8.306231196858934185e-01
2.920000615644335440e+00 -8.294191553880340129e-01
2.923618955936336139e+00 -8.281837617347490577e-01
2.927237296228336394e+00 -8.269169855227247456e-01
2.930855636520336649e+00 -8.256188747324945121e-01
2.934473976812337348e+00 -8.242894785266267066e-01
2.938092317104337603e+00 -8.229288472478736294e-01
2.941710657396338302e+00 -8.215370324172691641e-01
2.945328997688338557e+00 -8.201140867321885519e-01
2.948947337980338812e+00 -8.186600640643563187e-01
2.952565678272339511e+00 -8.171750194578175641e-01
2.956184018564339766e+00 -8.156590091268612897e-01
2.959802358856340021e+00 -8.141120904538979852e-01
2.963420699148340720e+00 -8.125343219872946943e-01
2.967039039440340975e+00 -8.109257634391696667e-01
2.970657379732341230e+00 -8.092864756831367190e-01
2.974275720024341929e+00 -8.076165207520099587e-01
2.977894060316342184e+00 -8.059159618354635457e-01
2.981512400608342883e+00 -8.041848632776484873e-01
2.985130740900343138e+00 -8.024232905747650246e-01
2.988749081192343393e+00 -8.006313103725920532e-01
2.992367421484344092e+00 -7.988089904639716909e-01
2.995985761776344347e+00 -7.969563997862546545e-01
2.999604102068344602e+00 -7.950736084186972308e-01
3.003222442360345301e+00 -7.931606875798198342e-01
3.006840782652345556e+00 -7.912177096247171582e-01
3.010459122944345811e+00 -7.892447480423315787e-01
3.014077463236346510e+00 -7.872418774526824814e-01
3.017695803528346765e+00 -7.852091736040468506e-01
3.021314143820347464e+00 -7.831467133701026651e-01
3.024932484112347719e+00 -7.810545747470328815e-01
3.028550824404347974e+00 -7.789328368505797906e-01
3.032169164696348673e+00 -7.767815799130606269e-01
3.035787504988348928e+00 -7.746008852803424327e-01
3.039405845280349183e+00 -7.723908354087718475e-01
3.043024185572349882e+00 -7.701515138620665946e-01
3.046642525864350137e+00 -7.678830053081618923e-01
3.050260866156350392e+00 -7.655853955160148994e-01
3.053879206448351091e+00 -7.632587713523730777e-01
3.057497546740351346e+00 -7.609032207784947044e-01
3.061115887032352045e+00 -7.585188328468310814e-01
3.064734227324352300e+00 -7.561056976976665567e-01
3.068352567616352555e+00 -7.536639065557192430e-01
3.071970907908353254e+00 -7.511935517267017692e-01
3.075589248200353509e+00 -7.486947265938348473e-01
3.079207588492353764e+00 -7.461675256143253110e-01
3.082825928784354463e+00 -7.436120443158066307e-01
3.086444269076354718e+00 -7.410283792927323532e-01
3.090062609368354973e+00 -7.384166282027327943e-01
3.093680949660355672e+00 -7.357768897629298754e-01
3.097299289952355927e+00 -7.331092637462154338e-01
3.100917630244356182e+00 -7.304138509774875665e-01
3.104535970536356881e+00 -7.276907533298447861e-01
3.108154310828357136e+00 -7.249400737207438716e-01
3.111772651120357835e+00 -7.221619161081196392e-01
3.115390991412358090e+00 -7.193563854864606366e-01
3.119009331704358345e+00 -7.165235878828508653e-01
3.122627671996359044e+00 -7.136636303529659831e-01
3.126246012288359299e+00 -7.107766209770396415e-01
3.129864352580359554e+00 -7.078626688557859703e-01
3.133482692872360253e+00 -7.049218841062798724e-01
3.137101033164360508e+00 -7.019543778578047899e-01
3.140719373456360763e+00 -6.989602622476634997e-01
3.144337713748361463e+00 -6.959396504169454989e-01
3.147956054040361717e+00 -6.928926565062583087e-01
3.151574394332362417e+00 -6.898193956514226954e-01
3.155192734624362672e+00 -6.867199839791293670e-01
3.158811074916362927e+00 -6.835945386025598092e-01
3.162429415208363626e+00 -6.804431776169654889e-01
3.166047755500363881e+00 -6.772660200952141940e-01
3.169666095792364136e+00 -6.740631860832986266e-01
3.173284436084364835e+00 -6.708347965958089132e-01
3.176902776376365090e+00 -6.675809736113653692e-01
3.180521116668365345e+00 -6.643018400680172908e-01
3.184139456960366044e+00 -6.609975198586059975e-01
3.187757797252366299e+00 -6.576681378260947897e-01
3.191376137544366998e+00 -6.543138197588526106e-01
3.194994477836367253e+00 -6.509346923859121725e-01
3.198612818128367508e+00 -6.475308833721913349e-01
3.202231158420368207e+00 -6.441025213136749583e-01
3.205849498712368462e+00 -6.406497357325636743e-01
3.209467839004368717e+00 -6.371726570723887928e-01
3.213086179296369416e+00 -6.336714166930905723e-01
3.216704519588369671e+00 -6.301461468660655152e-01
3.220322859880369926e+00 -6.265969807691740279e-01
3.223941200172370625e+00 -6.230240524817156622e-01
3.227559540464370880e+00 -6.194274969793744923e-01
3.231177880756371579e+00 -6.158074501291265213e-01
3.234796221048371834e+00 -6.121640486841124495e-01
3.238414561340372089e+00 -6.084974302784799116e-01
3.242032901632372788e+00 -6.048077334221902968e-01
3.245651241924373043e+00 -6.010950974958014781e-01
3.249269582216373298e+00 -5.973596627451975838e-01
3.252887922508373997e+00 -5.936015702763050017e-01
3.256506262800374252e+00 -5.898209620497704142e-01
3.260124603092374507e+00 -5.860179808756051933e-01
3.263742943384375206e+00 -5.821927704077946020e-01
3.267361283676375461e+00 -5.783454751388827919e-01
3.270979623968376160e+00 -5.744762403945196105e-01
3.274597964260376415e+00 -5.705852123279810950e-01
3.278216304552376670e+00 -5.666725379146532182e-01
3.281834644844377369e+00 -5.627383649464882120e-01
3.285452985136377624e+00 -5.587828420264304707e-01
3.289071325428377879e+00 -5.548061185628113678e-01
3.292689665720378578e+00 -5.508083447637109886e-01
3.296308006012378833e+00 -5.467896716312923289e-01
3.299926346304379088e+00 -5.427502509561046296e-01
3.303544686596379787e+00 -5.386902353113629527e-01
3.307163026888380042e+00 -5.346097780471835703e-01
3.310781367180380741e+00 -5.305090332848039214e-01
3.314399707472380996e+00 -5.263881559107690400e-01
3.318018047764381251e+00 -5.222473015710892286e-01
3.321636388056381950e+00 -5.180866266653655350e-01
3.325254728348382205e+00 -5.139062883408925808e-01
3.328873068640382460e+00 -5.097064444867285271e-01
3.332491408932383159e+00 -5.054872537277425026e-01
3.336109749224383414e+00 -5.012488754186266160e-01
3.339728089516383669e+00 -4.969914696378860408e-01
3.343346429808384368e+00 -4.927151971818014564e-01
3.346964770100384623e+00 -4.884202195583633999e-01
3.350583110392384878e+00 -4.841066989811783072e-01
3.354201450684385577e+00 -4.797747983633483537e-01
3.357819790976385832e+00 -4.754246813113277570e-01
3.361438131268386531e+00 -4.710565121187544890e-01
3.365056471560386786e+00 -4.666704557602446291e-01
3.368674811852387041e+00 -4.622666778851738378e-01
3.372293152144387740e+00 -4.578453448114282454e-01
3.375911492436387995e+00 -4.534066235191317462e-01
3.379529832728388250e+00 -4.489506816443431525e-01
3.383148173020388949e+00 -4.444776874727350280e-01
3.386766513312389204e+00 -4.399878099332449333e-01
3.390384853604389459e+00 -4.354812185917049105e-01
3.394003193896390158e+00 -4.309580836444411034e-01
3.397621534188390413e+00 -4.264185759118550578e-01
3.401239874480391112e+00 -4.218628668319810981e-01
3.404858214772391367e+00 -4.172911284540191112e-01
3.408476555064391622e+00 -4.127035334318418514e-01
3.412094895356392321e+00 -4.081002550174835375e-01
3.415713235648392576e+00 -4.034814670546031379e-01
3.419331575940392831e+00 -3.988473439719326663e-01
3.422949916232393530e+00 -3.941980607766865652e-01
3.426568256524393785e+00 -3.895337930479668143e-01
3.430186596816394040e+00 -3.848547169301380078e-01
3.433804937108394739e+00 -3.801610091261848901e-01
3.437423277400394994e+00 -3.754528468910415806e-01
3.441041617692395693e+00 -3.707304080249089751e-01
3.444659957984395948e+00 -3.659938708665458340e-01
3.448278298276396203e+00 -3.612434142865437736e-01
3.451896638568396902e+00 -3.564792176805759438e-01
3.455514978860397157e+00 -3.517014609626315513e-01
3.459133319152397412e+00 -3.469103245582291772e-01
3.462751659444398111e+00 -3.421059893976118316e-01
3.466369999736398366e+00 -3.372886369089186376e-01
3.469988340028398621e+00 -3.324584490113421387e-01
3.473606680320399320e+00 -3.276156081082642335e-01
3.477225020612399575e+00 -3.227602970803850058e-01
3.480843360904400274e+00 -3.178926992788079220e-01
3.484461701196400529e+00 -3.130129985181332453e-01
3.488080041488400784e+00 -3.081213790695224164e-01
3.491698381780401483e+00 -3.032180256537485019e-01
3.495316722072401738e+00 -2.983031234342231608e-01
3.498935062364401993e+00 -2.933768580100153955e-01
3.502553402656402692e+00 -2.884394154088487094e-01
3.506171742948402947e+00 -2.834909820800864400e-01
3.509790083240403202e+00 -2.785317448876934443e-01
3.513408423532403901e+00 -2.735618911031900691e-01
3.517026763824404156e+00 -2.685816083985871350e-01
3.520645104116404855e+00 -2.635910848393081540e-01
3.524263444408405110e+00 -2.585905088770912852e-01
3.527881784700405365e+00 -2.535800693428822972e-01
3.531500124992406064e+00 -2.485599554397099897e-01
3.535118465284406319e+00 -2.435303567355559529e-01
3.538736805576406574e+00 -2.384914631561916298e-01
3.542355145868407273e+00 -2.334434649780212090e-01
3.545973486160407528e+00 -2.283865528209023665e-01
3.549591826452407783e+00 -2.233209176409575170e-01
3.553210166744408482e+00 -2.182467507233660509e-01
3.556828507036408737e+00 -2.131642436751512160e-01
3.560446847328409437e+00 -2.080735884179510387e-01
3.564065187620409692e+00 -2.029749771807818348e-01
3.567683527912409946e+00 -1.978686024927812093e-01
3.571301868204410646e+00 -1.927546571759483074e-01
3.574920208496410901e+00 -1.876333343378699670e-01
3.578538548788411155e+00 -1.825048273644374053e-01
3.582156889080411855e+00 -1.773693299125476963e-01
3.585775229372412110e+00 -1.722270359028002518e-01
3.589393569664412365e+00 -1.670781395121803681e-01
3.593011909956413064e+00 -1.619228351667413301e-01
3.596630250248413319e+00 -1.567613175342578991e-01
3.600248590540413574e+00 -1.515937815168909575e-01
3.603866930832414273e+00 -1.464204222438331149e-01
3.607485271124414528e+00 -1.412414350639504546e-01
3.611103611416415227e+00 -1.360570155384082658e-01
3.614721951708415482e+00 -1.308673594332975809e-01
3.618340292000415737e+00 -1.256726627122483342e-01
3.621958632292416436e+00 -1.204731215290409801e-01
3.625576972584416691e+00 -1.152689322202011674e-01
3.629195312876416946e+00 -1.100602912975967018e-01
3.632813653168417645e+00 -1.048473954410236164e-01
3.636431993460417900e+00 -9.963044149078946476e-02
3.640050333752418155e+00 -9.440962644028312589e-02
3.643668674044418854e+00 -8.918514742854653787e-02
3.647287014336419109e+00 -8.395720173283598153e-02
3.650905354628419808e+00 -7.872598676118765237e-02
3.654523694920420063e+00 -7.349170004495873820e-02
3.658142035212420318e+00 -6.825453923138383172e-02
3.661760375504421017e+00 -6.301470207611707675e-02
3.665378715796421272e+00 -5.777238643577473770e-02
3.668997056088421527e+00 -5.252779026046650035e-02
3.672615396380422226e+00 -4.728111158633169914e-02
3.676233736672422481e+00 -4.203254852806721786e-02
3.679852076964422736e+00 -3.678229927145722916e-02
3.683470417256423435e+00 -3.153056206589196359e-02
3.687088757548423690e+00 -2.627753521689221716e-02
3.690707097840424389e+00 -2.102341707862771109e-02
3.694325438132424644e+00 -1.576840604643728327e-02
3.697943778424424899e+00 -1.051270054934000386e-02
3.701562118716425598e+00 -5.256499042552773351e-03
