0.000000000000000000e+00 4.770489558936219510e-17
9.775171065493624446e-04 2.248781536697100868e-03
1.955034213098724889e-03 4.497563031932296645e-03
2.932551319648087334e-03 6.746301987304589333e-03
3.910068426197449779e-03 8.994913490539007198e-03
4.887585532746811789e-03 1.124331263416735588e-02
5.865102639296174668e-03 1.349141451873349731e-02
6.842619745845537546e-03 1.573913425599444277e-02
7.820136852394899557e-03 1.798638697212326734e-02
8.797653958944261568e-03 2.023308781090940936e-02
9.775171065493623579e-03 2.247915193696199687e-02
1.075268817204298732e-02 2.472449453890858753e-02
1.173020527859234934e-02 2.696903083259508463e-02
1.270772238514171135e-02 2.921267606428275959e-02
1.368523949169107509e-02 3.145534551384764066e-02
1.466275659824043710e-02 3.369695449797492637e-02
1.564027370478979911e-02 3.593741837335458905e-02
1.661779081133916286e-02 3.817665253987099355e-02
1.759530791788852314e-02 4.041457244379965258e-02
1.857282502443788688e-02 4.265109358099322678e-02
1.955034213098724716e-02 4.488613150007039060e-02
2.052785923753661090e-02 4.711960180560036127e-02
2.150537634408597465e-02 4.935142016128866299e-02
2.248289345063533493e-02 5.158150229315713875e-02
2.346041055718469867e-02 5.380976399272357352e-02
2.443792766373406242e-02 5.603612112017699459e-02
2.541544477028342269e-02 5.826048960755390166e-02
2.639296187683278644e-02 6.048278546190809929e-02
2.737047898338215018e-02 6.270292476847967589e-02
2.834799608993151046e-02 6.492082369385936136e-02
2.932551319648087421e-02 6.713639848915305131e-02
3.030303030303023448e-02 6.934956549313965601e-02
3.128054740957959823e-02 7.156024113542812370e-02
3.225806451612896197e-02 7.376834193960665753e-02
3.323558162267832572e-02 7.597378452639691471e-02
3.421309872922768253e-02 7.817648561679592378e-02
3.519061583577704627e-02 8.037636203521855705e-02
3.616813294232641002e-02 8.257333071263400770e-02
3.714565004887577376e-02 8.476730868970150379e-02
3.812316715542513751e-02 8.695821311989840319e-02
3.910068426197449432e-02 8.914596127264590164e-02
4.007820136852385806e-02 9.133047053642869006e-02
4.105571847507322181e-02 9.351165842191339062e-02
4.203323558162258555e-02 9.568944256505898527e-02
4.301075268817194930e-02 9.786374073022417741e-02
4.398826979472131304e-02 1.000344708132687027e-01
4.496578690127066985e-02 1.022015508446521836e-01
4.594330400782003360e-02 1.043648989925252957e-01
4.692082111436939734e-02 1.065244335658173669e-01
4.789833822091876109e-02 1.086800730173152624e-01
4.887585532746812483e-02 1.108317359467441976e-01
4.985337243401748164e-02 1.129793411038352985e-01
5.083088954056684539e-02 1.151228073913914962e-01
5.180840664711620913e-02 1.172620538683457336e-01
5.278592375366557288e-02 1.193969997528161880e-01
5.376344086021493662e-02 1.215275644251524456e-01
5.474095796676430037e-02 1.236536674309768324e-01
5.571847507331365718e-02 1.257752284842187651e-01
5.669599217986302092e-02 1.278921674701449518e-01
5.767350928641238467e-02 1.300044044483806283e-01
5.865102639296174841e-02 1.321118596559250624e-01
5.962854349951111216e-02 1.342144535101601199e-01
6.060606060606046896e-02 1.363121066118535563e-01
6.158357771260983271e-02 1.384047397481534547e-01
6.256109481915919646e-02 1.404922738955773354e-01
6.353861192570856020e-02 1.425746302229886908e-01
6.451612903225792395e-02 1.446517300945781292e-01
6.549364613880728769e-02 1.467234950728247833e-01
6.647116324535665144e-02 1.487898469214563313e-01
6.744868035190601518e-02 1.508507076083996368e-01
6.842619745845536505e-02 1.529059993087260594e-01
6.940371456500472880e-02 1.549556444075860240e-01
7.038123167155409254e-02 1.569995655031371229e-01
7.135874877810345629e-02 1.590376854094632808e-01
7.233626588465282004e-02 1.610699271594880078e-01
7.331378299120218378e-02 1.630962140078767164e-01
7.429130009775154753e-02 1.651164694339321282e-01
7.526881720430091127e-02 1.671306171444800481e-01
7.624633431085027502e-02 1.691385810767489228e-01
7.722385141739963876e-02 1.711402854012382679e-01
7.820136852394898863e-02 1.731356545245794909e-01
7.917888563049835238e-02 1.751246130923855560e-01
8.015640273704771612e-02 1.771070859920971241e-01
8.113391984359707987e-02 1.790829983558140381e-01
8.211143695014644361e-02 1.810522755631193970e-01
8.308895405669580736e-02 1.830148432438942485e-01
8.406647116324517111e-02 1.849706272811244001e-01
8.504398826979453485e-02 1.869195538136956269e-01
8.602150537634389860e-02 1.888615492391795825e-01
8.699902248289326234e-02 1.907965402166101054e-01
8.797653958944262609e-02 1.927244536692510890e-01
8.895405669599197596e-02 1.946452167873524708e-01
8.993157380254133970e-02 1.965587570308964804e-01
9.090909090909070345e-02 1.984650021323340341e-01
9.188660801564006719e-02 2.003638800993120250e-01
9.286412512218943094e-02 2.022553192173880965e-01
9.384164222873879468e-02 2.041392480527364495e-01
9.481915933528815843e-02 2.060155954548405499e-01
9.579667644183752218e-02 2.078842905591808676e-01
9.677419354838688592e-02 2.097452627899054345e-01
9.775171065493624967e-02 2.115984418624928254e-01
9.872922776148561341e-02 2.134437577864031210e-01
9.970674486803496328e-02 2.152811408677189897e-01
1.006842619745843270e-01 2.171105217117744735e-01
1.016617790811336908e-01 2.189318312257723942e-01
1.026392961876830545e-01 2.207450006213904914e-01
1.036168132942324183e-01 2.225499614173775675e-01
1.045943304007817820e-01 2.243466454421358391e-01
1.055718475073311458e-01 2.261349848362928516e-01
1.065493646138805095e-01 2.279149120552606822e-01
1.075268817204298732e-01 2.296863598717853450e-01
1.085043988269792370e-01 2.314492613784817632e-01
1.094819159335286007e-01 2.332035499903581943e-01
1.104594330400779506e-01 2.349491594473264444e-01
1.114369501466273144e-01 2.366860238167042829e-01
1.124144672531766781e-01 2.384140774957007325e-01
1.133919843597260418e-01 2.401332552138910614e-01
1.143695014662754056e-01 2.418434920356785645e-01
1.153470185728247693e-01 2.435447233627452690e-01
1.163245356793741331e-01 2.452368849364883474e-01
1.173020527859234968e-01 2.469199128404435395e-01
1.182795698924728606e-01 2.485937435026963904e-01
1.192570869990222243e-01 2.502583136982812761e-01
1.202346041055715742e-01 2.519135605515661069e-01
1.212121212121209379e-01 2.535594215386230976e-01
1.221896383186703017e-01 2.551958344895887687e-01
1.231671554252196654e-01 2.568227375910085430e-01
1.241446725317690292e-01 2.584400693881687139e-01
1.251221896383183929e-01 2.600477687874151456e-01
1.260997067448677567e-01 2.616457750584550435e-01
1.270772238514171204e-01 2.632340278366528397e-01
1.280547409579664841e-01 2.648124671253039297e-01
1.290322580645158479e-01 2.663810332978986395e-01
1.300097751710652116e-01 2.679396671003712593e-01
1.309872922776145754e-01 2.694883096533359779e-01
1.319648093841639391e-01 2.710269024543078831e-01
1.329423264907133029e-01 2.725553873799094751e-01
1.339198435972626666e-01 2.740737066880628570e-01
1.348973607038120304e-01 2.755818030201691027e-01
1.358748778103613664e-01 2.770796194032714710e-01
1.368523949169107301e-01 2.785670992522041312e-01
1.378299120234600939e-01 2.800441863717270108e-01
1.388074291300094576e-01 2.815108249586463218e-01
1.397849462365588213e-01 2.829669596039188217e-01
1.407624633431081851e-01 2.844125352947425300e-01
1.417399804496575488e-01 2.858474974166305138e-01
1.427174975562069126e-01 2.872717917554736267e-01
1.436950146627562763e-01 2.886853644995840407e-01
1.446725317693056401e-01 2.900881622417252892e-01
1.456500488758550038e-01 2.914801319811268776e-01
1.466275659824043676e-01 2.928612211254843500e-01
1.476050830889537313e-01 2.942313774929427028e-01
1.485826001955030951e-01 2.955905493140647544e-01
1.495601173020524588e-01 2.969386852337840277e-01
1.505376344086018225e-01 2.982757343133423666e-01
1.515151515151511863e-01 2.996016460322118991e-01
1.524926686217005500e-01 3.009163702899992909e-01
1.534701857282499138e-01 3.022198574083371225e-01
1.544477028347992775e-01 3.035120581327575562e-01
1.554252199413486413e-01 3.047929236345501836e-01
1.564027370478979773e-01 3.060624055126043297e-01
1.573802541544473410e-01 3.073204557952334270e-01
1.583577712609967048e-01 3.085670269419872880e-01
1.593352883675460685e-01 3.098020718454434497e-01
1.603128054740954322e-01 3.110255438329850852e-01
1.612903225806447960e-01 3.122373966685606517e-01
1.622678396871941597e-01 3.134375845544294381e-01
1.632453567937435235e-01 3.146260621328885732e-01
1.642228739002928872e-01 3.158027844879834900e-01
1.652003910068422510e-01 3.169677071472032370e-01
1.661779081133916147e-01 3.181207860831573586e-01
1.671554252199409785e-01 3.192619777152375105e-01
1.681329423264903422e-01 3.203912389112604786e-01
1.691104594330397060e-01 3.215085269890963771e-01
1.700879765395890697e-01 3.226137997182776385e-01
1.710654936461384334e-01 3.237070153215931279e-01
1.720430107526877972e-01 3.247881324766633271e-01
1.730205278592371609e-01 3.258571103174990324e-01
1.739980449657865247e-01 3.269139084360438430e-01
1.749755620723358884e-01 3.279584868836980527e-01
1.759530791788852522e-01 3.289908061728251121e-01
1.769305962854346159e-01 3.300108272782416585e-01
1.779081133919839519e-01 3.310185116386898940e-01
1.788856304985333157e-01 3.320138211582922549e-01
1.798631476050826794e-01 3.329967182079877075e-01
1.808406647116320431e-01 3.339671656269517230e-01
1.818181818181814069e-01 3.349251267239983787e-01
1.827956989247307706e-01 3.358705652789648055e-01
1.837732160312801344e-01 3.368034455440757080e-01
1.847507331378294981e-01 3.377237322452941171e-01
1.857282502443788619e-01 3.386313905836505489e-01
1.867057673509282256e-01 3.395263862365568985e-01
1.876832844574775894e-01 3.404086853590998496e-01
1.886608015640269531e-01 3.412782545853176863e-01
1.896383186705763169e-01 3.421350610294607852e-01
1.906158357771256806e-01 3.429790722872304021e-01
1.915933528836750444e-01 3.438102564370016379e-01
1.925708699902244081e-01 3.446285820410274203e-01
1.935483870967737718e-01 3.454340181466246662e-01
1.945259042033231356e-01 3.462265342873420693e-01
1.955034213098724993e-01 3.470061004841089591e-01
1.964809384164218631e-01 3.477726872463661745e-01
1.974584555229712268e-01 3.485262655731787285e-01
1.984359726295205628e-01 3.492668069543305998e-01
1.994134897360699266e-01 3.499942833713985402e-01
2.003910068426192903e-01 3.507086672988102838e-01
2.013685239491686541e-01 3.514099317048828830e-01
2.023460410557180178e-01 3.520980500528416712e-01
2.033235581622673815e-01 3.527729963018219617e-01
2.043010752688167453e-01 3.534347449078509285e-01
2.052785923753661090e-01 3.540832708248113914e-01
2.062561094819154728e-01 3.547185495053873927e-01
2.072336265884648365e-01 3.553405569019885690e-01
2.082111436950142003e-01 3.559492694676587576e-01
2.091886608015635640e-01 3.565446641569633979e-01
2.101661779081129278e-01 3.571267184268597794e-01
2.111436950146622915e-01 3.576954102375461408e-01
2.121212121212116553e-01 3.582507180532941704e-01
2.130987292277610190e-01 3.587926208432608566e-01
2.140762463343103827e-01 3.593210980822824641e-01
2.150537634408597465e-01 3.598361297516474711e-01
2.160312805474091102e-01 3.603376963398534083e-01
2.170087976539584740e-01 3.608257788433417712e-01
2.179863147605078377e-01 3.613003587672153349e-01
2.189638318670572015e-01 3.617614181259354855e-01
2.199413489736065375e-01 3.622089394440010657e-01
2.209188660801559012e-01 3.626429057566074587e-01
2.218963831867052650e-01 3.630633006102866323e-01
2.228739002932546287e-01 3.634701080635275861e-01
2.238514173998039924e-01 3.638633126873779822e-01
2.248289345063533562e-01 3.642428995660259572e-01
2.258064516129027199e-01 3.646088542973631164e-01
2.267839687194520837e-01 3.649611629935270996e-01
2.277614858260014474e-01 3.652998122814266613e-01
2.287390029325508112e-01 3.656247893032447127e-01
2.297165200391001749e-01 3.659360817169249880e-01
2.306940371456495387e-01 3.662336776966357288e-01
2.316715542521989024e-01 3.665175659332177149e-01
2.326490713587482662e-01 3.667877356346094242e-01
2.336265884652976299e-01 3.670441765262549838e-01
2.346041055718469936e-01 3.672868788514909721e-01
2.355816226783963574e-01 3.675158333719156234e-01
2.365591397849457211e-01 3.677310313677362164e-01
2.375366568914950849e-01 3.679324646380985886e-01
2.385141739980444486e-01 3.681201255013963336e-01
2.394916911045938124e-01 3.682940067955606800e-01
2.404692082111431484e-01 3.684541018783305533e-01
2.414467253176925121e-01 3.686004046275033197e-01
2.424242424242418759e-01 3.687329094411653796e-01
2.434017595307912396e-01 3.688516112379036094e-01
2.443792766373406034e-01 3.689565054569973745e-01
2.453567937438899671e-01 3.690475880585908364e-01
2.463343108504393308e-01 3.691248555238435536e-01
2.473118279569886946e-01 3.691883048550659296e-01
2.482893450635380583e-01 3.692379335758298464e-01
2.492668621700874221e-01 3.692737397310640879e-01
2.502443792766367858e-01 3.692957218871260605e-01
2.512218963831861496e-01 3.693038791318578040e-01
2.521994134897355133e-01 3.692982110746191315e-01
2.531769305962848771e-01 3.692787178463028952e-01
2.541544477028342408e-01 3.692454000993299901e-01
2.551319648093836046e-01 3.691982590076244852e-01
2.561094819159329683e-01 3.691372962665697699e-01
2.570869990224823320e-01 3.690625140929444381e-01
2.580645161290316958e-01 3.689739152248380227e-01
2.590420332355810595e-01 3.688715029215491881e-01
2.600195503421304233e-01 3.687552809634608852e-01
2.609970674486797870e-01 3.686252536518996870e-01
2.619745845552291508e-01 3.684814258089715300e-01
2.629521016617785145e-01 3.683238027773819701e-01
2.639296187683278783e-01 3.681523904202326225e-01
2.649071358748772420e-01 3.679671951208015046e-01
2.658846529814266058e-01 3.677682237823009515e-01
2.668621700879759695e-01 3.675554838276187675e-01
2.678396871945253332e-01 3.673289831990364518e-01
2.688172043010746970e-01 3.670887303579311034e-01
2.697947214076240607e-01 3.668347342844548442e-01
2.707722385141734245e-01 3.665670044771976999e-01
2.717497556207227327e-01 3.662855509528278319e-01
2.727272727272720965e-01 3.659903842457145062e-01
2.737047898338214602e-01 3.656815154075298002e-01
2.746823069403708240e-01 3.653589560068333242e-01
2.756598240469201877e-01 3.650227181286339051e-01
2.766373411534695514e-01 3.646728143739355055e-01
2.776148582600189152e-01 3.643092578592598274e-01
2.785923753665682789e-01 3.639320622161539287e-01
2.795698924731176427e-01 3.635412415906740247e-01
2.805474095796670064e-01 3.631368106428529141e-01
2.815249266862163702e-01 3.627187845461458671e-01
2.825024437927657339e-01 3.622871789868602477e-01
2.834799608993150977e-01 3.618420101635616004e-01
2.844574780058644614e-01 3.613832947864639156e-01
2.854349951124138252e-01 3.609110500767983010e-01
2.864125122189631889e-01 3.604252937661648337e-01
2.873900293255125526e-01 3.599260440958620966e-01
2.883675464320619164e-01 3.594133198161998943e-01
2.893450635386112801e-01 3.588871401857913757e-01
2.903225806451606439e-01 3.583475249708279464e-01
2.913000977517100076e-01 3.577944944443312569e-01
2.922776148582593714e-01 3.572280693853909783e-01
2.932551319648087351e-01 3.566482710783785426e-01
2.942326490713580989e-01 3.560551213121467828e-01
2.952101661779074626e-01 3.554486423792057037e-01
2.961876832844568264e-01 3.548288570748828752e-01
2.971652003910061901e-01 3.541957886964623992e-01
2.981427174975555539e-01 3.535494610423083883e-01
2.991202346041049176e-01 3.528898984109641312e-01
3.000977517106542813e-01 3.522171256002377682e-01
3.010752688172036451e-01 3.515311679062651518e-01
3.020527859237530088e-01 3.508320511225577754e-01
3.030303030303023726e-01 3.501198015390274976e-01
3.040078201368517363e-01 3.493944459409963899e-01
3.049853372434011001e-01 3.486560116081850458e-01
3.059628543499504638e-01 3.479045263136849031e-01
3.069403714564998276e-01 3.471400183229093050e-01
3.079178885630491913e-01 3.463625163925281303e-01
3.088954056695985551e-01 3.455720497693818283e-01
3.098729227761479188e-01 3.447686481893803556e-01
3.108504398826972825e-01 3.439523418763788531e-01
3.118279569892466463e-01 3.431231615410394453e-01
3.128054740957959545e-01 3.422811383796703910e-01
3.137829912023453183e-01 3.414263040730537990e-01
3.147605083088946820e-01 3.405586907852449774e-01
3.157380254154440458e-01 3.396783311623628454e-01
3.167155425219934095e-01 3.387852583313566424e-01
3.176930596285427733e-01 3.378795058987580369e-01
3.186705767350921370e-01 3.369611079494110317e-01
3.196480938416415007e-01 3.360300990451883241e-01
3.206256109481908645e-01 3.350865142236860161e-01
3.216031280547402282e-01 3.341303889969031160e-01
3.225806451612895920e-01 3.331617593499006102e-01
3.235581622678389557e-01 3.321806617394454930e-01
3.245356793743883195e-01 3.311871330926334789e-01
3.255131964809376832e-01 3.301812108054987815e-01
3.264907135874870470e-01 3.291629327416006889e-01
3.274682306940364107e-01 3.281323372305968711e-01
3.284457478005857745e-01 3.270894630667962044e-01
3.294232649071351382e-01 3.260343495076981069e-01
3.304007820136845019e-01 3.249670362725074479e-01
3.313782991202338657e-01 3.238875635406397446e-01
3.323558162267832294e-01 3.227959719502030977e-01
3.333333333333325932e-01 3.216923025964674721e-01
3.343108504398819569e-01 3.205765970303123269e-01
3.352883675464313207e-01 3.194488972566604246e-01
3.362658846529806844e-01 3.183092457328925429e-01
3.372434017595300482e-01 3.171576853672470331e-01
3.382209188660794119e-01 3.159942595171995605e-01
3.391984359726287757e-01 3.148190119878291338e-01
3.401759530791781394e-01 3.136319870301636503e-01
3.411534701857275032e-01 3.124332293395135074e-01
3.421309872922768669e-01 3.112227840537827861e-01
3.431085043988262306e-01 3.100006967517680012e-01
3.440860215053755944e-01 3.087670134514370335e-01
3.450635386119249581e-01 3.075217806081974037e-01
3.460410557184743219e-01 3.062650451131382900e-01
3.470185728250236856e-01 3.049968542912653846e-01
3.479960899315730494e-01 3.037172558997137117e-01
3.489736070381224131e-01 3.024262981259484007e-01
3.499511241446717769e-01 3.011240295859442528e-01
3.509286412512211406e-01 2.998104993223531523e-01
3.519061583577705044e-01 2.984857568026537677e-01
3.528836754643198681e-01 2.971498519172863784e-01
3.538611925708692318e-01 2.958028349777689914e-01
3.548387096774185401e-01 2.944447567148011369e-01
3.558162267839679038e-01 2.930756682763487331e-01
3.567937438905172676e-01 2.916956212257166281e-01
3.577712609970666313e-01 2.903046675396012688e-01
3.587487781036159951e-01 2.889028596061313792e-01
3.597262952101653588e-01 2.874902502228900980e-01
3.607038123167147226e-01 2.860668925949271801e-01
3.616813294232640863e-01 2.846328403327466616e-01
3.626588465298134500e-01 2.831881474502880858e-01
3.636363636363628138e-01 2.817328683628875230e-01
3.646138807429121775e-01 2.802670578852261007e-01
3.655913978494615413e-01 2.787907712292605478e-01
3.665689149560109050e-01 2.773040640021418590e-01
3.675464320625602688e-01 2.758069922041160860e-01
3.685239491691096325e-01 2.742996122264141357e-01
3.695014662756589963e-01 2.727819808491220854e-01
3.704789833822083600e-01 2.712541552390411725e-01
3.714565004887577238e-01 2.697161929475291320e-01
3.724340175953070875e-01 2.681681519083323195e-01
3.734115347018564512e-01 2.666100904353971290e-01
3.743890518084058150e-01 2.650420672206721950e-01
3.753665689149551787e-01 2.634641413318920544e-01
3.763440860215045425e-01 2.618763722103542024e-01
3.773216031280539062e-01 2.602788196686697808e-01
3.782991202346032700e-01 2.586715438885119900e-01
3.792766373411526337e-01 2.570546054183437401e-01
3.802541544477019975e-01 2.554280651711356986e-01
3.812316715542513612e-01 2.537919844220658527e-01
3.822091886608007250e-01 2.521464248062098013e-01
3.831867057673500887e-01 2.504914483162146710e-01
3.841642228738994524e-01 2.488271172999621250e-01
3.851417399804488162e-01 2.471534944582143012e-01
3.861192570869981799e-01 2.454706428422500364e-01
3.870967741935475437e-01 2.437786258514852422e-01
3.880742913000969074e-01 2.420775072310834830e-01
3.890518084066462712e-01 2.403673510695483462e-01
3.900293255131956349e-01 2.386482217963080132e-01
3.910068426197449987e-01 2.369201841792827612e-01
3.919843597262943624e-01 2.351833033224457747e-01
3.929618768328437262e-01 2.334376446633619206e-01
3.939393939393930899e-01 2.316832739707225808e-01
3.949169110459424537e-01 2.299202573418634432e-01
3.958944281524918174e-01 2.281486612002726622e-01
3.968719452590411256e-01 2.263685522930829197e-01
3.978494623655904894e-01 2.245799976885549387e-01
3.988269794721398531e-01 2.227830647735467851e-01
3.998044965786892169e-01 2.209778212509732054e-01
4.007820136852385806e-01 2.191643351372495330e-01
4.017595307917879444e-01 2.173426747597276276e-01
4.027370478983373081e-01 2.155129087541167443e-01
4.037145650048866719e-01 2.136751060618972409e-01
4.046920821114360356e-01 2.118293359277163834e-01
4.056695992179853993e-01 2.099756678967785450e-01
4.066471163245347631e-01 2.081141718122197781e-01
4.076246334310841268e-01 2.062449178124774463e-01
4.086021505376334906e-01 2.043679763286383733e-01
4.095796676441828543e-01 2.024834180817861595e-01
4.105571847507322181e-01 2.005913140803315675e-01
4.115347018572815818e-01 1.986917356173355242e-01
4.125122189638309456e-01 1.967847542678175521e-01
4.134897360703803093e-01 1.948704418860572329e-01
4.144672531769296731e-01 1.929488706028829048e-01
4.154447702834790368e-01 1.910201128229521428e-01
4.164222873900284005e-01 1.890842412220178348e-01
4.173998044965777643e-01 1.871413287441889561e-01
4.183773216031271280e-01 1.851914485991772441e-01
4.193548387096764918e-01 1.832346742595376832e-01
4.203323558162258555e-01 1.812710794578942519e-01
4.213098729227752193e-01 1.793007381841600356e-01
4.222873900293245830e-01 1.773237246827450431e-01
4.232649071358739468e-01 1.753401134497587777e-01
4.242424242424233105e-01 1.733499792301948228e-01
4.252199413489726743e-01 1.713533970151150665e-01
4.261974584555220380e-01 1.693504420388186882e-01
4.271749755620714017e-01 1.673411897760066769e-01
4.281524926686207655e-01 1.653257159389316389e-01
4.291300097751701292e-01 1.633040964745436918e-01
4.301075268817194930e-01 1.612764075616242854e-01
4.310850439882688567e-01 1.592427256079143316e-01
4.320625610948182205e-01 1.572031272472296515e-01
4.330400782013675842e-01 1.551576893365715637e-01
4.340175953079169480e-01 1.531064889532265660e-01
4.349951124144663117e-01 1.510496033918607151e-01
4.359726295210156755e-01 1.489871101616012383e-01
4.369501466275650392e-01 1.469190869831143442e-01
4.379276637341144029e-01 1.448456117856714020e-01
4.389051808406637112e-01 1.427667627042147891e-01
4.398826979472130749e-01 1.406826180764024492e-01
4.408602150537624387e-01 1.385932564396576971e-01
4.418377321603118024e-01 1.364987565282053950e-01
4.428152492668611662e-01 1.343991972701028548e-01
4.437927663734105299e-01 1.322946577842604443e-01
4.447702834799598937e-01 1.301852173774584731e-01
4.457478005865092574e-01 1.280709555413545309e-01
4.467253176930586211e-01 1.259519519494867179e-01
4.477028347996079849e-01 1.238282864542653572e-01
4.486803519061573486e-01 1.217000390839627355e-01
4.496578690127067124e-01 1.195672900396929916e-01
4.506353861192560761e-01 1.174301196923885071e-01
4.516129032258054399e-01 1.152886085797656529e-01
4.525904203323548036e-01 1.131428374032881767e-01
4.535679374389041674e-01 1.109928870251216115e-01
4.545454545454535311e-01 1.088388384650866708e-01
4.555229716520028949e-01 1.066807728975971703e-01
4.565004887585522586e-01 1.045187716486019741e-01
4.574780058651016224e-01 1.023529161925153391e-01
4.584555229716509861e-01 1.001832881491454136e-01
4.594330400782003498e-01 9.800996928061263269e-02
4.604105571847497136e-01 9.583304148826719826e-02
4.613880742912990773e-01 9.365258680959855087e-02
4.623655913978484411e-01 9.146868741514242729e-02
4.633431085043978048e-01 8.928142560537855044e-02
4.643206256109471686e-01 8.709088380762775028e-02
4.652981427174965323e-01 8.489714457294159078e-02
4.662756598240458961e-01 8.270029057299019271e-02
4.672531769305952598e-01 8.050040459694081385e-02
4.682306940371446236e-01 7.829756954833670679e-02
4.692082111436939873e-01 7.609186844196814958e-02
4.701857282502433510e-01 7.388338440074490587e-02
4.711632453567927148e-01 7.167220065255466843e-02
4.721407624633420785e-01 6.945840052712730361e-02
4.731182795698914423e-01 6.724206745289018627e-02
4.740957966764408060e-01 6.502328495382246609e-02
4.750733137829901698e-01 6.280213664630196480e-02
4.760508308895395335e-01 6.057870623595228848e-02
4.770283479960888973e-01 5.835307751448481212e-02
4.780058651026382610e-01 5.612533435653919295e-02
4.789833822091876248e-01 5.389556071651666058e-02
4.799608993157369330e-01 5.166384062541511807e-02
4.809384164222862967e-01 4.943025818765814372e-02
4.819159335288356605e-01 4.719489757792393048e-02
4.828934506353850242e-01 4.495784303796758474e-02
4.838709677419343880e-01 4.271917887344486159e-02
4.848484848484837517e-01 4.047898945073066801e-02
4.858260019550331155e-01 3.823735919373999481e-02
4.868035190615824792e-01 3.599437258073782259e-02
4.877810361681318430e-01 3.375011414115591107e-02
4.887585532746812067e-01 3.150466845240302433e-02
4.897360703812305704e-01 2.925812013667561731e-02
4.907135874877799342e-01 2.701055385776352305e-02
4.916911045943292979e-01 2.476205431785757222e-02
4.926686217008786617e-01 2.251270625435388903e-02
4.936461388074280254e-01 2.026259443665845081e-02
4.946236559139773892e-01 1.801180366298738705e-02
4.956011730205267529e-01 1.576041875716946428e-02
4.965786901270761167e-01 1.350852456544551078e-02
4.975562072336254804e-01 1.125620595326945472e-02
4.985337243401748442e-01 9.003547802104437323e-03
4.995112414467242079e-01 6.750635006222444057e-03
5.004887585532735716e-01 4.497552469499653711e-03
5.014662756598229354e-01 2.244385102220797581e-03
5.024437927663722991e-01 -8.782182134738428236e-06
5.034213098729216629e-01 -2.261864470088927569e-03
5.043988269794710266e-01 -4.514776851370359487e-03
5.053763440860203904e-01 -6.767434422115914394e-03
5.063538611925697541e-01 -9.019752288075902347e-03
5.073313782991191179e-01 -1.127164556781497413e-02
5.083088954056684816e-01 -1.352302939591477557e-02
5.092864125122178454e-01 -1.577381892617389994e-02
5.102639296187672091e-01 -1.802392933481089532e-02
5.112414467253165729e-01 -2.027327582366251005e-02
5.122189638318659366e-01 -2.252177362338314212e-02
5.131964809384153003e-01 -2.476933799664129271e-02
5.141739980449646641e-01 -2.701588424131833727e-02
5.151515151515140278e-01 -2.926132769370225206e-02
5.161290322580633916e-01 -3.150558373168251686e-02
5.171065493646127553e-01 -3.374856777793886625e-02
5.180840664711621191e-01 -3.599019530313723320e-02
5.190615835777114828e-01 -3.823038182911482619e-02
5.200391006842608466e-01 -4.046904293206802367e-02
5.210166177908102103e-01 -4.270609424573579282e-02
5.219941348973595741e-01 -4.494145146458445456e-02
5.229716520039089378e-01 -4.717503034698647402e-02
5.239491691104583015e-01 -4.940674671839887649e-02
5.249266862170076653e-01 -5.163651647453725707e-02
5.259042033235570290e-01 -5.386425558455067847e-02
5.268817204301063928e-01 -5.608988009419014348e-02
5.278592375366557565e-01 -5.831330612897601962e-02
5.288367546432051203e-01 -6.053444989736096737e-02
5.298142717497544840e-01 -6.275322769389284072e-02
5.307917888563038478e-01 -6.496955590237095401e-02
5.317693059628532115e-01 -6.718335099900125951e-02
5.327468230694025753e-01 -6.939452955554401004e-02
5.337243401759519390e-01 -7.160300824246601525e-02
5.347018572825013027e-01 -7.380870383208064378e-02
5.356793743890506665e-01 -7.601153320168851923e-02
5.366568914956000302e-01 -7.821141333671180473e-02
5.376344086021493940e-01 -8.040826133382805718e-02
5.386119257086987577e-01 -8.260199440409607408e-02
5.395894428152481215e-01 -8.479252987607943659e-02
5.405669599217974852e-01 -8.697978519896402971e-02
5.415444770283468490e-01 -8.916367794567409133e-02
5.425219941348961017e-01 -9.134412581598033709e-02
5.434995112414454654e-01 -9.352104663960493502e-02
5.444770283479948292e-01 -9.569435837932029065e-02
5.454545454545441929e-01 -9.786397913404540350e-02
5.464320625610935567e-01 -1.000298271419344798e-01
5.474095796676429204e-01 -1.021918207834618952e-01
5.483870967741922842e-01 -1.043498785844982762e-01
5.493646138807416479e-01 -1.065039192193887041e-01
5.503421309872910117e-01 -1.086538615140173331e-01
5.513196480938403754e-01 -1.107996244488705373e-01
5.522971652003897391e-01 -1.129411271620920643e-01
5.532746823069391029e-01 -1.150782889525353708e-01
5.542521994134884666e-01 -1.172110292828066336e-01
5.552297165200378304e-01 -1.193392677823031378e-01
5.562072336265871941e-01 -1.214629242502442696e-01
5.571847507331365579e-01 -1.235819186586987473e-01
5.581622678396859216e-01 -1.256961711556023320e-01
5.591397849462352854e-01 -1.278056020677701687e-01
5.601173020527846491e-01 -1.299101319039018543e-01
5.610948191593340129e-01 -1.320096813575813988e-01
5.620723362658833766e-01 -1.341041713102681110e-01
5.630498533724327404e-01 -1.361935228342820992e-01
5.640273704789821041e-01 -1.382776571957771983e-01
5.650048875855314678e-01 -1.403564958577185606e-01
5.659824046920808316e-01 -1.424299604828401788e-01
5.669599217986301953e-01 -1.444979729366012988e-01
5.679374389051795591e-01 -1.465604552901331181e-01
5.689149560117289228e-01 -1.486173298231800444e-01
5.698924731182782866e-01 -1.506685190270307118e-01
5.708699902248276503e-01 -1.527139456074416979e-01
5.718475073313770141e-01 -1.547535324875528584e-01
5.728250244379263778e-01 -1.567872028107963056e-01
5.738025415444757416e-01 -1.588148799437947845e-01
5.747800586510251053e-01 -1.608364874792525823e-01
5.757575757575744690e-01 -1.628519492388371959e-01
5.767350928641238328e-01 -1.648611892760545594e-01
5.777126099706731965e-01 -1.668641318791129757e-01
5.786901270772225603e-01 -1.688607015737796091e-01
5.796676441837719240e-01 -1.708508231262255983e-01
5.806451612903212878e-01 -1.728344215458677002e-01
5.816226783968706515e-01 -1.748114220881950565e-01
5.826001955034200153e-01 -1.767817502575887711e-01
5.835777126099693790e-01 -1.787453318101318300e-01
5.845552297165187428e-01 -1.807020927564110813e-01
5.855327468230681065e-01 -1.826519593643076700e-01
5.865102639296174702e-01 -1.845948581617781747e-01
5.874877810361668340e-01 -1.865307159396259185e-01
5.884652981427161977e-01 -1.884594597542637862e-01
5.894428152492655615e-01 -1.903810169304653854e-01
5.904203323558149252e-01 -1.922953150641059650e-01
5.913978494623642890e-01 -1.942022820248940351e-01
5.923753665689136527e-01 -1.961018459590931073e-01
5.933528836754630165e-01 -1.979939352922314155e-01
5.943304007820123802e-01 -1.998784787318025058e-01
5.953079178885617440e-01 -2.017554052699525591e-01
5.962854349951111077e-01 -2.036246441861625789e-01
5.972629521016604714e-01 -2.054861250499138425e-01
5.982404692082098352e-01 -2.073397777233451644e-01
5.992179863147591989e-01 -2.091855323638982522e-01
6.001955034213085627e-01 -2.110233194269535706e-01
6.011730205278579264e-01 -2.128530696684530765e-01
6.021505376344072902e-01 -2.146747141475122966e-01
6.031280547409566539e-01 -2.164881842290204139e-01
6.041055718475060177e-01 -2.182934115862308622e-01
6.050830889540553814e-01 -2.200903282033377928e-01
6.060606060606047452e-01 -2.218788663780420500e-01
6.070381231671541089e-01 -2.236589587241046007e-01
6.080156402737034727e-01 -2.254305381738896663e-01
6.089931573802528364e-01 -2.271935379808940891e-01
6.099706744868022001e-01 -2.289478917222653176e-01
6.109481915933515639e-01 -2.306935333013056810e-01
6.119257086999009276e-01 -2.324303969499686429e-01
6.129032258064502914e-01 -2.341584172313378176e-01
6.138807429129996551e-01 -2.358775290420958015e-01
6.148582600195490189e-01 -2.375876676149795141e-01
6.158357771260983826e-01 -2.392887685212246873e-01
6.168132942326477464e-01 -2.409807676729957826e-01
6.177908113391971101e-01 -2.426636013258030300e-01
6.187683284457464739e-01 -2.443372060809071156e-01
6.197458455522958376e-01 -2.460015188877117953e-01
6.207233626588452013e-01 -2.476564770461418263e-01
6.217008797653945651e-01 -2.493020182090074366e-01
6.226783968719439288e-01 -2.509380803843572205e-01
6.236559139784932926e-01 -2.525646019378163243e-01
6.246334310850426563e-01 -2.541815215949117523e-01
6.256109481915919091e-01 -2.557887784433839351e-01
6.265884652981412728e-01 -2.573863119354818374e-01
6.275659824046906365e-01 -2.589740618902520719e-01
6.285434995112400003e-01 -2.605519684958054194e-01
6.295210166177893640e-01 -2.621199723115741342e-01
6.304985337243387278e-01 -2.636780142705536512e-01
6.314760508308880915e-01 -2.652260356815319686e-01
6.324535679374374553e-01 -2.667639782313027674e-01
6.334310850439868190e-01 -2.682917839868655951e-01
6.344086021505361828e-01 -2.698093953976102854e-01
6.353861192570855465e-01 -2.713167552974893315e-01
6.363636363636349103e-01 -2.728138069071741056e-01
6.373411534701842740e-01 -2.743004938361955913e-01
6.383186705767336377e-01 -2.757767600850727918e-01
6.392961876832830015e-01 -2.772425500474248183e-01
6.402737047898323652e-01 -2.786978085120687121e-01
6.412512218963817290e-01 -2.801424806651021671e-01
6.422287390029310927e-01 -2.815765120919698772e-01
6.432062561094804565e-01 -2.829998487795187256e-01
6.441837732160298202e-01 -2.844124371180339894e-01
6.451612903225791840e-01 -2.858142239032613885e-01
6.461388074291285477e-01 -2.872051563384142581e-01
6.471163245356779115e-01 -2.885851820361658437e-01
6.480938416422272752e-01 -2.899542490206251655e-01
6.490713587487766389e-01 -2.913123057292971718e-01
6.500488758553260027e-01 -2.926593010150282947e-01
6.510263929618753664e-01 -2.939951841479361838e-01
6.520039100684247302e-01 -2.953199048173233421e-01
6.529814271749740939e-01 -2.966334131335739421e-01
6.539589442815234577e-01 -2.979356596300370974e-01
6.549364613880728214e-01 -2.992265952648924254e-01
6.559139784946221852e-01 -3.005061714230001235e-01
6.568914956011715489e-01 -3.017743399177347241e-01
6.578690127077209127e-01 -3.030310529928021412e-01
6.588465298142702764e-01 -3.042762633240430614e-01
6.598240469208196401e-01 -3.055099240212167389e-01
6.608015640273690039e-01 -3.067319886297701359e-01
6.617790811339183676e-01 -3.079424111325899105e-01
6.627565982404677314e-01 -3.091411459517393046e-01
6.637341153470170951e-01 -3.103281479501770468e-01
6.647116324535664589e-01 -3.115033724334593801e-01
6.656891495601158226e-01 -3.126667751514270455e-01
6.666666666666651864e-01 -3.138183122998739472e-01
6.676441837732145501e-01 -3.149579405222001083e-01
6.686217008797639139e-01 -3.160856169110463632e-01
6.695992179863132776e-01 -3.172012990099141172e-01
6.705767350928626414e-01 -3.183049448147655669e-01
6.715542521994120051e-01 -3.193965127756097089e-01
6.725317693059613688e-01 -3.204759617980686426e-01
6.735092864125107326e-01 -3.215432512449274971e-01
6.744868035190600963e-01 -3.225983409376688149e-01
6.754643206256094601e-01 -3.236411911579874512e-01
6.764418377321588238e-01 -3.246717626492881537e-01
6.774193548387081876e-01 -3.256900166181674883e-01
6.783968719452575513e-01 -3.266959147358768911e-01
6.793743890518069151e-01 -3.276894191397686784e-01
6.803519061583562788e-01 -3.286704924347237933e-01
6.813294232649056426e-01 -3.296390976945627882e-01
6.823069403714550063e-01 -3.305951984634391549e-01
6.832844574780043700e-01 -3.315387587572145578e-01
6.842619745845537338e-01 -3.324697430648151375e-01
6.852394916911030975e-01 -3.333881163495726052e-01
6.862170087976524613e-01 -3.342938440505448527e-01
6.871945259042018250e-01 -3.351868920838207422e-01
6.881720430107511888e-01 -3.360672268438046340e-01
6.891495601173005525e-01 -3.369348152044839839e-01
6.901270772238499163e-01 -3.377896245206810644e-01
6.911045943303992800e-01 -3.386316226292822029e-01
6.920821114369486438e-01 -3.394607778504523110e-01
6.930596285434980075e-01 -3.402770589888289843e-01
6.940371456500473712e-01 -3.410804353347001161e-01
6.950146627565967350e-01 -3.418708766651623598e-01
6.959921798631460987e-01 -3.426483532452606617e-01
6.969696969696954625e-01 -3.434128358291100303e-01
6.979472140762448262e-01 -3.441642956609990978e-01
6.989247311827941900e-01 -3.449027044764753636e-01
6.999022482893435537e-01 -3.456280345034098977e-01
7.008797653958929175e-01 -3.463402584630463354e-01
7.018572825024422812e-01 -3.470393495710297760e-01
7.028347996089916450e-01 -3.477252815384164197e-01
7.038123167155410087e-01 -3.483980285726660520e-01
7.047898338220903725e-01 -3.490575653786143762e-01
7.057673509286397362e-01 -3.497038671594276948e-01
7.067448680351890999e-01 -3.503369096175384945e-01
7.077223851417384637e-01 -3.509566689555612684e-01
7.086999022482878274e-01 -3.515631218771906874e-01
7.096774193548370802e-01 -3.521562455880806741e-01
7.106549364613864439e-01 -3.527360177967039934e-01
7.116324535679358076e-01 -3.533024167151926909e-01
7.126099706744851714e-01 -3.538554210601609351e-01
7.135874877810345351e-01 -3.543950100535070979e-01
7.145650048875838989e-01 -3.549211634231984047e-01
7.155425219941332626e-01 -3.554338614040342126e-01
7.165200391006826264e-01 -3.559330847383935237e-01
7.174975562072319901e-01 -3.564188146769597942e-01
7.184750733137813539e-01 -3.568910329794293679e-01
7.194525904203307176e-01 -3.573497219151985926e-01
7.204301075268800814e-01 -3.577948642640334520e-01
7.214076246334294451e-01 -3.582264433167187678e-01
7.223851417399788089e-01 -3.586444428756886960e-01
7.233626588465281726e-01 -3.590488472556375155e-01
7.243401759530775363e-01 -3.594396412841117106e-01
7.253176930596269001e-01 -3.598168103020819020e-01
7.262952101661762638e-01 -3.601803401644962932e-01
7.272727272727256276e-01 -3.605302172408133554e-01
7.282502443792749913e-01 -3.608664284155175817e-01
7.292277614858243551e-01 -3.611889610886123148e-01
7.302052785923737188e-01 -3.614978031760970878e-01
7.311827956989230826e-01 -3.617929431104215388e-01
7.321603128054724463e-01 -3.620743698409233380e-01
7.331378299120218101e-01 -3.623420728342439112e-01
7.341153470185711738e-01 -3.625960420747268431e-01
7.350928641251205375e-01 -3.628362680647942429e-01
7.360703812316699013e-01 -3.630627418253068450e-01
7.370478983382192650e-01 -3.632754548959010732e-01
7.380254154447686288e-01 -3.634743993353094504e-01
7.390029325513179925e-01 -3.636595677216592493e-01
7.399804496578673563e-01 -3.638309531527530449e-01
7.409579667644167200e-01 -3.639885492463287853e-01
7.419354838709660838e-01 -3.641323501403008756e-01
7.429130009775154475e-01 -3.642623504929806688e-01
7.438905180840648113e-01 -3.643785454832786930e-01
7.448680351906141750e-01 -3.644809308108860058e-01
7.458455522971635387e-01 -3.645695026964372865e-01
7.468230694037129025e-01 -3.646442578816515567e-01
7.478005865102622662e-01 -3.647051936294574137e-01
7.487781036168116300e-01 -3.647523077240945599e-01
7.497556207233609937e-01 -3.647855984711983468e-01
7.507331378299103575e-01 -3.648050646978626133e-01
7.517106549364597212e-01 -3.648107057526854824e-01
7.526881720430090850e-01 -3.648025215057926207e-01
7.536656891495584487e-01 -3.647805123488427337e-01
7.546432062561078125e-01 -3.647446791950125777e-01
7.556207233626571762e-01 -3.646950234789626544e-01
7.565982404692065399e-01 -3.646315471567831423e-01
7.575757575757559037e-01 -3.645542527059200122e-01
7.585532746823052674e-01 -3.644631431250811016e-01
7.595307917888546312e-01 -3.643582219341242046e-01
7.605083088954039949e-01 -3.642394931739227903e-01
7.614858260019533587e-01 -3.641069614062151238e-01
7.624633431085027224e-01 -3.639606317134302382e-01
7.634408602150520862e-01 -3.638005096984987530e-01
7.644183773216014499e-01 -3.636266014846389893e-01
7.653958944281508137e-01 -3.634389137151276539e-01
7.663734115347001774e-01 -3.632374535530483173e-01
7.673509286412495412e-01 -3.630222286810222410e-01
7.683284457477989049e-01 -3.627932473009170544e-01
7.693059628543482686e-01 -3.625505181335388905e-01
7.702834799608976324e-01 -3.622940504183019272e-01
7.712609970674469961e-01 -3.620238539128814992e-01
7.722385141739963599e-01 -3.617399388928446702e-01
7.732160312805457236e-01 -3.614423161512633209e-01
7.741935483870950874e-01 -3.611309969983061974e-01
7.751710654936444511e-01 -3.608059932608136400e-01
7.761485826001938149e-01 -3.604673172818499416e-01
7.771260997067431786e-01 -3.601149819202389413e-01
7.781036168132925424e-01 -3.597490005500776356e-01
7.790811339198419061e-01 -3.593693870602334695e-01
7.800586510263912698e-01 -3.589761558538187014e-01
7.810361681329406336e-01 -3.585693218476480593e-01
7.820136852394899973e-01 -3.581489004716749691e-01
7.829912023460393611e-01 -3.577149076684116302e-01
7.839687194525887248e-01 -3.572673598923251093e-01
7.849462365591380886e-01 -3.568062741092181689e-01
7.859237536656874523e-01 -3.563316677955885026e-01
7.869012707722368161e-01 -3.558435589379705943e-01
7.878787878787861798e-01 -3.553419660322555962e-01
7.888563049853355436e-01 -3.548269080829949407e-01
7.898338220918849073e-01 -3.542984046026822487e-01
7.908113391984342710e-01 -3.537564756110192499e-01
7.917888563049836348e-01 -3.532011416341577781e-01
7.927663734115328875e-01 -3.526324237039279996e-01
7.937438905180822513e-01 -3.520503433570431606e-01
7.947214076246316150e-01 -3.514549226342890131e-01
7.956989247311809788e-01 -3.508461840796903708e-01
7.966764418377303425e-01 -3.502241507396622877e-01
7.976539589442797062e-01 -3.495888461621388110e-01
7.986314760508290700e-01 -3.489402943956881331e-01
7.996089931573784337e-01 -3.482785199886010985e-01
8.005865102639277975e-01 -3.476035479879682200e-01
8.015640273704771612e-01 -3.469154039387332134e-01
8.025415444770265250e-01 -3.462141138827308229e-01
8.035190615835758887e-01 -3.454997043577029969e-01
8.044965786901252525e-01 -3.447722023962988547e-01
8.054740957966746162e-01 -3.440316355250537805e-01
8.064516129032239800e-01 -3.432780317633525313e-01
8.074291300097733437e-01 -3.425114196223709717e-01
8.084066471163227074e-01 -3.417318281040016004e-01
8.093841642228720712e-01 -3.409392866997577043e-01
8.103616813294214349e-01 -3.401338253896640795e-01
8.113391984359707987e-01 -3.393154746411223832e-01
8.123167155425201624e-01 -3.384842654077647173e-01
8.132942326490695262e-01 -3.376402291282831203e-01
8.142717497556188899e-01 -3.367833977252478461e-01
8.152492668621682537e-01 -3.359138036038984976e-01
8.162267839687176174e-01 -3.350314796509244464e-01
8.172043010752669812e-01 -3.341364592332229932e-01
8.181818181818163449e-01 -3.332287761966421513e-01
8.191593352883657086e-01 -3.323084648647017803e-01
8.201368523949150724e-01 -3.313755600373005095e-01
8.211143695014644361e-01 -3.304300969894019002e-01
8.220918866080137999e-01 -3.294721114697050646e-01
8.230694037145631636e-01 -3.285016396992943011e-01
8.240469208211125274e-01 -3.275187183702744642e-01
8.250244379276618911e-01 -3.265233846443851284e-01
8.260019550342112549e-01 -3.255156761516010411e-01
8.269794721407606186e-01 -3.244956309887100376e-01
8.279569892473099824e-01 -3.234632877178776900e-01
8.289345063538593461e-01 -3.224186853651910267e-01
8.299120234604087099e-01 -3.213618634191896528e-01
8.308895405669580736e-01 -3.202928618293714447e-01
8.318670576735074373e-01 -3.192117210046891973e-01
8.328445747800568011e-01 -3.181184818120241231e-01
8.338220918866061648e-01 -3.170131855746462501e-01
8.347996089931555286e-01 -3.158958740706533930e-01
8.357771260997048923e-01 -3.147665895313967455e-01
8.367546432062542561e-01 -3.136253746398867115e-01
8.377321603128036198e-01 -3.124722725291840253e-01
8.387096774193529836e-01 -3.113073267807713873e-01
8.396871945259023473e-01 -3.101305814229102786e-01
8.406647116324517111e-01 -3.089420809289787351e-01
8.416422287390010748e-01 -3.077418702157964092e-01
8.426197458455504385e-01 -3.065299946419272059e-01
8.435972629520998023e-01 -3.053065000059700385e-01
8.445747800586491660e-01 -3.040714325448291011e-01
8.455522971651985298e-01 -3.028248389319742606e-01
8.465298142717478935e-01 -3.015667662756743028e-01
8.475073313782972573e-01 -3.002972621172243506e-01
8.484848484848466210e-01 -2.990163744291500225e-01
8.494623655913959848e-01 -2.977241516133998789e-01
8.504398826979453485e-01 -2.964206424995175504e-01
8.514173998044947123e-01 -2.951058963428007109e-01
8.523949169110440760e-01 -2.937799628224424531e-01
8.533724340175934397e-01 -2.924428920396588971e-01
8.543499511241428035e-01 -2.910947345157965382e-01
8.553274682306921672e-01 -2.897355411904288247e-01
8.563049853372415310e-01 -2.883653634194326965e-01
8.572825024437908947e-01 -2.869842529730532443e-01
8.582600195503402585e-01 -2.855922620339490514e-01
8.592375366568896222e-01 -2.841894431952245448e-01
8.602150537634389860e-01 -2.827758494584448057e-01
8.611925708699883497e-01 -2.813515342316397772e-01
8.621700879765377135e-01 -2.799165513272846018e-01
8.631476050830870772e-01 -2.784709549602728540e-01
8.641251221896364410e-01 -2.770147997458702327e-01
8.651026392961858047e-01 -2.755481406976555414e-01
8.660801564027351684e-01 -2.740710332254436832e-01
8.670576735092845322e-01 -2.725835331331966649e-01
8.680351906158338959e-01 -2.710856966169173932e-01
8.690127077223832597e-01 -2.695775802625317019e-01
8.699902248289326234e-01 -2.680592410437514506e-01
8.709677419354819872e-01 -2.665307363199271862e-01
8.719452590420313509e-01 -2.649921238338824869e-01
8.729227761485807147e-01 -2.634434617097383136e-01
8.739002932551300784e-01 -2.618848084507178764e-01
8.748778103616794422e-01 -2.603162229369410663e-01
8.758553274682288059e-01 -2.587377644232016771e-01
8.768328445747780586e-01 -2.571494925367366902e-01
8.778103616813274224e-01 -2.555514672749706340e-01
8.787878787878767861e-01 -2.539437490032565581e-01
8.797653958944261499e-01 -2.523263984525970227e-01
8.807429130009755136e-01 -2.506994767173549299e-01
8.817204301075248774e-01 -2.490630452529466465e-01
8.826979472140742411e-01 -2.474171658735252466e-01
8.836754643206236048e-01 -2.457619007496477381e-01
8.846529814271729686e-01 -2.440973124059314381e-01
8.856304985337223323e-01 -2.424234637186930275e-01
8.866080156402716961e-01 -2.407404179135783917e-01
8.875855327468210598e-01 -2.390482385631762519e-01
8.885630498533704236e-01 -2.373469895846222755e-01
8.895405669599197873e-01 -2.356367352371850632e-01
8.905180840664691511e-01 -2.339175401198440030e-01
8.914956011730185148e-01 -2.321894691688507206e-01
8.924731182795678786e-01 -2.304525876552832864e-01
8.934506353861172423e-01 -2.287069611825786608e-01
8.944281524926666060e-01 -2.269526556840616438e-01
8.954056695992159698e-01 -2.251897374204558933e-01
8.963831867057653335e-01 -2.234182729773863674e-01
8.973607038123146973e-01 -2.216383292628651136e-01
8.983382209188640610e-01 -2.198499735047687864e-01
8.993157380254134248e-01 -2.180532732483016212e-01
9.002932551319627885e-01 -2.162482963534493319e-01
9.012707722385121523e-01 -2.144351109924165777e-01
9.022482893450615160e-01 -2.126137856470574072e-01
9.032258064516108798e-01 -2.107843891062899655e-01
9.042033235581602435e-01 -2.089469904635047059e-01
9.051808406647096072e-01 -2.071016591139543672e-01
9.061583577712589710e-01 -2.052484647521383987e-01
9.071358748778083347e-01 -2.033874773691720927e-01
9.081133919843576985e-01 -2.015187672501503324e-01
9.090909090909070622e-01 -1.996424049714906335e-01
9.100684261974564260e-01 -1.977584613982745765e-01
9.110459433040057897e-01 -1.958670076815729189e-01
9.120234604105551535e-01 -1.939681152557633237e-01
9.130009775171045172e-01 -1.920618558358333505e-01
9.139784946236538810e-01 -1.901483014146764794e-01
9.149560117302032447e-01 -1.882275242603759224e-01
9.159335288367526084e-01 -1.862995969134797203e-01
9.169110459433019722e-01 -1.843645921842617108e-01
9.178885630498513359e-01 -1.824225831499771966e-01
9.188660801564006997e-01 -1.804736431521046236e-01
9.198435972629500634e-01 -1.785178457935812368e-01
9.208211143694994272e-01 -1.765552649360236648e-01
9.217986314760487909e-01 -1.745859746969433690e-01
9.227761485825981547e-01 -1.726100494469494651e-01
9.237536656891475184e-01 -1.706275638069466860e-01
9.247311827956968822e-01 -1.686385926453153050e-01
9.257086999022462459e-01 -1.666432110750904194e-01
9.266862170087956097e-01 -1.646414944511266076e-01
9.276637341153449734e-01 -1.626335183672578955e-01
9.286412512218943371e-01 -1.606193586534429008e-01
9.296187683284437009e-01 -1.585990913729063423e-01
9.305962854349930646e-01 -1.565727928192685858e-01
9.315738025415424284e-01 -1.545405395136693893e-01
9.325513196480917921e-01 -1.525024082018789084e-01
9.335288367546411559e-01 -1.504584758514043996e-01
9.345063538611905196e-01 -1.484088196485852940e-01
9.354838709677398834e-01 -1.463535169956839133e-01
9.364613880742892471e-01 -1.442926455079627523e-01
9.374389051808386109e-01 -1.422262830107582365e-01
9.384164222873879746e-01 -1.401545075365432380e-01
9.393939393939373383e-01 -1.380773973219887596e-01
9.403714565004867021e-01 -1.359950308050047185e-01
9.413489736070360658e-01 -1.339074866217860871e-01
9.423264907135854296e-01 -1.318148436038451832e-01
9.433040078201347933e-01 -1.297171807750390204e-01
9.442815249266841571e-01 -1.276145773485862500e-01
9.452590420332335208e-01 -1.255071127240804385e-01
9.462365591397828846e-01 -1.233948664844941173e-01
9.472140762463322483e-01 -1.212779183931782107e-01
9.481915933528816121e-01 -1.191563483908507359e-01
9.491691104594309758e-01 -1.170302365925829091e-01
9.501466275659803395e-01 -1.148996632847759658e-01
9.511241446725297033e-01 -1.127647089221342491e-01
9.521016617790790670e-01 -1.106254541246278061e-01
9.530791788856284308e-01 -1.084819796744526388e-01
9.540566959921777945e-01 -1.063343665129821147e-01
9.550342130987271583e-01 -1.041826957377174206e-01
9.560117302052765220e-01 -1.020270485992223752e-01
9.569892473118258858e-01 -9.986750649806273861e-02
9.579667644183752495e-01 -9.770415098173353130e-02
9.589442815249246133e-01 -9.553706374158492387e-02
9.599217986314738660e-01 -9.336632660973785691e-02
9.608993157380232297e-01 -9.119202155599891169e-02
9.618768328445725935e-01 -8.901423068476720102e-02
9.628543499511219572e-01 -8.683303623193884546e-02
9.638318670576713210e-01 -8.464852056180227624e-02
9.648093841642206847e-01 -8.246076616393294145e-02
9.657869012707700485e-01 -8.026985565008051826e-02
9.667644183773194122e-01 -7.807587175105448751e-02
9.677419354838687759e-01 -7.587889731360052126e-02
9.687194525904181397e-01 -7.367901529727706456e-02
9.696969696969675034e-01 -7.147630877132436777e-02
9.706744868035168672e-01 -6.927086091153486502e-02
9.716520039100662309e-01 -6.706275499710953603e-02
9.726295210166155947e-01 -6.485207440752034647e-02
9.736070381231649584e-01 -6.263890261936358450e-02
9.745845552297143222e-01 -6.042332320321237848e-02
9.755620723362636859e-01 -5.820541982046183865e-02
9.765395894428130497e-01 -5.598527622017448330e-02
9.775171065493624134e-01 -5.376297623592048852e-02
9.784946236559117771e-01 -5.153860378261673064e-02
9.794721407624611409e-01 -4.931224285335854274e-02
9.804496578690105046e-01 -4.708397751625326838e-02
9.814271749755598684e-01 -4.485389191124798669e-02
9.824046920821092321e-01 -4.262207024695702229e-02
9.833822091886585959e-01 -4.038859679748298126e-02
9.843597262952079596e-01 -3.815355589923932061e-02
9.853372434017573234e-01 -3.591703194776758867e-02
9.863147605083066871e-01 -3.367910939455738550e-02
9.872922776148560509e-01 -3.143987274385508929e-02
9.882697947214054146e-01 -2.919940654947979913e-02
9.892473118279547784e-01 -2.695779541163252288e-02
9.902248289345041421e-01 -2.471512397370610389e-02
9.912023460410535058e-01 -2.247147691909002695e-02
9.921798631476028696e-01 -2.022693896797735785e-02
9.931573802541522333e-01 -1.798159487416832805e-02
9.941348973607015971e-01 -1.573552942187428708e-02
9.951124144672509608e-01 -1.348882742251742740e-02
9.960899315738003246e-01 -1.124157371153280960e-02
9.970674486803496883e-01 -8.993853145167297891e-03
9.980449657868990521e-01 -6.745750597280261718e-03
9.990224828934484158e-01 -4.497350956139347170e-03
9.999999999999977796e-01 -2.248739121219867510e-03
