-2.265217773013605901e-16
-3.499999999999763283e-03
-6.999930774615158169e-03
-1.049965387581502409e-02
-1.399903086378433484e-02
-1.749792331239682919e-02
-2.099619281469665422e-02
-2.449370098836776283e-02
-2.799030948121163098e-02
-3.148587997661730919e-02
-3.498027419903554369e-02
-3.847335391944681909e-02
-4.196498096083028928e-02
-4.545501720362848941e-02
-4.894332459121236018e-02
-5.242976513534168548e-02
-5.591420092162242145e-02
-5.939649411496583653e-02
-6.287650696503807590e-02
-6.635410181170646460e-02
-6.982914109049259688e-02
-7.330148733800659344e-02
-7.677100319738924816e-02
-8.023755142374326688e-02
-8.370099488956346534e-02
-8.716119659016051402e-02
-9.061801964908081097e-02
-9.407132732352153914e-02
-9.752098300973842393e-02
-1.009668502484505903e-01
-1.044087927302386754e-01
-1.078466743009346279e-01
-1.112803589670111198e-01
-1.147097109009587723e-01
-1.181345944466591219e-01
-1.215548741247520215e-01
-1.249704146379944231e-01
-1.283810808766101541e-01
-1.317867379236398462e-01
-1.351872510602715738e-01
-1.385824857711740188e-01
-1.419723077498170616e-01
-1.453565829037826163e-01
-1.487351773600728011e-01
-1.521079574703995130e-01
-1.554747898164779152e-01
-1.588355412152995805e-01
-1.621900787244037467e-01
-1.655382696471321691e-01
-1.688799815378830005e-01
-1.722150822073469645e-01
-1.755434397277385872e-01
-1.788649224380111646e-01
-1.821793989490688714e-01
-1.854867381489629652e-01
-1.887868092080763061e-01
-1.920794815843025471e-01
-1.953646250282057018e-01
-1.986421095881755472e-01
-2.019118056155671248e-01
-2.051735837698276943e-01
-2.084273150236173877e-01
-2.116728706679090466e-01
-2.149101223170802599e-01
-2.181389419139938002e-01
-2.213592017350620444e-01
-2.245707743953000990e-01
-2.277735328533632142e-01
-2.309673504165726532e-01
-2.341521007459304027e-01
-2.373276578611120124e-01
-2.404938961454534674e-01
-2.436506903509182975e-01
-2.467979156030538634e-01
-2.499354474059286846e-01
-2.530631616470607748e-01
-2.561809346023228851e-01
-2.592886429408396975e-01
-2.623861637298658400e-01
-2.654733744396475248e-01
-2.685501529482716143e-01
-2.716163775464950914e-01
-2.746719269425592636e-01
-2.777166802669886470e-01
-2.807505170773720860e-01
-2.837733173631265537e-01
-2.867849615502448546e-01
-2.897853305060262841e-01
-2.927743055437873054e-01
-2.957517684275585146e-01
-2.987176013767613991e-01
-3.016716870708663345e-01
-3.046139086540337604e-01
-3.075441497397383706e-01
-3.104622944153701547e-01
-3.133682272468227836e-01
-3.162618332830566259e-01
-3.191429980606496075e-01
-3.220116076083199275e-01
-3.248675484514410017e-01
-3.277107076165240995e-01
-3.305409726356923761e-01
-3.333582315511255945e-01
-3.361623729194909704e-01
-3.389532858163513129e-01
-3.417308598405534026e-01
-3.444949851185946654e-01
-3.472455523089691409e-01
-3.499824526064914676e-01
-3.527055777466062692e-01
-3.554148200096637344e-01
-3.581100722251854829e-01
-3.607912277761015640e-01
-3.634581806029710260e-01
-3.661108252081721193e-01
-3.687490566600809538e-01
-3.713727705972197368e-01
-3.739818632323850256e-01
-3.765762313567512232e-01
-3.791557723439599736e-01
-3.817203841541709775e-01
-3.842699653381080882e-01
-3.868044150410599458e-01
-3.893236330068833295e-01
-3.918275195819585499e-01
-3.943159757191366244e-01
-3.967889029816547564e-01
-3.992462035470346615e-01
-4.016877802109444784e-01
-4.041135363910517420e-01
-4.065233761308396088e-01
-4.089172041034032645e-01
-4.112949256152216293e-01
-4.136564466099039716e-01
-4.160016736719052144e-01
-4.183305140302301384e-01
-4.206428755620953974e-01
-4.229386667965773783e-01
-4.252177969182293071e-01
-4.274801757706761518e-01
-4.297257138601749404e-01
-4.319543223591634784e-01
-4.341659131097644897e-01
-4.363603986272840962e-01
-4.385376921036585052e-01
-4.406977074109041381e-01
-4.428403591045096399e-01
-4.449655624268264442e-01
-4.470732333104149858e-01
-4.491632883813756472e-01
-4.512356449626397370e-01
-4.532902210772461471e-01
-4.553269354515862011e-01
-4.573457075186082021e-01
-4.593464574210114337e-01
-4.613291060144104616e-01
-4.632935748704539169e-01
-4.652397862799337314e-01
-4.671676632558631748e-01
-4.690771295365090410e-01
-4.709681095884251101e-01
-4.728405286094247151e-01
-4.746943125315512546e-01
-4.765293880240017432e-01
-4.783456824960294895e-01
-4.801431240998137451e-01
-4.819216417333084812e-01
-4.836811650430443144e-01
-4.854216244269191072e-01
-4.871429510369515437e-01
-4.888450767820000098e-01
-4.905279343304592143e-01
-4.921914571129234472e-01
-4.938355793248181969e-01
-4.954602359290034563e-01
-4.970653626583516616e-01
-4.986508960182812200e-01
-5.002167732892738305e-01
-5.017629325293544440e-01
-5.032893125765411924e-01
-5.047958530512662856e-01
-5.062824943587602711e-01
-5.077491776914148103e-01
-5.091958450311051543e-01
-5.106224391514866401e-01
-5.120289036202576582e-01
-5.134151828013951979e-01
-5.147812218573489806e-01
-5.161269667512181636e-01
-5.174523642488824127e-01
-5.187573619211128806e-01
-5.200419081456441051e-01
-5.213059521092162640e-01
-5.225494438095809047e-01
-5.237723340574874653e-01
-5.249745744786237234e-01
-5.261561175155274883e-01
-5.273169164294737588e-01
-5.284569253023188029e-01
-5.295760990383188149e-01
-5.306743933659114898e-01
-5.317517648394678442e-01
-5.328081708410185025e-01
-5.338435695819255811e-01
-5.348579201045450260e-01
-5.358511822838466498e-01
-5.368233168289968660e-01
-5.377742852849188848e-01
-5.387040500338066140e-01
-5.396125742966195737e-01
-5.404998221345346243e-01
-5.413657584503669407e-01
-5.422103489899582351e-01
-5.430335603435377800e-01
-5.438353599470322486e-01
-5.446157160833641209e-01
-5.453745978837042374e-01
-5.461119753286888256e-01
-5.468278192496116574e-01
-5.475221013295774597e-01
-5.481947941046122486e-01
-5.488458709647690004e-01
-5.494753061551617135e-01
-5.500830747769963613e-01
-5.506691527885473336e-01
-5.512335170061150036e-01
-5.517761451049404409e-01
-5.522970156200857073e-01
-5.527961079472861750e-01
-5.532734023437679838e-01
-5.537288799290209784e-01
-5.541625226855565467e-01
-5.545743134596072821e-01
-5.549642359618182086e-01
-5.553322747678831606e-01
-5.556784153191594022e-01
-5.560026439232362838e-01
-5.563049477544868004e-01
-5.565853148545683027e-01
-5.568437341328986712e-01
-5.570801953670934115e-01
-5.572946892033691091e-01
-5.574872071569131338e-01
-5.576577416122250330e-01
-5.578062858234120736e-01
-5.579328339144549176e-01
-5.580373808794469870e-01
-5.581199225827851995e-01
-5.581804557593376126e-01
-5.582189780145699887e-01
-5.582354878246471586e-01
-5.582299845364799840e-01
-5.582024683677671018e-01
-5.581529404069736078e-01
-5.580814026132974170e-01
-5.579878578165828884e-01
-5.578723097172161305e-01
-5.577347628859755657e-01
-5.575752227638509639e-01
-5.573936956618289473e-01
-5.571901887606420800e-01
-5.569647101104888698e-01
-5.567172686307062524e-01
-5.564478741094286418e-01
-5.561565372031936905e-01
-5.558432694365204041e-01
-5.555080832014548387e-01
-5.551509917570811581e-01
-5.547720092289939453e-01
-5.543711506087447560e-01
-5.539484317532412661e-01
-5.535038693841261015e-01
-5.530374810871167002e-01
-5.525492853113020963e-01
-5.520393013684197214e-01
-5.515075494320907934e-01
-5.509540505370187358e-01
-5.503788265781588418e-01
-5.497819003098548540e-01
-5.491632953449357979e-01
-5.485230361537833943e-01
-5.478611480633590602e-01
-5.471776572562152552e-01
-5.464725907694424345e-01
-5.457459764936107849e-01
-5.449978431716659966e-01
-5.442282203977895083e-01
-5.434371386162291095e-01
-5.426246291200905736e-01
-5.417907240501090849e-01
-5.409354563933718163e-01
-5.400588599820059788e-01
-5.391609694918593210e-01
-5.382418204411081319e-01
-5.373014491888655764e-01
-5.363398929337382937e-01
-5.353571897123582390e-01
-5.343533783978690055e-01
-5.333284986984015985e-01
-5.322825911554918132e-01
-5.312156971424857321e-01
-5.301278588628943744e-01
-5.290191193487351340e-01
-5.278895224588135981e-01
-5.267391128770071429e-01
-5.255679361104858005e-01
-5.243760384879095904e-01
-5.231634671576080864e-01
-5.219302700857039179e-01
-5.206764960542233922e-01
-5.194021946591548256e-01
-5.181074163085057638e-01
-5.167922122202924795e-01
-5.154566344205165906e-01
-5.141007357411170320e-01
-5.127245698178667377e-01
-5.113281910882629955e-01
-5.099116547893641771e-01
-5.084750169556102595e-01
-5.070183344166049322e-01
-5.055416647948688391e-01
-5.040450665035552946e-01
-5.025285987441486801e-01
-5.009923215041104383e-01
-4.994362955545204596e-01
-4.978605824476591279e-01
-4.962652445145805946e-01
-4.946503448626473065e-01
-4.930159473730290065e-01
-4.913621166981838040e-01
-4.896889182592870648e-01
-4.879964182436583586e-01
-4.862846836021321728e-01
-4.845537820464189682e-01
-4.828037820464199936e-01
-4.810347528275160101e-01
-4.792467643678416378e-01
-4.774398873955031930e-01
-4.756141933857868653e-01
-4.737697545583348102e-01
-4.719066438742794412e-01
-4.700249350333683407e-01
-4.681247024710410987e-01
-4.662060213554844457e-01
-4.642689675846636277e-01
-4.623136177833182536e-01
-4.603400492999269455e-01
-4.583483402036570564e-01
-4.563385692812628736e-01
-4.543108160339885404e-01
-4.522651606743989250e-01
-4.502016841232255873e-01
-4.481204680061602885e-01
-4.460215946506241869e-01
-4.439051470825096102e-01
-4.417712090229026778e-01
-4.396198648847625678e-01
-4.374511997695914034e-01
-4.352652994640620054e-01
-4.330622504366244407e-01
-4.308421398340870345e-01
-4.286050554781714039e-01
-4.263510858620356836e-01
-4.240803201467691075e-01
-4.217928481578798183e-01
-4.194887603817242239e-01
-4.171681479619368527e-01
-4.148311026958264036e-01
-4.124777170307398211e-01
-4.101080840604071631e-01
-4.077222975212576594e-01
-4.053204517887186720e-01
-4.029026418734670267e-01
-4.004689634176913371e-01
-3.980195126912904335e-01
-3.955543865880755683e-01
-3.930736826219332070e-01
-3.905774989229702787e-01
-3.880659342336317819e-01
-3.855390879047904118e-01
-3.829970598918249203e-01
-3.804399507506584510e-01
-3.778678616337842744e-01
-3.752808942862644881e-01
-3.726791510417037934e-01
-3.700627348182040643e-01
-3.674317491142913839e-01
-3.647862980048204307e-01
-3.621264861368595489e-01
-3.594524187255521697e-01
-3.567642015499527530e-01
-3.540619409488442448e-01
-3.513457438165235591e-01
-3.486157175985921675e-01
-3.458719702876845159e-01
-3.431146104192080437e-01
-3.403437470670470644e-01
-3.375594898392466070e-01
-3.347619488736808258e-01
-3.319512348336937091e-01
-3.291274589037179177e-01
-3.262907327848826866e-01
-3.234411686905899752e-01
-3.205788793420825122e-01
-3.177039779639751482e-01
-3.148165782797878731e-01
-3.119167945074340365e-01
-3.090047413547133970e-01
-3.060805340147684239e-01
-3.031442881615276641e-01
-3.001961199451353979e-01
-2.972361459873512635e-01
-2.942644833769354484e-01
-2.912812496650250549e-01
-2.882865628604782127e-01
-2.852805414252068128e-01
-2.822633042694903116e-01
-2.792349707472738807e-01
-2.761956606514443524e-01
-2.731454942090932314e-01
-2.700845920767594999e-01
-2.670130753356593778e-01
-2.639310654868968764e-01
-2.608386844466505372e-01
-2.577360545413596715e-01
-2.546232985028789586e-01
-2.515005394636296021e-01
-2.483679009517234804e-01
-2.452255068860769438e-01
-2.420734815715119559e-01
-2.389119496938373610e-01
-2.357410363149154420e-01
-2.325608668677185131e-01
-2.293715671513590904e-01
-2.261732633261260283e-01
-2.229660819084817169e-01
-2.197501497660650227e-01
-2.165255941126690564e-01
-2.132925425032131672e-01
-2.100511228286919274e-01
-2.068014633111157075e-01
-2.035436924984491136e-01
-2.002779392595094576e-01
-1.970043327788829624e-01
-1.937230025518103527e-01
-1.904340783790603175e-01
-1.871376903617987253e-01
-1.838339688964398533e-01
-1.805230446694939539e-01
-1.772050486523918944e-01
-1.738801120963044122e-01
-1.705483665269526550e-01
-1.672099437394040655e-01
-1.638649757928598572e-01
-1.605135950054297489e-01
-1.571559339488990403e-01
-1.537921254434829188e-01
-1.504223025525762703e-01
-1.470465985774838114e-01
-1.436651470521511931e-01
-1.402780817378844747e-01
-1.368855366180526667e-01
-1.334876458927942433e-01
-1.300845439737055853e-01
-1.266763654785219295e-01
-1.232632452257965139e-01
-1.198453182295645819e-01
-1.164227196940049586e-01
-1.129955850080876095e-01
-1.095640497402236152e-01
-1.061282496328956881e-01
-1.026883205972969615e-01
-9.924439870794686536e-02
-9.579662019731202682e-02
-9.234512145041769149e-02
-8.889003899945087384e-02
-8.543150951836175899e-02
-8.196966981745562597e-02
-7.850465683797819283e-02
-7.503660764670753991e-02
-7.156565943052224654e-02
-6.809194949097950589e-02
-6.461561523888322001e-02
-6.113679418884661321e-02
-5.765562395385767647e-02
-5.417224223982808340e-02
-5.068678684015262559e-02
-4.719939563025405543e-02
-4.371020656213023270e-02
-4.021935765890020248e-02
-3.672698700933842153e-02
-3.323323276241787333e-02
-2.973823312184220927e-02
-2.624212634057835822e-02
-2.274505071539272005e-02
-1.924714458137214215e-02
-1.574854630645852738e-02
-1.224939428597136663e-02
-8.749826937137250224e-03
-5.249982693611070748e-03
-1.749999999999857789e-03
1.749982693611167820e-03
5.249826937137706817e-03
8.749394285971949861e-03
1.224854630645822937e-02
1.574714458137194822e-02
1.924505071539297715e-02
2.274212634057960411e-02
2.623823312184254963e-02
2.973323276241821717e-02
3.322698700933887639e-02
3.671935765890034509e-02
4.021020656213139532e-02
4.369939563025431600e-02
4.718678684015246289e-02
5.067224223982889908e-02
5.415562395385729866e-02
5.763679418884760930e-02
6.111561523888345282e-02
6.459194949097965543e-02
6.806565943052259038e-02
7.153660764670825845e-02
7.500465683797939709e-02
7.846966981745542857e-02
8.193150951836199181e-02
8.539003899945127318e-02
8.884512145041774389e-02
9.229662019731255107e-02
9.574439870794679286e-02
9.918832059729716655e-02
1.026282496328963373e-01
1.060640497402231680e-01
1.094955850080886611e-01
1.129227196940053440e-01
1.163453182295657168e-01
1.197632452257964969e-01
1.231763654785220929e-01
1.265845439737055822e-01
1.299876458927947953e-01
1.333855366180534407e-01
1.367780817378847491e-01
1.401651470521521337e-01
1.435465985774842523e-01
1.469223025525761839e-01
1.502921254434843312e-01
1.536559339488991760e-01
1.570135950054300511e-01
1.603649757928603259e-01
1.637099437394043955e-01
1.670483665269529294e-01
1.703801120963048810e-01
1.737050486523923909e-01
1.770230446694953386e-01
1.803339688964408494e-01
1.836376903617978340e-01
1.869340783790598981e-01
1.902230025518107381e-01
1.935043327788836254e-01
1.967779392595093158e-01
2.000436924984483333e-01
2.033014633111163705e-01
2.065511228286907863e-01
2.097925425032139413e-01
2.130255941126702190e-01
2.162501497660651861e-01
2.194660819084821302e-01
2.226732633261259975e-01
2.258715671513597256e-01
2.290608668677183990e-01
2.322410363149159940e-01
2.354119496938379130e-01
2.385734815715120916e-01
2.417255068860777734e-01
2.448679009517242267e-01
2.480005394636302651e-01
2.511232985028801767e-01
2.542360545413595574e-01
2.573386844466509782e-01
2.604310654868969843e-01
2.635130753356604294e-01
2.665845920767593857e-01
2.696454942090925622e-01
2.726956606514441828e-01
2.757349707472747102e-01
2.787633042694911412e-01
2.817805414252069207e-01
2.847865628604790977e-01
2.877812496650257179e-01
2.907644833769356119e-01
2.937361459873510938e-01
2.966961199451367270e-01
2.996442881615289933e-01
3.025805340147683653e-01
3.055047413547136159e-01
3.084167945074338668e-01
3.113165782797878700e-01
3.142039779639756447e-01
3.170788793420821206e-01
3.199411686905900831e-01
3.227907327848813512e-01
3.256274589037179146e-01
3.284512348336938725e-01
3.312619488736822659e-01
3.340594898392472700e-01
3.368437470670465617e-01
3.396146104192080961e-01
3.423719702876852344e-01
3.451157175985932746e-01
3.478457438165239446e-01
3.505619409488427984e-01
3.532642015499533050e-01
3.559524187255527217e-01
3.586264861368597123e-01
3.612862980048203165e-01
3.639317491142915473e-01
3.665627348182041167e-01
3.691791510417035127e-01
3.717808942862639299e-01
3.743678616337838827e-01
3.769399507506587255e-01
3.794970598918248061e-01
3.820390879047907973e-01
3.845659342336316677e-01
3.870774989229708307e-01
3.895736826219341475e-01
3.920543865880762313e-01
3.945195126912907635e-01
3.969689634176924997e-01
3.994026418734666906e-01
4.018204517887182248e-01
4.042222975212588776e-01
4.066080840604077151e-01
4.089777170307393739e-01
4.113311026958262895e-01
4.136681479619373492e-01
4.159887603817241652e-01
4.182928481578795932e-01
4.205803201467699370e-01
4.228510858620348478e-01
4.251050554781716784e-01
4.273421398340869204e-01
4.295622504366257144e-01
4.317652994640629460e-01
4.339511997695920109e-01
4.361198648847623982e-01
4.382712090229016755e-01
4.404051470825103842e-01
4.425215946506245168e-01
4.446204680061602299e-01
4.467016841232268054e-01
4.487651606743984223e-01
4.508108160339882597e-01
4.528385692812643137e-01
4.548483402036567202e-01
4.568400492999282747e-01
4.588136177833186946e-01
4.607689675846641797e-01
4.627060213554848311e-01
4.646247024710418727e-01
4.665249350333697809e-01
4.684066438742796601e-01
4.702697545583342520e-01
4.721141933857868622e-01
4.739398873955026348e-01
4.757467643678420788e-01
4.775347528275173947e-01
4.793037820464207677e-01
4.810537820464201308e-01
4.827846836021328358e-01
4.844964182436571898e-01
4.861889182592871173e-01
4.878621166981842450e-01
4.895159473730310018e-01
4.911503448626471924e-01
4.927652445145807025e-01
4.943605824476587363e-01
4.959362955545206786e-01
4.974923215041107127e-01
4.990285987441495652e-01
5.005450665035560132e-01
5.020416647948686695e-01
5.035183344166063169e-01
5.049750169556108670e-01
5.064116547893642295e-01
5.078281910882638250e-01
5.092245698178676783e-01
5.106007357411173064e-01
5.119566344205158659e-01
5.132922122202910886e-01
5.146074163085068154e-01
5.159021946591554331e-01
5.171764960542222234e-01
5.184302700857054136e-01
5.196634671576079167e-01
5.208760384879097538e-01
5.220679361104851868e-01
5.232391128770077504e-01
5.243895224588138726e-01
5.255191193487349643e-01
5.266278588628946489e-01
5.277156971424855625e-01
5.287825911554914216e-01
5.298284986984007627e-01
5.308533783978680587e-01
5.318571897123565151e-01
5.328398929337391232e-01
5.338014491888657398e-01
5.347418204411079623e-01
5.356609694918587072e-01
5.365588599820063642e-01
5.374354563933716467e-01
5.382907240501104695e-01
5.391246291200918472e-01
5.399371386162279407e-01
5.407282203977903379e-01
5.414978431716663820e-01
5.422459764936112814e-01
5.429725907694421538e-01
5.436776572562157517e-01
5.443611480633595567e-01
5.450230361537833357e-01
5.456632953449358503e-01
5.462819003098561277e-01
5.468788265781585611e-01
5.474540505370192323e-01
5.480075494320926222e-01
5.485393013684208841e-01
5.490492853113025928e-01
5.495374810871164195e-01
5.500038693841263759e-01
5.504484317532404303e-01
5.508711506087445864e-01
5.512720092289942198e-01
5.516509917570808774e-01
5.520080832014545580e-01
5.523432694365205675e-01
5.526565372031944090e-01
5.529478741094293603e-01
5.532172686307058607e-01
5.534647101104883671e-01
5.536901887606419104e-01
5.538936956618287777e-01
5.540752227638509053e-01
5.542347628859769504e-01
5.543723097172168490e-01
5.544878578165832739e-01
5.545814026132972474e-01
5.546529404069742153e-01
5.547024683677668211e-01
5.547299845364799253e-01
5.547354878246467669e-01
5.547189780145707072e-01
5.546804557593371099e-01
5.546199225827852519e-01
5.545373808794478165e-01
5.544328339144556361e-01
5.543062858234117929e-01
5.541577416122261956e-01
5.539872071569137413e-01
5.537946892033683843e-01
5.535801953670939080e-01
5.533437341329002779e-01
5.530853148545694653e-01
5.528049477544856316e-01
5.525026439232360032e-01
5.521784153191591216e-01
5.518322747678838791e-01
5.514642359618185941e-01
5.510743134596074455e-01
5.506625226855569322e-01
5.502288799290220300e-01
5.497734023437671480e-01
5.492961079472867825e-01
5.487970156200846494e-01
5.482761451049401602e-01
5.477335170061152780e-01
5.471691527885467199e-01
5.465830747769966358e-01
5.459753061551614328e-01
5.453458709647688307e-01
5.446947941046124120e-01
5.440221013295767349e-01
5.433278192496120429e-01
5.426119753286884340e-01
5.418745978837041788e-01
5.411157160833647284e-01
5.403353599470318569e-01
5.395335603435376104e-01
5.387103489899600639e-01
5.378657584503666600e-01
5.369998221345352318e-01
5.361125742966196261e-01
5.352040500338071105e-01
5.342742852849193813e-01
5.333233168289972514e-01
5.323511822838463692e-01
5.313579201045451894e-01
5.303435695819251894e-01
5.293081708410188879e-01
5.282517648394692289e-01
5.271743933659113202e-01
5.260760990383178681e-01
5.249569253023177451e-01
5.238169164294739222e-01
5.226561175155275407e-01
5.214745744786225545e-01
5.202723340574878508e-01
5.190494438095808460e-01
5.178059521092152062e-01
5.165419081456450456e-01
5.152573619211139322e-01
5.139523642488823540e-01
5.126269667512164396e-01
5.112812218573490330e-01
5.099151828013949173e-01
5.085289036202572666e-01
5.071224391514859153e-01
5.056958450311047626e-01
5.042491776914143076e-01
5.027824943587597684e-01
5.012958530512653388e-01
4.997893125765417444e-01
4.982629325293545519e-01
4.967167732892748266e-01
4.951508960182816055e-01
4.935653626583516584e-01
4.919602359290032867e-01
4.903355793248191374e-01
4.886914571129237772e-01
4.870279343304599329e-01
4.853450767819995071e-01
4.836429510369517071e-01
4.819216244269192706e-01
4.801811650430430900e-01
4.784216417333082005e-01
4.766431240998141861e-01
4.748456824960298195e-01
4.730293880240022397e-01
4.711943125315514180e-01
4.693405286094250450e-01
4.674681095884251625e-01
4.655771295365089824e-01
4.636676632558623945e-01
4.617397862799342834e-01
4.597935748704537473e-01
4.578291060144109581e-01
4.558464574210123188e-01
4.538457075186070888e-01
4.518269354515866421e-01
4.497902210772465881e-01
4.477356449626390122e-01
4.456632883813747004e-01
4.435732333104139835e-01
4.414655624268258305e-01
4.393403591045103029e-01
4.371977074109036354e-01
4.350376921036580580e-01
4.328603986272824833e-01
4.306659131097650417e-01
4.284543223591640859e-01
4.262257138601745488e-01
4.239801757706757601e-01
4.217177969182297481e-01
4.194386667965777082e-01
4.171428755620949502e-01
4.148305140302293026e-01
4.125016736719055443e-01
4.101564466099029693e-01
4.077949256152218482e-01
4.054172041034022067e-01
4.030233761308393281e-01
4.006135363910506286e-01
3.981877802109447528e-01
3.957462035470350470e-01
3.932889029816551418e-01
3.908159757191346784e-01
3.883275195819597125e-01
3.858236330068827158e-01
3.833044150410595541e-01
3.807699653381071414e-01
3.782203841541713629e-01
3.756557723439586383e-01
3.730762313567513311e-01
3.704818632323839123e-01
3.678727705972195117e-01
3.652490566600801736e-01
3.626108252081716721e-01
3.599581806029704678e-01
3.572912277761010613e-01
3.546100722251854243e-01
3.519148200096631762e-01
3.492055777466059885e-01
3.464824526064915200e-01
3.437455523089679166e-01
3.409949851185942737e-01
3.382308598405528999e-01
3.354532858163515874e-01
3.326623729194904122e-01
3.298582315511249252e-01
3.270409726356920399e-01
3.242107076165240409e-01
3.213675484514408875e-01
3.185116076083192582e-01
3.156429980606490493e-01
3.127618332830560677e-01
3.098682272468224475e-01
3.069622944153707067e-01
3.040441497397383119e-01
3.011139086540334797e-01
2.981716870708656097e-01
2.952176013767616181e-01
2.922517684275581784e-01
2.892743055437868582e-01
2.862853305060261144e-01
2.832849615502440188e-01
2.802733173631265506e-01
2.772505170773717498e-01
2.742166802669886994e-01
2.711719269425590384e-01
2.681163775464944776e-01
2.650501529482716667e-01
2.619733744396474107e-01
2.588861637298653928e-01
2.557886429408396944e-01
2.526809346023231040e-01
2.495631616470613545e-01
2.464354474059289590e-01
2.432979156030533052e-01
2.401506903509181556e-01
2.369938961454527704e-01
2.338276578611111212e-01
2.306521007459303163e-01
2.274673504165727056e-01
2.242735328533622952e-01
2.210707743953000681e-01
2.178592017350617915e-01
2.146389419139928811e-01
2.114101223170799515e-01
2.081728706679085439e-01
2.049273150236169960e-01
2.016735837698272471e-01
1.984118056155670107e-01
1.951421095881755163e-01
1.918646250282058097e-01
1.885794815843018779e-01
1.852868092080758866e-01
1.819867381489627678e-01
1.786793989490691459e-01
1.753649224380104121e-01
1.720434397277384453e-01
1.687150822073469059e-01
1.653799815378825255e-01
1.620382696471317219e-01
1.586900787244033550e-01
1.553355412152994108e-01
1.519747898164777178e-01
1.486079574703994821e-01
1.452351773600719931e-01
1.418565829037827797e-01
1.384723077498169752e-01
1.350824857711738214e-01
1.316872510602712376e-01
1.282867379236394823e-01
1.248810808766103453e-01
1.214704146379938648e-01
1.180548741247516853e-01
1.146345944466595212e-01
1.112097109009587970e-01
1.077803589670112278e-01
1.043466743009343334e-01
1.009087927302383531e-01
9.746685024845047618e-02
9.402098300973846245e-02
9.057132732352134175e-02
8.711801964908059970e-02
8.366119659015998355e-02
8.020099488956321243e-02
7.673755142374308336e-02
7.327100319738844014e-02
6.980148733800663197e-02
6.632914109049245499e-02
6.285410181170653088e-02
5.937650696503712910e-02
5.589649411496597914e-02
5.241420092162275834e-02
4.892976513534121052e-02
4.544332459121205869e-02
4.195501720362816017e-02
3.846498096082993229e-02
3.497335391944671884e-02
3.148027419903545732e-02
2.798587997661721588e-02
2.449030948121052459e-02
2.099370098836749604e-02
1.749619281469610640e-02
1.399792331239696312e-02
1.049903086378354417e-02
6.999653875814779852e-03
3.499930774614978986e-03
-2.012013307415695348e-16
