2.121429947129743068e-17
5.909090909091397302e-04
1.181806494415610972e-03
1.772668836176579613e-03
2.363472743236291664e-03
2.954194844950150476e-03
3.544811773909800970e-03
4.135300166867275813e-03
4.725636665659101697e-03
5.315797918130196580e-03
5.905760579057978132e-03
6.495501311075367601e-03
7.084996785594717406e-03
7.674223683729466255e-03
8.263158697217659956e-03
8.851778529343351520e-03
9.440059895858306585e-03
1.002797952590336363e-02
1.061551416292845842e-02
1.120264056561283764e-02
1.178933550878454722e-02
1.237557578433883844e-02
1.296133820215666400e-02
1.354659959102163906e-02
1.413133679953671069e-02
1.471552669704001559e-02
1.529914617452010975e-02
1.588217214552958487e-02
1.646458154709874722e-02
1.704635134064757390e-02
1.762745851289741067e-02
1.820788007678117090e-02
1.878759307235251114e-02
1.936657456769432656e-02
1.994480165982561240e-02
2.052225147560754123e-02
2.109890117264832596e-02
2.167472794020698298e-02
2.224970900009507271e-02
2.282382160757823533e-02
2.339704305227614106e-02
2.396935065906007425e-02
2.454072178895042033e-02
2.511113384001221679e-02
2.568056424824925049e-02
2.624899048849628144e-02
2.681639007531034721e-02
2.738274056386037075e-02
2.794801955081445063e-02
2.851220467522700558e-02
2.907527361942223096e-02
2.963720410987792653e-02
3.019797391810579573e-02
3.075756086153107888e-02
3.131594280437029892e-02
3.187309765850639826e-02
3.242900338436267155e-02
3.298363799177504024e-02
3.353697954086082983e-02
3.408900614288788017e-02
3.463969596113981864e-02
3.518902721177964016e-02
3.573697816471191335e-02
3.628352714444208621e-02
3.682865253093402930e-02
3.737233276046506014e-02
3.791454632647918432e-02
3.845527178043784550e-02
3.899448773266808027e-02
3.953217285320898694e-02
4.006830587265527294e-02
4.060286558299863735e-02
4.113583083846673871e-02
4.166718055635969947e-02
4.219689371788410553e-02
4.272494936898425799e-02
4.325132662117144033e-02
4.377600465234959826e-02
4.429896270763967331e-02
4.482018010020018955e-02
4.533963621204581407e-02
4.585731049486280880e-02
4.637318247082169304e-02
4.688723173338772005e-02
4.739943794812775946e-02
4.790978085351486893e-02
4.841824026172964618e-02
4.892479605945888183e-02
4.942942820869139497e-02
4.993211674750986512e-02
5.043284179088176888e-02
5.093158353144489753e-02
5.142832224029150051e-02
5.192303826774804371e-02
5.241571204415348267e-02
5.290632408063244974e-02
5.339485496986676183e-02
5.388128538686288993e-02
5.436559608971631985e-02
5.484776792037311666e-02
5.532778180538729801e-02
5.580561875667539029e-02
5.628125987226789001e-02
5.675468633705682553e-02
5.722587942353982160e-02
5.769482049256100670e-02
5.816149099404854111e-02
5.862587246774798866e-02
5.908794654395316953e-02
5.954769494423226006e-02
6.000509948215095729e-02
6.046014206399229207e-02
6.091280468947173066e-02
6.136306945244957706e-02
6.181091854163945493e-02
6.225633424131239019e-02
6.269929893199811810e-02
6.313979509118174127e-02
6.357780529399688352e-02
6.401331221391529103e-02
6.444629862343159710e-02
6.487674739474548480e-02
6.530464150043875649e-02
6.572996401414915590e-02
6.615269811123969390e-02
6.657282706946461570e-02
6.699033426963003912e-02
6.740520319625260826e-02
6.781741743821143031e-02
6.822696068939845815e-02
6.863381674936250287e-02
6.903796952395127584e-02
6.943940302594661662e-02
6.983810137569804177e-02
7.023404880175029841e-02
7.062722964146748994e-02
7.101762834165251115e-02
7.140522945916244479e-02
7.179001766151947572e-02
7.217197772751676732e-02
7.255109454782186773e-02
7.292735312557306615e-02
7.330073857697329276e-02
7.367123613187898101e-02
7.403883113438400332e-02
7.440350904339936011e-02
7.476525543322889988e-02
7.512405599413947421e-02
7.547989653292720702e-02
7.583276297347893435e-02
7.618264135732870368e-02
7.652951784421044290e-02
7.687337871260548072e-02
7.721421036028440488e-02
7.755199930484611703e-02
7.788673218425119782e-02
7.821839575734949868e-02
7.854697690440459734e-02
7.887246262761327120e-02
7.919484005161853135e-02
7.951409642401985334e-02
7.983021911587701025e-02
8.014319562221011717e-02
8.045301356249384694e-02
8.075966068114778795e-02
8.106312484802064011e-02
8.136339405887041409e-02
8.166045643583873248e-02
8.195430022792152269e-02
8.224491381143363145e-02
8.253228569046779095e-02
8.281640449735039322e-02
8.309725899309097774e-02
8.337483806782654272e-02
8.364913074126051340e-02
8.392012616309840745e-02
8.418781361347608960e-02
8.445218250338396015e-02
8.471322237508573105e-02
8.497092290253292768e-02
8.522527389177239621e-02
8.547626528134912027e-02
8.572388714270633148e-02
8.596812968057615523e-02
8.620898323336785574e-02
8.644643827355011356e-02
8.668048540802779367e-02
8.691111537851350932e-02
8.713831906189402343e-02
8.736208747059051594e-02
8.758241175291528458e-02
8.779928319342063248e-02
8.801269321324413364e-02
8.822263337044879139e-02
8.842909536035505058e-02
8.863207101587142200e-02
8.883155230781628053e-02
8.902753134523598566e-02
8.922000037571628517e-02
8.940895178569031876e-02
8.959437810073822561e-02
8.977627198588436497e-02
8.995462624588630718e-02
9.012943382551971694e-02
9.030068780985836541e-02
9.046838142454557974e-02
9.063250803606452688e-02
9.079306115199950455e-02
9.095003442129190319e-02
9.110342163449430819e-02
9.125321672401237594e-02
9.139941376434773668e-02
9.154200697233066952e-02
9.168099070735048761e-02
9.181635947157659738e-02
9.194810791017836438e-02
9.207623081153451516e-02
9.220072310744112376e-02
9.232157987331104931e-02
9.243879632836987659e-02
9.255236783584358529e-02
9.266228990314284708e-02
9.276855818204032822e-02
9.287116846884331534e-02
9.297011670455992971e-02
9.306539897505838876e-02
9.315701151122370016e-02
9.324495068910509943e-02
9.332921303006111446e-02
9.340979520089573440e-02
9.348669401399062329e-02
9.355990642743151897e-02
9.362942954512858129e-02
9.369526061693045360e-02
9.375739703873359199e-02
9.381583635258518294e-02
9.387057624678001033e-02
9.392161455595213204e-02
9.396894926116107494e-02
9.401257848997011946e-02
9.405250051652241927e-02
9.408871376160762856e-02
9.412121679272554553e-02
9.415000832414188725e-02
9.417508721693974849e-02
9.419645247906378860e-02
9.421410326536112934e-02
9.422803887761324604e-02
9.423825876456344564e-02
9.424476252194055603e-02
9.424754989247281778e-02
9.424662076589943038e-02
9.424197517897361931e-02
9.423361331546301067e-02
9.422153550614108253e-02
9.420574222877366177e-02
9.418623410810154917e-02
9.416301191581413765e-02
9.413607657052026900e-02
9.410542913771141604e-02
9.407107082971875867e-02
9.403300300566672099e-02
9.399122717141800143e-02
9.394574497951409253e-02
9.389655822911059657e-02
9.384366886590622681e-02
9.378707898206371796e-02
9.372679081613054242e-02
9.366280675294694213e-02
9.359512932355407155e-02
9.352376120509260649e-02
9.344870522069677332e-02
9.336996433938327122e-02
9.328754167593404645e-02
9.320144049077232207e-02
9.311166418983365944e-02
9.301821632443139920e-02
9.292110059111753639e-02
9.282032083153395063e-02
9.271588103226205413e-02
9.260778532466466817e-02
9.249603798472294525e-02
9.238064343286755964e-02
9.226160623380183501e-02
9.213893109632377565e-02
9.201262287313848043e-02
9.188268656066575502e-02
9.174912729884407425e-02
9.161195037092444149e-02
9.147116120326526101e-02
9.132676536511478982e-02
9.117876856839081390e-02
9.102717666745677172e-02
9.087199565888846864e-02
9.071323168123704428e-02
9.055089101478712432e-02
9.038498008130700645e-02
9.021550544379605685e-02
9.004247380622365515e-02
8.986589201326472542e-02
8.968576705002995197e-02
8.950210604178755747e-02
8.931491625368247200e-02
8.912420509044907679e-02
8.892998009611818855e-02
8.873224895371829846e-02
8.853101948497180129e-02
8.832629964998583993e-02
8.811809754693714081e-02
8.790642141175160351e-02
8.769127961777967162e-02
8.747268067546187797e-02
8.725063323199730436e-02
8.702514607099647026e-02
8.679622811213667799e-02
8.656388841080887853e-02
8.632813615775868088e-02
8.608898067872394755e-02
8.584643143406404941e-02
8.560049801838803818e-02
8.535119016017256310e-02
8.509851772137941306e-02
8.484249069706398250e-02
8.458311921497989327e-02
8.432041353517866211e-02
8.405438404960452470e-02
8.378504128168219600e-02
8.351239588590145257e-02
8.323645864739465106e-02
8.295724048151183194e-02
8.267475243338602564e-02
8.238900567750061243e-02
8.210001151724302670e-02
8.180778138446052894e-02
8.151232683900591636e-02
8.121365956828202615e-02
8.091179138677853655e-02
8.060673423560436868e-02
8.029850018201598050e-02
7.998710141893951298e-02
7.967255026448880062e-02
7.935485916147767826e-02
7.903404067692915147e-02
7.871010750157531044e-02
7.838307244935871498e-02
7.805294845692389849e-02
7.771974858310463918e-02
7.738348600840963543e-02
7.704417403449909107e-02
7.670182608366027388e-02
7.635645569827516355e-02
7.600807654028483851e-02
7.565670239065055980e-02
7.530234714880661151e-02
7.494502483211200328e-02
7.458474957529510896e-02
7.422153562989497466e-02
7.385539736369745034e-02
7.348634926016638091e-02
7.311440591787164711e-02
7.273958204991089194e-02
7.236189248332777768e-02
7.198135215852538571e-02
7.159797612867538352e-02
7.121177955912252888e-02
7.082277772678445549e-02
7.043098601954787819e-02
7.003641993565888624e-02
6.963909508311186269e-02
6.923902717902978565e-02
6.883623204904347481e-02
6.843072562666654979e-02
6.802252395266340790e-02
6.761164317441550886e-02
6.719809954528289941e-02
6.678190942396079743e-02
6.636308927383302581e-02
6.594165566231978415e-02
6.551762526022365807e-02
6.509101484106860624e-02
6.466184128043796220e-02
6.423012155530608003e-02
6.379587274336619152e-02
6.335911202235627870e-02
6.291985666937846555e-02
6.247812406021630016e-02
6.203393166864679120e-02
6.158729706574909979e-02
6.113823791921008804e-02
6.068677199262587779e-02
6.023291714479728221e-02
5.977669132902541094e-02
5.931811259240022532e-02
5.885719907508713683e-02
5.839396900960908826e-02
5.792844072012577616e-02
5.746063262170903602e-02
5.699056321961305793e-02
5.651825110854366563e-02
5.604371497192231488e-02
5.556697358114717766e-02
5.508804579485014619e-02
5.460695055815160959e-02
5.412370690190987377e-02
5.363833394196986654e-02
5.315085087840568101e-02
5.266127699476159246e-02
5.216963165728941143e-02
5.167593431418168043e-02
5.118020449480344819e-02
5.068246180891908953e-02
5.018272594591645375e-02
4.968101667402802929e-02
4.917735383954966594e-02
4.867175736605473119e-02
4.816424725360647641e-02
4.765484357796592046e-02
4.714356648979931702e-02
4.663043621388020948e-02
4.611547304828826632e-02
4.559869736360881720e-02
4.508012960212437470e-02
4.455979027700876505e-02
4.403769997151237708e-02
4.351387933815150516e-02
4.298834909788874087e-02
4.246113003931412111e-02
4.193224301782337571e-02
4.140170895479210883e-02
4.086954883674879385e-02
4.033578371454413919e-02
3.980043470251828919e-02
3.926352297766658173e-02
3.872506977880092044e-02
3.818509640570951630e-02
3.764362421831498468e-02
3.710067463582913949e-02
3.655626913590526161e-02
3.601042925378925702e-02
3.546317658146735941e-02
3.491453276681185519e-02
3.436451951272484484e-02
3.381315857628074822e-02
3.326047176786332826e-02
3.270648095030569136e-02
3.215120803802305749e-02
3.159467499614755648e-02
3.103690383965865968e-02
3.047791663251215449e-02
2.991773548676760625e-02
2.935638256171380772e-02
2.879388006299212280e-02
2.823025024171776226e-02
2.766551539359986267e-02
2.709969785805965703e-02
2.653282001734646317e-02
2.596490429565301641e-02
2.539597315822724952e-02
2.482604911048417670e-02
2.425515469711655298e-02
2.368331250120123826e-02
2.311054514330755996e-02
2.253687528060170642e-02
2.196232560595030511e-02
2.138691884702313348e-02
2.081067776539426151e-02
2.023362515564089067e-02
1.965578384444245652e-02
1.907717668967729568e-02
1.849782657951810211e-02
1.791775643152791059e-02
1.733698919175146597e-02
1.675554783380916665e-02
1.617345535798756992e-02
1.559073479033013833e-02
1.500740918172535805e-02
1.442350160699612180e-02
1.383903516398597884e-02
1.325403297264566085e-02
1.266851817411951582e-02
1.208251392982849504e-02
1.149604342055494943e-02
1.090912984552574495e-02
1.032179642149359464e-02
9.734066381820069905e-03
9.145962975555468541e-03
8.557509466519182262e-03
7.968729132380452870e-03
7.379645263736314686e-03
6.790281163190736539e-03
6.200660144433756821e-03
5.610805531317265317e-03
5.020740656934253622e-03
4.430488862695149480e-03
3.840073497404032730e-03
3.249517916335630582e-03
2.658845480311154089e-03
2.068079554774318075e-03
1.477243508867394448e-03
8.863607145056469133e-04
2.954545454546326946e-04
-2.954516235967342692e-04
-8.863344179582244688e-04
-1.477170463865355070e-03
-2.067936389402206913e-03
-2.658608825426531184e-03
-3.249164406494990578e-03
-3.839579771786077404e-03
-4.429831566025271318e-03
-5.019896440408311636e-03
-5.609751053524627933e-03
-6.199372072281895615e-03
-6.788736172827293351e-03
-7.377820041471395106e-03
-7.966600375610243326e-03
-8.555053884646347459e-03
-9.143157290911040763e-03
-9.730887330584589781e-03
-1.031822075461666377e-02
-1.090513432964606080e-02
-1.149160483891946763e-02
-1.207760908321043290e-02
-1.266312388173673406e-02
-1.324812607307685429e-02
-1.383259251608705449e-02
-1.441650009081638616e-02
-1.499982569942109531e-02
-1.558254626707861711e-02
-1.616463874290022598e-02
-1.674608010084246978e-02
-1.732684734061877216e-02
-1.790691748860921695e-02
-1.848626759876817807e-02
-1.906487475353332850e-02
-1.964271606473185286e-02
-2.021976867448517165e-02
-2.079600975611404362e-02
-2.137141651504130199e-02
-2.194596618969270330e-02
-2.251963605239861582e-02
-2.309240341029220045e-02
-2.366424560620743189e-02
-2.423514001957522909e-02
-2.480506406731823252e-02
-2.537399520474398901e-02
-2.594191092643750862e-02
-2.650878876715051860e-02
-2.707460630269071383e-02
-2.763934115080868628e-02
-2.820297097208296008e-02
-2.876547347080475256e-02
-2.932682639585837067e-02
-2.988700754160300566e-02
-3.044599474874963921e-02
-3.100376590523847703e-02
-3.156029894711408906e-02
-3.211557185939657721e-02
-3.266956267695450555e-02
-3.322224948537168265e-02
-3.377361042181585560e-02
-3.432362367590273411e-02
-3.487226749055833547e-02
-3.541952016288029553e-02
-3.596536004499638339e-02
-3.650976554492014331e-02
-3.705271512740605788e-02
-3.759418731480052012e-02
-3.813416068789188956e-02
-3.867261388675766187e-02
-3.920952561160920280e-02
-3.974487462363496953e-02
-4.027863974583973522e-02
-4.081079986388317510e-02
-4.134133392691444198e-02
-4.187022094840503472e-02
-4.239744000697975856e-02
-4.292297024724253673e-02
-4.344679088060339478e-02
-4.396888118609959539e-02
-4.448922051121543403e-02
-4.500778827269968224e-02
-4.552456395737936728e-02
-4.603952712297118555e-02
-4.655265739889054982e-02
-4.706393448705695898e-02
-4.757333816269736920e-02
-4.808084827514585297e-02
-4.858644474864078772e-02
-4.909010758311899147e-02
-4.959181685500736042e-02
-5.009155271801009335e-02
-5.058929540389449364e-02
-5.108502522327266343e-02
-5.157872256638028341e-02
-5.207036790385253383e-02
-5.255994178749669871e-02
-5.304742485106087729e-02
-5.353279781100089146e-02
-5.401604146724260647e-02
-5.449713670394125409e-02
-5.497606449023813985e-02
-5.545280588101333952e-02
-5.592734201763471108e-02
-5.639965412870404787e-02
-5.686972353080004677e-02
-5.733753162921696733e-02
-5.780305991870010596e-02
-5.826628998417802963e-02
-5.872720350149104873e-02
-5.918578223811634537e-02
-5.964200805388825133e-02
-6.009586290171672202e-02
-6.054732882830109880e-02
-6.099638797483981911e-02
-6.144302257773745501e-02
-6.188721496930727622e-02
-6.232894757846948325e-02
-6.276820293144723395e-02
-6.320496365245698023e-02
-6.363921246439689650e-02
-6.407093218952900071e-02
-6.450010575015963088e-02
-6.492671616931453005e-02
-6.535074657141071164e-02
-6.577218018292392554e-02
-6.619100033305176656e-02
-6.660719045437377139e-02
-6.702073408350643635e-02
-6.743161486175444641e-02
-6.783981653575756054e-02
-6.824532295813458271e-02
-6.864811808812061600e-02
-6.904818599220284570e-02
-6.944551084474988312e-02
-6.984007692863865302e-02
-7.023186863587535522e-02
-7.062087046821359515e-02
-7.100706703776640816e-02
-7.139044306761624381e-02
-7.177098339241859415e-02
-7.214867295900180555e-02
-7.252349682696257460e-02
-7.289544016925726677e-02
-7.326448827278815579e-02
-7.363062653898594379e-02
-7.399384048438616135e-02
-7.435411574120312506e-02
-7.471143805789756676e-02
-7.506579329974141790e-02
-7.541716744937584926e-02
-7.576554660736591063e-02
-7.611091699275128464e-02
-7.645326494359026837e-02
-7.679257691750049353e-02
-7.712883949219556667e-02
-7.746203936601485374e-02
-7.779216335844985064e-02
-7.811919841066637671e-02
-7.844313158601991243e-02
-7.876395007056892494e-02
-7.908164117357974199e-02
-7.939619232803053761e-02
-7.970759109110693574e-02
-8.001582514469533780e-02
-8.032088229586967221e-02
-8.062275047737303690e-02
-8.092141774809698263e-02
-8.121687229355147031e-02
-8.150910242633416236e-02
-8.179809658659158156e-02
-8.208384334247705028e-02
-8.236633139060234310e-02
-8.264554955648549528e-02
-8.292148679499240782e-02
-8.319413219077326227e-02
-8.346347495869557709e-02
-8.372950444426970062e-02
-8.399221012407076525e-02
-8.425158160615488223e-02
-8.450760863047063198e-02
-8.476028106926367101e-02
-8.500958892747885465e-02
-8.525552234315487976e-02
-8.549807158781469463e-02
-8.573722706684955286e-02
-8.597297931989958397e-02
-8.620531902122738344e-02
-8.643423698008735612e-02
-8.665972414108813471e-02
-8.688177158455291649e-02
-8.710037052687027992e-02
-8.731551232084272529e-02
-8.752718845602806830e-02
-8.773539055907673967e-02
-8.794011039406286756e-02
-8.814133986280937860e-02
-8.833907100520918543e-02
-8.853329599954014306e-02
-8.872400716277338562e-02
-8.891119695087849883e-02
-8.909485795912076844e-02
-8.927498292235595823e-02
-8.945156471531434672e-02
-8.962459635288690107e-02
-8.979407099039814211e-02
-8.995998192387803793e-02
-9.012232259032793014e-02
-9.028108656797914633e-02
-9.043626757654758819e-02
-9.058785947748146383e-02
-9.073585627420541200e-02
-9.088025211235621625e-02
-9.102104128001521632e-02
-9.115821820793479358e-02
-9.129177746975665475e-02
-9.142171378222954670e-02
-9.154802200541492518e-02
-9.167069714289290128e-02
-9.178973434195845937e-02
-9.190512889381428907e-02
-9.201687623375573444e-02
-9.212497194135295386e-02
-9.222941174062498915e-02
-9.233019150020881083e-02
-9.242730723352261812e-02
-9.252075509892458693e-02
-9.261053139986323568e-02
-9.269663258502511272e-02
-9.277905524847414320e-02
-9.285779612978747877e-02
-9.293285211418361724e-02
-9.300422023264502680e-02
-9.307189766203785575e-02
-9.313588172522162256e-02
-9.319616989115482586e-02
-9.325275977499714042e-02
-9.330564913820163508e-02
-9.335483588860492288e-02
-9.340031808050865136e-02
-9.344209391475791215e-02
-9.348016173880975554e-02
-9.351452004680253782e-02
-9.354516747961132139e-02
-9.357210282490503739e-02
-9.359532501719233788e-02
-9.361483313786457539e-02
-9.363062641523201002e-02
-9.364270422455410470e-02
-9.365106608806458843e-02
-9.365571167499021910e-02
-9.365664080156393956e-02
-9.365385343103127536e-02
-9.364734967365438700e-02
-9.363712978670403475e-02
-9.362319417445204295e-02
-9.360554338815495201e-02
-9.358417812603034291e-02
-9.355909923323267596e-02
-9.353030770181659792e-02
-9.349780467069861156e-02
-9.346159142561355493e-02
-9.342166939906115797e-02
-9.337804017025196079e-02
-9.333070546504321219e-02
-9.327966715587103497e-02
-9.322492726167629085e-02
-9.316648794782447784e-02
-9.310435152602140885e-02
-9.303852045421960593e-02
-9.296899733652230768e-02
-9.289578492308148139e-02
-9.281888610998656475e-02
-9.273830393915219461e-02
-9.265404159819630447e-02
-9.256610242031451663e-02
-9.247448988414930238e-02
-9.237920761365067679e-02
-9.228025937793438160e-02
-9.217764909113111693e-02
-9.207138081223360804e-02
-9.196145874493454053e-02
-9.184788723746098449e-02
-9.173067078240221273e-02
-9.160981401653202350e-02
-9.148532172062523449e-02
-9.135719881926919472e-02
-9.122545038066760814e-02
-9.109008161644144286e-02
-9.095109788142159701e-02
-9.080850467343873356e-02
-9.066230763310328955e-02
-9.051251254358520792e-02
-9.035912533038303884e-02
-9.020215206109033490e-02
-9.004159894515563478e-02
-8.987747233363634070e-02
-8.970977871894904310e-02
-8.953852473461089423e-02
-8.936371715497726242e-02
-8.918536289497525082e-02
-8.900346900982906984e-02
-8.881804269478085767e-02
-8.862909128480692122e-02
-8.843662225432670498e-02
-8.824064321690727741e-02
-8.804116192496244664e-02
-8.783818626944593644e-02
-8.763172427953962174e-02
-8.742178412233486684e-02
-8.720837410251137956e-02
-8.699150266200614268e-02
-8.677117837968156833e-02
-8.654740997098485378e-02
-8.632020628760428416e-02
-8.608957631711861014e-02
-8.585552918264091615e-02
-8.561807414245857506e-02
-8.537722058966698557e-02
-8.513297805179721733e-02
-8.488535619044013103e-02
-8.463436480086339309e-02
-8.438001381162381354e-02
-8.412231328417663079e-02
-8.386127341247491540e-02
-8.359690452256697546e-02
-8.332921707218926555e-02
-8.305822165035142701e-02
-8.278392897691747021e-02
-8.250634990218187748e-02
-8.222549540644129296e-02
-8.194137659955845476e-02
-8.165400472052422587e-02
-8.136339113701236692e-02
-8.106954734492938242e-02
-8.077248496796118893e-02
-8.047221575711142882e-02
-8.016875159023856279e-02
-7.986210447158467729e-02
-7.955228653130098915e-02
-7.923931002496782672e-02
-7.892318733311048939e-02
-7.860393096070941721e-02
-7.828155353670400440e-02
-7.795606781349555259e-02
-7.762748666644038453e-02
-7.729582309334202816e-02
-7.696109021393716942e-02
-7.662330126937526298e-02
-7.628246962169642209e-02
-7.593860875330148141e-02
-7.559173226641964505e-02
-7.524185388256986184e-02
-7.488898744201796798e-02
-7.453314690323036007e-02
-7.417434634231973023e-02
-7.381259995249012107e-02
-7.344792204347479203e-02
-7.308032704096979748e-02
-7.270982948606424801e-02
-7.233644403466388262e-02
-7.196018545691248991e-02
-7.158106863660780583e-02
-7.119910857061023668e-02
-7.081432036825338616e-02
-7.042671925074353578e-02
-7.003632055055840355e-02
-6.964313971084118426e-02
-6.924719228478892763e-02
-6.884849393503766901e-02
-6.844706043304217558e-02
-6.804290765845356914e-02
-6.763605159848916359e-02
-6.722650834730219127e-02
-6.681429410534353575e-02
-6.639942517872095273e-02
-6.598191797855545992e-02
-6.556178902033059364e-02
-6.513905492324005564e-02
-6.471373240952969785e-02
-6.428583830383624576e-02
-6.385538953252249683e-02
-6.342240312300617688e-02
-6.298689620308786652e-02
-6.254888600027257162e-02
-6.210838984108884436e-02
-6.166542515040322053e-02
-6.122000945073030609e-02
-6.077216036154055312e-02
-6.032189559856268590e-02
-5.986923297308320568e-02
-5.941419039124187090e-02
-5.895678585332319449e-02
-5.849703745304406233e-02
-5.803496337683887452e-02
-5.757058190313926738e-02
-5.710391140165193419e-02
-5.663497033263081154e-02
-5.616377724614779465e-02
-5.569035078135890771e-02
-5.521470966576629003e-02
-5.473687271447810754e-02
-5.425685882946396782e-02
-5.377468699880726122e-02
-5.329037629595378273e-02
-5.280394587895759911e-02
-5.231541498972335641e-02
-5.182480295324436159e-02
-5.133212917683905446e-02
-5.083741314938223371e-02
-5.034067444053579726e-02
-4.984193269997269637e-02
-4.934120765660083424e-02
-4.883851911778232940e-02
-4.833388696854990646e-02
-4.782733117082047652e-02
-4.731887176260581723e-02
-4.680852885721864531e-02
-4.629632264247873774e-02
-4.578227337991271073e-02
-4.526640140395368078e-02
-4.474872712113678319e-02
-4.422927100929122113e-02
-4.370805361673056610e-02
-4.318509556144051881e-02
-4.266041753026231231e-02
-4.213404027807515079e-02
-4.160598462697497057e-02
-4.107627146545065472e-02
-4.054492174755758294e-02
-4.001195649208944688e-02
-3.947739678174615185e-02
-3.894126376229990749e-02
-3.840357864175902858e-02
-3.786436268952864809e-02
-3.732363723557000079e-02
-3.678142366955583498e-02
-3.623774344002487352e-02
-3.569261805353284717e-02
-3.514606907380275758e-02
-3.459811812087042193e-02
-3.404878687023068368e-02
-3.349809705197873133e-02
-3.294607044995181977e-02
-3.239272890086583589e-02
-3.183809429345373782e-02
-3.128218856759735350e-02
-3.072503371346118478e-02
-3.016665177062194739e-02
-2.960706482719654975e-02
-2.904629501896884014e-02
-2.848436452851324518e-02
-2.792129558431796083e-02
-2.735711045990547527e-02
-2.679183147295107620e-02
-2.622548098440114286e-02
-2.565808139758709791e-02
-2.508965515734018839e-02
-2.452022474910306449e-02
-2.394981269804124721e-02
-2.337844156815091848e-02
-2.280613396136698875e-02
-2.223291251666922180e-02
-2.165879990918576428e-02
-2.108381884929778557e-02
-2.050799208173913549e-02
-1.993134238469826749e-02
-1.935389256891643234e-02
-1.877566547678520548e-02
-1.819668398144335883e-02
-1.761697098587207064e-02
-1.703654942198813346e-02
-1.645544224973834527e-02
-1.587367245618957409e-02
-1.529126305462052277e-02
-1.470823708361089152e-02
-1.412461760613087369e-02
-1.354042770862752543e-02
-1.295569050011243471e-02
-1.237042911124747874e-02
-1.178466669342970695e-02
-1.119842641787542961e-02
-1.061173147470379288e-02
-1.002460507201932173e-02
-9.437070434994296320e-03
-8.849150804949230606e-03
-8.260869438434239112e-03
-7.672249606308599590e-03
-7.083314592820416297e-03
-6.494087694685535608e-03
-5.904592220166328918e-03
-5.314851488148855316e-03
-4.724888827221001772e-03
-4.134727574749919032e-03
-3.544391075958153864e-03
-2.953902683000705041e-03
-2.363285754040973883e-03
-1.772563652327122227e-03
-1.181759745267483902e-03
-5.908974035064854446e-04
2.214178371652251519e-17
