-8.090063475048592574e-16
-1.249999999999915415e-02
-2.499975276648270725e-02
-3.749876384219651831e-02
-4.999653879922977273e-02
-6.249258325856010821e-02
-7.498640290963091981e-02
-8.747750352988487021e-02
-9.996539100432724756e-02
-1.124495713450618245e-01
-1.249295507108412334e-01
-1.374048354265957894e-01
-1.498749320029653387e-01
-1.623393471558160495e-01
-1.747975878257584381e-01
-1.872491611976488946e-01
-1.996935747200800915e-01
-2.121303361248779995e-01
-2.245589534465645409e-01
-2.369789350418088358e-01
-2.493897896089021238e-01
-2.617910262071663774e-01
-2.741821542763901443e-01
-2.865626836562260027e-01
-2.989321246055837711e-01
-3.112899878220018457e-01
-3.236357844610028844e-01
-3.359690261554341140e-01
-3.482892250347801033e-01
-3.605958937444664336e-01
-3.728885454651381659e-01
-3.851666939319093874e-01
-3.974298534536111482e-01
-4.096775389319955996e-01
-4.219092658809254770e-01
-4.341245504455429338e-01
-4.463229094214086756e-01
-4.585038602736077329e-01
-4.706669211558565658e-01
-4.828116109295413350e-01
-4.949374491827643885e-01
-5.070439562493466168e-01
-5.191306532277950581e-01
-5.311970620002600674e-01
-5.432427052514268162e-01
-5.552671064874210582e-01
-5.672697900546413985e-01
-5.792502811585849010e-01
-5.912081058826149649e-01
-6.031427912067250929e-01
-6.150538650262391549e-01
-6.269408561704949978e-01
-6.388032944214684372e-01
-6.506407105323889217e-01
-6.624526362462962448e-01
-6.742386043145582875e-01
-6.859981485153662240e-01
-6.977308036721632245e-01
-7.094361056720556169e-01
-7.211135914841683148e-01
-7.327627991779560590e-01
-7.443832679414906783e-01
-7.559745380996751862e-01
-7.675361511324295671e-01
-7.790676496928350403e-01
-7.905685776252215913e-01
-8.020384799832146472e-01
-8.134769030477257967e-01
-8.248833943449024320e-01
-8.362575026640372000e-01
-8.475987780754000722e-01
-8.589067719480480978e-01
-8.701810369675654355e-01
-8.814211271537638615e-01
-8.926265978783167743e-01
-9.037970058823600050e-01
-9.149319092940103593e-01
-9.260308676458561816e-01
-9.370934418923779763e-01
-9.481191944273125172e-01
-9.591076891009701066e-01
-9.700584912374824453e-01
-9.809711676519974333e-01
-9.918452866678165725e-01
-1.002680418133471862e+00
-1.013476133439737747e+00
-1.024232005536588996e+00
-1.034947608950093967e+00
-1.045622519799240591e+00
-1.056256315812708957e+00
-1.066848576345576394e+00
-1.077398882395951274e+00
-1.087906816621549311e+00
-1.098371963356208347e+00
-1.108793908626321878e+00
-1.119172240167224164e+00
-1.129506547439488084e+00
-1.139796421645177249e+00
-1.150041455743999741e+00
-1.160241244469432109e+00
-1.170395384344729006e+00
-1.180503473698901296e+00
-1.190565112682591353e+00
-1.200579903283896410e+00
-1.210547449344111959e+00
-1.220467356573404993e+00
-1.230339232566409535e+00
-1.240162686817746884e+00
-1.249937330737469710e+00
-1.259662777666450850e+00
-1.269338642891656210e+00
-1.278964543661376796e+00
-1.288540099200362832e+00
-1.298064930724896593e+00
-1.307538661457757767e+00
-1.316960916643146184e+00
-1.326331323561499076e+00
-1.335649511544232171e+00
-1.344915111988397305e+00
-1.354127758371285628e+00
-1.363287086264896475e+00
-1.372392733350386029e+00
-1.381444339432357005e+00
-1.390441546453154764e+00
-1.399383998506994686e+00
-1.408271341854059555e+00
-1.417103224934481487e+00
-1.425879298382266791e+00
-1.434599215039087383e+00
-1.443262629968041999e+00
-1.451869200467284404e+00
-1.460418586083583214e+00
-1.468910448625791565e+00
-1.477344452178228407e+00
-1.485720263113947448e+00
-1.494037550107965018e+00
-1.502295984150340935e+00
-1.510495238559204978e+00
-1.518634988993676105e+00
-1.526714913466700407e+00
-1.534734692357767605e+00
-1.542694008425583796e+00
-1.550592546820587447e+00
-1.558429995097443399e+00
-1.566206043227351907e+00
-1.573920383610371898e+00
-1.581572711087534611e+00
-1.589162722952951690e+00
-1.596690118965767846e+00
-1.604154601362056010e+00
-1.611555874866570370e+00
-1.618893646704450573e+00
-1.626167626612807782e+00
-1.633377526852172190e+00
-1.640523062217898120e+00
-1.647603950051466093e+00
-1.654619910251621251e+00
-1.661570665285477810e+00
-1.668455940199511378e+00
-1.675275462630389622e+00
-1.682028962815803830e+00
-1.688716173605088411e+00
-1.695336830469825973e+00
-1.701890671514291853e+00
-1.708377437485819605e+00
-1.714796871785049248e+00
-1.721148720476101790e+00
-1.727432732296587004e+00
-1.733648658667568343e+00
-1.739796253703398410e+00
-1.745875274221428741e+00
-1.751885479751640107e+00
-1.757826632546155343e+00
-1.763698497588636505e+00
-1.769500842603583868e+00
-1.775233438065541680e+00
-1.780896057208147365e+00
-1.786488476033120776e+00
-1.792010473319123331e+00
-1.797461830630504132e+00
-1.802842332325951036e+00
-1.808151765567000968e+00
-1.813389920326481608e+00
-1.818556589396804091e+00
-1.823651568398166445e+00
-1.828674655786634684e+00
-1.833625652862125754e+00
-1.838504363776246597e+00
-1.843310595540064822e+00
-1.848044158031723061e+00
-1.852704864003974938e+00
-1.857292529091586042e+00
-1.861806971818629641e+00
-1.866248013605646072e+00
-1.870615478776740837e+00
-1.874909194566513504e+00
-1.879128991126884030e+00
-1.883274701533835138e+00
-1.887346161793995725e+00
-1.891343210851138545e+00
-1.895265690592541352e+00
-1.899113445855242555e+00
-1.902886324432209175e+00
-1.906584177078305853e+00
-1.910206857516232093e+00
-1.913754222442309638e+00
-1.917226131532131728e+00
-1.920622447446138858e+00
-1.923943035835023574e+00
-1.927187765345070192e+00
-1.930356507623338214e+00
-1.933449137322739375e+00
-1.936465532106993903e+00
-1.939405572655492183e+00
-1.942269142667972348e+00
-1.945056128869157686e+00
-1.947766421013229499e+00
-1.950399911888174520e+00
-1.952956497320041729e+00
-1.955436076177062388e+00
-1.957838550373615094e+00
-1.960163824874175065e+00
-1.962411807697006294e+00
-1.964582409917844164e+00
-1.966675545673383319e+00
-1.968691132164696489e+00
-1.970629089660501654e+00
-1.972489341500305970e+00
-1.974271814097450450e+00
-1.975976436942028513e+00
-1.977603142603646447e+00
-1.979151866734130572e+00
-1.980622548070025912e+00
-1.982015128435065332e+00
-1.983329552742440161e+00
-1.984565768996997770e+00
-1.985723728297272395e+00
-1.986803384837452890e+00
-1.987804695909172414e+00
-1.988727621903209730e+00
-1.989572126311047962e+00
-1.990338175726318326e+00
-1.991025739846118414e+00
-1.991634791472232546e+00
-1.992165306512186040e+00
-1.992617263980196229e+00
-1.992990645998024890e+00
-1.993285437795661696e+00
-1.993501627711920188e+00
-1.993639207194892959e+00
-1.993698170802311154e+00
-1.993678516201714102e+00
-1.993580244170596760e+00
-1.993403358596334218e+00
-1.993147866476062235e+00
-1.992813777916367490e+00
-1.992401106132914768e+00
-1.991909867449912941e+00
-1.991340081299467712e+00
-1.990691770220817780e+00
-1.989964959859436222e+00
-1.989159678966031963e+00
-1.988275959395379600e+00
-1.987313836105102371e+00
-1.986273347154263291e+00
-1.985154533701858792e+00
-1.983957440005195805e+00
-1.982682113418147152e+00
-1.981328604389264170e+00
-1.979896966459802732e+00
-1.978387256261576077e+00
-1.976799533514736140e+00
-1.975133861025416993e+00
-1.973390304683221741e+00
-1.971568933458642148e+00
-1.969669819400324373e+00
-1.967693037632209707e+00
-1.965638666350567387e+00
-1.963506786820910177e+00
-1.961297483374770723e+00
-1.959010843406369551e+00
-1.956646957369139628e+00
-1.954205918772197403e+00
-1.951687824176580044e+00
-1.949092773191467343e+00
-1.946420868470235543e+00
-1.943672215706391038e+00
-1.940846923629389709e+00
-1.937945104000323715e+00
-1.934966871607532335e+00
-1.931912344262042280e+00
-1.928781642792878781e+00
-1.925574891042354686e+00
-1.922292215861100440e+00
-1.918933747103091614e+00
-1.915499617620493922e+00
-1.911989963258422298e+00
-1.908404922849532337e+00
-1.904744638208577090e+00
-1.901009254126756476e+00
-1.897198918366020504e+00
-1.893313781653194194e+00
-1.889353997674054098e+00
-1.885319723067191644e+00
-1.881211117417882717e+00
-1.877028343251734954e+00
-1.872771566028248458e+00
-1.868440954134314769e+00
-1.864036678877514008e+00
-1.859558914479369163e+00
-1.855007838068410075e+00
-1.850383629673234998e+00
-1.845686472215330332e+00
-1.840916551501845078e+00
-1.836074056218275352e+00
-1.831159177920952619e+00
-1.826172111029510825e+00
-1.821113052819157918e+00
-1.815982203412893847e+00
-1.810779765773588901e+00
-1.805505945695960346e+00
-1.800160951798411624e+00
-1.794744995514816921e+00
-1.789258291086109010e+00
-1.783701055551858872e+00
-1.778073508741639941e+00
-1.772375873266359481e+00
-1.766608374509454737e+00
-1.760771240617960753e+00
-1.754864702493513562e+00
-1.748888993783168200e+00
-1.742844350870208503e+00
-1.736731012864757950e+00
-1.730549221594353426e+00
-1.724299221594357112e+00
-1.717981260098271346e+00
-1.711595587028005960e+00
-1.705142454983940015e+00
-1.698622119234953098e+00
-1.692034837708338513e+00
-1.685380870979569456e+00
-1.678660482262029907e+00
-1.671873937396575416e+00
-1.665021504841015965e+00
-1.658103455659513115e+00
-1.651120063511851033e+00
-1.644071604642596274e+00
-1.636958357870203828e+00
-1.629780604575938874e+00
-1.622538628692816287e+00
-1.615232716694281923e+00
-1.607863157582948732e+00
-1.600430242879143927e+00
-1.592934266609372207e+00
-1.585375525294677290e+00
-1.577754317938938167e+00
-1.570070946017009250e+00
-1.562325713462826560e+00
-1.554518926657364464e+00
-1.546650894416516042e+00
-1.538721927978882187e+00
-1.530732340993469442e+00
-1.522682449507270386e+00
-1.514572571952746749e+00
-1.506403029135285232e+00
-1.498174144220443704e+00
-1.489886242721203180e+00
-1.481539652485094338e+00
-1.473134703681213686e+00
-1.464671728787168448e+00
-1.456151062575920196e+00
-1.447573042102566765e+00
-1.438938006690953619e+00
-1.430246297920326093e+00
-1.421498259611751580e+00
-1.412694237814555720e+00
-1.403834580792618691e+00
-1.394919639010608226e+00
-1.385949765120113586e+00
-1.376925313945680074e+00
-1.367846642470803342e+00
-1.358714109823780269e+00
-1.349528077263515202e+00
-1.340288908165230275e+00
-1.330996968006084913e+00
-1.321652624350728722e+00
-1.312256246836754903e+00
-1.302808207160072840e+00
-1.293308879060212746e+00
-1.283758638305543487e+00
-1.274157862678402697e+00
-1.264506931960158065e+00
-1.254806227916155592e+00
-1.245056134280686289e+00
-1.235257036741730596e+00
-1.225409322925743005e+00
-1.215513382382310992e+00
-1.205569606568738017e+00
-1.195578388834574346e+00
-1.185540124406049056e+00
-1.175455210370421222e+00
-1.165324045660295349e+00
-1.155147031037821570e+00
-1.144924569078866305e+00
-1.134657064157054140e+00
-1.124344922427813698e+00
-1.113988551812264527e+00
-1.103588361981119315e+00
-1.093144764338458863e+00
-1.082658172005455999e+00
-1.072128999804054850e+00
-1.061557664240540433e+00
-1.050944583489055395e+00
-1.040290177375089664e+00
-1.029594867358850863e+00
-1.018859076518595863e+00
-1.008083229533893954e+00
-9.972677526688353833e-01
-9.864130737551584094e-01
-9.755196221753330565e-01
-9.645878288455695948e-01
-9.536181261987835001e-01
-9.426109481674889157e-01
-9.315667301666090694e-01
-9.204859090762845808e-01
-9.093689232245676379e-01
-8.982162123701057377e-01
-8.870282176847268385e-01
-8.758053817359892079e-01
-8.645481484696856400e-01
-8.532569631922762854e-01
-8.419322725532694118e-01
-8.305745245275661937e-01
-8.191841683977111321e-01
-8.077616547361644583e-01
-7.963074353874347588e-01
-7.848219634502322517e-01
-7.733056932595323563e-01
-7.617590803686185019e-01
-7.501825815310425583e-01
-7.385766546825561774e-01
-7.269417589230325882e-01
-7.152783544982480590e-01
-7.035869027817248655e-01
-6.918678662564655690e-01
-6.801217084966441062e-01
-6.683488941492812252e-01
-6.565498889158566387e-01
-6.447251595339069663e-01
-6.328751737585425197e-01
-6.210004003439443254e-01
-6.091013090248309503e-01
-5.971783704978717022e-01
-5.852320564030709660e-01
-5.732628393051062421e-01
-5.612711926746394298e-01
-5.492575908695819242e-01
-5.372225091163438382e-01
-5.251664234910136120e-01
-5.130898109005400665e-01
-5.009931490638731555e-01
-4.888769164930452660e-01
-4.767415924742651190e-01
-4.645876570489484991e-01
-4.524155909947212284e-01
-4.402258758064161448e-01
-4.280189936770164016e-01
-4.157954274785891635e-01
-4.035556607431700638e-01
-3.913001776436557666e-01
-3.790294629746274735e-01
-3.667440021332034616e-01
-3.544442810998102988e-01
-3.421307864189715442e-01
-3.298040051800631978e-01
-3.174644249980388411e-01
-3.051125339941491710e-01
-2.927488207766272832e-01
-2.803737744213506966e-01
-2.679878844525269699e-01
-2.555916408232937198e-01
-2.431855338963553881e-01
-2.307700544245829266e-01
-2.183456935315950531e-01
-2.059129426923488604e-01
-1.934722937136717502e-01
-1.810242387148308096e-01
-1.685692701080502010e-01
-1.561078805790365454e-01
-1.436405630675007261e-01
-1.311678107476372257e-01
-1.186901170086352708e-01
-1.062079754351507449e-01
-9.372187978777984929e-02
-8.123232398354543471e-02
-6.873980207632908457e-02
-5.624480823735188151e-02
-4.374783673561202790e-02
-3.124938191834732495e-02
-1.874993819146810944e-02
-6.249999999999492073e-03
6.249938191468456562e-03
1.874938191834895490e-02
3.124783673561410541e-02
4.374480823735082263e-02
5.623980207632838652e-02
6.873232398354635342e-02
8.122187978778430684e-02
9.370797543515195505e-02
1.061901170086364948e-01
1.186678107476388383e-01
1.311405630675012424e-01
1.436078805790406976e-01
1.560692701080511335e-01
1.685242387148302157e-01
1.809722937136746534e-01
1.934129426923475170e-01
2.058456935315986225e-01
2.182700544245837759e-01
2.306855338963559321e-01
2.430916408232949855e-01
2.554878844525295123e-01
2.678737744213550154e-01
2.802488207766265504e-01
2.926125339941499925e-01
3.049644249980402733e-01
3.173040051800634087e-01
3.296307864189734205e-01
3.419442810998100102e-01
3.542440021332041722e-01
3.665294629746297939e-01
3.788001776436542012e-01
3.910556607431738274e-01
4.032954274785905402e-01
4.155189936770204429e-01
4.277258758064160782e-01
4.399155909947217724e-01
4.520876570489484880e-01
4.642415924742671063e-01
4.763769164930480304e-01
4.884931490638740881e-01
5.005898109005433305e-01
5.126664234910152107e-01
5.247225091163435495e-01
5.367575908695869646e-01
5.487711926746399183e-01
5.607628393051073967e-01
5.727320564030725647e-01
5.846783704978728569e-01
5.966013090248318829e-01
6.085004003439460352e-01
6.203751737585442294e-01
6.322251595339120067e-01
6.440498889158602358e-01
6.558488941492779389e-01
6.676217084966424853e-01
6.793678662564669457e-01
6.910869027817272414e-01
7.027783544982475483e-01
7.144417589230298571e-01
7.260766546825585532e-01
7.376825815310386059e-01
7.492590803686213219e-01
7.608056932595365085e-01
7.723219634502328512e-01
7.838074353874362465e-01
7.952616547361642807e-01
8.066841683977133970e-01
8.180745245275657940e-01
8.294322725532713436e-01
8.407569631922783282e-01
8.520481484696860175e-01
8.633053817359921389e-01
8.745282176847294364e-01
8.857162123701081136e-01
8.968689232245721232e-01
9.079859090762841811e-01
9.190667301666107791e-01
9.301109481674892931e-01
9.411181261987872082e-01
9.520878288455691951e-01
9.630196221753306585e-01
9.739130737551578987e-01
9.847677526688383143e-01
9.955832295338968851e-01
1.006359076518596352e+00
1.017094867358854016e+00
1.027790177375091929e+00
1.038444583489055661e+00
1.049057664240539589e+00
1.059628999804059779e+00
1.070158172005460706e+00
1.080644764338458463e+00
1.091088361981120025e+00
1.101488551812263683e+00
1.111844922427813742e+00
1.122157064157055961e+00
1.132424569078864574e+00
1.142647031037821836e+00
1.152824045660290508e+00
1.162955210370421044e+00
1.173040124406049545e+00
1.183078388834579719e+00
1.193069606568740282e+00
1.203013382382309260e+00
1.212909322925743272e+00
1.222757036741733083e+00
1.232556134280690330e+00
1.242306227916156969e+00
1.252006931960153002e+00
1.261657862678404740e+00
1.271258638305545530e+00
1.280808879060213235e+00
1.290308207160072662e+00
1.299756246836755613e+00
1.309152624350729210e+00
1.318496968006084069e+00
1.327788908165228321e+00
1.337028077263513914e+00
1.346214109823781202e+00
1.355346642470802943e+00
1.364425313945681451e+00
1.373449765120113186e+00
1.382419639010610268e+00
1.391334580792622067e+00
1.400194237814557985e+00
1.408998259611752735e+00
1.417746297920330356e+00
1.426438006690952554e+00
1.435073042102565033e+00
1.443651062575924682e+00
1.452171728787170490e+00
1.460634703681211954e+00
1.469039652485093939e+00
1.477386242721204779e+00
1.485674144220443527e+00
1.493903029135284388e+00
1.502072571952749902e+00
1.510182449507267322e+00
1.518232340993470153e+00
1.526221927978882009e+00
1.534150894416520527e+00
1.542018926657367839e+00
1.549825713462828825e+00
1.557570946017008628e+00
1.565254317938934658e+00
1.572875525294679999e+00
1.580434266609373362e+00
1.587930242879143750e+00
1.595363157582952773e+00
1.602732716694280191e+00
1.610038628692815443e+00
1.617280604575944025e+00
1.624458357870202763e+00
1.631571604642600981e+00
1.638620063511852631e+00
1.645603455659514935e+00
1.652521504841017341e+00
1.659373937396578125e+00
1.666160482262034837e+00
1.672880870979570167e+00
1.679534837708336559e+00
1.686122119234953143e+00
1.692642454983938061e+00
1.699095587028007559e+00
1.705481260098276497e+00
1.711799221594360043e+00
1.718049221594357689e+00
1.724231012864760215e+00
1.730344350870204329e+00
1.736388993783168466e+00
1.742364702493515383e+00
1.748271240617967903e+00
1.754108374509454338e+00
1.759875873266359747e+00
1.765573508741638431e+00
1.771201055551859582e+00
1.776758291086109720e+00
1.782244995514819852e+00
1.787660951798414333e+00
1.793005945695959502e+00
1.798279765773594052e+00
1.803482203412896112e+00
1.808613052819158185e+00
1.813672111029513534e+00
1.818659177920956216e+00
1.823574056218276063e+00
1.828416551501842680e+00
1.833186472215325269e+00
1.837883629673238595e+00
1.842507838068412118e+00
1.847058914479365210e+00
1.851536678877519382e+00
1.855940954134313925e+00
1.860271566028249390e+00
1.864528343251732778e+00
1.868711117417884982e+00
1.872819723067192355e+00
1.876853997674053254e+00
1.880813781653195349e+00
1.884698918366019882e+00
1.888509254126755188e+00
1.892244638208574248e+00
1.895904922849529051e+00
1.899489963258416125e+00
1.902999617620496853e+00
1.906433747103092102e+00
1.909792215861100040e+00
1.913074891042352510e+00
1.916281642792880158e+00
1.919412344262041881e+00
1.922466871607537486e+00
1.925445104000327978e+00
1.928346923629385534e+00
1.931172215706394191e+00
1.933920868470236920e+00
1.936592773191468941e+00
1.939187824176579422e+00
1.941705918772199224e+00
1.944146957369141226e+00
1.946510843406368929e+00
1.948797483374770767e+00
1.951006786820914884e+00
1.953138666350566544e+00
1.955193037632211750e+00
1.957169819400330857e+00
1.959068933458645967e+00
1.960890304683223784e+00
1.962633861025415927e+00
1.964299533514737295e+00
1.965887256261573235e+00
1.967396966459802110e+00
1.968828604389265102e+00
1.970182113418146086e+00
1.971457440005194739e+00
1.972654533701859059e+00
1.973773347154265778e+00
1.974813836105104858e+00
1.975775959395378312e+00
1.976659678966030009e+00
1.977464959859435600e+00
1.978191770220817158e+00
1.978840081299467757e+00
1.979409867449917870e+00
1.979901106132917254e+00
1.980313777916369089e+00
1.980647866476061614e+00
1.980903358596336483e+00
1.981080244170595694e+00
1.981178516201714146e+00
1.981198170802310088e+00
1.981139207194895446e+00
1.981001627711918234e+00
1.980785437795661519e+00
1.980490645998028043e+00
1.980117263980198716e+00
1.979665306512184975e+00
1.979134791472236587e+00
1.978525739846120679e+00
1.977838175726315706e+00
1.977072126311050004e+00
1.976227621903215326e+00
1.975304695909176900e+00
1.974303384837448716e+00
1.973223728297271329e+00
1.972065768996996926e+00
1.970829552742442647e+00
1.969515128435066487e+00
1.968122548070026845e+00
1.966651866734131948e+00
1.965103142603650044e+00
1.963476436942025671e+00
1.961771814097452715e+00
1.959989341500302462e+00
1.958129089660500810e+00
1.956191132164697422e+00
1.954175545673381365e+00
1.952082409917845318e+00
1.949911807697005006e+00
1.947663824874174443e+00
1.945338550373615805e+00
1.942936076177059768e+00
1.940456497320043106e+00
1.937899911888173232e+00
1.935266421013229099e+00
1.932556128869159728e+00
1.929769142667971060e+00
1.926905572655491783e+00
1.923965532107000387e+00
1.920949137322738087e+00
1.917856507623340034e+00
1.914687765345070236e+00
1.911443035835025395e+00
1.908122447446140901e+00
1.904726131532133104e+00
1.901254222442308572e+00
1.897706857516233026e+00
1.894084177078304343e+00
1.890386324432210552e+00
1.886613445855247262e+00
1.882765690592540730e+00
1.878843210851135259e+00
1.874846161793992216e+00
1.870774701533835405e+00
1.866628991126884074e+00
1.862409194566509330e+00
1.858115478776742657e+00
1.853748013605645895e+00
1.849306971818625911e+00
1.844792529091589417e+00
1.840204864003978535e+00
1.835544158031722883e+00
1.830810595540058650e+00
1.826004363776246642e+00
1.821125652862124689e+00
1.816174655786632952e+00
1.811151568398164047e+00
1.806056589396803025e+00
1.800889920326479876e+00
1.795651765566999236e+00
1.790342332325947750e+00
1.784961830630506396e+00
1.779510473319123598e+00
1.773988476033124595e+00
1.768396057208148742e+00
1.762733438065541725e+00
1.757000842603583246e+00
1.751198497588639658e+00
1.745326632546156498e+00
1.739385479751642594e+00
1.733375274221427009e+00
1.727296253703399120e+00
1.721148658667568832e+00
1.714932732296582385e+00
1.708648720476100724e+00
1.702296871785050625e+00
1.695877437485820760e+00
1.689390671514293896e+00
1.682836830469826461e+00
1.676216173605089566e+00
1.669528962815804318e+00
1.662775462630389223e+00
1.655955940199508758e+00
1.649070665285479631e+00
1.642119910251620629e+00
1.635103950051467692e+00
1.628023062217901051e+00
1.620877526852168238e+00
1.613667626612809602e+00
1.606393646704452172e+00
1.599055874866567972e+00
1.591654601362052501e+00
1.584190118965764338e+00
1.576662722952949514e+00
1.569072711087536875e+00
1.561420383610370166e+00
1.553706043227350175e+00
1.545929995097437448e+00
1.538092546820589490e+00
1.530194008425586061e+00
1.522234692357766317e+00
1.514214913466699119e+00
1.506134988993677926e+00
1.497995238559206133e+00
1.489795984150339203e+00
1.481537550107961954e+00
1.473220263113948381e+00
1.464844452178224898e+00
1.456410448625792498e+00
1.447918586083579262e+00
1.439369200467283338e+00
1.430762629968038047e+00
1.422099215039088538e+00
1.413379298382268168e+00
1.404603224934482864e+00
1.395771341854052494e+00
1.386883998506998950e+00
1.377941546453152588e+00
1.368944339432355495e+00
1.359892733350382743e+00
1.350787086264897852e+00
1.341627758371281010e+00
1.332415111988397571e+00
1.323149511544228218e+00
1.313831323561498232e+00
1.304460916643143564e+00
1.295038661457756035e+00
1.285564930724894639e+00
1.276040099200360878e+00
1.266464543661376618e+00
1.256838642891654256e+00
1.247162777666450006e+00
1.237437330737469754e+00
1.227662686817742488e+00
1.217839232566408025e+00
1.207967356573403261e+00
1.198047449344112891e+00
1.188079903283894456e+00
1.178065112682588955e+00
1.168003473698900230e+00
1.157895384344728829e+00
1.147741244469431932e+00
1.137541455743997343e+00
1.127296421645175295e+00
1.117006547439485908e+00
1.106672240167223098e+00
1.096293908626323921e+00
1.085871963356208392e+00
1.075406816621548245e+00
1.064898882395948654e+00
1.054348576345577326e+00
1.043756315812707891e+00
1.033122519799238859e+00
1.022447608950093345e+00
1.011732005536585932e+00
1.000976133439737570e+00
9.901804181334705746e-01
9.793452866678167279e-01
9.684711676519965895e-01
9.575584912374803803e-01
9.466076891009702621e-01
9.356191944273122285e-01
9.245934418923763554e-01
9.135308676458560040e-01
9.024319092940110698e-01
8.912970058823619368e-01
8.801265978783178179e-01
8.689211271537619075e-01
8.576810369675649248e-01
8.464067719480455887e-01
8.350987780753968970e-01
8.237575026640369114e-01
8.123833943449024764e-01
8.009769030477225105e-01
7.895384799832145806e-01
7.780685776252207475e-01
7.665676496928317540e-01
7.550361511324285013e-01
7.434745380996733433e-01
7.318832679414892795e-01
7.202627991779545491e-01
7.086135914841679151e-01
6.969361056720554393e-01
6.852308036721636020e-01
6.734981485153638259e-01
6.617386043145567776e-01
6.499526362462956230e-01
6.381407105323898543e-01
6.263032944214658171e-01
6.144408561704944871e-01
6.025538650262389773e-01
5.906427912067233610e-01
5.787081058826133440e-01
5.667502811585833911e-01
5.547697900546407768e-01
5.427671064874204365e-01
5.307427052514267496e-01
5.186970620002571142e-01
5.066306532277956576e-01
4.945439562493463836e-01
4.824374491827636557e-01
4.703116109295401581e-01
4.581669211558553334e-01
4.460038602736084434e-01
4.338229094214066661e-01
4.216245504455417570e-01
4.094092658809268537e-01
3.971775389319956995e-01
3.849298534536115812e-01
3.726666939319083771e-01
3.603885454651369891e-01
3.480958937444659784e-01
3.357892250347802587e-01
3.234690261554333812e-01
3.111357844610021517e-01
2.987899878219999472e-01
2.864321246055828718e-01
2.740626836562252699e-01
2.616821542763873021e-01
2.492910262071665328e-01
2.368897896089016408e-01
2.244789350418090468e-01
2.120589534465611714e-01
1.996303361248784880e-01
1.871935747200812739e-01
1.747491611976471904e-01
1.622975878257573723e-01
1.498393471558148449e-01
1.373749320029640508e-01
1.249048354265954314e-01
1.124295507108409309e-01
9.994957134506149421e-02
8.746539100432329517e-02
7.497750352988391542e-02
6.248640290962895888e-02
4.999258325856058977e-02
3.749653879922694444e-02
2.499876384219564332e-02
1.249975276648206818e-02
-7.185761812198911816e-16
