200.00000000000000
0.00000000000000
199.00000000000000
0.11705679514762
0.53999045768775
0.24840021232415
0.10759365878355
-0.18368949273580
0.35647053399498
-0.14988668199404
1.14525015286134
1.57668495049603
-0.28259159902659
0.76697386197760
0.06918845401871
0.16352769550011
1.31790263916781
-1.33735109017562
-1.24854906757710
-1.72739262667721
0.90582423684990
0.72410885409320
1.05015467543458
1.71514941038964
0.79106431992199
-0.09229441845443
0.73150631198355
-1.10010567742266
0.34128260199902
-0.99618222570416
1.43556109452570
0.05229760039412
-0.20561752317948
-0.59695595459223
0.71196244541748
-0.10510687086435
0.16447194867616
-1.74279183541548
0.28527443393849
0.27149632674436
0.28352677263402
1.42941443364030
0.44972998888691
-0.34273124283483
-0.15123032051823
0.49199602826549
-1.40349038404080
0.41022292115859
0.42031904759604
-0.76022440071932
-1.05457334879078
-0.45702535764587
-0.33208651326933
0.16874858386934
-0.14743292179624
1.82703437631431
-1.17422789973465
-0.76504309872751
-0.92793738897961
0.37492494380625
-0.62948161775268
-0.08069151713527
-0.65555794804070
-0.93658297043551
-1.13540336571413
0.38320617992488
-1.01670992032183
-0.80507588865828
-0.31943533456764
0.86466243429116
-1.19812964854440
0.92519718031990
-1.20306265943690
1.69308582108042
-0.07507484703648
1.69611906249671
0.25354129033413
0.60791182974594
-1.55347482700566
-0.54554519430256
-1.09172171894001
-0.50888655496206
-1.09812154931124
-0.45025027976879
-0.20659252082334
-1.37879554535892
0.47811153049210
0.16002947076070
-0.59457340450091
0.05565144824920
-1.21377763387827
0.18271941650864
1.33929767481435
-0.44869980409691
0.41189870092639
-1.04266750301029
0.54314280662565
-0.52731286386246
-0.85020256255929
0.20848940674111
-1.72857292438450
0.89263315514091
-1.92312840794248
0.43915624752452
-0.58143792681020
0.59624025663954
1.56457620727288
-0.64277534460144
0.18323238010177
0.22202810873268
0.17373828246010
-0.72026315962268
1.49198767669092
-0.12684588798538
0.95672509730922
0.49699274322285
-0.50535823695205
0.83990772173302
-0.25020410108151
1.09738255099384
0.19569342751456
1.10014856745228
0.47827105346812
0.56806666964470
0.00316868975053
1.51672320893757
0.35162063781634
-0.18320225142180
0.25736708400131
-1.73840163201182
-0.49414124677737
0.39312277776575
-0.52546746764875
0.28622132937136
-0.17125980084865
-1.02763791760388
-0.50306145331614
0.16818591361667
0.21916188285766
0.17877657526299
0.37516236779089
0.37234642430054
-0.16482995041769
1.16753902546544
-0.32236568152276
-0.15405524507516
1.14594352076109
0.81429523900447
0.50896493669858
-1.18293896182628
1.28381152009947
0.53736795738128
1.98001958751205
-0.97250978648452
1.04235407384088
-0.92359121312644
0.28010512510296
-1.07612233981982
0.96279088899475
0.81805064362818
0.16608923406470
-0.22392846864068
-1.34836809086197
0.49144947883247
-0.11138253900769
0.55909633218075
1.03519825581942
1.68375153075603
0.99287349651230
-1.82591912840555
-0.34153853656349
0.58143377792791
-0.89060479256832
0.05035294923779
-1.44225143591869
-0.79383151298909
-1.74572723782779
0.77332301341500
-0.71765120747228
-0.37888072249116
1.33220438291341
0.51039749053199
-1.61513823019610
-0.91555313426154
0.29486397126564
0.18583945208333
-0.67506017520798
1.36872354633570
0.27614193849108
0.08535772900666
0.21680296318866
0.58180628951042
-0.46629676275343
-0.24597180105256
-0.76194660988671
-0.83993895629067
1.43357584023898
0.60873868841133
-0.02283000881436
-0.70689027382527
-0.62637858368654
-1.41770160837080
-0.15756273126034
