100.00000000000000
0.00000000000000
99.00000000000000
0.11705679514762
0.53999045768775
0.24840021232415
0.10759365878355
-0.18368949273580
0.35647053399498
-0.14988668199404
1.14525015286134
1.57668495049603
-0.28259159902659
0.76697386197760
0.06918845401871
0.16352769550011
1.31790263916781
-1.33735109017562
-1.24854906757710
-1.72739262667721
0.90582423684990
0.72410885409320
1.05015467543458
1.71514941038964
0.79106431992199
-0.09229441845443
0.73150631198355
-1.10010567742266
0.34128260199902
-0.99618222570416
1.43556109452570
0.05229760039412
-0.20561752317948
-0.59695595459223
0.71196244541748
-0.10510687086435
0.16447194867616
-1.74279183541548
0.28527443393849
0.27149632674436
0.28352677263402
1.42941443364030
0.44972998888691
-0.34273124283483
-0.15123032051823
0.49199602826549
-1.40349038404080
0.41022292115859
0.42031904759604
-0.76022440071932
-1.05457334879078
-0.45702535764587
-0.33208651326933
0.16874858386934
-0.14743292179624
1.82703437631431
-1.17422789973465
-0.76504309872751
-0.92793738897961
0.37492494380625
-0.62948161775268
-0.08069151713527
-0.65555794804070
-0.93658297043551
-1.13540336571413
0.38320617992488
-1.01670992032183
-0.80507588865828
-0.31943533456764
0.86466243429116
-1.19812964854440
0.92519718031990
-1.20306265943690
1.69308582108042
-0.07507484703648
1.69611906249671
0.25354129033413
0.60791182974594
-1.55347482700566
-0.54554519430256
-1.09172171894001
-0.50888655496206
-1.09812154931124
-0.45025027976879
-0.20659252082334
-1.37879554535892
0.47811153049210
0.16002947076070
-0.59457340450091
0.05565144824920
-1.21377763387827
0.18271941650864
1.33929767481435
-0.44869980409691
0.41189870092639
-1.04266750301029
0.54314280662565
-0.52731286386246
-0.85020256255929
0.20848940674111
-1.72857292438450
0.89263315514091
-1.92312840794248
