500.00000000000000
0.00000000000000
499.00000000000000
-0.47047303234724
-0.30860289005455
0.05977926657510
0.64085909614895
-0.40950944065029
1.30974788546604
1.01872385257072
-1.48158777734195
-0.62845837150882
-0.12923371131253
-1.16200151809840
-0.37086143150314
0.61031381028587
0.44627591636767
0.29712878301950
0.52713277168336
-0.77777872172229
-0.38828952955405
0.43501272031065
1.08925593777886
0.10469400606063
-0.54584316606713
-1.62944260632050
0.52660617276562
-1.87675986656199
-0.30949579352427
0.07312773234025
1.29828493190843
-1.23630475814743
-0.22697402223321
-1.68538586327749
-0.38593548133193
0.29674529516637
-0.55595615279657
-0.76224665230564
-1.11144308580975
0.18562440356043
0.48562980322748
0.42376951952139
1.46425404518345
-1.95434273754786
0.35979336492087
0.24255354490009
0.21393707040752
1.56932725961495
-1.76414078410393
0.48889626022198
0.83950207858276
0.02346661712191
-0.40831963789355
0.76413586409252
-1.19743523331675
-0.13913172004028
0.04775571888275
0.48209661567576
-1.22918866335957
-0.70583133634418
-0.21628483335683
0.29940567285092
1.12334247032057
0.28824277537896
-1.03583711009163
1.73594940987290
1.05754872708270
0.00650967386574
1.29960050750032
0.09916900171109
1.30495274317427
0.89604992903522
1.61624436645915
1.28545069474061
-1.57920605161321
-0.87948211252729
-0.26844324343882
1.48758705455940
-0.49832454157873
-0.93103992651104
1.12039706212872
-0.12860909735213
1.22290466696931
-0.93191561036814
0.39556392359311
-0.14341360895709
-1.30611496197135
0.48884425991257
-0.64676452110330
-1.55006350007999
-1.40529391313321
-1.39804631700302
1.22218414201781
0.60969822969488
1.17473895289457
0.42540637601404
0.06929640060400
-0.48639347950618
1.96520664630509
-0.33593618923447
-0.07028243905894
-0.29555479127835
1.72469005081616
-0.87988238269425
-0.42391310756952
0.44583769357335
-1.38463673150529
0.25948506796002
-0.05350796349533
-0.54223580915865
-0.67349710274885
0.03472982205799
-0.32144416192045
-0.10421781659039
-0.39920194857459
1.63605638468175
-1.03592728207605
-1.19958910634978
-0.38392384437922
0.21953965334558
0.39054687657516
-0.24835055771905
1.98739561610265
-0.36211806049901
0.55728197690863
0.33535844774973
0.83737762207737
1.69074529257221
1.13617312550446
0.68245493276699
0.49366362221903
-0.40433540606578
-0.97929962691820
-1.38821245525394
-0.66306255762301
-0.16273716535294
0.05265207422221
0.70842134758440
1.53712043355235
-1.10429544284589
-1.15090550925102
0.21627573632264
0.62566422014313
0.96333166447297
1.37866913858850
1.76752970554621
-0.24207573039351
-0.29033504808254
-0.97882399874073
0.45798912522277
0.38431970610389
1.01769548078277
-1.19736139321746
-0.00531894212183
0.19522777121047
-0.66409028784143
-0.89990713083936
1.00777940914153
-1.41440371633953
-0.07034970565083
-1.11086302917983
-0.10292159542571
1.72931813693328
-0.18356404840510
0.99806318426064
-1.10431708521630
-0.57791673640914
-0.23225444492093
-0.24204999009471
0.42226852454075
-0.38050984878863
0.53605699433335
0.33942142220953
-0.24365415865679
-0.16400130089953
0.27753845596295
-1.34318904534322
0.86958780121261
0.37572804730863
0.57112877427975
0.08845630662157
-1.13493868329351
-0.22920056185767
-0.22837050195893
-0.44216313245208
-1.63201931024171
0.60213875962049
-1.13809998023001
0.25715667207208
0.50713812442899
0.32828923782089
1.54025715373762
-1.16827368261643
1.03841242578337
-1.63894647817989
0.08363864239299
-0.23114633797620
0.05789404913940
-0.32857660112761
-0.82513948686984
-1.73916431138505
0.04343846617538
0.94308163210383
-0.30814851505180
-0.72093879116577
-1.28373179332249
-1.25809121214265
-0.72549899203672
-1.18396465759778
-0.59557241657829
-1.36650806204195
-1.36983017341581
0.99472720110133
-0.92495799787434
0.14328345907475
0.70956567757111
-0.10448322082195
-0.95756655485459
-0.79514494316636
-0.16103366582616
0.06760366395541
-0.36839114797035
0.73448107249467
0.64211301677282
1.32716869564233
-1.64112888110218
1.16350287109697
-0.25993505053601
1.08552972437873
0.47359048351517
1.81417050250556
0.66659645120796
-0.32997908904351
0.00254372457982
-0.30019690921716
-0.32905149445204
-0.60742814428185
-0.00964152405953
0.44951728656723
-0.56078707995922
0.05836366879551
-1.10403216876016
-0.93333925708341
-1.49523328206969
1.63822903848342
-1.93598389976988
-0.86614741032223
0.27341083107643
-1.27917685257107
1.10085498320925
0.55229649063212
1.59971514422273
0.01826964356758
-0.49730960924705
0.11871212179430
1.34828325409738
0.04969376232563
-0.58939199278348
1.08133997727820
-0.31140473002288
-1.97612096648877
-0.64592050233004
-0.44958755264200
1.00459064757934
-0.09944800667556
-0.13296992999104
-0.40276744415787
1.09552736404498
1.43796453278564
1.87362868688320
-0.29931574304841
1.59763257516330
0.76747011389001
0.43355790316256
-0.65418263024992
-0.74096104405134
-0.91063926785896
1.30187870191955
-0.51451431139495
-0.11246220034219
-0.01445684511639
0.72415501732370
0.94853799425588
-1.01314694668235
-0.17578804483155
0.94337289919263
0.85441590360687
-1.17247083513777
-0.94622077042952
-0.48706057322518
-1.31247271302969
-0.18123679803307
-1.14806336551052
0.16394727603553
-0.64924917424349
0.23280950840437
-1.10339272599921
1.68734024663380
1.35870246672171
-0.26184568902575
-0.66223742577802
-0.63794371457786
-0.03974268922322
-1.54706944196745
0.34073508137650
-0.22118254417102
-0.29765143708168
0.82491045064205
0.52303281614499
1.50362874221694
-0.36200758642607
1.17226402047696
0.69887078947898
-0.34802190187655
0.29533138156860
-0.52961317069127
1.06855384403822
-1.12609820647767
-0.75368673739259
-0.85074553642594
-0.23413948934948
0.62518383706494
0.06442265179887
-0.02948960651342
-1.99043978816424
-0.17944037256887
-1.38247993725725
-0.76704356790709
1.35769589866543
-0.74429946922526
1.00284917764528
0.80334264899285
-0.93592783188072
0.25568260324088
-1.11162663342275
0.57548752392848
0.33505369090913
0.83359463413377
-0.04934404970392
1.25901037552650
-1.47688160270311
-0.51776193454877
0.53961190473073
-0.19720064172974
-0.88591318999402
-1.14994743906461
0.85202574392095
-0.06430174997024
1.10255451504858
0.59080487873551
-0.21769421135092
-0.30740832442326
0.03742466765984
1.13283213280106
0.60220856281966
-1.91621865381629
0.48263804009360
1.28394676825820
0.52693307242941
-0.87164108934307
-0.03944435910475
-1.00818956167228
-0.34403221277992
1.38666545952240
1.30494848084180
-0.54546220859889
-0.39362794287084
0.24211160313702
1.57283681873508
-0.97885236300517
-0.61894286138357
1.06499053300627
-0.01939966881053
1.17903689303583
-0.84223963510311
0.07824183590454
-0.42841525468817
-0.45406805667395
-0.12744506258068
-0.16080766799271
-0.34821960075358
1.25957971082279
0.58640933546207
0.57452451872628
-0.52591842565324
0.18701005408683
0.72729279783133
0.77944412033508
-0.38099261064248
0.70163943729537
0.59824169307023
-1.00346600697609
1.03341379456939
-0.14085724665750
-0.03251976509168
-0.12384652999963
0.16304625081813
0.29409151980026
-0.00435554108493
1.03686052242179
0.31053464498231
-0.23807102519673
-0.20065978383281
0.82987537698564
-0.37158951229702
-0.75680389754108
-1.40890676659014
1.07546868331079
1.27872178443444
-1.09205340478927
-0.40699663470614
-0.87737046105814
-1.11057720358482
1.18339005049397
-1.42527085478724
1.73493046642830
-1.20132564569507
1.02336622473863
0.15979840970038
-0.32146958995205
-0.38662792675767
0.66087576941402
-0.45929753449740
0.38575480305462
0.04146585183964
-0.03597859760343
1.18965599456591
0.13111717858415
0.88525081278729
0.56896448419361
-1.55853690653864
0.70850283235580
-0.73966143037084
1.19936117608157
-1.52426502174514
-0.41064262721894
-1.18532136944467
-0.05843813741563
0.86129182173452
-0.50331933294639
-0.96681824260568
-0.41795521610556
0.84018801932605
-1.00791938376243
-0.70705055863998
-1.35024119619184
0.51393185573101
-0.25334669261152
-0.46924626943113
0.54952919283162
-0.40309109018054
0.57515753453843
0.84468896776774
-0.73717075244405
1.66717124969113
-0.92408607875650
-0.52337200593370
-0.86192393075651
-0.37848493971960
-0.04772395142271
0.05308237071454
0.98430361646980
1.13459715049759
-0.72952853742848
0.29840331740146
-1.13030867976021
-0.09832593508413
-0.43876086763206
-0.45417896748905
-0.04168059103954
0.58097223701746
-1.34827508347252
1.08898999330161
0.59515386128453
-0.87341392425576
1.39957022197697
0.01510305002648
1.99662727029044
-0.80283779081622
0.08361785840222
-0.52499937710609
-0.48712828302918
0.21963396619883
1.29610728955292
0.81119889375826
0.56437935130693
0.14205409000495
1.29932511340274
-0.01827693273457
1.06615281305657
0.91074600504319
-0.74924122134493
0.70271924098285
-1.82015767814176
-0.43745461883170
-0.70029291632968
0.01642088788868
0.60098881008132
-1.19531393375951
0.03571009081477
1.39481484220978
-0.70311127038209
0.43737743034686
