100.00000000000000
0.00000000000000
99.00000000000000
0.43915624752452
-0.58143792681020
0.59624025663954
1.56457620727288
-0.64277534460144
0.18323238010177
0.22202810873268
0.17373828246010
-0.72026315962268
1.49198767669092
-0.12684588798538
0.95672509730922
0.49699274322285
-0.50535823695205
0.83990772173302
-0.25020410108151
1.09738255099384
0.19569342751456
1.10014856745228
0.47827105346812
0.56806666964470
0.00316868975053
1.51672320893757
0.35162063781634
-0.18320225142180
0.25736708400131
-1.73840163201182
-0.49414124677737
0.39312277776575
-0.52546746764875
0.28622132937136
-0.17125980084865
-1.02763791760388
-0.50306145331614
0.16818591361667
0.21916188285766
0.17877657526299
0.37516236779089
0.37234642430054
-0.16482995041769
1.16753902546544
-0.32236568152276
-0.15405524507516
1.14594352076109
0.81429523900447
0.50896493669858
-1.18293896182628
1.28381152009947
0.53736795738128
1.98001958751205
-0.97250978648452
1.04235407384088
-0.92359121312644
0.28010512510296
-1.07612233981982
0.96279088899475
0.81805064362818
0.16608923406470
-0.22392846864068
-1.34836809086197
0.49144947883247
-0.11138253900769
0.55909633218075
1.03519825581942
1.68375153075603
0.99287349651230
-1.82591912840555
-0.34153853656349
0.58143377792791
-0.89060479256832
0.05035294923779
-1.44225143591869
-0.79383151298909
-1.74572723782779
0.77332301341500
-0.71765120747228
-0.37888072249116
1.33220438291341
0.51039749053199
-1.61513823019610
-0.91555313426154
0.29486397126564
0.18583945208333
-0.67506017520798
1.36872354633570
0.27614193849108
0.08535772900666
0.21680296318866
0.58180628951042
-0.46629676275343
-0.24597180105256
-0.76194660988671
-0.83993895629067
1.43357584023898
0.60873868841133
-0.02283000881436
-0.70689027382527
-0.62637858368654
-1.41770160837080
-0.15756273126034
