300.00000000000000
0.00000000000000
299.00000000000000
1.21626033426191
0.71138807516026
-0.41045230591592
-1.28063251242966
-0.22378648693932
-0.69216276570102
-1.03982956938231
-1.44844468373558
0.56902307905922
-1.82956322923884
0.70074607902003
-0.98215938641495
-1.28925952376363
-1.23574757074378
0.42400683775608
-0.65276756326950
-0.19127533538829
0.13769305599027
1.01164462822986
0.57310644700735
-0.58053173504123
-1.04396656639497
-1.43527126644521
-0.49407686208115
-0.60393979127230
-0.10513036480996
0.45360100895779
0.48658687369179
-0.54356973316822
-0.29135396026824
-0.85723078103542
0.75680487909362
-1.42546367978414
0.49028481675129
0.72578491459547
0.72178103557806
-0.61169767217785
-0.30665058392529
0.21114728646366
-0.57348384902215
-0.31408291950286
-0.80351560519025
-0.09619600546877
-1.51148423026163
0.79315106431958
-1.30348251906629
0.04507978932951
-0.48003770580316
0.18660473801246
1.54254177385963
0.35564494495988
-1.58482044819628
-0.16729454799999
0.02396837542547
0.08666577488876
0.44859783896701
-0.56007091526571
-1.05484763344966
-0.25967053454126
1.51916203046728
-0.83675012488050
1.20346909652516
0.10500169414078
-0.10327599535326
1.10149070085205
-0.09920565513255
0.56501420837798
-0.24398893133447
1.20376746723267
0.47155796441936
0.49737929472253
-0.42461365442261
0.65913402754839
0.33150969779571
-0.66868123676182
-0.93077726709219
0.78204380267128
1.54044796578347
-0.10032407687974
0.21943491251625
1.00041924359948
-0.10252547277433
1.48564947150727
0.18224421979655
0.86387650304384
1.22781198019695
0.84579843889031
-0.93493385111754
0.31345770672745
-0.24544607992475
-1.38773006901679
-0.18277112104973
-0.61382948502331
0.96671594588358
-1.60234754049678
1.53900847926374
-0.35325242562726
-0.34984699315330
-1.77033490349181
-0.84321416981631
-0.23848565620496
1.33926963266433
-1.18589159430594
1.43981548980504
1.04798267261152
-0.10989072308615
-0.42728456353808
-0.69061314608139
0.27738182514016
-1.60433767180344
-1.77868004425533
-0.17119419500639
-1.35488677072678
-0.63342602029015
-0.72623236430043
-0.62977451925907
-1.04573233141035
-1.82185225100892
-1.11241507439531
0.28738016482372
1.67138761790791
1.85265620604891
-0.21934114116842
-0.92190107722931
0.33834412098243
-0.02319727572780
1.84034915227174
-1.37167074078568
0.73999075049859
-0.53008522431295
-0.66450323019088
0.39915518963776
-0.65070837765219
0.40786194581289
0.04142378698706
-0.18263308992451
0.13122034500302
-0.53379775970104
0.51629413091949
-0.20514119926258
-0.34009956603781
0.89162470529582
1.31432044649888
-1.50110581087449
-0.69096892383176
-0.37075025398397
0.84389307701817
1.79159963987983
1.62232740739463
1.20824295896149
-0.50775379433186
1.87530485378802
-0.64081483915319
-1.15601491167830
1.47903222078645
-0.68856125793283
0.47087152699507
-1.41556630542013
0.58347073601167
1.10008218276243
-0.57456998913980
-0.29352658969193
-0.30543944909739
0.63555984696155
-0.67531734809162
-0.88981032927808
-0.12162276419137
-0.48633411823918
0.92977393466453
-0.67551396135182
0.00571698984767
1.42171796820507
0.32629857570998
1.03891403411697
1.40628357534596
0.64135815870043
0.49725205758824
1.61341682443915
1.90956571126985
-0.11552675169433
-1.33832463986248
-0.51802057308718
-0.96141147540686
-0.19872031351374
-1.04476515612426
0.25174371257748
-0.28416929258616
1.16206624936735
1.61191600707075
0.11241199186800
-0.56784780834036
0.22249035687491
1.16855452682703
-0.22503248049693
0.12492541555726
-0.57678418573463
-0.10680597804100
-0.23736815698312
-0.64377486091022
0.01403623018300
-0.47047303234724
-0.30860289005455
0.05977926657510
0.64085909614895
-0.40950944065029
1.30974788546604
1.01872385257072
-1.48158777734195
-0.62845837150882
-0.12923371131253
-1.16200151809840
-0.37086143150314
0.61031381028587
0.44627591636767
0.29712878301950
0.52713277168336
-0.77777872172229
-0.38828952955405
0.43501272031065
1.08925593777886
0.10469400606063
-0.54584316606713
-1.62944260632050
0.52660617276562
-1.87675986656199
-0.30949579352427
0.07312773234025
1.29828493190843
-1.23630475814743
-0.22697402223321
-1.68538586327749
-0.38593548133193
0.29674529516637
-0.55595615279657
-0.76224665230564
-1.11144308580975
0.18562440356043
0.48562980322748
0.42376951952139
1.46425404518345
-1.95434273754786
0.35979336492087
0.24255354490009
0.21393707040752
1.56932725961495
-1.76414078410393
0.48889626022198
0.83950207858276
0.02346661712191
-0.40831963789355
0.76413586409252
-1.19743523331675
-0.13913172004028
0.04775571888275
0.48209661567576
-1.22918866335957
-0.70583133634418
-0.21628483335683
0.29940567285092
1.12334247032057
0.28824277537896
-1.03583711009163
1.73594940987290
1.05754872708270
0.00650967386574
1.29960050750032
0.09916900171109
1.30495274317427
0.89604992903522
1.61624436645915
1.28545069474061
-1.57920605161321
-0.87948211252729
-0.26844324343882
1.48758705455940
-0.49832454157873
-0.93103992651104
1.12039706212872
-0.12860909735213
1.22290466696931
-0.93191561036814
0.39556392359311
-0.14341360895709
-1.30611496197135
0.48884425991257
-0.64676452110330
-1.55006350007999
-1.40529391313321
-1.39804631700302
1.22218414201781
0.60969822969488
1.17473895289457
0.42540637601404
0.06929640060400
-0.48639347950618
1.96520664630509
-0.33593618923447
-0.07028243905894
-0.29555479127835
1.72469005081616
