1133
0
1
1.043735147
1.043748856
1.043761373
1.043772578
1.043782473
1.043791056
1.043798447
1.043804526
1.043809295
1.043812871
1.043815136
1.04381597
1.043815613
1.043813944
1.043811083
1.043806791
1.043801308
1.043794394
1.043786287
1.043776751
1.043766022
1.043753982
1.043740511
1.043725848
1.043709755
1.04369247
1.043673873
1.043653846
1.043632507
1.043609977
1.043586016
1.043560743
1.04353416
1.043506145
1.043476939
1.043446422
1.043414474
1.043381214
1.043346643
1.043310761
1.043273449
1.043234944
1.043195009
1.043153763
1.043111086
1.043067217
1.043021917
1.042975307
1.042927265
1.042878032
1.042827368
1.042775393
1.042721987
1.042667389
1.042611361
1.042554021
1.042495251
1.042435288
1.042373776
1.042311072
1.042247057
1.042181611
1.042114854
1.042046666
1.041977286
1.041906476
1.041834235
1.041760802
1.041685939
1.041609764
1.041532278
1.041453481
1.041373253
1.041291714
1.041208863
1.041124701
1.041039109
1.040952206
1.040863991
1.040774465
1.040683627
1.040591359
1.040497899
1.040403008
1.040306807
1.040209293
1.040110469
1.040010333
1.039908886
1.039806128
1.039701939
1.039596558
1.039489865
1.039381742
1.039272428
1.039161801
1.039049864
1.038936496
1.038821936
1.038706183
1.038589001
1.038470507
1.038350821
1.038229823
1.038107514
1.037983894
1.037859082
1.037732959
1.037605524
1.037476897
1.037346959
1.03721571
1.037083268
1.036949515
1.03681457
1.036678433
1.036540866
1.036402225
1.036262274
1.03612113
1.035978675
1.035835147
1.035690308
1.035544157
1.035396934
1.035248399
1.035098791
1.034947872
1.034795761
1.034642577
1.034488082
1.034332395
1.034175634
1.034017682
1.033858418
1.033698201
1.033536673
1.033374071
1.033210278
1.033045411
1.032879353
1.032712102
1.032543898
1.032374382
1.032203913
1.032032251
1.031859517
1.03168571
1.031510711
1.031334758
1.031157613
1.030979514
1.030800223
1.030619979
1.030438662
1.030256271
1.030072808
1.029888391
1.029702902
1.029516339
1.029328823
1.029140353
1.02895081
1.028760314
1.028568745
1.028376341
1.028182864
1.027988434
1.027793169
1.027596831
1.02739954
1.027201414
1.027002335
1.026802301
1.026601315
1.026399493
1.026196837
1.025993228
1.025788665
1.025583386
1.025377154
1.025170088
1.024962187
1.024753451
1.024543762
1.024333477
1.024122238
1.023910165
1.023697376
1.023483872
1.023269415
1.023054361
1.022838473
1.02262187
1.022404432
1.022186399
1.02196753
1.021748066
1.021527767
1.021306872
1.021085262
1.020862937
1.020640016
1.020416379
1.020192146
1.019967198
1.019741654
1.019515634
1.019288778
1.019061446
1.018833518
1.018605113
1.018375993
1.018146396
1.017916203
1.017685413
1.017454147
1.017222404
1.016990185
1.016757369
1.016524076
1.016290426
1.01605618
1.015821457
1.015586376
1.015350819
1.015114903
1.014878511
1.014641762
1.014404535
1.014166951
1.013929009
1.01369071
1.013452053
1.013213038
1.012973666
1.012734056
1.012494087
1.012253761
1.012013197
1.011772394
1.011531234
1.011289954
1.011048317
1.010806441
1.010564327
1.010322094
1.010079622
1.009836912
1.009594083
1.009351015
1.009107828
1.008864403
1.008620858
1.008377314
1.008133531
1.007889628
1.007645726
1.007401705
1.007157564
1.006913304
1.006669044
1.006424785
1.006180525
1.005936146
1.005691767
1.005447388
1.005203009
1.00495863
1.00471437
1.00447011
1.00422585
1.003981709
1.003737569
1.003493547
1.003249645
1.003005743
1.002762079
1.002518535
1.00227499
1.002031684
1.001788497
1.001545429
 1.0013026
1.001060009
1.000817537
1.000575185
1.00033319
1.000091314
0.9998497367
0.9996083975
0.9993672371
0.9991264343
0.9988858104
0.9986455441
0.9984055161
0.9981657863
0.997926414
0.9976872802
0.9974485636
0.997210145
0.9969720244
0.9967343211
0.9964969754
0.9962599874
0.9960234165
0.9957872033
0.9955514073
0.995315969
0.9950810075
0.9948464632
0.9946123362
0.994378686
0.9941455126
0.9939127564
0.9936804771
0.9934486747
0.9932174087
0.9929866195
0.9927563071
0.9925265312
0.9922972918
0.9920685291
0.9918403625
0.9916127324
0.9913856387
0.9911591411
0.9909331799
0.9907078743
0.9904831052
0.9902589321
0.9900353551
0.9898123741
0.9895900488
0.9893683195
0.9891472459
0.9889268279
0.9887070656
0.9884878993
0.9882694483
0.9880516529
0.9878345728
0.9876181483
0.9874023795
0.9871873856
0.9869730473
0.9867594242
0.986546576
0.9863343835
0.9861229658
0.985912323
0.9857023954
0.9854931831
0.9852848053
0.9850771427
0.984870255
0.9846642017
0.9844588637
0.9842543602
0.9840506315
0.9838477373
0.9836456776
0.9834443927
0.9832439423
0.9830443263
0.9828455448
0.9826475978
0.9824504852
0.9822542667
0.9820588827
0.9818643332
0.9816706777
0.9814779162
0.9812859893
0.981095016
0.9809048772
0.9807156324
0.9805273414
0.9803399444
0.9801534414
0.9799678326
0.9797831774
0.9795994163
0.9794166088
0.979234755
0.9790537953
0.9788737893
0.978694737
0.9785166979
0.9783395529
0.9781633615
0.9779881835
0.9778139591
0.977640748
0.977468431
0.9772971869
0.9771268964
0.9769575596
0.9767892957
0.9766219854
0.9764556885
0.9762904048
0.9761260748
0.9759628177
0.9758005738
0.9756394029
0.9754791856
0.9753200412
0.9751619101
0.9750047922
0.9748487473
0.9746937752
0.9745398164
0.9743868709
0.9742349982
0.9740842581
0.9739344716
0.9737858176
0.9736382365
0.9734916687
0.9733462334
0.9732018113
0.9730585217
0.9729163051
0.9727751613
0.9726350904
0.9724960923
0.9723582268
0.9722214341
0.9720857143
0.9719511271
0.9718176723
0.9716852903
0.9715539813
0.9714238048
0.9712947607
0.9711667895
0.9710399508
0.9709142447
0.9707896709
0.9706661701
0.9705438018
0.9704225659
0.9703024626
0.9701834917
0.9700656533
0.9699489474
0.969833374
0.9697189331
0.9696056247
0.9694934487
0.9693824053
0.9692725539
0.969163835
0.9690561891
0.9689497352
0.9688444734
0.9687402844
0.9686372876
0.9685354829
0.968434751
0.9683352113
0.9682368636
0.9681395888
0.9680435061
0.9679486156
0.9678548574
0.9677622914
0.9676708579
0.9675805569
0.9674914479
0.9674035311
0.9673167467
0.9672311544
0.9671466947
0.967063427
0.9669812918
0.9669003487
0.9668205976
0.9667419791
0.9666645527
0.9665882587
0.9665131569
0.9664392471
0.9663665295
0.9662949443
0.9662245512
0.9661552906
0.9660872221
0.9660203457
0.9659546614
0.9658901095
0.9658267498
0.9657645226
0.965703547
0.9656436443
0.9655849934
0.9655275345
0.9654712081
0.9654160142
0.965362072
0.9653092623
0.9652576447
0.9652071595
0.9651578665
0.9651097655
0.9650628567
0.9650170803
0.964972496
0.9649290442
0.9648867846
0.964845717
0.9648057818
0.9647670388
0.9647294879
0.9646930695
0.9646578431
0.9646237493
0.9645908475
0.9645591378
0.9645285606
0.9644991755
0.9644709229
0.9644438624
0.9644179344
0.9643931389
0.9643695354
0.9643471241
0.9643258452
0.9643057585
0.9642867446
0.9642689824
0.9642522931
0.9642367959
0.9642224908
0.9642093182
0.964197278
0.9641863704
0.9641765952
0.9641680121
0.9641605616
0.9641543031
0.9641491175
0.964145124
0.9641422629
0.9641404748
0.9641399384
0.9641404748
0.9641421437
0.9641449451
0.9641488791
0.9641540051
0.9641602039
0.9641675353
0.9641759992
0.9641855955
0.9641963243
0.9642081261
0.9642211199
0.9642351866
0.9642503858
0.9642667174
0.964284122
0.964302659
0.9643223286
0.9643431306
0.9643649459
0.9643879533
0.9644120336
0.9644372463
0.964463532
0.9644908905
0.9645193815
0.9645489454
0.9645796418
0.9646113515
0.9646441936
0.9646781683
0.9647131562
0.9647492766
0.9647864699
0.9648247361
0.9648640752
0.9649044871
0.964945972
0.9649885297
0.9650321603
0.9650768638
0.9651225805
0.9651694298
0.9652172923
0.9652662277
0.965316236
0.9653672576
0.9654193521
0.9654725194
 0.9655267
0.9655818939
0.9656381607
0.9656955004
0.9657538533
0.9658132195
0.9658735991
0.9659350514
0.9659975171
0.9660609961
0.9661254883
0.9661910534
0.9662575722
0.9663251638
0.9663937092
0.9664632678
0.9665338397
0.9666054249
0.9666780233
0.9667516351
0.9668262005
0.9669017792
0.9669783115
0.9670558572
0.9671343565
0.9672138691
0.967294395
0.9673758149
0.9674582481
0.9675416946
0.9676260352
0.9677113891
0.9677976966
0.9678849578
0.9679731727
0.9680623412
0.9681524038
0.9682434797
0.9683355093
0.9684284329
0.9685223103
0.9686171412
0.9687128663
0.968809545
0.9689071774
0.9690057039
0.9691051245
0.9692054987
0.969306767
0.9694089293
0.9695119858
0.9696159959
0.9697209001
0.9698266983
0.969933331
0.9700409174
0.9701493979
0.9702587128
0.9703689218
0.9704800248
0.9705920219
0.9707048535
0.9708185792
0.9709331393
0.9710485935
0.9711648822
0.9712820053
0.9714000225
0.9715188146
0.9716385007
0.9717590213
0.9718803763
0.9720026255
0.9721256495
0.9722494483
0.9723741412
0.972499609
0.9726259112
0.9727530479
0.9728809595
0.9730097055
0.9731392264
0.9732695818
0.973400712
0.9735326171
0.973665297
0.9737988114
0.9739330411
0.9740681052
0.9742038846
0.9743404984
0.9744778275
0.9746159315
0.9747548103
0.9748944044
0.9750347733
0.9751758575
0.9753177166
0.9754602909
0.9756036401
0.9757476449
0.9758924246
0.9760379195
0.9761841893
0.9763311148
0.9764787555
0.9766271114
0.976776123
0.9769259095
0.9770763516
0.977227509
0.9773793221
0.9775318503
0.9776850343
0.9778388739
0.9779934287
0.9781486392
0.9783045053
0.9784610271
0.9786182046
0.9787760377
0.9789345264
0.9790936112
0.9792534113
0.9794138074
0.9795747995
0.9797365069
0.9798987508
0.9800616503
0.9802251458
0.980389297
0.9805539846
0.9807193279
0.9808852673
0.981051743
0.9812188745
0.9813865423
0.9815548062
0.9817236662
0.9818931222
0.982063055
0.9822336435
0.9824047089
0.9825764298
0.9827486277
0.9829213619
0.9830946922
0.9832684994
0.9834429026
0.9836177826
0.9837931991
0.983969152
0.9841456413
0.9843226075
0.9845000505
0.9846780896
0.9848565459
0.9850355387
0.9852150083
0.9853949547
0.9855753779
0.985756278
0.985937655
0.9861195087
0.9863017797
0.9864845276
0.9866677523
0.9868514538
0.9870355129
0.9872201085
0.9874050617
0.9875904918
0.9877763391
0.9879626036
0.9881492853
0.9883363843
0.9885239005
0.9887117743
0.9889000654
0.9890887737
0.9892778397
0.9894673228
0.9896571636
0.9898474216
0.9900380373
0.990228951
0.9904202819
0.9906119704
0.9908040166
0.9909964204
0.9911891222
0.9913821816
0.9915755987
0.9917693138
0.9919633865
0.9921577573
0.9923524261
0.9925473928
0.9927427173
0.9929382801
0.9931342006
0.9933303595
0.993526876
0.9937236309
0.9939206243
0.9941179156
0.994315505
0.9945133328
0.9947113991
0.9949097633
0.995108366
0.9953071475
0.995506227
0.9957055449
0.9959050417
0.9961047769
0.9963047504
0.9965049624
0.9967053533
0.9969059229
0.9971067309
0.9973077178
0.9975088835
0.997710228
0.9979118109
0.998113513
0.9983153939
0.9985174537
0.9987196326
0.9989219904
0.999124527
0.9993271828
0.9995299578
0.9997329116
0.999935925
1.000139117
1.000342488
1.000545859
1.00074935
1.000953078
1.001156807
1.001360536
1.001564503
1.00176847
1.001972556
1.002176762
1.002380967
1.002585292
1.002789617
1.002994061
1.003198504
1.003402948
1.003607512
1.003812075
1.004016757
1.00422132
1.004426003
1.004630685
1.004835367
1.00503993
1.005244613
1.005449295
1.005653977
1.00585866
1.006063223
1.006267786
1.006472349
1.006676912
1.006881356
 1.0070858
1.007290244
1.007494569
1.007698774
1.00790298
1.008107185
1.008311152
1.00851512
1.008719087
1.008922815
1.009126544
1.009330034
1.009533525
1.009736896
1.009940147
1.01014328
1.010346293
1.010549188
1.010751843
1.01095438
1.011156797
1.011359096
1.011561155
1.011763215
1.011964917
 1.0121665
1.012367964
1.012569189
1.012770176
1.012971044
1.013171673
1.013372183
1.013572335
1.013772368
1.013972163
1.01417172
1.014371037
1.014570117
1.014768958
1.014967561
1.015165925
1.015363932
1.015561819
1.015759349
1.01595664
1.016153693
1.016350389
1.016546726
1.016742945
1.016938686
1.017134309
1.017329454
1.017524362
1.017718911
1.017913222
1.018107176
1.018300772
1.01849401
1.018686891
1.018879414
1.019071579
1.019263506
1.019454956
1.019646049
1.019836664
1.020027041
1.020216942
1.020406485
1.02059567
1.020784378
1.020972729
1.021160722
1.021348238
1.021535277
1.021721959
1.021908164
1.022093892
1.022279263
1.022464156
1.022648573
1.022832513
1.023015976
1.023199081
1.023381591
1.023563623
1.023745298
1.023926377
1.024106979
1.024287105
1.024466634
1.024645686
1.024824262
1.02500236
1.025179863
1.02535677
1.025533199
1.025709152
1.025884509
1.02605927
1.026233554
1.026407242
1.026580334
1.02675283
1.026924849
1.027096152
1.027266979
1.02743721
1.027606726
1.027775764
1.027944207
1.028111935
1.028279066
1.028445601
1.028611541
1.028776765
1.028941393
1.029105306
1.029268742
1.029431343
1.029593349
1.029754758
1.029915452
1.030075431
1.030234814
1.030393362
1.030551314
1.030708671
1.030865192
1.031021118
1.031176209
1.031330705
1.031484365
1.03163743
1.03178966
1.031941175
1.032091975
1.03224206
1.03239131
1.032539845
1.032687664
1.032834768
1.032980919
1.033126473
1.033271194
1.033415079
1.033558249
1.033700585
1.033842206
1.033982873
1.034122825
1.034262061
1.034400344
1.034537792
1.034674525
1.034810305
1.034945369
1.035079479
1.035212874
1.035345316
1.035476923
1.035607696
1.035737634
1.035866618
1.035994887
1.036122084
1.036248565
1.036374092
1.036498666
1.036622405
1.036745191
1.036867142
1.036988139
1.037108302
1.037227511
1.037345767
1.037463069
1.037579536
1.037694931
1.037809491
1.037923098
1.038035631
1.03814733
1.038258076
1.038367867
1.038476586
1.038584471
1.038691282
1.03879714
1.038902044
1.039005876
1.039108753
1.039210677
1.039311647
1.039411545
1.039510369
1.03960824
1.039705038
1.039800882
1.039895654
1.039989471
1.040082216
1.040173888
1.040264487
1.040354133
1.040442586
1.040530086
1.040616512
1.040701866
1.040786147
1.040869474
1.04095161
1.041032672
1.041112661
1.041191459
1.041269302
1.041345954
1.041421652
1.041496158
1.041569471
1.041641831
1.041712999
1.041782975
1.041851878
1.041919708
1.041986346
1.042051911
1.042116284
1.042179585
1.042241693
1.042302728
1.042362452
1.042421103
1.042478681
1.042534947
1.042590141
1.042644143
1.042696953
1.04274869
1.042799115
1.042848468
1.042896509
1.042943478
1.042989135
1.043033719
1.043077111
1.043119192
1.043160081
1.043199778
1.043238282
1.043275595
1.043311715
1.043346524
1.043380141
1.043412566
1.043443799
1.043473721
1.04350245
1.043529868
1.043556094
1.043581128
1.043604851
1.043627381
1.043648601
1.043668509
1.043687224
1.043704748
1.043720961
1.043735862
