1000
.160086
1.91375
1.205669999999999927e-05
1.638140756259221431e-03
2.340293499435837105e-03
2.888952239886950334e-03
3.358467468143525644e-03
3.777245692962400390e-03
4.160461311993454356e-03
4.517119341302089017e-03
4.851639239861624958e-03
5.169233670549304091e-03
5.472248927096740392e-03
5.763015151284341629e-03
6.043051778040178096e-03
6.314086843049623171e-03
6.576243113077901055e-03
6.831631904251360757e-03
7.079823987862967488e-03
7.322500326664145402e-03
7.559441026657157461e-03
7.791310515925178523e-03
8.018741558400507494e-03
8.241970743475643402e-03
8.461351554467149913e-03
8.676610067719895195e-03
8.888627051516127808e-03
9.097415455549890534e-03
9.303220676536227279e-03
9.506199327354261652e-03
9.706451176940489659e-03
9.904283416889113345e-03
1.009970364086714388e-02
1.029272284782233905e-02
1.048374325865110770e-02
1.067238374985239428e-02
1.085915780476340471e-02
1.104408457943902890e-02
1.122725254626134525e-02
1.140877250387910789e-02
1.158871098808280167e-02
1.176671616721492071e-02
1.194330105876282438e-02
1.211858154644597681e-02
1.229264369293917372e-02
1.246487768371386945e-02
1.263588812858816926e-02
1.280583608389073216e-02
1.297459652626469645e-02
1.314179486497538477e-02
1.330808970498544887e-02
1.347351336864911417e-02
1.363742100905459588e-02
1.380052476532398452e-02
1.396279482115262739e-02
1.412364862750177356e-02
1.428384127005685039e-02
1.444312699483403344e-02
1.460125391360352423e-02
1.475883978142213115e-02
1.491530239841780230e-02
1.507100467349362788e-02
1.522607368579051608e-02
1.538001681805468458e-02
1.553357643188523624e-02
1.568605110156148438e-02
1.583798655811122919e-02
1.598921222846999557e-02
1.613958967048980189e-02
1.628954452086256444e-02
1.643843257876865388e-02
1.658710776269356479e-02
1.673466006780974583e-02
1.688199943861636715e-02
1.702846127651230779e-02
1.717454896526508790e-02
1.731980705047701102e-02
1.746464100615989501e-02
1.760882699361147538e-02
1.775252649452566112e-02
1.789563188853310338e-02
1.803824074415034256e-02
1.818029867105255132e-02
1.832188208902221088e-02
1.846292417488777649e-02
1.860352645426263662e-02
1.874354435233691746e-02
1.888321774009495482e-02
1.902227972340218495e-02
1.916107792242924268e-02
1.929912774685939650e-02
1.943706227138624482e-02
1.957422175500052666e-02
1.971138123861480504e-02
1.984761614439680202e-02
1.998381955195912413e-02
2.011931243808436076e-02
2.025459700096820387e-02
2.038938693875602323e-02
2.052376823858184304e-02
2.065789728927534472e-02
2.079141052336557632e-02
2.092492234264210424e-02
2.105759137534687561e-02
2.119026040805165045e-02
2.132234851176521839e-02
2.145416432002082360e-02
2.158571500138456792e-02
2.171672145781710847e-02
2.184772791424965943e-02
2.197797210922919353e-02
2.210817019815007611e-02
2.223793298640500821e-02
2.236730331524548407e-02
2.249661519669773208e-02
2.262521971326387354e-02
2.275382422983001501e-02
2.288198538388864708e-02
2.300984386674849100e-02
2.313764120548640960e-02
2.326473341440299727e-02
2.339182562331958148e-02
2.351850495797188495e-02
2.364482228824098947e-02
2.377113961851010093e-02
2.389679986366654435e-02
2.402242756830097123e-02
2.414779516082282695e-02
2.427265857872943147e-02
2.439752199663603599e-02
2.452193069494420369e-02
2.464613912557815298e-02
2.477033654690404679e-02
2.489384284177034376e-02
2.501734913663663379e-02
2.514063931854660511e-02
2.526343489569669171e-02
2.538623047284678871e-02
2.550865857509826418e-02
2.563079661342359400e-02
2.575293465174891688e-02
2.587456350094016061e-02
2.599604876708150672e-02
2.611753403322284936e-02
2.623835514177107545e-02
2.635915442047331858e-02
2.647987771134807308e-02
2.660005482237283100e-02
2.672023193339758546e-02
2.684024989259889762e-02
2.695977219252886081e-02
2.707929449245882747e-02
2.719861704212910708e-02
2.731753364562862496e-02
2.743645024912814284e-02
2.755513639825570363e-02
2.767345025822689000e-02
2.779176411819807985e-02
2.790981034408039282e-02
2.802745726701390272e-02
2.814510418994741262e-02
2.826254200883117698e-02
2.837964648756733863e-02
2.849675096630349680e-02
2.861364085404207239e-02
2.873010680444020026e-02
2.884657275483832467e-02
2.896290292652901541e-02
2.907882987576542594e-02
2.919475682500183994e-02
2.931060208696501662e-02
2.942591744394801659e-02
2.954123280093101309e-02
2.965654815791401305e-02
2.977133845197950379e-02
2.988611828857091687e-02
3.000089812516233342e-02
3.011519745680640153e-02
3.022937107758165085e-02
3.034354469835689669e-02
3.045742068805426875e-02
3.057107166200828674e-02
3.068472263596230126e-02
3.079820164607514205e-02
3.091130167925711450e-02
3.102440171243908695e-02
3.113749066301838009e-02
3.125002140121977551e-02
3.136255213942117093e-02
3.147508287762257329e-02
3.158724878311577194e-02
3.169925191578773505e-02
3.181125504845970509e-02
3.192308862578636247e-02
3.203457511891710796e-02
3.214606161204785345e-02
3.225754810517859894e-02
3.236852004739853433e-02
3.247945300457200091e-02
3.259038596174546748e-02
3.270107379104601752e-02
3.281151160446277998e-02
3.292194941787954243e-02
3.303237453576423482e-02
3.314230931708439520e-02
3.325224409840454864e-02
3.336217887972470209e-02
3.347184295160529621e-02
3.358125665998957371e-02
3.369067036837384427e-02
3.380008407675811483e-02
3.390899844162634236e-02
3.401790153172281478e-02
3.412680462181928026e-02
3.423551154603531738e-02
3.434392474410097318e-02
3.445233794216663592e-02
3.456075114023229172e-02
3.466877844713763673e-02
3.477670098643985408e-02
3.488462352574207836e-02
3.499247806053620846e-02
3.509990289287897441e-02
3.520732772522174731e-02
3.531475255756452020e-02
3.542196237106139817e-02
3.552890974144279346e-02
3.563585711182418875e-02
3.574280448220558404e-02
3.584941569112680415e-02
3.595590067272910750e-02
3.606238565433140392e-02
3.616887063593370727e-02
3.627487039467074126e-02
3.638085400672991937e-02
3.648683761878908360e-02
3.659274254812101834e-02
3.669826597733117507e-02
3.680378940654133874e-02
3.690931283575148852e-02
3.701468728803870151e-02
3.711976957798245741e-02
3.722485186792621331e-02
3.732993415786997615e-02
3.743479023843789000e-02
3.753938856424583054e-02
3.764398689005378495e-02
3.774858521586173243e-02
3.785293754542990580e-02
3.795709665581827041e-02
3.806125576620664891e-02
3.816541487659502047e-02
3.826927801023739806e-02
3.837295597880816672e-02
3.847663394737893539e-02
3.858031191594971099e-02
3.868371618494912539e-02
3.878696151644842743e-02
3.889020684794772253e-02
3.899345217944702457e-02
3.909641941298311330e-02
3.919921113554942355e-02
3.930200285811573380e-02
3.940479458068205099e-02
3.950734698881661761e-02
3.960970779290906574e-02
3.971206859700151387e-02
3.981442940109395506e-02
3.991658910870628241e-02
4.001851278585642768e-02
4.012043646300655908e-02
4.022236014015669048e-02
4.032413585482245988e-02
4.042560643248738900e-02
4.052707701015231118e-02
4.062854758781723336e-02
4.072995293095531960e-02
4.083100237899605495e-02
4.093205182703678335e-02
4.103310127507751870e-02
4.113415072311824711e-02
4.123480932046436065e-02
4.133544520645092424e-02
4.143608109243748783e-02
4.153671697842404448e-02
4.163704415964137456e-02
4.173723720158697970e-02
4.183743024353257095e-02
4.193762328547816914e-02
4.203764733938469139e-02
4.213742858809026853e-02
4.223720983679584567e-02
4.233699108550141588e-02
4.243673604434613361e-02
4.253608989635766779e-02
4.263544374836918116e-02
4.273479760038070147e-02
4.283415145239222177e-02
4.293320983805280072e-02
4.303215372434530950e-02
4.313109761063781133e-02
4.323004149693030623e-02
4.332885450935675120e-02
4.342738580967477752e-02
4.352591710999278302e-02
4.362444841031079545e-02
4.372297971062880789e-02
4.382115625593811792e-02
4.391928210372844643e-02
4.401740795151877494e-02
4.411553379930909652e-02
4.421350165641952518e-02
4.431122649254597839e-02
4.440895132867242467e-02
4.450667616479887095e-02
4.460440100092531723e-02
4.470176268276770948e-02
4.479907159337704475e-02
4.489638050398637309e-02
4.499368941459570836e-02
4.509087439533652347e-02
4.518778659065257608e-02
4.528469878596863563e-02
4.538161098128468823e-02
4.547852317660074778e-02
4.557515756055663392e-02
4.567167976291616055e-02
4.576820196527569412e-02
4.586472416763522075e-02
4.596121666920725823e-02
4.605733202585422098e-02
4.615344738250119067e-02
4.624956273914815341e-02
4.634567809579513004e-02
4.644163621847771650e-02
4.653735170166546642e-02
4.663306718485320940e-02
4.672878266804095931e-02
4.682449815122872311e-02
4.691994264349318849e-02
4.701525544753705488e-02
4.711056825158092820e-02
4.720588105562480152e-02
4.730119385966867485e-02
4.739617293331067210e-02
4.749112014719121533e-02
4.758606736107177243e-02
4.768101457495231565e-02
4.777591910246326012e-02
4.787048617827052710e-02
4.796505325407780101e-02
4.805962032988508187e-02
4.815418740569235578e-02
4.824864452679050036e-02
4.834280628958012582e-02
4.843696805236976516e-02
4.853112981515938368e-02
4.862529157794900914e-02
4.871931032944760293e-02
4.881310469884304892e-02
4.890689906823847410e-02
4.900069343763390622e-02
4.909448780702933834e-02
4.918810847094080840e-02
4.928153071182051620e-02
4.937495295270020318e-02
4.946837519357989710e-02
4.956179743445959102e-02
4.965502006550143177e-02
4.974804570648500013e-02
4.984107134746857543e-02
4.993409698845214378e-02
5.002712262943573296e-02
5.011996435053096138e-02
5.021262084579782015e-02
5.030527734106467197e-02
5.039793383633153073e-02
5.049059033159839643e-02
5.058307723087548946e-02
5.067535910495648416e-02
5.076764097903748579e-02
5.085992285311849437e-02
5.095220472719949600e-02
5.104435582337113475e-02
5.113627944134716691e-02
5.122820305932321988e-02
5.132012667729925204e-02
5.141205029527529113e-02
5.150388624183289271e-02
5.159543802691090447e-02
5.168698981198893011e-02
5.177854159706694187e-02
5.187009338214495363e-02
5.196162140651033184e-02
5.205280729176171850e-02
5.214399317701308434e-02
5.223517906226445018e-02
5.232636494751582296e-02
5.241755083276720267e-02
5.250841293636183960e-02
5.259921902275175448e-02
5.269002510914166243e-02
5.278083119553157038e-02
5.287163728192149914e-02
5.296223177298615276e-02
5.305268363831674300e-02
5.314313550364733324e-02
5.323358736897793736e-02
5.332403923430852760e-02
5.341438612523758539e-02
5.350448879062568580e-02
5.359459145601379315e-02
5.368469412140189356e-02
5.377479678678999397e-02
5.386489945217808745e-02
5.395464522539899360e-02
5.404437657266666917e-02
5.413410791993433085e-02
5.422383926720199254e-02
5.431357061446966117e-02
5.440310604570124109e-02
5.449249933245575023e-02
5.458189261921026630e-02
5.467128590596477544e-02
5.476067919271929846e-02
5.485001372113935958e-02
5.493902837329932981e-02
5.502804302545930004e-02
5.511705767761927027e-02
5.520607232977925438e-02
5.529508698193922461e-02
5.538387047692854698e-02
5.547254892278548344e-02
5.556122736864243378e-02
5.564990581449937024e-02
5.573858426035630670e-02
5.582719902018132979e-02
5.591551917868223254e-02
5.600383933718312141e-02
5.609215949568401721e-02
5.618047965418490608e-02
5.626879981268580189e-02
5.635689989609928008e-02
5.644486742258342238e-02
5.653283494906755774e-02
5.662080247555169310e-02
5.670877000203583540e-02
5.679672790620132750e-02
5.688434817456584219e-02
5.697196844293035689e-02
5.705958871129487159e-02
5.714720897965939322e-02
5.723482924802390792e-02
5.732232043322264131e-02
5.740960755099090013e-02
5.749689466875917282e-02
5.758418178652743857e-02
5.767146890429569739e-02
5.775875602206396314e-02
5.784579988267388867e-02
5.793274142539038551e-02
5.801968296810687542e-02
5.810662451082336533e-02
5.819356605353986217e-02
5.828050759625636595e-02
5.836709984584328298e-02
5.845368390308183781e-02
5.854026796032039959e-02
5.862685201755897524e-02
5.871343607479753007e-02
5.879995295899347746e-02
5.888621063736149824e-02
5.897246831572952597e-02
5.905872599409754675e-02
5.914498367246556754e-02
5.923124135083358832e-02
5.931734719062663197e-02
5.940321621557424075e-02
5.948908524052183566e-02
5.957495426546943057e-02
5.966082329041703242e-02
5.974669231536464120e-02
5.983242929185943193e-02
5.991804834906334920e-02
6.000366740626727341e-02
6.008928646347120456e-02
6.017490552067512183e-02
6.026052457787904604e-02
6.034591166511339699e-02
6.043116048174611288e-02
6.051640929837884958e-02
6.060165811501157240e-02
6.068690693164429523e-02
6.077215574827701805e-02
6.085717957518355786e-02
6.094209715527314913e-02
6.102701473536274041e-02
6.111193231545233862e-02
6.119684989554193683e-02
6.128176747563152810e-02
6.136643840251572446e-02
6.145099662473794966e-02
6.153555484696016792e-02
6.162011306918240006e-02
6.170467129140461832e-02
6.178922951362683658e-02
6.187357968502209954e-02
6.195781680603825586e-02
6.204205392705440525e-02
6.212629104807054770e-02
6.221052816908669014e-02
6.229476529010284647e-02
6.237884963603604338e-02
6.246281583747469168e-02
6.254678203891333998e-02
6.263074824035198829e-02
6.271471444179063659e-02
6.279868064322928489e-02
6.288246835211595831e-02
6.296602890750530035e-02
6.304958946289464239e-02
6.313315001828398443e-02
6.321671057367331259e-02
6.330027112906265463e-02
6.338376639284565295e-02
6.346708043275174627e-02
6.355039447265782571e-02
6.363370851256390515e-02
6.371702255246998459e-02
6.380033659237607790e-02
6.388363098312860311e-02
6.396655061315861812e-02
6.404947024318864701e-02
6.413238987321868978e-02
6.421530950324870479e-02
6.429822913327873368e-02
6.438114876330876257e-02
6.446386878849943991e-02
6.454653366143017768e-02
6.462919853436092932e-02
6.471186340729166708e-02
6.479452828022240485e-02
6.487719315315317037e-02
6.495966745419255728e-02
6.504193307752197117e-02
6.512419870085138507e-02
6.520646432418082672e-02
6.528872994751024061e-02
6.537099557083965451e-02
6.545322470527466241e-02
6.553518592514223640e-02
6.561714714500978263e-02
6.569910836487734274e-02
6.578106958474488897e-02
6.586303080461244908e-02
6.594499202448000919e-02
6.602673811939148429e-02
6.610839923831959841e-02
6.619006035724771253e-02
6.627172147617584053e-02
6.635338259510395464e-02
6.643504371403206876e-02
6.651664049134298207e-02
6.659806174501105291e-02
6.667948299867910988e-02
6.676090425234718073e-02
6.684232550601523770e-02
6.692374675968330855e-02
6.700516801335137940e-02
6.708629422732838299e-02
6.716733710993223749e-02
6.724837999253609200e-02
6.732942287513996038e-02
6.741046575774381489e-02
6.749150864034768327e-02
6.757246212099740634e-02
6.765313251903590230e-02
6.773380291707439826e-02
6.781447331511288035e-02
6.789514371315136243e-02
6.797581411118984451e-02
6.805648450922832660e-02
6.813700644541449691e-02
6.821744808788170189e-02
6.829788973034890687e-02
6.837833137281611184e-02
6.845877301528333070e-02
6.853921465775053568e-02
6.861965000325133401e-02
6.869974382023967541e-02
6.877983763722803068e-02
6.885993145421637207e-02
6.894002527120471346e-02
6.902011908819305486e-02
6.910021290518139625e-02
6.918020435192177853e-02
6.925999344119733447e-02
6.933978253047289042e-02
6.941957161974844637e-02
6.949936070902401619e-02
6.957914979829957214e-02
6.965893888757512808e-02
6.973856309332039649e-02
6.981808108316896189e-02
6.989759907301751340e-02
6.997711706286606492e-02
7.005663505271461644e-02
7.013615304256316796e-02
7.021567103241171948e-02
7.029494122095361619e-02
7.037416240477736840e-02
7.045338358860113448e-02
7.053260477242490056e-02
7.061182595624865277e-02
7.069104714007240498e-02
7.077026282039916572e-02
7.084914024854042924e-02
7.092801767668166502e-02
7.100689510482290079e-02
7.108577253296413656e-02
7.116464996110538621e-02
7.124352738924663586e-02
7.132236274808581578e-02
7.140095174762901842e-02
7.147954074717220718e-02
7.155812974671542370e-02
7.163671874625862634e-02
7.171530774580181511e-02
7.179389674534501775e-02
7.187241210954209425e-02
7.195068113729428949e-02
7.202895016504648473e-02
7.210721919279869385e-02
7.218548822055088909e-02
7.226375724830309821e-02
7.234202627605529345e-02
7.242022149672011633e-02
7.249821003290861376e-02
7.257619856909712508e-02
7.265418710528563639e-02
7.273217564147413383e-02
7.281016417766263127e-02
7.288815271385114258e-02
7.296607187607301315e-02
7.304378354286490682e-02
7.312149520965678662e-02
7.319920687644868029e-02
7.327691854324057397e-02
7.335463021003246764e-02
7.343234187682436132e-02
7.350999171777546082e-02
7.358738208352583188e-02
7.366477244927620294e-02
7.374216281502656012e-02
7.381955318077693118e-02
7.389694354652728836e-02
7.397433391227765942e-02
7.405169682906455331e-02
7.412875652959244333e-02
7.420581623012033334e-02
7.428287593064823724e-02
7.435993563117612726e-02
7.443699533170401728e-02
7.451405503223190729e-02
7.459111473275981119e-02
7.466799858022579728e-02
7.474486761888469999e-02
7.482173665754361658e-02
7.489860569620251929e-02
7.497547473486144975e-02
7.505234377352035247e-02
7.512921281217926905e-02
7.520580547976547792e-02
7.528229161161160976e-02
7.535877774345774160e-02
7.543526387530387345e-02
7.551175000715000529e-02
7.558823613899613714e-02
7.566472227084226898e-02
7.574108853083973136e-02
7.581731645523838437e-02
7.589354437963703737e-02
7.596977230403570425e-02
7.604600022843435725e-02
7.612222815283301025e-02
7.619845607723166325e-02
7.627464290802429825e-02
7.635061582754847087e-02
7.642658874707264349e-02
7.650256166659682999e-02
7.657853458612101649e-02
7.665450750564518911e-02
7.673048042516936174e-02
7.680645334469353436e-02
7.688213795487795765e-02
7.695775602217602707e-02
7.703337408947409648e-02
7.710899215677216589e-02
7.718461022407022143e-02
7.726022829136830472e-02
7.733584635866636026e-02
7.741138162194328987e-02
7.748679615935752385e-02
7.756221069677175783e-02
7.763762523418599182e-02
7.771303977160021192e-02
7.778845430901444591e-02
7.786386884642867989e-02
7.793928338384291388e-02
7.801436527190820647e-02
7.808943377737646852e-02
7.816450228284473056e-02
7.823957078831299261e-02
7.831463929378125466e-02
7.838970779924951671e-02
7.846477630471777875e-02
7.853972802629045902e-02
7.861454201467883707e-02
7.868935600306722900e-02
7.876416999145560704e-02
7.883898397984399897e-02
7.891379796823239090e-02
7.898861195662078283e-02
7.906342594500917476e-02
7.913797198132165034e-02
7.921249177271726116e-02
7.928701156411284423e-02
7.936153135550842730e-02
7.943605114690402424e-02
7.951057093829962119e-02
7.958509072969521814e-02
7.965952011631884100e-02
7.973374965379377566e-02
7.980797919126871032e-02
7.988220872874364498e-02
7.995643826621856576e-02
8.003066780369350042e-02
8.010489734116842120e-02
8.017912687864336974e-02
8.025320331960385245e-02
8.032720119964524563e-02
8.040119907968665269e-02
8.047519695972805975e-02
8.054919483976946681e-02
8.062319271981086000e-02
8.069719059985226706e-02
8.077118847989366024e-02
8.084490072970029750e-02
8.091860253032444328e-02
8.099230433094860293e-02
8.106600613157274871e-02
8.113970793219690836e-02
8.121340973282105413e-02
8.128711153344519991e-02
8.136075263614234165e-02
8.143417507292537161e-02
8.150759750970838768e-02
8.158101994649141764e-02
8.165444238327443371e-02
8.172786482005744979e-02
8.180128725684047974e-02
8.187470969362349582e-02
8.194801672563710448e-02
8.202116344774382228e-02
8.209431016985055396e-02
8.216745689195727176e-02
8.224060361406398956e-02
8.231375033617070736e-02
8.238689705827743903e-02
8.246004378038415683e-02
8.253302857213377919e-02
8.260589050146036061e-02
8.267875243078694203e-02
8.275161436011353733e-02
8.282447628944013263e-02
8.289733821876671405e-02
8.297020014809329547e-02
8.304306207741989077e-02
8.311577112385504229e-02
8.318840396176821472e-02
8.326103679968140103e-02
8.333366963759458734e-02
8.340630247550777365e-02
8.347893531342094608e-02
8.355156815133413239e-02
8.362420098924730483e-02
8.369660538139563066e-02
8.376892116502267227e-02
8.384123694864971388e-02
8.391355273227675549e-02
8.398586851590381097e-02
8.405818429953085258e-02
8.413050008315789419e-02
8.420281586678493579e-02
8.427494411432649712e-02
8.434699824664834700e-02
8.441905237897019687e-02
8.449110651129204674e-02
8.456316064361391049e-02
8.463521477593576037e-02
8.470726890825762412e-02
8.477932304057947399e-02
8.485123147173896652e-02
8.492306540705261975e-02
8.499489934236627298e-02
8.506673327767992621e-02
8.513856721299357944e-02
8.521040114830724654e-02
8.528223508362089977e-02
8.535406901893455300e-02
8.542572467498224520e-02
8.549724085440189858e-02
8.556875703382153808e-02
8.564027321324117759e-02
8.571178939266081709e-02
8.578330557208045659e-02
8.585482175150010997e-02
8.592633793091974947e-02
8.599776758537704124e-02
8.606906930887832374e-02
8.614037103237960624e-02
8.621167275588088874e-02
8.628297447938215736e-02
8.635427620288343986e-02
8.642557792638472236e-02
8.649687964988600486e-02
8.656811925373650296e-02
8.663911083632598598e-02
8.671010241891546899e-02
8.678109400150496588e-02
8.685208558409444890e-02
8.692307716668393192e-02
8.699406874927341493e-02
8.706506033186291182e-02
8.713605191445239484e-02
8.720681276965794315e-02
8.727755893954269872e-02
8.734830510942745430e-02
8.741905127931222375e-02
8.748979744919697932e-02
8.756054361908173489e-02
8.763128978896649046e-02
8.770203595885124603e-02
8.777261467865686562e-02
8.784309452918859229e-02
8.791357437972031896e-02
8.798405423025205951e-02
8.805453408078378619e-02
8.812501393131551286e-02
8.819549378184723953e-02
8.826597363237898008e-02
8.833638980829171261e-02
8.840663035513510182e-02
8.847687090197849102e-02
8.854711144882186635e-02
8.861735199566526944e-02
8.868759254250865864e-02
8.875783308935204785e-02
8.882807363619542318e-02
8.889831418303882626e-02
8.896833314717139674e-02
8.903831366292266902e-02
8.910829417867395519e-02
8.917827469442524135e-02
8.924825521017652752e-02
8.931823572592781368e-02
8.938821624167909985e-02
8.945819675743037214e-02
8.952808695832957520e-02
8.959783405766971742e-02
8.966758115700985965e-02
8.973732825635000188e-02
8.980707535569014410e-02
8.987682245503028633e-02
8.994656955437042856e-02
9.001631665371057078e-02
9.008606375305071301e-02
9.015554959681276737e-02
9.022499655510660133e-02
9.029444351340043529e-02
9.036389047169428312e-02
9.043333742998813096e-02
9.050278438828196492e-02
9.057223134657581276e-02
9.064167830486964672e-02
9.071105775207174982e-02
9.078027739496431769e-02
9.084949703785687170e-02
9.091871668074943957e-02
9.098793632364199357e-02
9.105715596653456145e-02
9.112637560942712933e-02
9.119559525231968333e-02
9.126481489521225121e-02
9.133386802875101407e-02
9.140283999070640542e-02
9.147181195266179676e-02
9.154078391461717423e-02
9.160975587657256558e-02
9.167872783852797081e-02
9.174769980048334828e-02
9.181667176243873962e-02
9.188564372439413097e-02
9.195433856806579931e-02
9.202303237822298532e-02
9.209172618838017133e-02
9.216041999853735733e-02
9.222911380869455722e-02
9.229780761885174323e-02
9.236650142900892924e-02
9.243519523916611524e-02
9.250382843738680361e-02
9.257229207155275030e-02
9.264075570571869700e-02
9.270921933988462982e-02
9.277768297405057651e-02
9.284614660821652321e-02
9.291461024238245603e-02
9.298307387654840273e-02
9.305153751071433554e-02
9.311988672417098600e-02
9.318811153564912630e-02
9.325633634712726661e-02
9.332456115860540691e-02
9.339278597008354721e-02
9.346101078156170139e-02
9.352923559303984169e-02
9.359746040451799587e-02
9.366568521599613617e-02
9.373373729845156654e-02
9.380169373375937814e-02
9.386965016906720360e-02
9.393760660437502907e-02
9.400556303968286842e-02
9.407351947499068001e-02
9.414147591029850548e-02
9.420943234560633095e-02
9.427738878091415642e-02
9.434517857898662430e-02
9.441291317034231079e-02
9.448064776169799728e-02
9.454838235305368377e-02
9.461611694440938414e-02
9.468385153576507063e-02
9.475158612712075712e-02
9.481932071847644361e-02
9.488705530983213010e-02
9.495460384677267829e-02
9.502210800582723549e-02
9.508961216488179269e-02
9.515711632393634989e-02
9.522462048299092097e-02
9.529212464204547817e-02
9.535962880110003537e-02
9.542713296015459257e-02
9.549463711920914977e-02
9.556189641339453422e-02
9.562909916814929523e-02
9.569630192290404236e-02
9.576350467765880337e-02
9.583070743241355050e-02
9.589791018716829762e-02
9.596511294192305863e-02
9.603231569667780576e-02
9.609951845143256677e-02
9.616658335667331581e-02
9.623360346854989422e-02
9.630062358042648651e-02
9.636764369230306493e-02
9.643466380417964334e-02
9.650168391605623563e-02
9.656870402793281405e-02
9.663572413980939246e-02
9.670274425168598476e-02
9.676959950517681486e-02
9.683636657712438311e-02
9.690313364907195137e-02
9.696990072101953351e-02
9.703666779296710176e-02
9.710343486491467002e-02
9.717020193686223828e-02
9.723696900880982041e-02
9.730373608075738867e-02
9.737038036904643867e-02
9.743689752887622901e-02
9.750341468870601935e-02
9.756993184853580969e-02
9.763644900836560003e-02
9.770296616819539037e-02
9.776948332802518071e-02
9.783600048785498493e-02
9.790251764768477527e-02
9.796896122717312083e-02
9.803520997970945061e-02
9.810145873224576651e-02
9.816770748478208242e-02
9.823395623731841220e-02
9.830020498985472810e-02
9.836645374239105788e-02
9.843270249492737378e-02
9.849895124746368968e-02
9.856520000000000559e-02
